"ts" "magnitudes" "gen" "cat.idx"
2.71726834130468 3.03157717498044 0 3
1.51279357774704 3.21725337121505 0 4
41.4858376297275 3.33836986140677 0 4
41.5034465152681 3.86055603159605 2 4
42.4285985726487 3.36757330600769 1 7
1.71838771646065 3.2293782596001 0 8
0.207785390982819 3.37483565250877 0 9
5.96332794155142 3.15557900209578 0 9
42.0715035245844 3.04386531119389 1 9
40.4075053999272 3.29000574012535 0 10
1.01993565071737 3.42724379908436 0 16
39.9871038014425 3.0480604104625 0 17
0.195436516857287 3.18107372425692 0 20
0.24591227878324 4.45661595238808 0 21
0.100463858370331 3.68343615864916 0 24
0.0466462446487577 2.99192223249688 0 26
42.8342859723229 3.08926402626994 1 28
0.948595336612232 3.35282943525081 0 29
1.20586024284642 3.24528451178957 0 29
4.74749660577047 3.44751121961705 0 29
42.7095828549095 3.37109939603068 1 33
42.5535980997697 3.03097370216525 1 34
6.30306841920244 3.73810469147539 0 35
42.8423462823589 3.04064069366768 1 36
1.19241873565968 4.06417549446892 0 37
6.2729212207975 3.75455731940629 0 38
0.285127756361525 3.46300849188664 0 39
40.0813053459849 3.03671659039041 0 40
16.2909360134067 3.4074151667129 0 45
42.8640849240214 3.42333358905811 1 51
10.5587598501547 3.04529940251714 0 52
42.0383727221374 3.64505575795571 1 53
0.0737330775502208 3.66593719003127 0 55
31.505114398219 3.0368424765811 0 57
27.1075311860759 3.02265194650754 0 58
4.28780865718411 3.03529700630951 0 59
0.136494858459211 3.36711307214772 0 60
37.7562022734055 3.80734661382767 0 60
7.66469234305508 3.59242614510628 0 63
27.783493393125 3.24882357997275 0 66
0.0886469792261822 3.07737417958899 0 67
0.936960602099222 3.81070548676813 0 71
0.610307873128503 3.8959757701043 0 73
0.0312539590562674 3.59934686545859 0 75
42.4870155944113 3.60905965031874 1 77
0.108359524503378 3.02152408157104 0 79
0.306827703313041 3.23468821363835 0 79
42.908915165262 3.08624161446466 1 79
1.18691587272992 3.16828872130652 0 80
0.45031918766065 3.49232176187409 0 80
41.1630914755513 3.80168258338994 0 81
1.29611271563386 3.25308692375534 0 82
0.277419054677151 3.8913955727853 0 85
27.1208263640862 3.03192693648363 0 87
5.48271542170854 3.1356801153476 0 89
42.6318077035852 3.62417821107034 0 90
42.7093227482643 3.36045869631194 2 90
42.3501174657419 3.38758692614218 0 92
0.699548728245414 4.18160593409753 0 94
0.0179875961186992 3.15145534840998 0 96
1.53424818315245 3.06925513144044 0 97
4.64176832439118 3.33002308460679 0 98
0.480961048138353 3.88778391284228 0 99
0.000740518090364412 3.11429136783891 0 100
38.4307102868199 3.35553683081342 0 100
3.4132894090515 4.1122227446202 0 101
42.4279515586417 3.03790154900723 1 103
42.869032060939 3.10703670800451 2 103
6.25391069396177 3.05006263486376 0 104
42.4515197699979 3.08474588208216 1 105
42.3249628810767 3.03211949933049 1 107
0.145574091316516 3.4731912148155 0 109
0.721181395311287 3.04772600492739 0 110
0.0764631712416287 3.30619805910253 0 110
33.0908479479898 3.10461352316193 0 114
37.7477005375278 3.07951072183978 0 114
0.0491033458399795 3.51167969255253 0 115
30.969351656996 3.24203671946301 0 115
0.886661158561918 3.05806588036843 0 118
42.6832297767137 3.08717764551601 1 119
7.47051094697319 3.67109563014625 0 120
42.3960663412322 3.00955755356475 1 121
0.398271700873963 3.64940439097081 0 124
25.0642256578919 3.11134123346736 0 129
13.0335866775784 3.65444197024206 0 131
42.7424934766345 3.03020127249132 1 133
42.7601783334106 3.00200422818446 2 133
1.61584809492754 3.08817558981768 0 137
0.114552530919732 3.43137224324824 0 138
42.8922721973753 3.87797755710814 0 139
42.8930712854297 3.28391588296763 2 139
38.288173445106 3.04272013627904 0 145
0.00120329152128576 3.58780318347722 0 150
15.6854633786704 3.04318286230795 0 153
39.9510506082866 3.09160858562307 0 153
0.0392564947712641 3.90244750592382 0 157
0.0203473195854556 3.6257477261065 0 158
0.626692927440964 3.24321929871753 0 162
42.2826331354767 2.99982619295652 1 162
41.495049905204 3.0191158386219 0 166
41.5089014873603 3.22846574679626 2 166
0.924628885405376 3.03641698099905 0 169
0.22782490749428 3.87650878313854 0 172
0.104625966512224 3.32078008179956 0 174
0.24103702181373 3.0525112217118 0 175
0.884724328952341 3.1371748280514 0 180
0.0149962229502998 3.4037880510253 0 181
0.403602027811636 4.07877183161223 0 183
22.5737032785014 3.30979784473614 0 183
0.0404495581762759 3.54299903281008 0 186
2.0022798761477 3.05562208787703 0 187
27.1534426953426 3.19479091518028 0 196
1.60961240396191 3.10043789699284 0 198
42.7051558556591 3.15309058277728 1 199
42.9399523722563 3.02677082701092 1 201
2.12615978776116 3.26616942278269 0 202
42.6583678137135 3.41262366272752 1 203
42.1767968162053 3.04807961313007 1 204
42.9614433850251 3.05328926627453 1 204
7.91766389602957 3.15873062071145 0 212
3.60243488566026 3.16606018046096 0 217
42.2004293651875 3.03475853179658 1 217
25.0662880395946 3.02812060394249 0 221
41.2040325994898 3.43930224905242 0 223
21.4917909496013 3.90947354504901 0 224
42.2013118454811 3.06994134815659 1 226
42.2022965007374 3.69648729104608 2 226
42.2991001172052 3.64473213349009 3 226
42.2232219349153 3.34458095958375 3 226
0.0680494903448503 3.16580945296815 0 232
10.7439776515703 3.59866545113216 0 233
0.0730576128815478 3.22387231105044 0 238
0.67673119249019 3.00943390028573 0 242
10.5646489608313 3.12439687306745 0 246
42.1248412762393 3.5413315718387 1 246
0.91065309163216 3.13480845593518 0 249
2.5701483826935 3.9752152476694 0 249
0.720412645819618 3.26307826462415 0 250
42.3041827766314 3.19512443091473 1 250
10.3808463040885 3.21105426475908 0 253
0.0930185887293662 3.73335948185385 0 255
2.50021627811557 3.10927851481263 0 255
42.2075595959645 4.32787505521292 1 259
42.3902528671004 2.99462624839455 2 259
0.790296601693221 3.20267618297716 0 263
22.5472045808412 3.05796177021519 0 266
42.0531893174141 3.01530333670536 0 269
0.0203586283771081 3.19478660054086 0 270
10.0489849421448 3.04948466290412 0 273
0.511872700721253 3.03503212832335 0 275
8.26805650974923 3.1277355131166 0 276
0.0136289944932754 3.52572993446598 0 278
1.01667410397721 3.22386916296785 0 278
4.74015280194062 3.75512198077966 0 279
42.584485731702 3.78338153805902 1 283
42.2759748908315 3.03953749779482 1 283
7.4875590271469 3.15453548997272 0 296
40.5538333242963 3.02672736365657 0 300
42.6275970252786 3.75149641122565 1 301
0.221228259577602 3.25718034788624 0 302
32.1189667755108 3.68992948085212 0 304
42.9779837852434 3.53372639932023 1 305
42.9933162267973 3.08162485349002 2 305
0.098522175716008 3.1698183121054 0 310
1.19109499678989 3.08538739356959 0 310
0.113104561954117 3.34423819616436 0 311
7.44904919684366 3.66161145673425 0 314
27.3830263393663 3.01459523761896 0 318
0.487534474395547 3.00103636546865 0 323
0.0238023466032717 3.63232020089727 0 323
42.7072645413313 3.57748671960228 1 324
4.3884741338088 3.21205774675949 0 325
0.805948925912214 4.0560777789653 0 326
42.2469626084525 3.14227667549991 1 326
42.3696360729542 3.32785986695057 2 326
28.3922090282121 3.49180475740799 0 327
42.4646559598945 3.13034007717188 1 328
0.655626223857886 3.07349808222326 0 329
0.660055162796664 3.16029460895552 0 330
2.2888200230919 3.12959062325961 0 330
42.8736369785942 3.63980151570999 1 334
3.42003804747002 3.19613946714474 0 337
2.89110930532183 3.02363123730551 0 337
42.2760825623368 3.37539814022276 0 345
42.6667866517643 3.01326170606863 2 345
0.00295908535250894 3.25750014926899 0 347
5.30453159155239 3.03013148994342 0 350
33.4993439179051 3.43347337009242 0 350
42.8548051846769 3.08176174241265 1 352
41.6447217773085 3.12886854260864 0 353
8.36274510138271 3.40919625332362 0 355
0.0266344991626442 3.12284628076157 0 360
42.1423870666508 3.37439708813251 1 360
0.702889442932228 3.1839555743715 0 362
22.6002419710544 3.04749735337311 0 363
38.7721898077491 3.2265364118049 0 363
22.2486522754289 3.01493951654811 0 364
41.4888673449113 3.0655384653258 0 365
0.414907252365095 3.06964739795191 0 370
0.494560104774589 3.61707618279607 0 370
0.0917498598845239 3.1652908077543 0 371
10.6229800215979 3.12221851034519 0 373
42.5584597998854 3.14662270034695 1 373
1.30750765804981 3.08852402796653 0 376
37.8032607401643 3.35797804298083 0 379
0.0134444912727657 3.00783330791564 0 381
42.6618373209235 3.16395856415213 1 381
0.283057542179397 3.13307839048223 0 382
1.07105893705499 3.10789963301013 0 383
9.80677574636186 3.03100956004082 0 387
42.6683194121901 4.03805190228927 1 393
42.6985670662947 3.10317601291276 2 393
27.0812370164394 3.41239854043612 0 395
1.15548332985073 3.56372499971569 0 400
14.3630125330209 3.01163991835817 0 402
1.10559903317286 3.11447341811339 0 403
5.54883255821173 3.02889825079411 0 403
6.30240226549202 3.68597144159048 0 407
0.0476013957262209 3.03695622988395 0 410
42.4399605269168 3.14178133359637 1 411
42.3258524524603 3.10944415925079 1 417
0.0483789162934119 3.01563387181474 0 419
26.939396130193 4.52167738102542 0 419
0.0102913349550744 3.15803849637943 0 420
0.106477184235816 3.42447714619156 0 420
42.4073885783177 3.08581867952105 1 420
42.4166162853669 3.09386783668252 2 420
27.4859303242888 3.30429050949581 0 423
7.09587133941347 4.1490519377222 0 423
40.1658724280016 3.43267906471342 0 423
0.719022908129542 3.00302231160251 0 425
42.5365363949999 3.08134089062202 1 425
42.8718262770303 3.01951459629846 1 428
42.9365687609514 3.56695032075863 2 428
41.4700823604075 3.55428896933302 0 429
42.0927492388614 3.08406579132495 1 430
41.4693616698268 3.02747598162594 0 431
20.5102175054194 3.67903387090845 0 434
9.4283840443925 3.05507653858547 0 435
42.097599608041 3.21415472044323 1 435
4.32856713719518 3.01477813285565 0 440
23.1358393926283 3.34210040989442 0 440
42.3327820805457 3.91978173259635 1 441
11.1142436495359 3.35807424173172 0 444
5.01749706097351 3.47130217378944 0 445
42.4327898322694 3.11662381846391 1 447
0.130619216193759 3.46399939291778 0 448
0.0487756235771519 3.04673991327331 0 451
1.51375711807257 3.47544667435608 0 452
25.502926100799 3.31959355103798 0 453
42.0775407605429 2.99476197844046 1 455
0.309024400536665 3.9835519499076 0 460
0.0726034970796456 3.99717961437311 0 461
0.195171512616988 3.50574805075165 2 461
2.12671514236445 3.44775754806656 0 467
0.0477095715581088 3.26724059552691 0 469
0.0607920903475574 3.15440696255558 0 471
0.92248754944175 3.10684839489071 0 471
0.248622175444913 4.39533179143987 0 474
42.0311354030013 3.41400199241459 1 477
21.0691102964455 3.06593078111279 0 478
35.5862283582411 3.51531214307208 0 478
1.10379569039701 3.97848711613633 0 480
42.1753060723745 3.22886591078082 1 485
0.0134797084960277 3.11398751333801 0 486
41.5076435957993 3.35915445214813 0 490
42.5168977635071 3.12716461438056 1 495
42.1737697500825 3.15364247367838 1 500
21.812008638159 3.08153432708532 0 504
0.339083306628329 3.41815752596397 0 506
0.00286972563037516 3.36280453015072 0 515
1.73690797456423 3.03590093055319 0 517
2.55981353759446 3.31647601342325 0 525
3.08144932353569 3.46172941592512 0 528
0.804984221258157 3.65801207282882 0 532
28.6969496107911 3.58758739424638 0 534
42.5720166257188 3.38853384339098 0 535
42.7106556353715 3.18466849752864 1 537
36.1310857309209 3.02103031516157 0 538
42.2973385769032 3.10822675472254 1 538
37.7617732919374 3.37831281601345 0 541
43.0102722816259 3.16109486421365 1 543
34.115794109778 3.78955399153648 0 548
4.64073797462161 3.05728929738959 0 552
0.678431515492849 3.02292513274398 0 554
3.96501824900239 3.46076178008321 0 554
41.4654340664165 3.12642471677291 0 559
42.744254401568 4.1792122769575 1 560
5.76940055190475 3.61910708961683 0 563
42.1740809999496 3.20750747679745 1 564
31.3591202306809 3.15049059406058 0 570
22.5476234488241 3.14674897974739 0 571
38.3238460918301 3.03148333071652 0 571
41.7197862813348 3.51007029796603 0 572
26.7981038229605 3.34222811216476 0 574
0.103525222977829 3.00964626486015 0 575
41.5086766532685 3.05327704613351 0 575
42.6373502455276 3.40957829136907 1 575
0.00305084341509361 3.03242473402846 0 576
0.0204524235871994 3.30309036543308 0 579
1.15302056479413 4.10245291285805 0 583
2.51200446260736 3.14938703039133 0 584
42.988738790536 3.29866980087036 1 584
42.2986764578704 3.18222890545281 1 591
0.0696814051933296 3.28994965572067 0 592
0.0399285782816792 3.04759271797051 0 593
0.0415515352860856 3.01152661121095 0 598
10.1685822254848 3.21578057026886 0 598
42.7269995991696 3.21116996156591 1 604
0.197113738753238 3.63383000203887 0 607
11.5516149987193 3.18869607701728 0 607
4.25759065442324 3.22303628468092 0 611
28.3413082186836 3.20160700266535 0 615
0.0205805104979154 3.85671715660246 0 622
42.5818133218304 3.2547269914699 1 626
42.5871988887596 3.22647000543267 2 626
0.0439674528688697 4.14080023701486 0 628
7.87522987625445 3.12400016472228 0 629
0.250502968814755 3.82754182873263 0 630
42.0258008236155 3.20463628444665 1 633
42.2058607310592 3.21542154147608 2 633
3.69102995467574 3.36351969901686 0 634
42.8171706375756 3.18506146418627 1 636
0.0486877012151039 3.06073613834918 0 637
0.0225683169331439 3.44782374656894 0 637
4.64760245625157 3.24123681809961 0 642
0.151495537770839 3.29597705808274 0 643
20.5423793320357 4.17926157341052 0 643
0.198826140702215 3.29816465516955 0 644
2.19934525285355 3.09292015095882 0 648
42.6103610381574 3.44738170640027 1 648
0.0960981253734197 3.25143824645451 0 656
4.63843946098121 3.08609455544172 0 657
42.2917750244119 3.39973540332855 1 658
18.1108385345085 3.34651571279281 0 666
0.148676909638612 3.04929601757935 0 669
42.8091464037165 3.08405478485142 1 671
38.1139087464321 3.67250955038922 0 675
20.5106137231096 3.46655356795907 0 676
0.270570658803687 3.54062891338465 0 678
0.335697049593944 3.34395567391372 0 680
0.0120975336184437 3.06245706496103 0 682
41.8748051222554 3.00143209777925 0 684
41.5604112387727 3.51118696354845 0 685
3.26387164402721 3.42482599137043 0 690
1.56863729551151 3.21498494944066 0 692
10.0297371373437 3.19810971664372 0 699
42.7283541238025 3.17584398046201 1 700
38.3467584352854 3.09774206065871 0 703
41.4703508713007 3.12505624004137 0 704
13.9358047529825 3.49238854072838 0 705
9.55519770121094 3.12398676409594 0 710
0.0147186812591626 3.48494534871941 0 713
3.15456531388722 3.17239838846503 0 714
42.2799558717847 3.3302874879205 1 715
37.8109152062716 3.17108941747055 0 719
41.6775498909912 3.17943921075255 0 720
0.580597533353989 3.47218105959503 0 722
0.033758996584533 3.23867029085098 0 728
42.0295645599091 3.08861970637945 0 728
1.92834011446078 3.17550140599948 0 732
0.0984532434642677 3.15506050462239 0 733
0.0103351312222594 3.43058355024821 0 734
15.2016949136922 3.48517372174333 0 736
0.0474131854105328 3.07432881489572 0 738
4.60226645191984 3.45698093629873 0 739
0.139441381937911 3.67123044958259 0 746
14.1788923639744 3.04298047704381 0 746
0.0207083403708718 3.23527155994288 0 747
2.26651330134127 3.59289862433074 0 751
0.0936060948330042 3.34282562920752 0 752
42.790945449527 3.06696322578626 1 752
4.63917695331995 3.42837323968348 0 753
0.941480085745586 3.26385091039863 0 753
42.8429238914136 3.41558513583716 1 753
42.8563225766061 3.5002717017056 2 753
3.22013209934268 3.13827107517802 0 756
0.649565822743499 3.028494158737 0 756
1.97291000364987 3.3391903560699 0 757
1.595992321887 3.35832063955962 0 757
41.5880260543363 2.99757078764622 0 757
0.184426714925544 3.36010759919624 0 759
0.26120970839336 3.01700833210005 0 759
31.3028988177281 3.01155838177695 0 761
42.3711185558581 3.09468186034978 0 761
0.0950123780022581 3.6776867103575 0 764
0.037832330185508 3.04893469543063 0 765
0.236641137748902 3.72208740354924 0 765
0.318018044300673 3.10230411409838 0 765
0.0488306013767801 3.11908827436325 0 765
3.91604352350969 3.29343407001213 0 769
0.440978627662171 3.11108026373356 0 772
0.0590364267958377 3.04602882825398 0 775
42.2499565539506 3.88820304560742 1 777
39.9246611808966 3.00686194244115 0 778
9.90925475842169 3.10288868625705 0 784
0.138460215548291 3.10545069585238 0 785
2.00052342309346 3.04640509646671 0 786
0.205848255130019 3.35200027707409 0 790
42.2561836858835 3.15066284982781 1 805
42.3937625751455 3.14151288465137 1 805
0.13949351214124 3.14687992860685 0 806
14.9482406382053 3.29633305987393 0 806
0.0087502314194202 3.14375943579382 0 815
42.2334328721367 3.36433573370893 1 815
20.7242173295114 3.09579447441565 0 818
0.0213426611608695 3.04782288640411 0 820
34.239674435082 3.41846356800509 0 824
42.9313738766682 3.17259844228181 1 825
0.794532354584279 3.09245252495641 0 826
42.9694006959066 3.57218080953815 1 826
10.1142139224492 3.44820945632664 0 829
0.026540509045217 3.1869366451357 0 830
1.46208007295672 3.22533580256112 0 830
42.0931530552101 3.2816092280897 0 832
42.7578965052121 3.29688150302875 1 832
42.955941076725 3.49270728236395 0 834
42.9836702938552 3.4424883103925 2 834
42.9665746580938 3.44771351434607 2 834
43.0009319066273 3.08097551123987 3 834
41.5593876400547 3.08263745950753 0 835
0.00379026693420067 3.80348490081505 0 836
42.0983788083863 3.23060364388738 1 840
16.3402700703557 3.09264856073398 0 845
0.0260180683433925 4.90554822673935 0 853
0.0312582842356243 3.13028520128433 0 856
1.14237842326331 3.13976029547596 0 858
0.442557481602526 3.49231688016597 0 858
7.98892289765978 3.78433139798189 0 862
13.0826656879446 2.99352275940554 0 863
5.0964572851759 3.34615919418156 0 867
40.0652768494044 3.25659678771662 0 868
42.3917014514186 3.15223254637339 1 869
0.853439476696495 3.98793036049383 0 870
42.1276995580733 3.09229705721129 1 873
0.0372953756651312 3.6796742402796 0 878
0.0505984839607177 3.40659536056704 0 879
7.63381363140242 3.13643135476894 0 881
42.0012182608418 2.99637546589787 0 883
1.41060112204205 3.11712324476705 0 888
2.41713090399267 3.10231406084246 0 888
42.8305428045892 3.69258324654413 1 888
42.9533920399852 3.07432692327136 2 888
42.3470090428923 3.01170747201149 1 891
0.109382745163794 3.12173041439404 0 896
0.0228080480029569 3.01609177173287 0 898
8.46355618319799 3.36920788131639 0 899
0.0666700254174433 3.06905316479628 0 901
0.00081141940713329 3.62262433919618 0 902
0.281549448761428 3.994402924941 0 902
29.6486372118447 2.99200204474429 0 903
42.5135009904947 4.02693364410707 1 905
0.253859524871426 3.18125661025326 0 907
42.2795039996594 3.37871812823855 1 907
40.1207272905895 3.1102261947614 0 908
16.2957103557968 3.75864204427403 0 916
42.6388519836214 3.46232879104534 1 921
0.457424457820011 3.56526227288434 0 923
7.5666841067942 3.6007393840688 0 924
1.98424614522641 3.31596119512558 0 935
0.477093242593418 3.08021856052232 0 937
42.1461706095465 4.03876398275642 1 938
42.186328036411 3.34681436012698 2 938
42.5996437210634 3.11867972968053 3 938
5.36485220695794 3.18590473480734 0 939
10.6372276089757 2.99686824413335 0 942
36.6612996038311 3.81501343920025 0 942
42.7525909260471 3.90346202640112 1 946
42.7649390052606 3.14532720827776 2 946
42.7633467690292 3.45424796987219 2 946
42.7669072281117 3.304000237255 3 946
0.104808488276635 3.4112770771407 0 947
42.7473058874343 3.20286516215386 1 947
0.46653961265357 3.45506881754649 0 949
1.33835147035567 3.12597844888639 0 949
4.13495639524618 3.0693257783694 0 953
42.1421851598747 3.27731606279484 1 954
1.47163704899104 3.21446360033341 0 955
0.163931351197205 3.17376519982355 0 956
1.46987193832985 3.1290155643672 0 958
42.4490867382005 3.27217387695268 1 960
42.5316848509301 3.44031743767253 2 960
42.6974161728333 3.39213773689215 3 960
42.7972074922985 3.04046210625375 4 960
0.165070117802147 3.2241381578528 0 961
28.2324101725295 3.39102688393025 0 961
42.890381091423 3.10998121332439 1 961
0.0914491548918248 3.13715268922346 0 962
41.7043180500653 3.02275398437095 0 963
0.549401948449333 3.41074165103571 0 965
39.9681861214234 3.36485726874479 0 965
2.12783729935993 3.74402188822464 0 966
35.3831142405391 3.6479126506314 0 966
0.218413413809088 4.21156270386463 0 968
6.03782596762808 3.12021696740704 0 971
42.2672619676773 3.40512008017634 1 971
40.5561960301933 3.38803375149101 0 974
0.00077193846842806 3.61753170377473 0 979
42.479555107569 3.19108936431561 1 981
0.596143849807093 3.12533860806481 0 983
15.9039726784678 3.53814428712268 0 983
42.895264253169 3.57204450552993 1 983
0.00652714786142536 3.34907193878713 0 988
42.3810484084856 3.27084871111248 1 988
3.56972863425241 3.13574327725756 0 991
42.2845952316743 3.07781530060975 1 992
1.25120625748606 3.14586130518482 0 993
22.6231357861061 3.83550058870086 0 994
0.0251157054727684 2.99811384931328 0 997
0.0116354372117518 3.17955477067508 0 997
42.2222487925642 3.00769735376239 1 997
