"ts" "magnitudes" "gen" "cat.idx"
0.0360274757651651 3.40461860949436 0 2
1.92099036672333 3.67086066576143 0 2
17.3559576360598 3.46404933627404 1 2
10.7835619336289 3.23531260981069 0 3
10.0262784175368 3.41857135415996 0 3
17.3499538743958 3.02792154338804 1 3
17.9886105762951 3.3403410531189 2 3
10.0486498167001 3.28180044660204 0 4
14.2919738114248 3.46827643623482 0 5
0.636826596568629 3.18655884538314 0 6
0.0131729854422896 3.57245655765315 0 6
11.8218218081914 2.99961664100556 0 6
1.49705126147286 3.15149557102909 0 7
4.71523377520062 3.01309287622608 0 7
2.55445359232108 3.57823746049894 0 8
0.210054915289546 3.13943278770165 0 9
0.121574173320251 3.10425160409392 0 10
12.7614027262117 3.75420220866145 0 11
13.9443769022738 3.13340844004603 0 12
0.509278835808194 3.30140457563833 0 12
12.8632933460465 3.0975873080564 0 12
1.45970952328078 3.20675154009514 0 13
13.1765537718236 3.00957484707255 0 15
0.0574723945973769 3.84437422491447 0 15
17.5736654718962 3.41566022242375 1 16
0.147820744614599 3.43666277827211 0 17
0.166831404914008 3.26707545555479 0 19
0.0018284853482829 3.17015046360004 0 19
0.0311629723063616 3.99830187203602 0 20
10.0095609838301 3.17504964811935 0 23
17.089096629908 3.00409730288517 1 23
0.0162789433553758 3.46537334921576 0 24
8.34696823922412 3.2545837379296 0 25
17.4886650204748 3.0749313206693 1 26
8.48883160893441 3.56193277147644 0 27
13.3007607754205 3.1002954261865 0 31
17.6941441895064 3.29001874630238 1 32
0.0238503500457585 3.26831742563491 0 35
1.09972698007769 3.65381590444378 0 35
3.38711103394669 3.4978031177917 0 39
2.31856844714251 3.29475602224683 0 40
0.0170130096617395 3.02703682265942 0 40
14.8011355549076 3.25338844468814 0 41
17.3081816466615 3.17470953416617 1 45
9.87854481887085 3.95625720897824 0 46
3.93593224624348 3.34597493122098 0 47
17.3317457380794 3.30125928102943 1 47
2.99481519736634 3.14068054717096 0 48
0.00295721431847345 3.08882296341797 0 51
2.12960886249523 3.2841995795607 0 51
17.9266170751393 3.09328658991262 1 51
0.0887055540250263 3.03176732461454 0 52
17.8193235112444 3.00100116001616 1 52
17.8987927988468 3.14354093134988 2 52
0.035354340894672 3.03243272074466 0 53
2.86287200431937 3.13216456902303 0 53
11.8514486673329 3.43227750922243 0 56
0.0248714249351884 3.62371156167799 0 58
0.567830031310816 3.27383190125035 0 58
2.53011343791668 3.06556420289295 0 58
15.5197405617949 3.34782692771329 0 58
1.33379299050368 3.09401848094146 0 59
0.143295296260522 3.69776563682217 0 59
6.91703706068212 2.99049981378046 0 59
10.3805296342186 3.16291918413362 0 59
0.562631088721563 3.62205078731483 0 60
5.00527341914484 3.27030517715827 0 60
7.44686935399216 4.05610015940578 0 60
1.75817615437874 3.09744317779 0 61
0.0353995882439445 3.02157386338629 0 62
17.1064847525299 3.68770752294588 1 62
17.1116136894088 3.00644019785266 2 62
17.5795980750848 3.02828354334702 2 62
17.5860118063385 3.32111865450886 3 62
5.78486065452334 3.04435143277687 0 64
0.443267424724771 3.08408402133165 0 66
10.3878313850148 3.21721792097542 0 66
14.8120930967871 3.24789808776524 0 69
0.0530717960302197 3.26910096721841 0 73
0.0482797118099939 3.11716444688823 0 74
0.348138626173901 3.37854247153166 0 74
0.692710247147627 3.01554697923734 0 74
17.2773540044759 3.04819620512158 1 74
0.570507864439572 3.03629761471129 0 75
0.0333060862174509 3.32059834865737 0 77
0.027025049342231 3.10988603269295 0 77
4.75368983204849 4.04936894312884 0 79
0.0305196388203964 3.09462458409091 0 80
11.4148152331541 3.26701132689172 0 82
7.46820495419732 3.51184336800427 0 82
12.7304146873202 3.77825280649415 0 82
10.2015147910901 3.03120365913107 0 83
0.0269860847987944 3.27431690501548 0 84
17.6366798576523 3.0923188794435 1 84
14.296324688076 3.33480937000007 0 85
17.4991094261963 3.19185431339274 1 85
0.713795454646867 3.1139107873457 0 86
0.019839301011975 3.7609141800785 0 87
3.57449463788576 4.59073768341385 0 87
4.63670592810227 3.02775967088999 0 88
17.9118066217374 3.17357430516691 1 88
14.8125942483357 3.13627337925232 0 89
10.0401936257917 3.02207695749244 0 90
14.7680975362369 3.46139412952736 0 91
6.12741137032976 3.55271942840859 0 94
0.022322263149715 3.58645556236482 0 95
7.7821840399583 3.06836864413791 0 95
7.9392532029062 3.03178151709336 0 96
15.3596046165271 3.62183635452231 0 96
15.6159718180601 3.84228033281306 0 96
17.8129921906252 2.99617689678791 1 96
0.145976942808412 3.31537723353073 0 99
12.963583103255 3.29927845289497 0 99
17.1106220981196 4.20755620753135 1 100
17.2278341204171 3.13041611074356 2 100
17.6335563166812 3.11167696447285 2 100
17.1146483436367 3.67095306445458 2 100
17.4783011237661 3.00979372682312 3 100
17.2150784353824 3.34682826980859 3 100
17.3619868598024 3.17732049472958 3 100
0.0244697529625493 3.14784853143669 0 101
18.0080357174479 3.25125444244984 1 103
12.1305612952935 3.15149908115178 0 104
8.77108443506504 3.05978303900055 0 107
0.0112492706907637 3.85941677966397 0 108
1.33319193968042 3.22164808955816 0 108
9.32179649944049 4.09172661167767 0 109
17.589981593806 3.18646450015639 1 109
2.12368181586883 3.25406988595902 0 110
0.0439962130470936 2.99521702982514 0 111
0.117969656089467 3.13873654438023 0 112
12.7248206522362 3.03742910307535 0 112
0.00926303626081428 3.18827676732209 0 113
0.195768695447786 3.51736915000338 0 114
0.334893544483443 3.50723208497755 0 114
0.341102812278446 3.58378583443561 0 115
14.022635966257 3.14690669163997 0 115
0.0546544867675495 3.13668386259162 0 116
11.9372719379716 2.99568653585022 0 117
0.691220501125933 3.54068015172074 0 119
1.24564551264227 3.34852334028134 0 121
0.131579111984092 3.58292614460251 0 121
0.418791701258839 3.13156869615737 0 121
17.4810781689916 3.08836151119459 1 121
17.8590768127792 3.07394379009517 1 121
0.0375658583849572 4.05050340601667 0 122
14.0564918803488 3.24857106578069 0 123
0.0549344497955479 3.57692969530579 0 124
17.8191454579678 3.16682817352425 1 126
0.00882287298172983 3.22108608528745 0 127
17.1590125869584 3.02982090743449 1 129
0.0152294674787643 3.20792623676732 0 131
0.452290561620275 3.01771253584616 0 133
0.0743115673512021 3.30436683572919 0 135
17.8998726603037 3.0768777807651 0 136
4.71650563953715 3.15128514877766 0 137
10.050952865334 3.15308893223797 0 138
6.01580735983252 3.10177170423038 0 139
11.9554163040199 3.11295102024848 0 139
2.49451230788269 4.50774775996714 0 140
0.0355421567189335 3.27906385431456 0 141
0.0146769717746896 3.00687082439065 0 141
10.0928373546973 4.0441066064135 0 147
0.279021211503572 3.17962728452603 0 148
17.6383538256955 3.03905935567424 1 148
0.0334682665671448 4.89429198492522 0 151
2.82659807057473 3.06817025828078 0 153
17.3557014119901 3.2014021379567 1 155
12.2744627731568 3.10976944122386 0 156
14.1507779944215 4.18941233062515 0 159
1.37709663126846 3.00728925628321 0 160
2.16673244152115 3.27806330265096 0 160
7.94344197479084 3.36547340434356 0 163
0.610963864391225 3.093150968824 0 165
4.4775214254027 3.24681145272758 0 165
4.93358777350428 3.08186172602771 0 165
7.59700970543123 3.25144948272504 0 165
0.065143182202415 3.01989085801866 0 167
0.127050066150798 3.12468326572288 0 167
0.765789055818285 3.37516855862738 0 169
0.00266163786062311 3.10570008851824 0 173
2.17206865708281 3.17026836885149 0 173
7.64991682953434 3.11844161843346 0 173
0.048694557409976 3.04060735141033 0 174
0.0473595365229037 3.54308763841363 0 174
0.0659624077223032 3.03603850064139 0 174
6.20608357094076 3.10008084874457 0 175
0.174990032185993 3.10242188583793 0 177
0.0393460040807361 4.20794906232263 0 178
17.156893216455 3.18544539453505 1 180
17.1737310061533 3.07330035879348 2 180
0.643964327890075 3.33686794940679 0 182
8.51844474112315 3.00718656956093 0 183
0.211123199154119 3.27905562981291 0 183
0.0642838737581783 3.3632233045113 0 183
0.0183074110040323 3.28731435067374 0 184
0.0928094737622954 3.08988445274264 0 185
7.43700750368539 4.68820567664214 0 186
17.3722371316139 3.16528995465837 1 186
0.0522710496877379 3.01497590233572 0 188
16.1544289129213 3.28293899181338 0 190
0.193571248018043 3.25633364895462 0 192
11.5231900405899 3.07946069410083 0 195
0.001262341089864 3.75610987702944 0 197
10.3442388206675 4.11630130238476 0 197
16.2463778738243 3.06814663493694 0 197
1.65344050310539 3.37988629556641 0 198
10.0232882685562 3.31750051122033 0 198
0.29684685801448 3.00009438696187 0 202
0.118403466099411 3.48293886188442 0 204
2.60751891049438 3.32170379371866 0 205
0.0516941798299702 3.34741158208434 0 208
3.09041209256923 3.33701709265975 0 208
10.5359735165342 3.02196552276105 0 210
0.00642755933248017 3.04012094344465 0 211
0.0484540885430628 3.27588961588286 0 213
0.163792380543683 3.80616187440545 0 213
10.3636836568347 3.00630882120963 0 213
0.171336250471346 3.23913259611106 0 216
0.229607810169707 3.3662288054083 0 218
0.098140793626972 3.01540495984704 0 219
5.73061900724146 4.32221146104109 0 219
0.121155171779869 3.19982681634263 0 221
0.0489093685044157 3.78128049119692 0 222
13.0792978329037 3.1908958470647 0 222
5.19629458716564 3.09490379653681 0 223
2.19409036060224 4.06143398745766 0 224
8.49629624873585 3.15141646163136 0 225
10.0949753131926 2.99690718375256 0 227
0.129768463191774 3.09049279234368 0 228
15.6937618424174 3.05020550722381 0 228
0.439481439474709 3.1038704503958 0 229
1.56056003253557 3.60959185532719 0 230
10.8952510225029 3.81570835623992 0 230
15.2027137498978 3.60411542770784 0 230
0.0515903259921857 3.23276575131204 0 232
0.152497418325948 3.10743340291778 0 233
10.4316582846201 3.23383308431045 0 233
0.15052808543655 3.02936973106066 0 237
8.78651609721222 4.49446843167669 0 237
2.2709096645061 3.35163040902937 0 238
0.569767553118936 3.13166363408151 0 239
3.64355978860092 3.29340318654511 0 239
0.0972010735465373 3.41326027192126 0 240
17.1376436235473 3.20872304143487 1 241
16.7245127145537 3.55078550228696 0 242
10.0359616233754 3.91834587192319 0 244
0.822595610303392 3.12718211209927 0 247
17.9489471369047 3.27463803062563 1 247
0.747084685669979 3.11318903495662 0 248
0.858312894475416 3.50512124753606 0 248
0.0341318255858412 3.09499799619011 0 249
0.884219388705033 3.1906495169489 0 249
0.392888882690253 3.03708514776861 0 250
0.305387078830108 3.45870132193032 0 251
0.794613692904989 3.36309602030049 0 254
10.0092571643644 3.62786444703279 0 255
3.65965735333414 3.21032231662183 0 256
0.00811465540568681 3.03120736871245 0 257
0.343684659964881 3.93866527140981 0 257
1.1829854411743 3.12629261187989 0 257
10.6304887441505 4.425913991996 0 257
0.0194961138762507 3.01715864544024 0 260
0.146173498685193 3.13474977302176 0 260
0.67395667245682 3.1464166149672 0 260
0.474752902154897 3.69384342948377 0 261
0.047429980370208 3.35479065646943 0 261
10.4296752416861 2.9925725807662 0 262
2.14873852802288 3.30843542269728 0 264
17.7812252928593 4.11954917225534 1 264
17.9039067566968 3.07259062068034 2 264
17.9080677043499 3.20449982653351 3 264
12.2516069527201 3.5032353889253 0 266
17.0612117389868 3.52238470877105 0 266
0.109130761348321 3.06667039264052 0 267
0.0947702890255162 3.41682716340925 0 267
4.27791512612303 3.0848626097773 0 267
3.01589841498094 3.18335311828375 0 268
17.2071343175225 3.35094111471981 1 270
0.0150707854753553 3.04774744077123 0 271
0.0642887932657315 3.76880381856285 0 271
15.7389142897747 3.80470242804309 0 273
0.0609260201385305 3.43266443920221 0 274
10.2669851168683 4.11620823475057 0 276
0.186023637456953 3.21375288486348 0 277
16.2911035261291 3.01691769669457 0 278
0.678545056823199 4.94424677117233 0 279
0.822151721105722 3.12835180110548 0 279
3.87150402298437 3.34431837548749 0 279
16.7122785258296 3.07933460416791 0 279
1.02940144556566 3.19578290884542 0 280
16.2236225067256 3.8329155769899 0 281
0.0918827840109012 3.36438375180012 0 283
8.89892418146393 3.06315213155611 0 283
0.0431611673807088 3.19990920303643 0 284
5.802643814505 4.01119894381818 0 284
0.00410553185659225 3.0506628810474 0 285
0.00236802952777188 3.27832595804868 0 286
3.03631004726258 3.77625810609736 0 286
10.4497188016819 3.2911448655244 0 286
17.3315048275139 3.22389276883493 1 287
0.039063368710935 3.32468597559757 0 289
2.12283233164788 3.78718388255424 0 290
10.3805945076412 3.00494242324334 0 290
17.4585155319978 3.07062511822512 1 292
0.151973435699558 3.00497612326902 0 295
14.3016339859018 3.37127123541098 0 295
0.362213661516304 3.01920937312119 0 297
0.0411376742712151 3.29424078374027 0 297
0.0509635920520724 3.01088625617079 0 298
4.58542722688448 4.43929575034162 0 299
13.8879085590887 3.25113049632924 0 299
1.88467505447611 3.13761304972172 0 300
0.929705993577878 3.29666830537467 0 300
13.8456803131325 3.05276467741817 0 304
17.1965791016441 2.99678552463533 1 304
17.3900186204441 3.25665252977375 1 305
17.3426013408784 3.49931119628894 1 305
0.62629326667743 3.02424214641374 0 307
0.439096658873551 3.11228083780274 0 308
0.18016365806113 3.65156709129295 0 309
0.335636152115458 3.24129146244367 0 312
0.694065385150617 2.99132057617325 0 313
14.7110639449611 3.24452331854558 0 314
0.912581268401434 4.21128593193257 0 315
8.11827109624566 3.12349793703874 0 319
14.8579021193665 3.30553779036094 0 319
0.606165722024202 3.03217996581585 0 322
17.4598392549992 3.34093238336592 1 323
0.753474694713862 3.80079747986829 0 324
0.519264614063654 3.06339385776838 0 324
0.219393288781556 3.71578450658316 0 324
2.91008155112058 3.00862265085492 0 324
0.122014097766304 3.36702076646403 0 326
1.76551760537731 3.31242336682331 0 326
0.0129241389436093 3.11195451289761 0 327
2.16697699953504 3.33069870002105 0 329
3.31898881483348 3.10922973350236 0 329
0.435110309209642 3.14999659458356 0 330
0.165448548503519 3.1913094025945 0 331
0.0875669632860475 3.42982801860667 0 332
0.0251449033006707 3.07613370068482 0 333
0.136494156873038 3.80179637486606 0 336
10.0009181692314 3.02375555131925 0 337
0.0928677917146252 3.33409505457909 0 340
0.0118266682989578 3.51063390442423 0 340
0.0234150251698109 3.51229333143794 0 340
2.01549661799433 3.01082733962487 0 340
0.0409604261318314 3.02768081507643 0 341
10.7629690472815 3.01588442068249 0 341
12.1435451624873 3.04844643746275 0 343
0.0117429483273187 3.53912116462895 0 347
0.0328037612881397 3.02495579782678 0 353
17.7403113114737 3.3308490430201 1 353
0.0468846885528947 3.35702165239987 0 354
17.5808404499289 3.01343261630444 1 354
0.0394228755579752 3.3066087758365 0 355
0.102519419266694 3.13947751586792 0 355
1.88265093071046 3.57852135871323 0 355
0.72883489433757 3.38333460942739 0 355
5.167868612186 3.29624099501153 0 356
0.429911551381355 3.12951863696301 0 358
0.0978142202064756 3.20999017936642 0 359
4.00001671359109 3.2999744599641 0 361
0.258454942581108 3.06670501564124 0 362
0.0880126831113158 4.47199569220149 0 365
4.60507191835684 3.69900993259849 0 365
7.42984731378558 3.58316714818439 0 365
0.036303468595983 4.26892232345189 0 366
2.20578081076758 3.35370805234687 0 366
0.507625703772516 3.38057203622665 0 367
12.3180849967503 3.33992399564639 0 369
1.21085137373051 3.44353479194255 0 371
10.4003847599676 3.67146365112004 0 372
2.57235801348354 3.06539975043112 0 374
2.17957617073966 3.03088577347264 0 377
8.45210016839431 3.08695745530146 0 377
17.3438693319071 3.41421033301118 1 377
17.2651110099718 3.14242917254695 1 378
17.320633663623 3.03296652857584 2 378
0.0109670267291208 3.00122799858521 0 379
0.492633648926789 3.30704642752089 0 380
7.8775673938119 3.22705083666758 0 380
10.5900351168123 3.01040421324575 0 380
14.155717606485 3.12188909248053 0 382
0.247658358817125 3.01018643349863 0 383
0.886272850458227 3.21349378745652 0 383
0.290636984518763 3.29304841491384 0 385
0.0158884966218696 3.32009196885344 0 386
0.0129023320759301 3.28562918003363 0 386
4.11993238793468 3.23804799092167 0 387
8.67693712038017 3.13210182823085 0 387
0.0306965017155419 2.99454030290986 0 388
6.33573141110511 3.99303903739345 2 388
0.0644584006877338 3.54980092830414 0 390
4.13098177542534 3.33871342309946 0 391
10.0841239152242 3.14648299009667 0 391
0.232922287891927 3.51669422374859 0 394
9.59649869412499 3.36061609529106 0 394
2.39516482705336 3.24799431529756 0 399
0.486936524358028 3.2718383245533 0 399
7.76105788772944 3.23069222343616 0 401
10.4012936160882 3.24614338997456 0 402
1.4617246809221 3.21607038676758 0 404
0.0741815928645936 3.25235806673882 0 405
10.930728285788 3.08475707872326 0 405
0.871346727331412 2.99961707571575 0 406
17.1905753504575 3.1537183610506 1 406
4.64397992868455 2.99425964097053 0 407
0.0204939397201469 3.57065693094436 0 410
0.307415070381948 3.73155020477583 0 411
17.0497461004738 3.05303856789496 1 411
0.553453165090338 3.46087015465847 0 413
0.516943985382141 3.29184593107441 0 417
0.165852014530161 3.30655168044186 0 417
0.000865705596308207 3.04312338196492 0 418
16.8729106850063 3.20624819422722 0 420
17.1211485112176 3.15413749519915 1 420
0.00055987970952679 3.05422603642331 0 421
9.25734792374985 3.02473859497325 0 422
0.17189093958902 3.291854805562 0 423
12.83912639769 3.51036236465331 0 424
0.0880492196110342 3.02241603228449 0 425
0.115723657011088 3.14006467894926 0 426
1.58344304559833 3.01165105343925 0 426
2.66717468147385 2.99640954787923 0 428
0.657992662167862 3.47248314011758 0 429
0.258701595781226 3.24320836526681 0 431
8.09484644489267 3.2363993799696 0 432
10.6087228019032 3.5353534475274 0 432
13.9287528774295 3.06676672408895 0 434
0.26019552307799 3.1031496488522 0 435
10.1222962648406 3.67693889825708 0 437
3.0032721464459 3.76713597282919 0 438
1.07114993526939 2.99095513025726 0 439
3.05810908693773 3.03125748084847 0 444
12.8653941314254 3.4292896661876 0 444
17.1034405684654 3.05669501891618 1 444
12.1927067730203 3.47791485592908 0 447
15.6672262771608 3.05425727660426 0 447
15.8947035726604 3.33339885700743 0 447
9.12669418492422 3.75057965903692 0 449
1.89360000060303 2.99545662008728 0 450
0.0544731830440055 3.05980028695454 0 451
0.556731407315364 3.62171078265514 0 451
1.46087506887406 3.77644648839397 0 451
10.4642668800424 3.43937915545885 0 452
1.43096044538896 3.10707668556318 0 453
17.4787659122698 3.15937674353135 1 454
17.8097117712345 3.06824140249331 1 454
4.05904652044933 3.14733696847031 0 456
0.0138202861754992 3.94730286379582 0 457
0.0202243079090828 3.72960978859307 0 457
0.0580917925702683 3.48247755544544 0 460
2.99183414490804 3.26755564843473 0 460
17.4690163237132 3.62169737518829 1 460
17.4856250372748 3.23989523912612 2 460
10.411515324145 3.11114306323923 0 461
10.3633685054989 3.16855570967288 0 462
0.0723149749035948 3.11353722543158 0 464
0.844123635247613 3.55304471860782 0 465
3.24428828711953 3.08284419985595 0 466
0.0136933800415563 3.12337989164309 0 466
1.87039216611508 3.29029110042604 0 466
2.14184378542247 3.03968968445685 0 466
17.8907213119414 3.21415492206473 1 466
3.46929007488942 3.2810867316526 0 467
6.25429076370825 3.03876044892059 0 467
1.33933886850824 3.25840775411313 0 468
0.533102691539311 3.33817942740449 0 470
0.134342782883517 3.04499394981387 0 472
0.0494216129143524 3.58917490767447 0 473
14.1536189446185 3.07261189646232 0 473
17.6140763134785 3.70376334169507 1 475
17.8325676921845 3.00332790813737 1 475
0.0983883884973509 3.03258882683162 0 476
2.62300423374053 3.26672759439789 0 477
0.0316456898344784 3.047035181834 0 477
7.20824166985819 3.38544478788003 0 477
0.0717828622102327 3.00599233453881 0 477
17.7681391829714 3.36784379025751 1 477
0.365378123340142 2.99493559847081 0 478
0.139819923966043 3.88655245540181 0 479
1.04813572137002 3.15308638081784 0 480
1.61704395656373 3.24771984464756 0 481
8.51339205233141 3.23099227197156 0 482
7.83175758816342 3.6986327762988 0 483
5.80190518235385 3.65476427197372 0 484
13.2446388880873 3.03004126327409 0 486
0.328924746304533 3.11494554991384 0 487
10.4813793388011 3.43794527124839 0 488
15.2580344658654 3.22353378263835 0 490
6.87870498893735 3.00833548973528 0 491
3.80875759891576 3.8652978729866 0 492
3.46741721933507 3.04478137493847 0 492
17.6315896940973 3.43076903202664 1 492
9.74735810247821 3.12925594218018 0 494
6.72413218142102 2.99933607261043 0 495
0.0753399060771241 3.00560380567482 0 497
0.466044051693632 4.00589483274495 0 499
0.452261284480758 3.61465948241204 0 501
1.32325547828845 3.67360293609001 0 501
15.7058038448056 3.51090262846234 0 503
3.28189922647492 3.47740606749941 0 504
15.2715565252299 3.03363890003175 0 504
9.67595096009884 3.12513605291786 0 505
18.0068622349385 4.07885781514708 1 506
0.0389050780071984 3.33847184049723 0 508
14.0044808224744 3.32720530305613 0 508
0.813007356300678 3.10362081602028 0 509
17.6836461081129 3.10955251012763 0 510
0.00544337559389475 3.4236345576904 0 511
0.0373484168992069 3.28462405989905 0 511
14.1492103796751 3.29818210043381 0 511
1.00119458985282 3.07571748014602 0 512
9.13303476002079 3.08549769416114 0 512
4.6226981776753 3.4271550556329 0 512
0.541425938430832 3.43113096730314 0 516
1.46518286363402 3.17296277429407 0 517
13.7236386212581 3.04360704136677 0 517
17.1838704833385 3.0178463987862 1 519
17.0388682849329 3.54466997283741 1 521
17.6227154472467 3.1597976743785 1 521
17.2822928860371 3.51811176329938 2 521
17.6276287593388 3.68271890324015 2 521
0.567169902270731 3.47849645533267 0 522
6.24475426973202 3.76712815639854 0 523
0.406629406337299 3.35096734727715 0 524
11.5336977505839 3.3083133085403 0 525
3.24856981328303 3.15929446878218 0 526
0.0911119483061655 3.54306101080485 0 526
6.26024902238663 3.93799464800488 0 527
0.0398343820339632 3.50125531055502 0 527
0.100239551306877 3.47271475924059 0 528
12.7354219054412 3.15648437169456 0 528
1.09423343711663 3.07240420909259 0 531
8.01121864949952 3.78898584854294 0 532
17.3222949043227 3.71132662652836 0 534
0.120627733615833 3.14682428726961 0 536
0.286646344538514 3.06070182800568 0 537
1.06781298103655 3.36432896740722 0 537
0.0198782256483863 3.06664435362576 0 539
6.54755489323141 3.0271438510714 0 539
0.0616791328615995 3.23166307171918 0 540
13.9406385063034 3.3493362073725 0 540
0.300047917354828 3.51194282520872 0 542
10.3638919912083 3.89824421114589 0 544
0.0971522365732466 3.32361727022156 0 545
0.0192198722456213 3.33578538739601 0 545
3.43677412392397 3.29130481150866 0 545
2.24916607880745 3.36709499437964 0 545
17.7748003845658 3.0303687793424 1 545
1.30016718467224 3.27446133023454 0 546
13.4936423157672 3.14512233099618 0 546
0.170949761696509 3.31508414858674 0 547
0.411653256303081 3.47543963169148 0 547
3.2957664010921 3.78876314570949 0 547
0.886710823231026 3.01308214009465 0 549
17.6081924724017 3.51640692014212 1 549
0.782899816523836 2.99966669959814 0 550
8.46982788534108 3.2308099828112 0 550
0.675473866423124 3.17654529349298 0 551
15.9200345411738 3.02909292676797 0 551
13.9659619240539 4.00665041861676 0 551
17.4775688482072 3.04290291766159 1 552
0.68552378919738 3.99710350778749 0 555
0.0369175854899899 3.71117739571926 0 564
0.204160179986532 3.14581944890641 0 565
0.0468446387450721 3.40188487468122 0 566
0.0085901055114813 3.31143587926985 0 566
0.0368829527661132 3.0668015968822 0 567
2.4174683841324 3.01616015114428 0 567
0.865695322814196 5.642054715437 0 567
0.219170680967235 3.04929849929608 0 568
14.4186045890709 3.11719241380441 0 574
0.683394106671091 3.27352839106625 0 577
0.0989732398245843 3.83200564563917 0 578
1.92891265073546 3.2482781231942 0 578
8.0302042932407 3.5133852819514 0 578
0.593495542816444 3.22106230150753 0 582
10.0846421232154 3.10950489079615 0 582
0.488418740352675 3.04821890233958 0 583
0.512280067154636 2.99938826606865 0 585
5.19599565659078 3.65290241455447 0 587
16.3127901664879 3.09132695606564 0 587
0.524172414844671 3.01077223290392 0 590
7.98064840378357 3.32072560922185 0 590
0.215546009231795 3.03220449339134 0 592
5.1768686831171 3.05744769962879 0 594
0.0128888375471371 3.27159486043402 0 597
10.0072378602868 3.46356045913427 0 597
3.33055882811906 3.43025377625122 0 598
10.5040375136535 3.81984653095107 0 598
7.46041693837538 3.70411754650987 0 599
0.288941337741229 3.01751439028545 0 600
0.0410782909508902 4.24761432633692 0 601
0.390044192185212 3.24036387386492 0 601
10.3250086012632 3.53863285672058 0 601
1.98790478353187 3.16018933754029 0 602
17.9634606732611 3.00090854164548 1 602
0.0775621267236119 3.05223213160416 0 603
0.00995328012069322 3.21067792361913 0 604
0.000603322152034059 3.28292967512746 0 604
0.433074640949095 3.39313988340154 0 605
3.11325792457913 3.61255295071814 0 607
0.294990615828815 3.26861146567308 0 609
0.741404610373565 3.00317255733574 0 609
0.785111034871983 4.50131616331134 0 610
0.112941988435918 3.40187192182558 0 611
3.69819071593189 3.02151463105051 0 612
0.0939178403088412 3.30203588734339 0 613
0.553120142354609 3.37554924939891 0 616
0.724506683026269 3.24800070538109 0 616
17.2810518726796 3.37442191197027 1 616
0.00431676766681898 3.02892705416346 0 617
0.121104451947568 3.89874248739203 0 617
0.0416762188221435 3.50065443171723 0 622
0.264912985067826 3.21485554373544 0 623
17.3563411488753 3.39230373667165 1 624
4.64391452783175 3.07173858687105 0 626
5.8156222339365 3.09626735832032 0 626
14.1439042659308 3.081036732524 0 626
14.2109809713092 3.17288625810325 0 626
0.0529693225049354 3.0499144348133 0 630
2.12919115268938 3.40350247349027 0 630
5.68569479043196 3.04839894347899 0 631
0.585880079630982 3.19535693518865 0 633
0.0248937743877144 3.55406363028703 0 633
17.4821997880094 3.07343449040961 1 633
0.0881434762414091 3.05606566171035 0 634
17.2915095690728 3.73926382572505 1 637
9.45773820028838 3.2450884211758 0 641
0.313303376915634 4.11524022859011 0 641
0.382479946054021 3.03041590637494 0 643
0.14532418738853 3.11531424094952 0 645
1.62651616799064 3.16593032603954 0 645
1.02443391871532 3.05168776007225 0 647
7.54845244034041 3.22486637702405 0 647
3.3476375226707 3.14516355448783 0 647
10.0012247025292 3.48929389023986 0 647
6.56574803483566 3.25084109387554 0 648
14.6950829030049 3.49507114947926 0 648
15.2145762635585 3.31378365540076 0 648
1.24840763407877 3.0053331617638 0 650
14.6159115557728 3.16317265011312 0 650
8.52430980269528 3.0164830458909 0 650
0.083875128599176 3.17537347163129 0 651
0.0523152438989477 3.38065194438482 0 651
11.8842836381994 4.09038689727872 0 652
14.926703708345 3.21859192088554 0 652
14.7511291945051 3.02637633336118 0 652
0.703709497272969 3.28742400210509 0 653
3.322925574354 3.16810439260309 0 655
9.37902839411425 3.00058559596391 0 658
6.50775549768761 3.90239165044809 0 658
10.5982067353243 3.16343201302851 0 658
0.00393690705922321 3.88442105776366 0 659
2.15041435768136 3.00546563875063 0 659
10.1266001726148 3.14635256507436 0 660
0.0821839706994226 3.42483179522167 0 661
0.00237884968702827 3.18657338803413 0 664
5.2104081141731 3.35497279988181 0 665
2.12548151035874 3.63509364257215 0 666
12.7742612723317 3.02980049924932 0 666
2.48997860055849 3.02499618620251 0 669
9.22204323787315 3.27371584112481 0 669
17.5495996807326 4.07801828891903 1 669
17.5676913342515 3.42310153407747 2 669
17.6236585351399 4.01640294883409 2 669
17.7589842162502 3.30443585960095 2 669
17.738858688947 3.88414586487179 2 669
17.7974514853108 3.01210619217184 3 669
17.4409248103943 3.78961590212251 1 670
0.266593109483269 4.576761611584 0 671
0.0504055384032994 3.05017757538022 0 671
0.101033350226026 3.50384158229856 0 673
4.46720787903898 3.47415366040355 0 674
0.0324738421027451 3.18631158805082 0 676
12.3545883369747 3.02346959397425 0 676
0.082051735603219 3.50556594465381 0 677
0.00778741414852203 3.14010870423745 0 677
10.3535346947851 3.20097823550257 0 677
5.95373421922293 3.18684900264971 0 681
5.28007903646052 3.12392064688126 0 681
0.00681182330423306 3.0841200631776 0 683
4.83431117070286 3.20046834655509 0 686
3.83685107919399 3.52057509116327 0 687
0.332318067157128 3.22128900293026 0 687
2.20016794999953 3.76852658249235 0 688
0.0741344457167302 3.40409089257132 0 688
0.240411550484197 3.26244146935751 0 688
2.52420233635992 3.0115246595462 0 688
10.3849326219406 3.23354808708477 0 688
2.6535434897922 3.70244808124238 0 690
1.00179676673024 3.14514679400039 0 691
0.0238667644419135 3.47094293161098 0 693
0.393359936494333 3.3542056106247 0 693
6.57277963450573e-05 3.17525351562717 0 694
0.975691809588954 3.16668468582241 0 694
11.9803823399559 3.00080030355182 0 695
0.101223932263658 3.05135430008289 0 696
0.0764076865896087 3.01969419959296 0 698
10.5096968175515 3.44065743089518 0 698
0.982194968315356 3.01878499859828 0 699
0.0232926558746966 3.54750236571203 0 702
17.1338965805803 3.05814932924846 1 702
2.20161001134345 3.35825183558037 0 704
0.0139926508961471 3.57628914445033 0 704
10.4049105054872 3.16834995728432 0 704
0.0672535446837214 3.47721667249782 0 706
5.23960174244564 3.95039337625308 0 706
0.484639712143853 3.37572508636845 0 709
17.3494923833382 3.09059881858981 1 709
17.3749821498641 3.05920420990297 2 709
0.45858143113807 3.17091181802797 0 710
0.771124023266465 3.09577485562918 0 710
5.40764332737742 2.99119775120406 0 710
10.6734661439321 3.11372364351539 0 711
13.9448227575403 4.10146643201522 0 711
0.0597591491498713 3.2231780968836 0 714
2.19853275303938 3.56946086071582 0 714
0.00138077261518798 3.30655736557404 0 715
0.213248994484444 3.02363172219688 0 715
1.0318614407498 3.22884132265312 0 715
0.0436507221258231 4.56681959716528 0 716
0.0681648392155899 2.99982154960287 0 716
17.2228683074095 3.5178830361032 1 717
15.207369510185 3.06135765390545 0 718
14.2605359491462 3.43385383939842 0 719
13.4976227954704 3.52857538970408 0 720
17.6213474419523 3.70779375014698 1 720
0.205946442904396 4.13049813083757 0 722
17.405669139614 3.352211839049 1 723
17.5819489892074 3.0882390878443 2 723
17.6021252453805 3.22365395966634 3 723
8.00272544676664 3.173383682722 0 724
0.00396203274012081 3.25990912683998 0 726
0.0155016842752561 3.30895168666604 0 726
3.94954407715946 3.09948704956394 0 728
0.156811106515368 3.79733488228726 0 728
0.0836197683530789 3.88069831846419 0 730
7.90134014533 3.57513380734932 0 733
0.524248021706763 3.08474566749193 0 733
0.0176599586837454 3.42225270788288 0 734
15.6146580427329 3.48033989505999 0 738
5.20728478256629 3.12872663773401 0 738
0.0359756226129317 3.38068646808915 0 739
17.1433220113717 3.06496179943226 1 741
0.0729397351082964 3.04308906801837 0 742
7.02047597358942 3.02391074983569 0 742
6.23788366510371 3.14452826444933 0 743
12.1353157091706 3.83666309146847 0 744
8.22721208064335 3.06861124647115 0 747
7.86606154317838 3.29595389145475 0 749
10.1187820547657 3.15282544767611 0 749
3.13065049194736 3.18857627688733 0 750
0.745075300731825 3.37104540085491 0 751
11.1681229971623 3.40194854265287 0 752
17.425604412248 3.06194829349496 1 752
17.5093201495797 3.11194309697036 1 754
0.0435375261879293 3.06248828881466 0 755
0.215090922670263 3.03639858360561 0 755
1.46666528589669 3.25793507060505 0 757
17.1127075025901 3.3136985526488 1 758
1.43805133337739 2.99238102943849 0 759
8.69143925125032 2.99604291871672 0 760
2.77862649377837 3.140764385219 0 760
0.0212148420185935 3.06899061827712 0 762
15.8956734391203 3.13122461703193 0 763
8.63445399307231 3.08479143133886 0 765
11.7690214344805 3.08942893959594 0 766
1.5586534714615 3.02242965375551 0 767
0.0334871947041687 3.50351808590838 0 769
10.3992590712683 3.53262368093564 0 769
8.4242883883299 3.03776174402894 0 771
1.26283359184488 3.15513298959514 0 771
0.0241099832319258 2.993385796757 0 773
0.0526172947692185 2.99807606020371 0 775
10.3980442160942 3.17787918434815 0 780
13.8435510804016 3.68880626662643 0 781
17.8537859743716 3.34371938988055 0 782
0.0274466858991445 3.10566570615177 0 783
0.0716431768405988 3.12626218304652 0 784
0.00683534620691002 3.31635826307895 0 785
17.6085356622093 3.15716853128439 1 785
0.10774134891981 3.34068544262934 0 788
0.165917315975141 3.03627032567355 0 788
0.040956629693532 3.35817052803874 0 788
5.73269593588418 3.67193189970406 0 789
0.00185425171275645 4.45385804306237 0 789
4.16788425143304 3.2693582433833 0 790
8.25684625315471 3.06235210464518 0 790
0.348817386146031 3.05568164732294 0 791
15.3725971664451 3.73006617119466 0 792
4.07685122624049 3.10762572679968 0 793
17.551198907578 3.02287680223648 1 795
14.7938075813822 3.71338403754338 0 796
14.1022345273224 3.03748002859392 0 796
0.472794854006453 3.11818522561958 0 797
0.0529395184833634 3.55420758652026 0 798
0.0358066983844098 3.05278787678648 0 800
0.371643881644494 3.28369660953953 0 801
10.1563132133324 3.16996661312281 0 802
0.0503298769354543 3.55279555680751 0 803
4.55422601387138 5.82739768555477 0 803
17.0542385991752 3.54111489432202 1 803
17.209044859091 3.43104409494764 2 803
0.163923740470629 3.82613506632465 0 804
0.038577913541682 4.15171892324726 0 806
4.37376225561311 3.84087867592792 0 807
2.12038815451864 3.02324821859892 0 807
15.0983173243455 3.24043122971366 0 807
0.151361514240189 3.10915249622618 0 808
0.252501485191546 3.09352116538918 0 810
0.207705705132571 3.60215594125208 0 812
1.63819194855729 3.60912800288397 0 815
0.229218389099264 3.53494592488843 0 816
0.0198669158660893 3.05518625764063 0 817
0.328214584662144 3.01881969724145 0 817
2.59420342037571 3.31493976487353 0 817
0.17651398828255 3.10074390676846 0 818
1.22203328323378 3.26999281488086 0 820
0.00995555116641367 4.13423128234978 0 822
0.372882031503632 3.00366027852237 0 822
2.55862345186519 3.62267402200475 0 822
5.02493173706044 3.57122446379562 0 823
5.25929951382558 3.13567683259821 0 823
17.6875287689358 3.41877961386558 1 823
17.0719528057702 4.30093668315042 1 823
17.3685176381605 3.48829209831535 2 823
0.0061499188039426 3.08155261558312 0 824
17.7108325400945 3.12810445894368 1 824
2.52192915579548 3.14039524322374 0 825
3.50812124203821 3.11183541215642 0 826
4.96342662661021 3.28677098993493 0 827
2.21636782853429 3.11474869407873 0 828
0.0369777636577691 3.08873045781065 0 831
0.108861670976405 3.10151332514733 0 831
13.8073093595878 3.67035268502279 0 834
0.010720650536561 3.76001116904696 0 835
10.1410075271943 3.72536779471709 0 835
1.72431848026115 3.23945352229364 0 836
1.61415117643363 4.52681253116438 0 836
4.86965738935297 3.35450125032448 0 836
1.41676277574008 3.20497623555752 0 837
1.13852147099431 3.31020313206489 0 839
0.209076208384387 3.40862643886232 0 842
1.47957122080623 3.00632683717337 0 842
0.0297097118371861 3.32973981274159 0 843
0.0246922724378448 3.084900099455 0 845
0.0692002529627978 3.11403960924232 0 846
17.7893347005915 3.35586562568732 1 847
0.609542735058443 3.32600020752374 0 848
0.749615457917973 3.01657791191007 0 849
10.0818912068321 3.32646454137425 0 849
17.8570522772238 3.37582235275893 1 849
3.10536790881797 3.08264802062567 0 850
0.162513694668413 3.6677150517096 0 851
14.172256311164 3.51228826408837 0 851
0.00200797083556871 3.40262167991212 0 853
4.60163799094771 3.01185128206535 0 853
0.023263198829013 3.09546931877791 0 857
17.0353323506747 3.05450418196643 1 857
0.000471880540436253 3.44138510416631 0 859
0.831890319187062 3.15283624551598 0 859
2.12217785260131 3.18676825589154 0 862
1.56937502741492 3.01929626017037 0 863
4.25570552926628 3.02478089155783 0 865
10.2994842324059 4.3918885483106 0 865
7.47495999265993 3.00323968384465 0 867
0.00987312801996539 3.46316342784145 0 869
4.70042248519711 3.05101771912606 0 869
0.0143120285666637 3.04365822641214 0 871
0.322993911762835 3.02784934062479 0 874
0.0361535667501751 3.00438221450878 0 874
0.849980432054661 3.04654806773055 0 874
0.662341021832556 3.50028510154379 0 874
0.716903004126992 3.76151176134929 0 876
10.3801587496999 3.5151831209859 0 876
16.466028802838 3.50485318255401 0 876
13.1513139010529 3.44495809827909 0 877
0.000960060985598579 3.77948944518597 0 880
1.68931145530672 3.09670738625264 0 881
0.679115832990691 3.30181433483323 0 882
0.15770288313085 3.0158141661062 0 883
0.0133483528603032 3.28062001036249 0 886
0.0115591561837177 3.24947738424636 0 887
0.835200396898825 3.17053381423021 0 888
1.62788559451441 3.55315674085738 0 890
17.9709804494955 3.32952413015352 1 892
9.94674290832047 2.99749920171351 0 893
0.0776182386346695 3.23490923825018 0 895
0.0267125271396624 3.16921327477777 0 895
10.3690551030792 3.48132949567429 0 897
0.0767762753875648 3.01850364441283 0 898
0.667121995657995 3.03912829856177 0 900
0.446910303069735 3.29209199393802 0 900
0.208238052996917 3.48136489693611 0 902
0.0196783551453934 3.04196699046663 0 903
0.101867115331694 3.11981089580216 0 903
8.10328005514862 3.09026761275501 0 903
2.33613009698467 3.73995425892079 0 904
17.8380395494491 3.26571687538248 1 904
17.8429037761401 3.2875966027162 2 904
9.19474073951279 3.08335453779375 0 906
14.1624034674895 3.08975499778898 0 906
0.123227092715995 3.28681299117897 0 907
12.9439683746407 3.0952117707208 0 908
0.429698711667582 3.31118089639562 0 909
0.247878822055473 3.07265735981917 0 910
0.100139386909517 3.14894819052617 0 912
0.71334366165332 3.02990925508494 0 913
9.71881399716674 3.16554417618802 0 914
0.419880248171408 3.09821800099984 0 914
0.400152886868643 3.70248195594657 0 915
15.3042509090534 3.01355024281119 0 917
15.6965292692914 3.05973626978165 0 918
0.206262167093466 3.05442425759977 0 919
0.00361807866948468 3.3164854110148 0 922
0.0312564925074088 2.99827973351261 0 924
0.0118704404995349 3.39228494088261 0 924
0.129452722681901 3.4383553884576 0 924
0.134514341752623 3.06406937779008 0 924
0.802014554990751 3.18938082830416 0 925
1.76991473525734 3.35000526524402 0 926
12.8020387997312 3.52591872065561 0 927
0.0116428390086622 3.75894535571478 0 931
7.60902506565917 3.4226839143067 0 931
14.9601764710116 3.67997874660416 0 931
10.8883435463445 3.13390934661197 0 932
0.932670570790465 3.2732003963676 0 932
7.87576045192252 3.44173537665378 0 932
3.38572079403906 4.12800667176139 0 933
3.21973233312324 3.07702426949719 0 933
0.519330972103634 3.25610078608077 0 934
7.80896237722461 3.6619058192708 0 935
0.278827902535428 3.08110712502119 0 936
1.6264796720737 3.05486700249915 0 936
17.2924421303064 3.21213864605924 1 937
0.443330055224607 3.00709084728786 0 938
0.10721368176787 3.32022070286575 0 941
0.315264361295395 3.75943255807825 0 942
1.78549164641746 3.0425112208287 0 942
17.3901488787119 3.16289202279454 1 945
17.3954897438266 3.17850318560896 1 945
17.70872085034 3.56238889571603 2 945
17.2657751271023 3.07325453405995 0 946
12.6566225858814 3.32612375923744 0 947
11.0029492413122 3.15298168444733 0 947
0.346683601452184 3.08056269827099 0 948
0.112301913415607 3.10760889913439 0 949
0.0593811394844592 3.14823519299175 0 950
0.0294884890437795 3.34113139150787 0 951
0.0890256452713713 3.16655865027124 0 953
1.3416306885058 4.57794129395737 0 953
5.36557915131524 3.17619782770205 0 953
17.0535065414474 3.29854254816479 1 953
11.4627067839632 3.34244610665911 0 955
2.05926742550395 3.52586270593229 0 957
0.193134250185636 3.45489869969471 0 957
0.423537129756062 3.03907479812364 0 958
2.67259460544896 3.30815331953538 0 958
15.1728601042558 3.40480136673167 0 958
1.01429371269683 3.36482518411477 0 960
0.571490046197911 3.03174975345204 0 961
0.338743087504992 3.41790774131909 0 962
2.36526027982632 3.27811784315911 0 964
0.531990616816017 2.99748843876144 0 964
0.0415738429411867 3.02817877481848 0 966
0.500701061560399 3.09146828697795 0 970
0.00577805647503465 3.14737725050622 0 971
0.528014050499447 3.03402600164568 0 973
2.08514507287362 3.22572960403775 0 973
4.49769774700894 3.11673143177872 0 973
0.574861569897817 3.60430361304543 0 975
5.57399483161532 3.00002243459706 0 975
17.696110744178 3.54191174591024 1 975
0.0704942239321832 3.06042643546156 0 976
0.445154770747293 3.22859947958056 0 977
0.511688280357757 3.22064316874239 0 977
11.3872564885087 3.3321090259984 0 977
17.5170151646339 3.1276561752852 1 977
17.8467286073043 4.19404392930775 2 977
17.851388196609 3.13736518237456 3 977
17.8781066897469 3.25879828904283 3 977
8.16802106164356 3.19664673940573 0 979
17.4092134557754 3.29852800899787 1 979
0.0484511343494456 3.86915008509747 0 980
0.138822108667024 2.99583797692171 0 980
0.0423036997102433 3.13151508118266 0 981
4.75824484816402 3.12399083539882 0 982
6.77965164124066 3.03340223641541 0 984
0.910795474195508 3.27146325281521 0 984
5.08187460077664 3.13126198699299 0 985
13.7757251856783 3.18442136638018 0 986
0.000360162060870176 3.66319939552159 0 987
0.0350771269892001 3.32792035036971 0 988
0.197638442771696 3.11314587069463 0 988
1.61050722830474 3.01779510084649 0 989
0.108776264228212 3.05599912522464 0 989
15.6816605824159 3.20112324771135 0 991
17.4288383288399 3.34074932417421 1 992
17.5285714156765 3.88513714945336 2 992
17.7022279945723 3.17624534266297 3 992
0.0298409525829075 3.30569490304057 0 993
16.124869870618 3.18844529850415 0 993
1.98479332991166 3.95474125792136 0 995
2.21452109129 3.13251557037102 0 996
1.07703058849733 3.03025724586215 0 1000
1.31244088228782 3.05318168446782 0 1000
3.53429163252274 3.07958131722822 0 1000
1.30487775415795 3.43741050923705 0 1000
