"ts" "magnitudes" "gen" "cat.idx"
26.9185422290361 3.42246390208258 0 1
27.0513201104263 3.52811418151694 0 1
0.0642577830132731 3.01307782202651 0 5
19.4793967222336 4.084761934452 0 5
27.2841646281626 3.09554082654536 1 5
0.845290547671762 3.12719141350026 0 7
2.23404952265054 3.24021539837104 0 7
10.3863543436723 3.61117862346771 0 9
0.364030556814754 2.99979346115 0 10
27.7552889088437 3.16091248041937 0 10
27.6729933593046 3.29397238718889 1 10
0.0183350620570685 3.1561935004856 0 11
10.4809722493941 3.70981054950681 0 14
18.9977791825458 3.27231148921034 0 17
3.69721829296385 3.19694212444048 0 18
28.0062085366585 3.05473046793652 0 19
27.1913631966091 3.04169948706413 0 19
15.0979454368931 3.14754354976408 0 20
27.0753795080767 3.41913399416801 0 20
27.3959097572692 4.45549027003788 1 20
27.1301000501564 3.25294097493823 2 20
27.5059559847436 3.00162779822617 2 20
2.28651748713969 3.29342389766262 0 21
0.200831692887334 3.18998246836261 0 22
12.0988881042171 3.33055476706836 0 22
0.064804661065841 3.04534802233021 0 23
27.1700589709539 3.49990190637187 1 23
8.61172093563937 2.99261494430548 0 24
2.14973264386502 3.30690639828666 0 25
27.9775797477082 3.41554195952515 1 25
0.209897912063808 3.06186343276245 0 29
26.7742997559047 3.12498185094976 0 29
0.0734453317083941 3.21174868675815 0 30
0.182195337064144 3.39727132192722 0 31
26.9426467268158 3.29458840555686 0 32
5.07977907876066 3.10960818330335 0 34
0.0733291762602458 3.02204797080473 0 36
3.78944259209933 3.07594854852951 0 39
27.1978010357537 3.5591511497194 0 44
27.0204989623998 3.09647283425567 0 44
27.0364003971952 3.2264815176571 2 44
27.0829913055678 3.81205730512202 2 44
27.4433109298438 3.2023664191941 1 47
0.0741889450126057 3.31472116748394 0 48
0.229674814590377 3.46951577037474 0 49
6.77284454384304 3.12574734081482 0 49
0.305833064936938 3.06810419338484 0 49
2.33276748897429 3.14731746118559 0 50
27.062639894056 3.23581487001276 0 50
27.1261223299051 3.01669973560377 2 50
27.1225453972315 3.14675923411669 0 51
5.81106133140076 3.00505004867664 0 52
0.356313748469925 5.45733280306565 0 54
26.9904095199163 3.50420857848476 0 56
2.35374734680677 3.32262066882289 0 57
0.727436583863049 3.02569957043612 0 58
27.187453625243 3.16221279051628 0 58
26.9269364615567 3.34782071405972 0 67
3.56514819091889 3.2955724896304 0 69
27.1049889035997 3.67536749121425 0 69
27.8358846559745 3.08528903409067 1 69
27.2179089639992 3.05908316090861 2 69
27.6976200256396 3.35387482861907 2 69
27.6888261434246 3.88051627803598 1 70
0.106095346959113 3.01300009453656 0 71
27.0199100352236 3.13046430706698 0 71
1.47423186118132 3.38196980943643 0 76
8.46242626254755 3.46406390931774 0 79
1.95117885824438 3.71724658920637 0 82
22.6778524842912 3.15973798935873 0 82
27.1428225369288 3.05775155146394 0 83
26.957555956902 3.00821843618257 0 83
1.39635861694752 3.05465313586787 0 86
10.4058778184911 3.22584909060159 0 86
17.7656554731842 3.56854724965306 0 89
25.2025434590826 3.06562190754069 0 89
27.0403926426633 2.99335377289951 0 89
27.1408839213173 3.2064945470652 0 89
1.20642741605283 3.16547213732744 0 90
9.99149340354314 3.04706001034739 0 90
1.27092980220325 3.31067113847938 0 90
27.087778863697 3.00403026714414 0 92
26.9219767209333 3.18315412089697 0 93
0.0432274702622242 3.39579197704053 0 94
0.067960285668491 3.02561959638362 0 95
27.0140285186857 3.62013669167446 0 95
1.80379948830604 3.89298516876346 0 97
20.7520963399489 3.91281619746291 0 98
27.7465746276219 3.03332363191321 0 98
26.9487746305163 4.11397681952013 0 98
26.9677686878458 3.52321240454813 2 98
27.0048816533798 3.10235080676232 0 99
24.273225190296 3.03322767263896 0 103
27.2653612499767 3.71409964769139 0 104
0.0498164156170632 3.10299908076694 0 105
23.3478154462193 3.82143603908379 0 108
27.3965890988797 3.12046839470975 1 111
9.48645269718766 3.3200603507819 0 113
3.62935243810285 3.4852400830175 0 114
0.26122473220799 3.469462036376 0 115
3.77968918508614 3.10087842506756 0 115
2.1563709437553 3.04887591375564 0 115
22.666174313779 3.57563802347683 0 116
27.0446099937006 3.10633762311071 0 116
0.0263138096228921 3.25547198335153 0 117
27.9014947662685 3.00361625126492 1 117
0.67860825003619 3.78652294335679 0 118
27.4412773537074 3.29559953599524 1 120
27.7784211638029 4.0266114447767 2 120
27.7894151252841 3.03717457217918 3 120
27.0796330821506 3.01841884371441 0 122
7.39291894461262 3.00731127525852 0 123
24.8828393677834 3.11535774042624 0 123
27.2166288517869 3.01462100124087 0 125
26.9596462297682 3.36158517212073 0 126
0.444994646175069 3.08175787490033 0 127
7.42194525246619 3.25106914570169 0 127
26.6542961197525 3.59148563665079 0 128
0.0398728241585479 3.29176167612347 0 129
27.0907079753543 3.30944259311377 0 130
1.12731102287773 3.01516169326225 0 134
22.7077402044821 3.24807812409699 0 136
26.991968522473 2.99418745442821 0 136
27.0308395756609 3.00502679964288 0 139
27.0073945313122 3.17804231583086 0 140
27.0095892221412 3.11156841424673 0 141
0.446545591552451 3.03291747138468 0 143
27.0124753449709 3.01828669104778 0 149
0.379398195755393 3.25324996215017 0 150
27.8786187704277 3.16215126541877 1 150
26.9974822956814 3.37765269269383 0 151
27.1185307590381 3.41365687640025 1 151
0.00505304733549226 3.03425524606669 0 153
26.9410161118594 3.00365029378963 0 153
7.78459507956306 3.33194552403371 0 155
22.6224026467765 3.37664788659613 0 156
27.9085303397473 3.74698197693185 1 156
0.0177483551392872 3.91981892343457 0 157
27.0462690556046 3.01529640133744 1 157
3.61810123084255 3.08587197136955 0 159
3.44047677776798 2.99397367550456 0 159
8.09356844866059 3.38972731116075 0 161
8.9321288348237 3.60285764525607 0 164
26.9437310370151 3.07168544390618 0 164
0.0931926374615311 3.12519096894793 0 166
0.0752123149695035 3.07199529738852 0 166
25.209298350613 3.18134083577751 0 167
0.244638010172022 3.52555488905137 0 169
26.9899147707009 3.68842072251185 0 169
0.25605825882846 3.03949525146262 0 170
3.96388021996689 3.00056971622778 0 170
26.9720765140284 3.32870658301185 0 170
18.8723306019129 3.28118828435551 0 171
26.9589937776051 3.12404523487795 0 171
27.6066852522797 3.2198697292947 0 171
27.0559270050896 3.53197786448912 2 171
27.0817808625769 3.14681576266429 3 171
0.0483569531128192 3.43276728191914 0 172
0.914417191565208 3.20739079354496 0 172
23.2750170190734 3.11185207409181 0 173
22.5592421384434 3.47940747364745 0 174
0.000385625257578272 3.02390018550626 0 176
0.730940579505591 3.17932534171805 0 177
26.9530629930871 3.32802616575398 0 181
0.00937062171403577 3.37671524483868 0 183
27.6934895561166 3.73764113957091 1 185
26.9800247276734 3.92778780231473 0 187
15.6972401323318 3.2612244986794 0 191
0.162236377021326 3.09023538401059 0 191
0.344467185921939 3.0480982057828 0 192
18.9621021814204 3.68670156515594 0 194
26.6380735360564 3.327519244172 0 194
0.000914358747946072 3.26371515774966 0 199
0.045409354024812 3.02718924866177 0 199
26.9262098159628 3.2400692465691 0 199
0.381152146223673 3.02676417003599 0 200
27.539703613063 3.76598277906682 1 200
0.00678347542196124 3.13680700817351 0 201
0.243388870380511 3.64298462378598 0 201
22.5845839678485 3.13731408851848 0 201
27.0018719189774 3.23540477624796 0 201
23.8641002559192 3.01399125184691 0 202
24.382141753019 3.32346227308637 0 202
0.0254610557787742 3.02093615966486 0 205
27.9549989317633 3.07985433288061 1 206
28.0047886399343 3.09015590978777 2 206
12.8366945656581 3.08474421160598 0 207
27.6708058800901 3.41170060861733 0 207
0.183894552650891 3.30029497070764 0 208
27.2336654210449 4.35035238301674 0 208
27.2565879080779 3.0756066584591 2 208
27.3585539370447 3.4024453518405 2 208
27.2534261403271 3.17207679490805 2 208
27.2577015708805 3.36407263847092 2 208
27.2875874470093 2.99749514177832 3 208
27.6001908996566 4.2637031097221 3 208
27.6643407389769 3.05687160293858 4 208
27.610222582919 3.05599236219436 4 208
27.6084494442544 3.25231046307607 4 208
0.456313459941433 3.6113782811611 0 209
1.30354807176817 3.11437302181807 0 209
10.0781866569413 3.10544760614441 0 211
27.0443223378008 3.14669007203585 0 211
27.1384478660025 3.10859489376068 0 211
0.093802226535224 2.99321725065547 0 213
2.15148295928414 3.34190416837674 0 214
13.7719198375282 3.1456158869362 0 215
27.2816458853517 3.47921779433161 1 216
2.55608557457376 3.40824314170502 0 218
5.30303074275462 3.04248443002341 0 218
27.0036912996696 3.37359051186628 0 220
27.007114480706 3.05842617541335 2 220
27.3782084465644 3.00639502538149 3 220
0.0965924678573676 2.99946672833863 0 221
3.28718410041061 3.79890741725292 0 223
0.169521519871371 3.76914738159179 0 225
0.116113963200523 3.55482646120235 0 226
22.7017758131463 3.02554548919855 0 228
0.112842008653968 3.07982580336321 0 229
0.0724425752284664 3.01758260852276 0 230
27.0524742500193 3.02036467701687 0 234
0.149385775691981 3.20551668735474 0 235
0.0721902210768195 3.27857309813454 0 236
27.0894486941202 3.29819440494536 0 242
27.460808474952 3.40692620462733 1 243
1.86882833184362 3.03954441913464 0 244
2.73136840379821 3.96479610343897 0 244
26.9197865640088 3.82643346371482 0 244
27.0930479387651 3.26453347658093 0 245
19.5554518577991 2.99439716244571 0 247
26.9357415000951 3.04296959433044 0 247
27.0052095215743 3.1787427066442 2 247
27.5349471878088 3.2722440961657 0 248
9.28164822906467 3.95795949318828 0 250
0.463248410550896 3.63667552756425 0 250
5.53587858022459 3.03283292317665 0 250
1.78864231685732 3.11897602729326 0 252
0.625341183340751 3.49167054687014 0 254
23.9550781928004 3.26236722340647 0 254
0.155917804984019 4.10985235931218 0 255
23.1370152217521 4.81536324228865 0 255
2.10477822531135 3.40079523092369 0 256
27.0039813769377 3.08654540602652 0 256
21.9289356032469 3.16576368617614 0 258
0.0756847662866886 3.18266714560384 0 259
27.9514317043681 3.9264233665251 1 259
27.9521475697371 3.07803394108685 2 259
27.9606262139287 3.64531809372807 2 259
27.9723703180549 4.03076679988122 3 259
26.9189658185601 3.01016212822672 0 260
11.1684395387468 3.06053213768937 0 263
26.9958497322515 3.27107174387201 0 263
27.037944581974 3.28082339610423 1 264
26.9359334898012 3.19514725474073 0 265
1.99248007050914 3.12859236889481 0 266
0.00450974992433832 3.26162102967289 0 271
10.7880873745488 3.00823429301322 0 272
26.9701116720076 3.3777592088302 0 272
27.5041807740547 3.53401331625215 0 272
27.9013906689403 3.03438906487412 2 272
26.9736206818385 3.35760230110056 2 272
26.9477690970164 3.5060118566599 0 273
27.3776789593134 3.23682741868678 1 273
0.0115297819868493 3.84059384277158 0 275
1.0824013412418 4.09798248770152 0 275
1.77102625531786 3.25026073359508 0 276
0.0459036049389536 3.70860951486049 0 279
0.671689751348323 2.99813388724827 0 279
3.66414484421288 3.12071758083567 0 280
0.376829345560976 3.95526281137677 0 281
3.94139675692289 3.1559049617958 0 281
27.0012925302816 3.02394979097069 0 281
26.9526031670402 3.46642522611778 0 284
26.9216517429473 3.32458384575123 0 284
27.5891229288526 3.02586761097053 0 284
26.9988363173873 3.10317184327375 2 284
0.155616990594016 4.37850348137464 0 285
22.7814807276699 3.17022874394109 0 287
0.986624460586803 3.40679814816528 0 289
27.8556084752177 3.01669990680427 0 292
26.9311493303329 3.68143560236752 0 295
26.9296753956029 3.28230333787485 0 295
27.524066096804 3.84214520672276 0 295
2.04389402013527 3.02562099202545 0 296
27.0371551401072 3.66836726639357 1 296
27.3266392520098 3.16021331868276 2 296
27.630088909611 3.04801343492618 3 296
0.262730443388415 3.44484965696985 0 297
27.4219409009965 4.13218776441721 0 298
27.4230691494273 4.61351798283268 2 298
27.5661130595244 3.03809047486126 2 298
27.4347104605769 2.99414009314368 3 298
27.436354115718 3.14210653240625 3 298
27.4956884250745 3.2729430226733 3 298
0.00713861371034161 3.1303691411793 0 302
26.9312245808334 3.08835699629701 0 302
0.887682454289779 3.42828975505384 0 303
26.932998544165 3.40353146036893 0 304
27.1046413175953 3.02103378544471 0 305
0.0536965391500333 3.13263723615809 0 306
27.0007250319747 3.12334284269481 0 307
22.5698090628995 3.01436330183375 0 309
26.9200167363266 3.82623341156434 0 310
27.7810511323852 3.05889581873179 0 311
8.54726440743245 3.06940424526749 0 311
0.00573162515433797 3.47007672591169 0 312
27.0318384046886 3.03458987927806 0 313
27.5208329276398 3.39530199737253 2 313
27.5544754995018 3.71095322908816 0 315
27.5655665331047 3.42073697837249 2 315
27.8739357198678 3.31554878661153 1 316
0.0918026831033396 3.45261993512689 0 317
2.12602313433974 3.80876618548711 0 317
24.3773309428733 3.11114841682683 0 317
0.14146045658934 3.05642613631709 0 318
3.79139134037728 3.02932705410675 0 319
1.07185204613792 3.98519300770338 0 320
23.9677966169745 3.268393485115 0 320
26.9275720874809 3.04633022666415 0 320
27.0030837208185 3.0421070828483 0 321
27.0621278999929 3.00991605429948 1 323
0.011732657936095 3.37647564215507 0 324
0.235330841406349 3.27162826574224 0 325
26.9669203109777 3.09743977005471 0 327
26.9458590198933 3.27585005456252 0 329
0.172361138428643 3.17903036159259 0 333
27.7020099996187 3.34624198805686 0 337
0.00190316297226501 3.14534746404274 0 339
5.16985732556319 3.05419581802127 0 339
27.3346904497488 3.81633520246942 0 340
22.9083387604311 3.40146626725294 0 341
27.0426688186448 3.32876703734659 1 341
27.5297996005618 3.01320663883035 0 342
27.0963219282307 3.43280357238816 1 342
2.44562447773015 3.35531897962029 0 343
22.5875079507599 3.16641192268921 0 343
22.6945614625141 3.92962373610162 0 343
27.3613745016353 3.55959822548071 0 343
27.1410434082732 3.23571119960247 0 344
27.8614395877466 3.54483159133884 2 344
5.46048065586919 3.34013079810273 0 346
22.5907979240366 3.21602514898976 0 346
27.0086674368463 3.42408204137659 0 346
27.3027111279402 3.11813255393518 1 346
26.9259438591415 3.38406173894722 0 347
27.1491184703268 3.00439613093643 0 347
27.7810013060085 3.36820646834656 2 347
0.109639935177963 3.03680867794115 0 348
27.258723906407 3.00130906782547 0 350
27.389257513344 3.04145961262323 0 351
27.3942562701531 3.02989915729772 2 351
27.7067001044229 3.19140868974438 2 351
27.7003561806193 3.16899909139928 2 351
0.546260573425539 4.20413218918592 0 353
7.40970512496906 3.201395612146 0 354
26.9271727562101 3.320775710228 0 354
27.4262559052181 3.01002289160446 1 356
27.649429229004 3.10684726075086 1 356
24.2551035315712 3.1209326994938 0 357
26.9380600208425 3.08755324727616 0 359
0.0645605405318604 3.62275580610627 0 360
4.1554385237353 3.14013501762826 0 360
23.734844033308 3.0351763219355 0 360
27.0230143561441 3.27948770989371 0 363
2.23527071706522 3.02520978516647 0 366
0.0115247284107944 3.10369259387281 0 367
0.237477957300482 3.06776309192563 0 369
27.5626673599795 3.11032380020838 1 370
25.1596179577563 3.12855810564306 0 371
26.8248365024465 3.12029098233559 0 374
27.0465490627331 3.16912031060525 0 374
27.7677955659196 3.19770531830479 1 375
27.3195414234974 3.35547564936885 1 376
24.2506835616197 3.12471179372547 0 377
0.793302886925522 3.04498826334264 0 378
1.43545093193932 3.52793067596243 0 378
27.8160453931298 3.1608070105219 0 378
0.380910450110402 3.47450362866415 0 380
25.0547025246954 3.10407687857958 0 382
0.0574204273721501 3.1709214601102 0 383
0.709238835040887 3.23556539051375 0 383
0.578990083559132 3.14993999150721 0 383
8.21745953908643 3.46391620312903 0 384
27.5047494878323 3.04159999451262 0 384
27.6254678271873 3.47251170099159 2 384
27.6294856354692 3.28875908910924 3 384
27.7119985317615 3.37144171327812 3 384
0.137743459464191 3.4039692722431 0 385
7.581710844964 3.02017114325451 0 386
27.2773367270507 3.19678329911425 0 386
4.72700009006454 3.3778165637284 0 390
27.0082419267672 3.11249317267207 0 390
26.9969779910897 3.09674599531208 0 392
27.2398004482369 3.25087525955448 0 392
27.4729543564931 3.31633397486699 1 392
27.643062748917 3.05487524007786 2 392
0.2652285560728 3.02327719495767 0 393
26.9420738525582 3.26644461567457 0 399
27.2609750144362 2.99354032698489 0 400
27.0414654479305 3.08101817380306 0 400
27.2615167073168 3.16313266117163 2 400
0.991111853567889 3.18805509971125 0 402
0.159448953448297 3.59469355795556 0 403
0.00190202918563628 3.09452401116849 0 403
26.9331397254011 3.48608655668219 0 403
26.9285284434476 3.73752444207918 0 405
26.9400154577608 3.00216844175581 0 406
27.6786320231824 3.45235682613985 0 406
7.77841656568371 3.0227441216589 0 407
24.3035993950601 3.61443923296834 0 407
27.390846784991 3.18450355539098 0 408
26.9423361695087 3.02949271002389 0 410
27.0140012184077 3.05387231368025 0 412
14.7926339572548 3.01883056692745 0 413
3.80825337784414 3.01427644782776 0 414
27.2657919808258 3.08279450992776 0 415
16.9782981598098 2.99775700305674 0 416
0.251318905640015 3.16789013735567 0 416
0.770935108941906 3.6366112407548 0 417
23.4529348672812 3.89800273554855 0 417
27.2043390077021 3.13813074994949 0 421
27.864693158728 3.81617168933877 2 421
27.9649017654915 2.99211313791218 1 422
27.1208740176257 3.10549046457281 1 423
0.000456647994698658 3.13297881008721 0 424
27.0063060191247 3.15378374772612 0 424
27.5313416939784 3.90435503754202 1 424
26.9276635523071 3.06106734884252 0 428
27.2009747083389 3.31104932108888 1 428
10.297909814096 3.575428813984 0 429
27.116343578028 3.00704576060327 0 429
0.0594608102956264 3.01121304929596 0 430
26.6427191037154 2.99512805618801 0 430
26.9305986175477 2.99079267398262 0 431
27.1159335383304 3.95983161570161 1 431
27.7352648565222 3.12470474666792 0 432
1.02098855186785 3.1577715989018 0 433
0.0112281929742501 3.2840990364798 0 433
26.956397428308 3.37198883827726 0 434
27.6040320696423 3.42981150058609 2 434
2.7679216094795 3.18897494484341 0 438
22.9697825790621 3.53398138280038 0 438
26.9599915055211 3.0051680199739 0 441
27.2608059483204 3.17477140575915 1 441
27.0003145360029 3.33042719752938 0 442
27.1876664883189 3.23338950823366 2 442
27.1347235784666 3.67956646402441 0 443
11.3288475703221 3.44927805522879 0 448
0.628185624566812 4.16379566340406 0 450
21.2883250235996 3.05729333981727 0 451
26.9161958725949 3.00522579470963 0 452
0.310766041733205 3.05346531750581 0 455
10.0659130432411 4.48440332299482 0 455
27.0587265759766 3.31614530471815 0 455
27.0892174756631 3.38913711793172 2 455
26.9518367785601 3.05328195442781 0 457
27.1323358958899 3.03219857700647 0 458
1.74165434038437 3.06195587765738 0 459
0.0630704611003683 3.06314814584741 0 460
0.6194060650579 3.15005439224077 0 460
22.6612534503441 2.99743439547593 0 460
0.00409165783197796 3.45374156366106 0 461
0.228762464013801 3.67629668526357 0 461
1.66062413442054 3.67161794701099 0 461
27.0235473561656 4.2323268179814 0 462
27.1944853886293 3.09069791979045 2 462
17.6414794697931 3.10587289434868 0 463
26.9422743188959 3.63724230725092 0 463
27.362346722921 3.03739182026732 0 463
2.2417839238635 3.17783389391171 0 464
0.247235723632701 3.16581220553329 0 465
20.4147726046106 3.06083319978558 0 465
27.0085252795669 3.19601219823353 0 465
27.1852889804653 3.58830149607885 0 466
26.9155247130499 3.26287795686173 0 466
26.980846138467 3.03541400888441 0 466
27.0184622528287 3.84210186855336 0 468
27.1741641079165 3.45871665600413 1 470
10.5899564176428 3.33001476447538 0 471
0.00721452651091597 3.70624970697991 0 472
27.0026236200076 3.15127900045815 0 472
4.06155992860703 2.99124633762838 0 473
0.210870310128638 3.70828320897461 0 474
0.0153738889415662 3.42002917846148 0 475
1.70302223200935 3.4732738727375 0 475
0.637600962314486 3.42515988232386 0 476
15.1188394411726 3.04134518644082 0 478
0.802976260751915 3.30757668316956 0 482
11.2966189533709 3.02876344496507 0 482
0.0798953820772725 3.09434562840568 0 483
4.81937711624956 3.57692582829336 0 483
27.0423494529385 3.40861221053485 0 483
27.0877300819711 3.22195624348461 0 485
26.9212133184149 3.91560396554326 0 488
0.135656716188528 3.02172599203102 0 491
9.65410705404499 3.2691992780183 0 491
23.189702400654 3.23299156254 0 492
2.16611027898028 3.46944860481629 0 493
27.0928052120824 3.23274284704952 0 495
27.24327567514 2.9912271908206 1 497
1.58608628278958 3.0778377803253 0 499
10.5865572970794 3.08614031246315 0 502
0.242879532174612 3.34065199345655 0 504
10.0062142556423 3.68897744086066 0 504
0.37565888765207 3.06350379631982 0 507
20.3275645747826 3.94499528639087 0 514
22.2591358938126 3.07358945781229 0 514
2.20398475670999 3.19376208310167 0 516
1.90574322436368 3.63088945295386 0 518
0.555095722878787 3.25082288128918 0 520
0.737736401006716 3.98918623197939 0 521
9.18635872816731 3.13040053483921 0 521
27.0402050068019 3.04765841309621 0 522
27.0002701285757 3.80548671536348 0 523
27.5327089805246 3.1844165127706 1 525
26.7624884111865 3.16098981317318 0 527
26.9431407609995 3.8091154005831 0 527
27.6944238088649 3.04146825034289 1 527
26.9820102700586 3.1227689359685 2 527
27.7105717713653 3.15238189230822 2 527
27.490330646196 3.93159088326533 1 528
0.371026754236454 4.07504967157691 0 529
0.21876672163856 3.28195578852108 0 529
26.9449486128785 3.25371644453715 0 529
27.2178351279903 3.29631445885589 1 532
26.9362232613643 3.09755129264036 0 534
26.9611418431991 3.10340776216958 0 536
0.274416219372663 3.03043929342317 0 537
5.75916370973431 3.11596413019833 0 537
8.22017424583087 3.12142859489177 0 539
3.02551728349735 3.0075642829382 0 540
27.5181943275124 3.16238616870067 1 541
27.3139028174468 3.24441138370751 0 542
27.4555399135652 3.18876227642854 0 542
1.51274709676923 3.04054866124177 0 543
27.1346900806211 3.42396944266355 0 543
27.3394139421985 4.21363262477458 2 543
27.3809577673 3.34278286272822 3 543
27.483781769209 2.9967965461055 3 543
27.1381856300026 3.13115121196228 1 549
0.661330989704501 3.0851553293486 0 551
7.888862166816 3.5671669043058 0 552
0.126246019767319 3.06842084426129 0 553
27.3327124753091 3.41925318049608 0 553
0.756070722857913 3.04342749962119 0 554
27.4742500523781 3.42619835542434 0 554
26.928471090176 3.38249532382262 0 557
26.9378646327097 3.47196858034364 2 557
0.674477790481335 3.38499354624789 0 558
27.46620459008 3.00132362702033 1 558
27.9531623748221 3.28099063651486 1 558
27.6035365808379 3.55068947289207 1 559
8.19636032251716 3.19016573881827 0 561
26.9440396163214 3.31475393044683 0 562
26.9550782511237 3.65529764156975 0 562
22.6046386349666 3.32470441601168 0 563
26.9936994100835 3.16889491988914 0 563
27.3500706230931 3.39895869843676 0 564
4.43691071003891 3.52361859172872 0 565
27.3159984644777 3.31631553725474 0 566
27.2686021494769 4.56086350125212 1 566
27.5735756938146 3.23760943671108 2 566
10.4780451513807 3.34386869673322 0 567
27.046602040898 3.52799339463835 0 568
26.9668642632334 3.13913745516717 0 569
0.0206971561350695 3.05697701586244 0 570
26.9725747272675 3.07149404711171 0 570
0.202100573487178 3.15468856704133 0 573
5.75450241765295 3.1953698276033 0 577
26.9882741955362 3.18059408292677 0 577
27.9169529915411 3.0273662320749 1 580
0.00139429567049923 3.82393609318177 0 581
20.7750720920563 2.99711370913994 0 582
27.1318658234241 3.46312070553443 0 584
27.5171061303067 3.16017008230873 2 584
27.5484940692066 3.384746226564 3 584
27.6302900410127 3.35148754908947 4 584
27.4977636403892 4.03763958011952 0 585
0.0761173361022208 3.29963771250369 0 586
26.9733262683937 3.24737785249936 0 586
27.0565225656516 3.26016237313358 2 586
27.0855603105191 3.03878463691856 3 586
27.4944346308034 3.08973108026861 0 587
27.1046491906411 3.04476495528376 0 587
27.0681480850084 3.43261217969818 0 588
27.2332362198117 3.24462091711322 2 588
1.49207451233745 3.28270695138961 0 589
27.9675932269633 3.1814454326469 1 590
5.19470710180243 3.00517199270661 0 592
2.30446797623632 2.99047115906688 0 593
26.91570164928 3.80511244891024 0 594
0.101691897402268 3.09293227611044 0 596
27.0726222686347 3.67820625764786 0 598
26.9305169500274 3.96353650442449 0 598
10.7987041672365 3.01753638929624 0 601
26.9154272017882 3.4520237328865 0 601
26.9330156745454 3.45115126592772 2 601
0.0573628010673435 3.14628129286021 0 602
27.2447999405299 3.12467083835557 1 602
27.106355810863 3.00074485018055 0 603
27.6446989641149 3.15417830645815 1 604
0.0250078442788256 3.10007807291002 0 605
26.9948329177531 3.40816723234794 0 605
27.2340082182691 3.23572262431563 0 606
22.6354702993041 4.60029098978748 0 608
25.1176915057826 3.06037943765751 0 608
22.6386762528442 3.05626770020524 2 608
17.0951373976093 3.11204355369291 0 613
27.0237842742647 3.49090469838775 0 614
26.9422822144059 3.22017210064303 0 616
27.3326600190581 3.53655820488909 0 616
0.365369649286622 3.05060581050002 0 617
0.147278288326267 3.22357773613723 0 617
27.8880565601025 3.04552763062787 1 618
27.6411953169477 3.09071873672363 1 619
0.00325401523028947 3.7151834359092 0 620
0.0285605441969442 3.09966365605804 0 620
12.4799708870968 3.23860589441511 0 620
20.4115098872798 3.51634561080113 0 620
27.5467037974481 3.42083961143942 1 622
27.5626642359556 3.35183090532277 2 622
27.4213913478047 3.09074018282799 1 624
0.0848736588002853 3.14743531068037 0 626
4.04590349592159 3.59718715687122 0 626
27.6469103122277 3.06665527481537 0 631
27.5913608038422 3.21616299519733 1 631
27.6453451994202 3.08072757527172 2 631
27.6897954657718 3.21935889040852 0 633
26.9419449040011 4.36892895030736 0 634
26.939229405768 3.22790453162051 0 634
26.9476767379508 3.03808381105117 2 634
26.9663444351862 3.0256569411988 0 635
27.0880384273875 3.36141019586746 0 635
26.9224412488702 3.15946968346688 0 636
2.12847748897325 3.38730400589061 0 637
27.3993941733238 3.18176078154232 1 638
19.4040826113589 3.1868377162389 0 639
0.433128104963665 3.80433078766817 0 641
1.49963915589744 3.17537052880575 0 641
0.133810361575611 3.591950142281 0 642
25.0992313816709 3.0286537919079 0 642
26.63457643961 3.00049440127164 0 642
17.2885823565209 3.69321365001026 0 645
0.00839146719408363 3.34682284004534 0 646
4.41573036939646 3.18490003959389 0 646
2.93314092815621 3.03901967829968 0 647
26.7928985344865 3.23100473554289 0 647
27.2142812886085 5.25098069258336 0 647
26.8483838747636 3.03796678080956 2 647
27.3636298282912 3.6968896621644 2 647
27.2490839176823 3.03597735191677 2 647
27.2249233774011 3.246217417632 2 647
27.260133984007 2.99609311960862 2 647
27.2154572091447 3.00666687205336 2 647
27.2593141305047 3.20230134377345 2 647
27.518455891166 3.12680463166911 2 647
27.3252977386012 3.87538570020598 2 647
27.2465542291947 3.01346710612049 2 647
27.7578357954007 3.61680811558272 2 647
27.2334374796896 3.42537035032261 2 647
27.2579573242532 3.16604813101043 2 647
27.4501604632643 3.7597299349693 2 647
27.3984657874221 2.99794256374831 2 647
27.2180051428757 3.52742282852726 2 647
28.0095750842818 3.46888688699347 2 647
27.4344650740021 3.2975641837571 2 647
27.557895115073 3.42238636399948 2 647
27.2239565631568 3.4766467763971 2 647
27.289541384488 3.11437201417084 2 647
27.2809360988931 3.20909655396612 2 647
27.3305346634936 3.3927648173116 3 647
27.6119316428937 3.23847360496203 4 647
26.3984116730982 3.21503403556473 0 648
2.57515100172327 3.39617936020414 0 648
26.9572545652357 3.3157671802896 0 648
26.918637102247 3.32581039398852 0 649
1.47887047972517 3.03310998638791 0 651
1.15870135277684 3.05160309494952 0 651
27.5750529981774 3.18480119264842 1 652
27.6645375066851 3.16643088889461 2 652
25.0216448080526 3.12929946364185 0 653
1.75204274013453 3.02660261671365 0 655
27.6815216107384 3.30502853968419 1 655
0.00623579390010644 3.52211058897209 0 656
23.0575465995502 3.17417354061256 0 656
4.708974534858 3.51351177976751 0 658
0.0936296104214906 3.52021709258056 0 659
27.2941281943672 3.16230083372801 1 659
26.9511589690433 3.14665462296744 0 661
27.8861421184455 3.47341175086167 0 663
27.8907780224759 3.35850611982324 0 664
0.891288925203236 3.56487744819048 0 665
26.923484752026 3.19197777967104 0 665
27.5244120654274 3.04309922011899 1 665
27.1275420638044 3.24344579868489 0 667
0.0893277477502516 3.07037255261115 0 669
0.0144323833548747 3.28412743280146 0 670
27.0577639304566 3.09645171504777 0 670
22.7489606791464 4.10421859845655 0 671
0.569084933373052 3.03677731876088 0 673
18.0753893774439 3.53487187483645 0 674
26.9403692142491 4.29299105478567 0 677
27.8933353323628 3.57738954139192 0 677
27.1840454940312 3.7981989941482 2 677
27.7385593338584 3.51032932712403 2 677
27.9140583510733 3.47571597765836 2 677
27.1997029220183 3.28908156156132 3 677
8.20928485524158 3.31138698208647 0 681
27.0961299542814 3.01001169420233 0 682
27.0300288097853 3.02321927808475 0 683
22.7800619411916 3.68434161521783 0 686
26.9186010977322 3.06930288528724 0 686
10.6934731484196 3.155433159467 0 687
27.2067981689792 3.01724479416998 1 688
14.5359194524089 4.12621076167282 0 689
27.041367646989 3.22860248144308 0 689
10.6357911029522 3.50894925336468 0 693
26.9164508870681 3.07420620234567 0 693
26.9153448170247 3.13814124850651 0 693
2.45898864119131 3.01365716990268 0 695
1.39231013543934 3.4705625439338 0 695
0.0418593694594995 3.05124451407303 0 695
0.307128854935249 3.14537910059133 0 699
27.0086411092185 3.07226226666826 0 699
0.648771546753392 3.28020307518372 0 700
0.73150828662756 3.69411177562901 0 703
26.9245442349355 3.08016830786164 0 704
27.1665898059826 3.47649291761205 0 704
0.205800049194239 3.0699869456683 0 707
0.747282605389481 3.09828934153203 0 707
0.974257497403782 3.01004776051215 0 708
10.6952935898287 3.10499514872404 0 708
1.80424518719831 3.07978227947783 0 710
3.62777052699494 3.20399361464102 0 710
3.94761482251776 3.36828289157924 0 710
27.4070895899065 3.00748585677964 0 710
27.21076730808 2.99818020459871 0 710
27.103487584288 3.1636571241103 0 711
27.7404575376527 3.09964441797048 2 711
0.051361746150116 3.46248617617776 0 712
6.82085739425975 3.14478698764087 0 712
1.4144903318299 3.1755675234594 0 712
27.5518633820206 5.7117339404094 1 712
27.5532424408554 3.52755311812536 2 712
27.6585921732929 3.42900898967577 2 712
27.6863552257416 4.91795071517681 2 712
27.7871060271921 3.32232125871657 2 712
27.5768068619348 3.0289008441393 2 712
27.7505720283027 3.47217067117359 2 712
27.8815108363866 3.05004984050036 2 712
27.5523833034932 3.08312475412244 2 712
27.7541958863873 3.59060766850025 2 712
27.5715168684404 3.42226045584402 2 712
27.5553462433718 4.12722389711655 2 712
27.606349536395 3.30977875113504 2 712
27.6305611326587 3.26867766740686 2 712
27.5607535963169 3.09296433498865 2 712
27.7125612317255 3.01132542006302 2 712
27.5707615016573 3.12741727380813 2 712
27.5538704731384 3.24830375294157 2 712
27.7408796895291 3.1994684204247 2 712
27.7098391748339 3.31277217140522 2 712
27.558283708388 3.09752939118282 2 712
27.6089663898015 3.10574612002363 2 712
27.5737914628082 3.13352127836606 2 712
27.575015590409 3.7301684377124 2 712
27.5782253356432 3.27655324126463 2 712
27.6212724937497 3.0336502390353 2 712
27.714303941876 3.87225990474434 2 712
27.6737334224588 3.72200560373211 2 712
27.8797557622023 3.00213100719736 2 712
27.5786995883539 3.30134642799845 2 712
27.5658800739957 2.99629912330452 2 712
27.5585502061388 3.05816453554569 2 712
27.6082081712605 3.13194366896751 2 712
27.5564364233171 3.01863331127166 2 712
27.572954277455 3.0564124609552 2 712
27.5667001309563 3.80428935559882 2 712
27.5838994083163 3.22164497854168 2 712
27.6195802103024 3.11791354724335 2 712
27.8506060806162 3.04485540277342 2 712
27.6185730969133 4.19176618872681 2 712
27.5764531273782 3.05386139385397 2 712
27.5832251035648 3.01317033513592 2 712
27.6483195475517 3.26723377917524 2 712
27.905566411524 3.0503307842564 2 712
27.56302376698 3.08447545258859 2 712
27.5608106900115 3.16142610712397 2 712
27.5586588988742 3.9017420481047 2 712
27.5612016348522 3.24850237813901 2 712
27.9195547846558 5.15838691052832 2 712
27.5596086676821 3.27268912606292 2 712
27.5915139693136 3.25258007882285 2 712
27.6331452996436 3.06758406391636 2 712
27.7075150617774 3.24056735497405 3 712
27.833873071836 3.10916275502321 3 712
27.7049153986284 4.01758897402885 3 712
27.8083815706348 3.11628657624461 3 712
27.8316943268488 3.32580986748026 3 712
27.8969280933533 2.99400692550554 3 712
27.5938558043606 3.0809879667827 3 712
27.907911754683 3.48951932640033 3 712
27.7821516264447 3.08446980611345 3 712
27.9600968942637 3.0481756317698 3 712
27.6905404201129 3.05186797049039 3 712
27.9411727020952 3.46199063325865 3 712
27.711397247445 3.00843826231641 3 712
27.6080771564334 3.34286620132996 3 712
27.6658582153706 4.16792935695394 3 712
27.9222197206437 3.17902283539996 3 712
27.9710730457773 3.32412239544761 3 712
27.9336316574831 3.62494803132887 3 712
27.9236956514165 3.2065839965706 3 712
27.9799164352116 3.06773097684789 3 712
27.939333289227 3.14285254269609 3 712
27.9255356295096 4.80159052324206 3 712
27.9219805046241 3.17747319545647 3 712
27.9429233535167 3.28734537361388 3 712
27.9718057396397 3.6957212705948 3 712
27.9386780321436 3.02949147060459 3 712
27.7843938112329 3.20688026671008 4 712
27.9040286005275 3.42890122654604 4 712
27.7188418190467 3.03156947689014 4 712
27.7957420773603 3.11288272312536 4 712
27.6679982219182 3.06061824212714 4 712
27.6726009364079 3.38721900513013 4 712
27.7922994307324 3.04246768571627 4 712
27.6686490356309 3.71450802044293 4 712
27.9451857821557 3.1465997996845 4 712
27.9343519103817 3.02820808631284 4 712
27.9310929277836 3.21169994873791 4 712
24.4891396857932 3.69352095869907 0 714
26.9572080867747 3.28790804766325 0 717
22.6318444375264 3.02911454641345 0 721
27.068229898217 3.0380148604381 0 721
27.7436011681889 2.99262219198245 1 721
22.6838168882163 3.4377551244545 0 722
26.9488199867379 3.62682267376258 0 722
27.0908313065955 3.22771203747373 0 722
27.0699524900536 3.50558231175808 2 722
6.5004652279346 2.99469464717372 0 723
27.1013841364047 3.13264191193371 0 723
27.1817791837994 3.07744218283855 2 723
27.1871828338016 3.1090082794618 3 723
2.54874974571801 3.41710235690705 0 725
27.2874394615576 3.16217047705938 0 725
27.20155919446 3.39319669876444 0 727
27.0890716571916 3.00532185217636 1 728
0.165731986070955 3.27934910912732 0 729
1.18687717081641 3.29058943935473 0 730
0.0853697464365385 3.19951729114248 0 735
27.3584069180392 3.30326226501283 1 735
5.36917140486648 3.06795867277588 0 737
0.819193827850552 3.03194301636598 0 737
4.60660712911231 3.19801172543809 0 737
27.211785619679 3.16710012532407 0 737
6.99062477542802 3.03362391447845 0 744
27.6457342559562 3.55042114149326 0 745
26.9176066671331 3.17035534981902 0 747
26.9215034993868 3.7466731541107 0 748
0.063556293958018 3.59005458294564 0 749
0.211988482387196 3.02395215419592 0 751
26.9353835975803 2.99520074064599 0 752
0.102118200286935 3.07468120640129 0 753
26.4577670530256 3.11985387260834 0 755
27.8398903549273 3.08750482725346 1 757
0.00952817945789835 3.1799276381446 0 760
0.787631898634232 3.87585167459804 0 760
10.5957453075634 3.18734556034147 0 761
27.2011005932785 3.12779350224606 0 765
27.0351495487978 3.77674238911487 0 765
26.9186966775982 3.11794902444664 0 767
27.128174346853 3.46618648838055 0 767
27.760226624468 3.0056269237401 1 767
26.9652219276312 4.75423593549773 0 769
27.4538088088479 3.40080193881481 1 769
27.158782368764 3.2137815634384 2 769
27.1031188596994 3.17190512561225 2 769
26.9951766244711 3.01913795790877 2 769
0.0957974980323628 3.32589871298961 0 770
16.4749514103066 3.13863500253609 0 770
8.76622979276426 3.20592771027012 0 771
26.9189567155683 3.36485203476588 0 772
2.13861448472342 3.03225272955432 0 774
0.0925567249026191 3.54825526915451 0 775
0.0673274004014281 3.12147801215377 0 776
26.9971808051926 3.32017318542046 0 776
27.2071409039666 3.09381914643993 0 778
27.7667483906329 3.25221143080784 0 778
14.7257621341193 3.2100235117472 0 779
0.228403054645095 3.77971236020283 0 780
27.8091048664969 3.29900910424471 1 780
22.5899661794591 3.20108112230054 0 782
0.0133757485892593 3.37333382997875 0 783
0.0474777237177662 3.70146662584301 0 785
27.1778140775693 3.04752761270805 0 786
27.1967201209167 3.14126280665064 0 786
27.0544769178458 3.13774370120782 0 787
27.0814193632868 3.67898100895947 2 787
2.13128779846439 3.14895993961507 0 791
0.643617029974297 3.23060927722451 0 793
19.5894808981872 3.04713136981472 0 796
2.40899377270556 3.03587724813167 0 798
26.9514586296344 3.07508803313556 0 798
0.316173577108856 3.20210070508771 0 799
27.0182073970435 3.35482414623919 0 799
27.9974077518495 2.9961525060008 0 799
27.0245179671824 3.63210885551932 2 799
27.003953195292 3.02812462622317 0 800
2.13594413948945 3.14184326229777 0 801
26.9941801468118 2.99660310020224 0 801
26.969066824014 3.39513406620756 0 802
0.200085502200366 3.1403233008567 0 803
26.9951830525712 3.20172844167055 0 804
0.102532997539226 3.37685682311981 0 805
27.1185520569884 3.09990925345921 1 806
27.3895682661387 3.24177665343958 0 807
1.52019913373417 3.53135639271524 0 808
27.2140462434176 3.12762892563257 0 808
0.160203882957265 3.24227619389981 0 812
8.84453539912081 4.47152254729468 0 812
8.49487165329896 3.21149962876864 0 813
24.2801987887582 3.88978686895314 0 813
0.0413986960455745 3.50612311525336 0 816
24.2222977815646 3.56581043250018 0 816
14.2226252859581 3.03126955345917 0 820
0.0244955675968435 4.07413624228009 0 821
0.0930850028667233 3.085452468723 0 821
27.8739924867831 3.29648348947151 0 821
26.9623521656462 3.00945449122828 0 821
27.0248977063338 4.26489739520622 0 823
27.1734330755748 3.07511003290376 1 823
27.7679700010602 3.12045056188679 2 823
27.6143276441575 3.28183080522257 2 823
27.0378011902393 3.20984036202206 2 823
22.9357476660978 4.1539286757059 0 824
27.8739554967355 3.27717776316638 1 824
0.0579683996489365 3.4650383807018 0 825
5.48919154689747 3.02499524671602 0 825
15.0309811994863 3.65058492466861 0 826
26.9406678265722 3.06956414165664 0 827
11.5522291192551 3.20098557052592 0 828
9.28015260111797 3.09323275333768 0 828
0.00675581385284085 3.3014613136453 0 829
0.102599594037335 3.22013341217436 0 829
0.159822973963107 3.14520339440174 0 829
27.8386317315779 3.17319400097543 0 830
0.00580133888044106 2.9913686258708 0 834
5.57141739236944 3.14242224970399 0 835
12.9602140199439 4.24618287491475 0 835
11.9625862392681 3.16744605458576 0 836
26.9320473011303 3.35612633268218 0 836
1.00622275905473 3.13780366905399 0 838
27.3974601634868 3.22582001469144 1 838
25.157670656501 3.00207998123168 0 839
27.2888441895224 3.19471103565206 1 839
4.45410695877141 3.63682889986974 0 840
3.02446217991661 3.19419303109853 0 844
0.0155559416815308 5.12632025335311 0 844
27.7527880453594 3.1636281760503 1 844
8.59130646313298 2.99430605967435 0 845
9.35997377512923 3.05440322019173 0 845
3.1207708760635 3.66635013266808 0 845
27.4025087697987 3.54753447548793 1 846
27.9467252054341 3.61507865577415 1 849
28.0117898054005 3.14246453568488 2 849
27.9526330803142 3.0459473061502 2 849
14.1630069110372 2.99680206289983 0 853
26.691763281454 3.03180999286231 0 856
27.0370514371857 3.25222827150388 0 856
27.1417458035607 3.1105334768305 1 856
0.00275224156845675 3.04431675766661 0 858
0.0961640881592715 3.22050851951495 0 860
21.1105907087024 3.01218057844207 0 860
27.5312602290973 3.13742903685663 1 861
27.0014973877959 3.09370442024228 0 862
3.51914732336724 3.68109019699134 0 864
27.1070053837352 3.04412865930748 1 864
27.726814366281 3.40342967161881 0 865
4.0682843697497 3.8390868894768 0 867
26.9452171207817 3.28165476248907 0 867
22.5763866282238 3.49457342621278 0 869
27.434067759244 3.01491046108793 0 869
22.7480648019777 3.00995170915639 0 870
27.3520538725442 3.01794417726924 0 870
0.251580494831889 4.30864101769529 0 871
27.1200100270886 3.3314985881546 0 876
22.5513445892085 3.15022884406608 0 877
13.9263248169755 3.38314016026405 0 878
26.9162568408846 3.02571997720693 0 880
1.17167264329262 3.2576608011557 0 881
26.9997625304133 3.37114782184814 0 881
26.9521807710993 3.92242984878581 0 882
27.1563531585543 3.03227518479622 0 883
0.0833176328502307 4.69192124663872 0 884
27.6032392588999 3.25278831126185 1 884
11.8821050061771 3.51511207457107 0 887
0.551919772180021 3.00790224822225 0 889
0.259915365723893 3.01260788422462 0 889
27.5264792975905 3.53167089536887 0 889
10.2026155368906 3.04346618383325 0 890
27.1368340939534 3.08004976515702 0 890
0.350952549792175 3.38533785304959 0 891
22.6419185162122 3.94178811385302 0 892
27.4719258178609 3.04948326896132 0 892
26.9173251398832 3.09780246182355 0 893
26.67890412299 3.02066975397117 0 894
27.5791562971749 3.3494699184318 1 895
22.7129528557603 3.46978316358376 0 896
27.643418584621 2.9943344339235 0 898
0.23134971424944 3.80828919538116 0 899
22.6093708144439 3.40919648387803 0 899
0.147821464081603 3.50879711108665 0 901
0.0619615092585979 3.05012325643231 0 904
0.206025927291184 3.24102515210722 0 904
2.15541755992401 3.06196777362859 0 904
27.6798700220853 3.35738618982066 0 905
0.710293288469076 3.09756849621036 0 906
26.9165606330272 3.52474935817858 0 907
26.9350764596021 3.32656781853931 2 907
0.0047314385180912 3.2909815872564 0 908
2.76692328271228 3.55371800468988 0 909
26.7034162220029 3.16773039730122 0 909
27.2681854254051 3.14958075532298 2 909
26.9342604277035 3.07078630930801 0 910
27.4909399891015 2.99033261639049 0 910
27.3683638914112 3.29043672235697 1 911
27.3801319129516 3.11098061320904 2 911
0.988240516915452 3.94555986035486 0 912
19.3109798834811 3.1324114606797 0 912
2.94835469714919 4.37134066696166 0 913
14.8012504391968 3.16365772594516 0 913
26.9188055630869 3.37097857097883 0 916
0.0865131826723402 3.02670798088579 0 917
0.726892183341003 3.16542910636764 0 917
26.9700544575089 3.51999846762139 0 919
27.7352136435553 3.21342505285566 2 919
0.279060013623027 3.05193908962661 0 920
0.921899523235918 3.09321270737419 0 921
26.918887804144 3.07403674896789 0 921
27.4034568533335 3.33098185265967 0 921
27.6723859444937 3.16924469834377 0 921
28.0022957450139 3.20024755344531 2 921
10.8153576582596 3.07723810128778 0 922
23.9636579071481 3.08989424750088 0 922
26.2769030760762 3.46419165649905 0 923
0.0149065114977852 3.06134356756518 0 924
27.5492246664103 3.15239461657871 0 925
0.175653877249917 3.04365820661987 0 926
14.1586418714044 3.07450985266977 0 926
27.0423509840631 3.70616772413503 0 926
27.2905512844768 4.38182674147223 1 926
27.3936135375045 3.10308533038317 2 926
27.3258676199009 3.14589445043657 2 926
27.3192200501351 4.26302144910642 2 926
27.6754853758228 3.05682078386942 2 926
27.5154788381878 3.30853385511271 3 926
27.3318171547282 3.10760820745495 3 926
0.336128080363217 3.09661316493752 0 927
27.1305427479876 3.1917320836556 0 927
27.9332293105867 3.33780939939562 1 928
0.0177041004978326 3.15320766109278 0 929
5.73863274025453 3.01373933770612 0 930
26.9865979961455 3.46069763001397 0 930
0.753311807184678 3.01906677294779 0 932
22.5685659033737 3.29413370924414 0 933
27.0101078572016 4.12782487277839 0 933
27.0789603015039 3.87224328537936 2 933
27.0413113056006 3.45486112193436 2 933
27.1273124983598 3.26810207312953 2 933
27.090175922403 4.1890134672583 3 933
27.3036644478319 3.66186254229981 4 933
27.1048829279569 3.06568085054736 4 933
27.3119290464547 3.29011647683131 5 933
27.8730547401678 3.18729416534074 1 934
18.950269373493 3.09100138998398 0 936
21.1619146893677 3.57024229717128 0 936
1.02102112239899 3.01986651922735 0 937
0.674959433524347 3.16366202770867 0 938
27.1424682710818 3.85310810213632 0 938
27.4666443238765 3.19356601930007 2 938
27.2961990947051 3.13556347769095 2 938
27.6742321987093 3.19412315826783 3 938
0.0403128229346321 3.86334545949168 0 939
0.0604430560845049 3.64759550047286 0 941
27.3377855850008 3.22439461645859 1 942
0.33161311483971 3.45153905367788 0 943
26.93608744641 3.51224544519656 0 943
2.6788580479841 3.12141240367072 0 944
22.5513639675353 3.462473603237 0 945
27.3807459593302 3.4972756335438 0 946
27.0341093737075 3.00762701194585 0 946
27.5214877672019 3.45192833486531 2 946
0.309251640294522 3.06675252505665 0 947
0.150674285288718 3.23499194892354 0 947
27.8140290980576 2.99885349557435 0 949
0.239753518642642 3.74101220371948 0 950
0.0959047357532932 3.19271725597019 0 950
26.9884334478585 3.11583936103011 0 951
27.0731459859065 3.62483937809553 0 953
0.307939338870514 3.37646233392484 0 954
26.921294932933 3.1278011187215 0 954
0.0469350630593792 3.12909104987984 0 955
8.53630823810955 3.34832233894958 0 956
20.4156815631962 4.05050789997858 0 956
27.0067278662254 3.19357931753289 0 956
27.5261860299303 3.09741111347366 2 956
26.9223941455607 3.05369989851986 0 957
1.77538085821662 3.03130634092658 0 958
22.7205795369262 3.06855068502056 0 958
0.0641052944376598 3.02706053795236 0 960
27.1358505950249 3.13973739618692 0 960
27.2657471757167 3.42669660773644 2 960
0.0860664414497716 3.04982326553074 0 961
26.9630436787135 3.08564190155022 0 961
26.6424674998753 3.12507934114866 0 962
26.6468420920587 3.12554316504274 0 963
1.88150563406316 3.39756437172757 0 964
27.1217852036093 2.99244096362188 1 964
21.3997944252129 3.38147925449073 0 965
27.1956586956657 4.30442966543928 0 967
27.2035590379215 3.30865660256728 2 967
27.2253151245141 3.17271958938271 2 967
27.2846481188209 3.87914070863959 3 967
27.1393712689839 2.99843299266163 0 968
27.6853662864318 3.22626772802315 2 968
13.55127437253 3.11459271335646 0 971
0.0399993871764066 3.07940957570479 0 977
27.27380123077 3.49197341416797 0 977
27.7255688294858 3.06901797563289 1 977
10.0683846628415 3.24650767367352 0 978
27.0461973034242 3.15384486625388 0 978
26.9240988239591 3.07794296821952 0 979
26.9153272707022 3.12338120379744 0 980
0.243903451802428 3.07756268284863 0 983
1.17885351254304 3.21467170598263 0 984
0.0789350538288441 3.56117115369159 0 985
27.0524793177933 3.00533800763697 1 988
27.1422109193595 3.21358953418746 2 988
10.0009237546259 3.11522288035713 0 989
27.237018215676 3.34087190055271 0 989
22.7631322499044 3.20861190603036 0 991
13.3361837324026 3.02307067422542 0 993
1.06452522688923 3.31704106754943 0 997
27.1740989767634 3.1948370359081 0 997
1.94760100442223 3.16359960852758 0 998
0.00948441807520943 3.03037516641797 0 998
7.26971965077303 3.40073148702291 0 998
0.00246553643090852 4.21625766656156 0 1000
3.42633565619711 3.00406884395801 0 1000
