"ts" "magnitudes" "gen" "cat.idx"
101.572765594096 3.10679662921545 1 1
101.573952604172 3.37939789927756 2 1
101.615611837438 3.2853872119007 3 1
101.617415371945 3.29007937847607 4 1
67.3162860944683 3.65581620296822 0 2
101.067420985351 4.38466892941359 0 2
101.439167852576 3.19332561664417 2 2
101.221207544297 3.57901281255273 2 2
66.3152242715842 3.26937099978965 0 3
101.091937737144 3.25321978413685 0 4
1.25365698309235 3.44580466861544 0 5
63.9072199520479 3.64483006851865 0 5
67.873342897736 3.04346963730197 0 5
67.4464870816551 3.63567333694119 0 5
98.5481956825881 3.32302261190887 0 7
101.981947379167 3.19796015878668 1 7
67.305276705671 3.70177509536498 0 8
100.129305305562 3.42499531464776 0 9
67.9119426546957 3.4942246754361 0 10
101.614649999988 3.17452393998869 0 14
64.1302967374708 3.09648472174394 0 15
64.7226939854481 3.38826061066601 0 16
101.278946288401 4.00983950610272 0 17
102.077129866116 3.30651164036367 2 17
101.823206436818 3.58498469431891 2 17
101.298037314543 3.12043807983476 2 17
0.196586028078285 3.04725287395686 0 18
68.616871512928 3.47288650914166 0 18
101.575084211984 3.43860028934815 1 18
64.6158078616713 3.06574790052563 0 19
70.5537815292529 3.25123461295842 0 19
101.106900786019 3.10146191439255 0 19
67.8111570507659 3.62721625225284 0 20
71.055693739659 3.13327041627159 0 20
3.58889405615256 3.34390728596657 0 21
67.8120261212139 3.40345437063076 0 21
76.3351730295228 2.99359174522382 0 21
79.3585976569526 3.02785615031128 0 21
86.0802218058838 3.17031757979608 0 21
67.3074268030267 3.13029203249288 0 22
67.2732075462637 3.86681381578254 0 25
67.2843672782063 3.12887032857215 0 25
69.2284383018931 3.05996057301412 0 26
67.3961209079948 3.12447466942601 0 27
97.684566218115 3.23789685952162 0 27
98.3043784841641 4.52874090398471 0 29
63.816017861299 3.20014644246161 0 30
101.154923844641 3.03245048524959 0 30
67.4389849245669 3.17585934565599 0 31
68.8852925291061 3.05870734582315 0 32
101.747639164076 3.66942899559327 1 32
71.0256501479039 2.99745654632809 0 33
90.983368859067 3.07748170579729 0 34
67.2682680572878 3.03012514394092 0 35
69.313539032391 3.81395650993162 0 36
67.261480559539 3.23455375880274 0 37
68.9247951301241 3.05291757343391 0 38
67.3128385579909 3.29639992425387 0 38
67.2977192601933 3.17772347378598 0 39
67.9208907733955 3.58133054184071 0 39
68.65863140538 3.3740500776941 0 39
101.067360730292 3.4064736105709 0 40
0.626667840454445 3.0919657648957 0 41
67.5477521136775 3.15580233312182 0 41
100.696468099054 3.02741426476484 0 42
63.7877260895898 3.81197030885488 0 44
67.2830956962463 3.41230056844615 0 44
77.5520008846997 3.10098535631103 0 44
76.4461216030008 3.03991265236346 0 44
3.33827615042758 6.21543498691658 0 45
67.3652186955252 3.37893759603919 0 45
75.9305127033271 3.14541790154699 0 45
3.77712527998605 3.2923178271277 2 45
69.2841359880307 3.00755706253985 0 46
67.8320519546194 3.09797200838418 0 46
90.9631809080603 3.04245158402062 0 46
67.2653520470367 3.37123085476079 0 47
70.4255409282076 3.67244277279491 0 47
100.66521448609 3.09057461370959 0 47
101.207779221617 3.40045583847554 0 47
67.2968109924573 3.13235836867046 0 48
67.3013060133135 3.59611491224593 0 48
101.803137968508 3.47241961495567 1 48
101.846549199393 3.42586905980502 2 48
54.1538259684029 3.22595076065475 0 50
101.963843594733 5.04367931591531 0 50
101.972421679896 3.02057044182689 2 50
101.976151643781 3.00805493009298 2 50
101.966446329426 3.63537025151041 2 50
102.026380767334 3.0326007900605 2 50
101.973119479248 3.94228358541901 2 50
101.97827602088 3.28505132070801 3 50
101.985344556331 3.05170361485352 3 50
102.234326478297 3.66021429581154 3 50
63.8448462470178 3.77215790712065 0 51
74.1793350741248 3.05306504181229 0 52
101.509980201003 3.3764673815815 1 52
67.3938407722385 3.20306721734043 0 54
70.8319344805267 3.22063470751755 0 54
68.0764399990628 2.99052911024725 0 54
68.6574563428683 3.51946802161279 0 54
101.253961225454 3.09224890315113 0 54
96.158817688693 3.05748124953659 0 56
63.868826654311 3.03406633263284 0 57
67.4223934805491 3.62897742616838 0 57
73.2397007744485 3.29116852173967 0 57
64.483751561166 3.11878644274248 0 58
67.3047491331126 3.0761765020048 0 58
67.515640985559 2.9975474366656 0 58
6.36223604194524 3.62110425369199 0 59
101.092711948859 3.17125900054903 0 59
100.629219890168 3.35601535877241 0 60
67.529070676313 3.17222151218289 0 63
82.1474804069245 3.01421433038077 0 65
101.133209525348 3.48940074547397 0 65
102.165342112386 3.15448236369319 2 65
102.173247298288 3.41913991465978 3 65
74.7359750941386 3.24963301574268 0 66
73.5669492313379 3.13040576386002 0 66
67.6432738366469 3.04399293612393 0 67
68.1537732576117 3.29492934446204 0 67
0.121922969051124 3.24156928989682 0 68
64.3682110196872 3.00889423928214 0 68
73.4333004028741 3.38628073090033 0 68
67.6180485234343 3.57981896557616 0 68
72.5003819654735 3.02757601064888 0 68
88.6033103445448 3.47338684916786 0 68
63.7050529961589 3.27982006149504 0 70
66.2778887741605 3.31007032066097 0 70
101.190791737321 3.2416213494485 0 70
101.494073002571 3.90062626899035 0 71
100.59804032464 3.14303524949015 0 71
102.080779357941 3.02908788551422 2 71
101.533345933428 3.16620834223829 2 71
101.855593725311 3.06479612406245 2 71
63.7374916488804 3.9419792813252 0 72
71.1151943249337 3.05621119673437 0 72
96.7139889090251 3.12574079288787 0 72
101.336221002465 3.43636169390816 0 72
67.3416727223185 3.47872881836112 0 73
101.172661138126 3.35081184181321 0 73
102.063785063316 3.47383129929125 1 73
63.7944772984125 3.34245918433528 0 74
101.094741019358 3.13473283325978 0 74
67.9501355469393 3.22969043434969 0 75
0.0708742975110902 3.02251505834276 0 77
68.0332033394137 3.08914199936614 0 77
70.6415317672373 3.36503185601421 0 78
91.3348887588869 3.17709512325593 0 79
95.959253465521 3.20956962025417 0 79
100.490307634875 3.18060595935691 0 79
93.4734609603406 3.16651113531033 0 81
99.5721221002463 3.14407330041249 0 81
101.497529147639 3.18665574531431 1 81
101.604836304219 3.12457747427264 2 81
67.2642401286908 3.36257883162478 0 82
93.3904870625535 3.03150442599039 0 83
0.681855476712251 3.74680853057843 0 84
101.875095964856 3.29038085335858 1 84
67.4831369944368 3.60285744833049 0 85
65.6709024239973 3.68780185453932 0 86
95.8326287168903 3.34652795914007 0 86
99.8844782369336 3.55558422052662 0 87
101.916763753797 3.04121817141212 0 87
101.958025570474 4.59857352464436 1 88
102.016199932994 3.34632086043916 2 88
67.2975027126029 3.19431259719001 0 89
97.6529790767968 3.86898747789125 0 89
97.6899548737899 3.03830817913359 0 91
67.4245824337575 3.40861838475627 0 93
69.109365536234 3.08635532122916 0 93
73.8213518796298 4.58508883387238 0 93
86.5067687809134 3.56617130377263 0 94
67.5758862061303 3.2064651039646 0 94
101.342803279047 3.11174584222346 0 94
102.245356221198 3.07417293148614 1 95
77.4760952409825 3.08859416467751 0 96
80.9739240223505 3.12154267690885 0 97
101.326957275964 3.02634847551148 0 97
101.33182051325 3.24165268000217 0 99
64.8007429439527 3.02388410693863 0 99
66.9884839689667 3.43521678798598 0 99
67.2956677031892 3.38536583647721 0 99
101.336315575091 3.01622056833213 2 99
9.53395383540943 3.17681836549639 0 100
66.7295814645324 3.41262822988612 0 100
67.7223370452167 3.22012370540498 0 100
101.112452125574 3.31831437519732 0 100
80.3315429763237 3.11521797433505 0 101
97.7102110122902 3.09363520081603 0 101
101.109381755158 3.35167993308563 0 101
70.3621267663584 3.86369561013566 0 102
101.087870385388 3.15269034365054 0 102
67.4614513346548 3.64938304908553 0 103
97.8791371172106 3.21514152511938 0 103
101.083094645788 3.21467411589726 0 103
101.473825615474 3.19684482396672 0 103
101.640306445337 3.31509821270858 2 103
67.2544018786842 3.1108285048628 0 104
97.7426452905556 3.24145427051398 0 104
67.2706143713439 3.47421386672333 0 105
68.0304770194036 3.45485380052718 0 105
69.3578008631995 3.08973245586952 0 105
67.3444100287621 3.45971605619768 0 106
101.876681643592 3.47497451165346 0 106
70.6413764880292 3.17158977590966 0 107
101.155693216864 3.32907657193858 0 110
102.233815569178 3.03410066706308 1 110
73.0984001117335 3.15813540179018 0 111
101.095558701055 3.04999372672076 0 111
76.4490031745251 3.18242913483631 0 112
97.7359989660738 3.39411919236542 0 112
67.9870847895437 3.04847073460737 0 113
68.4817155691661 3.06099645669473 0 113
64.0305855987995 3.23733461498718 0 114
67.2544334480059 3.44890427312963 0 114
67.2834027607215 3.06793845137653 0 114
101.212583762451 4.31797267735499 0 114
101.407807281687 3.20053973021064 1 114
68.1315283297898 3.15558726734641 0 116
89.1690365193377 3.08532936217687 0 116
68.4266032167353 3.22780017844267 0 117
68.4744682390589 3.35105176563699 0 118
101.109711192711 3.06182276187427 0 118
0.165195444120959 3.09437881066857 0 119
101.22582811814 3.0448199771992 0 119
101.089093760292 3.25779291549651 0 119
68.1261460696602 3.81750816028874 0 120
67.3979515822843 2.99670042415559 0 120
68.1554496649732 4.39634778684893 0 121
94.820768460794 3.0033965470021 0 121
98.036972989843 3.36660003011876 0 121
100.627371097109 3.17980321374762 0 121
69.8286101928167 3.59181403943983 0 123
102.194720940412 3.00396993551117 1 123
67.2565480244972 3.40230861065749 0 124
67.281242444995 3.90048047617148 0 124
101.11344438831 3.50644574636578 0 124
101.698529962028 3.02051845752252 0 125
101.236547892768 3.55410345833374 0 125
101.873425394808 3.04560388869471 2 125
67.7234387712943 3.43851399777162 0 127
101.807048569726 3.2048654065995 0 127
101.913618522629 3.39301781850859 2 127
73.6017746623779 3.40750416362759 0 128
101.467316213044 3.01490596753483 0 128
64.3362116731689 3.36339489269797 0 130
97.6762263213 3.07926718311034 0 130
97.6726864877326 3.05128196880183 0 130
101.124728102437 3.08613861799429 0 130
101.13217540664 4.25121281710911 0 130
95.1417194286306 3.62991202708559 0 131
101.475279512097 3.2639016035869 1 131
101.789094682252 3.34692194866691 2 131
0.185375817233258 3.38063155168082 0 133
1.14371962571868 3.10062222091322 0 133
88.3449869183626 2.99089009861979 0 134
82.043756914589 3.81778647126993 0 134
98.092618109387 3.34644595346139 0 134
73.6370152711085 3.12654141382164 0 135
0.542053193527402 3.0583857381092 0 136
67.3433322521526 3.58657409399108 0 136
67.3356275216316 2.99660726184564 0 136
98.3905435862329 3.13420785518934 0 136
63.8504086121121 3.23137910405088 0 137
67.4147370226776 3.49424902010409 0 138
76.3547307403766 3.08519814445337 0 138
67.3334185738351 3.74454305910613 0 138
67.3168291520397 3.04549028248011 0 138
79.9662773356982 3.43924786123734 0 138
101.088403530101 3.35140553637901 0 138
101.173606533779 3.35720240463183 0 139
99.4689092073274 2.99224789865874 0 141
102.190373350381 3.00771110157226 1 141
68.4100112328959 3.0381424995694 0 142
86.7344312209205 3.40760174570492 0 142
97.83058379319 3.5415042817261 0 142
12.8613681121653 3.76504649670813 0 143
63.6524114398198 3.01747343483751 0 143
64.1354608098925 3.49151218537938 0 143
74.0986656907682 3.0717241432527 0 143
82.3983116392401 3.24598649027752 0 143
101.086353083238 3.05474609731373 0 143
76.1590698654733 3.13499692859717 0 144
99.7844645136145 4.37860665607606 0 145
101.434954741363 3.36692781910592 0 145
101.103891931552 3.2981277427447 0 145
71.6479208199478 3.03008085143987 0 147
67.2627810434808 3.37089681323504 0 148
67.9230496813148 3.26325587583 0 148
85.4596350259128 3.63284274503981 0 148
102.238845883384 3.0156221221036 1 148
67.4763348311697 3.78111530517451 0 149
67.2835870931727 3.26048250708115 0 149
101.112021534673 3.90616870969906 0 149
23.125768806297 4.04127194451486 0 150
68.1426720465783 3.88224545305987 0 150
95.1573647334261 3.02324632581291 0 150
98.7184673600484 3.12029674013654 0 150
67.3100251338688 3.06161480315377 0 151
74.0456284872244 3.06422347985122 0 151
67.4384469142 4.01127644160727 0 152
101.301245665988 3.14088539113942 0 152
95.9268504426261 3.05748497355076 0 153
97.6723662145708 3.40711408192967 0 153
102.009156964101 3.13889588322778 0 153
101.117771946076 3.51039201073874 0 153
67.2693426819814 3.19769065416586 0 154
68.5526806950945 3.12079547703705 0 154
63.6728008592762 3.03949038153245 0 155
78.4809916240635 3.41798242579907 0 155
101.953863217476 3.70133308242843 1 155
101.356439736652 3.01645680979908 1 155
26.9249594519724 3.08571434092713 0 156
74.1383294133776 3.13688039265239 0 156
74.5858730080513 4.12757497967295 0 156
67.278058026576 4.08062038958681 0 157
91.9149476109803 3.48912928772308 0 157
101.10339062336 3.2109816767791 0 157
67.2764950240654 3.78510101707337 0 158
101.109618057861 3.03417168251535 0 158
65.6953745077086 3.02868685985505 0 160
101.095005845013 3.07745658900497 0 160
67.2530546438111 3.14136293930215 0 161
67.2850047704728 3.12163235899786 0 163
63.8824878260944 3.42787883347939 0 164
101.101310334569 3.28493353800487 0 164
101.244171304875 3.74758878365114 2 164
101.255847304642 3.70607781094564 3 164
101.272200985864 3.1808172052117 4 164
101.268672405334 3.34736401304462 4 164
101.346291324432 3.14357352192715 5 164
74.2021368503495 3.45732107335539 0 166
99.4561750397714 3.43958721520927 0 166
63.8283353827193 3.23709502593688 0 167
67.263421780663 3.45610713259658 0 167
101.923902729041 3.79077292143926 1 167
101.474763194778 3.15369831192608 1 167
102.060232954316 3.00720258441324 2 167
101.842631681442 3.07553213545809 2 167
64.9004399967677 3.53115210757371 0 168
101.33632868289 3.16700272305494 0 168
81.7778766905175 3.92305553005147 0 169
101.729253054111 3.15868985393565 1 169
67.6189746055405 3.62289695084817 0 170
101.359389074017 3.53349535442264 0 170
101.389254903043 3.33461738028573 2 170
63.6591611619878 3.30902306451924 0 173
101.756078285361 3.06755266912472 0 173
69.0013558871216 3.23528396203086 0 174
67.3600717317575 3.46893536897098 0 176
101.162303014983 3.19422698712747 0 176
0.0688628964990796 3.17007388590785 0 178
64.5602268047701 3.06193660530844 0 178
0.119935838652374 3.11070396170455 0 179
67.3431589838831 3.35878729016382 0 179
96.3143303327144 3.28177722271416 0 179
101.168765138536 3.01422362314733 0 179
101.332213263707 2.99214944759154 1 179
67.5558149060415 3.09257449330692 0 180
67.306658904474 3.11156821084479 0 180
77.2683347027462 3.01819797759068 0 180
97.1645030905172 3.15727883952878 0 180
46.1587452013356 3.17392761267938 0 181
67.7439133893451 3.05229690193687 0 181
67.4888893701033 3.24352784383422 0 182
101.502602143263 3.11864295993964 0 182
101.572356162404 3.22383154215843 2 182
0.252669967583821 3.09107526200005 0 183
94.9893652124504 3.05487498904319 0 183
101.166883611848 3.26338602527768 0 183
68.071666854728 3.05690324539493 0 186
96.162816995514 3.06987668694692 0 186
0.0262389551311899 3.44099038667613 0 188
63.739748624539 3.15442898111443 0 188
77.5006929513271 3.29656757942007 0 188
102.251761364108 3.15065863883646 0 188
101.159281280678 3.04218764930192 0 188
67.6507736680532 3.37185337373257 0 189
101.255386405208 3.40679719746919 0 189
101.67352157026 3.40770597956643 2 189
101.575292578451 3.9378651866759 2 189
101.728263629758 3.90757278058883 3 189
64.2821624133126 3.40622527257161 0 190
101.193950758454 3.39335495116 0 190
68.8433488061078 3.22833580045459 0 191
80.5592986995045 3.11688150724707 0 191
98.6112971084159 3.52191844259348 0 191
63.677808796758 3.90175275843245 0 192
0.826441281270524 3.14683162696473 0 193
75.6063917147854 3.16190397460911 0 193
72.7193254591792 3.10663199461369 0 193
101.250964756379 3.10348302461802 0 193
67.6353503876683 3.11238982703751 0 194
67.5325496167793 3.2184803521782 0 194
1.93481417414218 3.31181295167496 0 195
101.326915659557 3.05795067497367 0 195
10.5500303285856 3.29577793299729 0 196
98.2374320481172 3.25583210448901 0 197
67.4256274416013 3.31593163541063 0 198
75.6898522765144 3.87295773143518 0 199
67.5740306751258 3.5448530083588 0 199
95.9596243819165 3.24332465519163 0 199
95.8324246458114 3.04031403442742 0 199
101.152779999183 3.86693713360925 0 200
67.2602060088335 3.98924463334881 0 201
69.0874185112816 3.03829056048908 0 201
64.350087478957 3.08276510075895 0 202
66.926423979665 3.03684004292993 0 203
69.7850877987522 3.39954190959367 0 203
99.125201279377 3.4866085028282 0 203
77.6782312788986 3.12690182595454 0 205
67.4340831796479 3.0209512934535 0 205
96.4560958723685 3.05390680050601 0 205
101.180201533395 3.05894567299082 0 205
64.0202421373188 3.43889932750385 0 206
82.3127387745555 3.03569285595761 0 206
67.3223950104999 3.03320851148376 0 206
97.665628359931 3.75561244301885 0 206
64.855411869819 3.02019969973557 0 207
95.7367807155745 3.04728662056637 0 207
101.158409602899 3.02527116293069 0 208
67.6180260295571 4.1498722417548 0 209
101.494264641781 3.29948807754271 0 209
101.430864575999 3.03971429256003 0 209
0.978897118999663 3.12702431078605 0 210
73.5403281862196 3.4033343399464 0 210
96.343123134143 3.53254535090345 0 210
68.135297554037 3.74996001800993 0 211
101.125156133056 3.53106496433505 0 211
70.9234920958565 2.99523373803395 0 212
99.4773914888128 3.79976291649795 0 212
101.203038223249 3.54294902037838 0 212
101.351523510488 3.16154376212845 0 212
99.7402093714491 3.55327224959131 2 212
101.666789684488 3.62749074772521 2 212
67.2790835939731 2.99288106436569 0 213
77.2343293394733 2.99642876438779 0 213
101.105157465572 3.36630980509921 0 213
68.0388887420834 3.37341563771135 0 214
82.4326586095306 3.07265464088286 0 215
63.9758842231797 3.15825275867964 0 216
99.8339011921444 3.13572813216578 0 216
101.089010436818 2.99195093107744 0 219
63.8342652267796 3.0544505533752 0 220
67.2889865502548 3.4116220031976 0 221
67.2596933322718 3.02646217927523 0 221
70.7928851559029 4.31423328239307 0 222
70.2302142757892 3.21134003194859 0 223
97.2103822562106 3.50609919673323 0 224
101.137422481723 3.09997399122824 0 224
101.105611382471 3.06414616972465 0 229
67.2558472091425 3.17064334938718 0 231
67.2983943888343 3.14940981725591 0 233
71.1874404855053 3.03735666714062 0 233
101.81352032042 3.10321711426379 0 233
5.07099140969346 3.63116051889154 0 234
100.148077180044 3.1660290271086 0 234
101.087921364498 3.84872686829149 0 234
2.00238372033472 3.0061569587174 0 235
0.686363257194908 3.96219665182081 0 235
85.0427727130654 3.03677005038306 0 235
89.4545125085086 3.17424226021678 0 235
97.2289911116168 3.27535945780801 0 236
101.088457418423 3.4696551725953 0 236
101.165586242285 3.09859378544633 0 237
101.764780355598 3.32875933146136 1 237
68.5551105258521 3.55677390671937 0 238
72.8876098284955 3.4635496953451 0 238
63.9419502102934 3.13100519225195 0 239
100.625380695986 3.0181340049246 0 239
101.427464796677 3.27434624926338 1 239
63.8191397212978 3.32707737580193 0 241
79.2847442611866 3.13178740988452 0 241
99.9252428338975 3.1578371101339 0 241
65.6479456797038 3.06743381024733 0 242
67.4710484321713 3.05112703857378 0 242
98.4917542645154 3.62264039075154 0 242
101.177272604803 3.04723037849679 0 243
63.7615284376697 3.06001072920149 0 244
67.535385322466 2.99138823913365 0 245
96.3058051771964 3.2456159844969 0 246
64.7242086340055 3.28557562294153 0 247
67.4206373847329 3.2522425732247 0 247
67.2538204252592 4.08797839687355 0 248
67.5733330338728 3.09258132216159 0 248
67.2666585495669 3.10557687278987 0 250
101.116956657658 3.55935792658944 0 250
67.3433343922654 3.58145811046716 0 251
67.253508863499 3.20206257666021 0 252
101.109336053195 3.07824394109328 0 252
101.405989973245 3.65399248245941 0 252
64.343390655131 3.15476432249349 0 254
70.75728061964 3.20350017882559 0 254
96.6062626982798 3.28237451445399 0 254
99.4665102631914 3.00640073684502 0 254
101.097319986518 4.26933325924564 0 254
101.241292685441 3.10195594734322 2 254
73.947561645577 3.01040870194344 0 255
73.9480804782929 3.25381503695261 2 255
63.7373169310301 3.07546073342454 0 256
67.3629366432262 3.56627742424007 0 257
75.03920831862 3.21951075557045 0 257
0.143144512806394 3.04201603417596 0 259
64.3760083580459 3.11977105139547 0 260
97.3754081045965 3.08905231964235 0 260
67.2827004851823 3.08053514595889 0 261
70.7176677318079 3.62137201733921 0 261
64.0946059670877 3.02210197173679 0 262
67.3865207203992 3.07633535702135 0 262
67.3462713223685 3.03612757457263 0 262
101.364110621837 3.29271653577887 1 262
1.02843775638105 3.11976598041035 0 263
101.292771818469 3.21455543188089 0 263
101.330900573385 3.20370965856091 1 263
67.3013455378915 3.07989387129524 0 264
67.2868173319391 3.00328377598083 0 264
101.601636555343 3.37173635666084 0 264
71.4734043121967 3.10231936456413 0 265
98.1280188195895 3.11897392663524 0 265
67.3576358023989 3.35921011179948 0 266
96.5225165618173 3.19720478620041 0 266
68.1940447151734 3.17560657001453 0 267
67.7334982342202 3.28997832354042 0 267
95.8133892552467 3.11987568290168 0 267
99.8837076463107 3.18008123767191 0 269
67.3336739759114 3.36290594712646 0 270
67.2564022737121 3.23057981603784 0 272
68.7373301667377 3.09521241678354 0 272
101.294013107595 3.29498836621674 0 272
101.918412429727 3.30335714012924 1 272
101.463092630244 2.99318597849352 1 272
101.327661358617 4.87419167880006 2 272
102.233891482979 3.69214852546512 2 272
101.332585820075 3.03949204931493 3 272
101.335615673952 3.13248601291658 3 272
101.690960373684 3.17948926014566 3 272
101.429453569182 3.46236740399933 3 272
101.333478359448 3.65050620957648 3 272
101.48270824502 3.28836909709808 3 272
101.375080791637 3.6851648118844 3 272
101.882036723429 3.00370062175669 3 272
101.441525558802 3.0747891526718 3 272
101.38126158663 3.06864774054919 4 272
101.706264466528 3.07791505447325 4 272
101.346752941384 3.84588056743699 4 272
101.341041388751 3.17438702626858 4 272
101.395092073407 3.74849023138985 4 272
101.483341644486 3.02712723013202 5 272
64.1575399661929 3.28375399135866 0 273
67.3997031476873 3.01797060413696 0 273
97.6963463375449 3.64968016130908 0 273
97.7239755933431 3.17314026837609 2 273
72.453630021183 3.09956472610417 0 274
100.834502094947 3.29003594669127 0 274
101.092421263005 3.50283279846936 0 274
63.6521277726408 3.45231089582391 0 275
101.599990577024 3.20622078582228 0 275
101.775742249618 3.08325443506902 0 275
101.552628604676 3.26790561411345 1 275
67.3151572861765 3.35769351824024 0 277
67.9310976025003 3.80667559567617 0 277
64.0762320221842 3.42670106734338 0 278
74.3070791558832 4.16508311461946 0 278
101.201082759621 3.06608670477223 0 278
68.0618022904579 3.31785903158984 0 279
41.5623565043117 3.06767553260282 0 280
63.7506173978759 3.08926029907467 0 280
101.90084710292 3.04549833290857 0 280
101.628196849236 3.16220160247471 1 281
30.3223276390376 3.68386985326012 0 282
70.4135119548011 3.58655355313846 0 282
91.9001544452279 3.07742007025556 0 283
72.1394716731794 3.71763015377903 0 283
101.824634699439 3.04301003754236 0 283
97.4804209955175 3.43474580138351 0 283
64.5150387085801 4.71041686534756 0 284
68.7702784597336 3.14464769066683 0 284
0.00736914134029398 2.99797684743111 0 285
70.0403606175868 3.62789185361995 0 285
101.127827607424 3.22345822278889 0 285
102.094631258379 3.48729593254728 1 285
67.2879767866697 2.99635912365006 0 286
83.8115612781073 4.02576707637128 0 288
101.08895615574 3.10364677277429 0 288
91.1093854624251 3.38499356957599 0 289
101.473150461507 3.13950456201232 0 290
101.521561274465 3.02301277438265 2 290
68.0984423812725 3.32844688331558 0 291
67.259112710948 3.21876015575976 0 291
87.8474642063175 3.07304415089067 0 291
67.3439897967648 3.14210038430498 0 293
101.104582068418 3.40407393637015 0 293
101.889669724954 3.16110218893627 1 293
101.230948848286 3.2229031121269 0 294
67.3772850585901 3.36542777032488 0 295
67.2707137638402 3.13700482204824 0 295
67.3865700001988 3.07203057981916 0 295
67.8649355481947 3.1895555484027 0 295
80.2736868186399 3.10850337199228 0 295
99.4829052612315 3.85934840467952 0 295
67.2641365601072 3.14843917305011 0 296
63.8281406806147 3.58440821195753 0 297
67.2598305089821 3.00828221936928 0 297
101.354221044331 3.28159086291122 0 298
101.090051427476 3.06017110539239 0 298
96.3359324513559 3.19691588774273 0 299
98.6659608070579 3.11133805609939 0 299
101.232075609068 2.9988855918548 0 300
12.050190169337 3.07848997582072 0 301
99.4511756444297 3.28113733975383 0 301
68.4477335297135 3.29469349534612 0 302
101.097742011184 3.27720987082154 0 302
101.096271279319 3.13859593966886 0 302
102.153045253576 3.26311317840566 1 303
63.6685379366713 3.47623203723221 0 304
67.2686729080588 3.88658238203045 0 304
71.3904701377882 3.2673680363693 0 306
67.2912254618458 3.3681105744272 0 306
68.6219985051179 3.59099596517279 0 306
67.4132488105385 3.0435777901045 0 306
67.702058889904 3.05982634723544 0 307
74.8956865623381 3.34270004357412 0 307
101.135949691861 3.09412542879929 0 307
8.54984244737496 3.43411352970286 0 308
68.1431405341896 3.26501559122014 0 308
63.9774017140115 3.20472639577347 0 309
67.279894375699 3.02206734891511 0 310
101.625596031168 3.50968614160729 0 310
71.0688207825585 3.19257681925148 0 311
91.2051324920612 3.33136633591488 0 311
67.2772323052974 3.16407791589769 0 311
67.2682429442095 3.97885856036477 0 312
67.7268901653633 3.0230278391561 0 312
73.5670811082951 3.41306447427216 0 312
101.344415833198 3.16357745284077 0 312
101.590404155878 3.12673965471125 1 312
67.306739759667 3.06012158042724 0 313
100.352311669449 3.6162421096621 0 313
91.0563638421289 3.63506467330478 0 314
97.7888655135571 3.39458569300321 0 314
101.902536072982 4.04787422050782 1 314
82.1141446693966 3.18037373486879 0 315
97.7980342521904 3.97089173415168 0 315
67.3247965606673 3.0325995716971 0 316
67.2600356240566 3.06696674791245 0 317
99.4857656337002 3.85155663881347 0 317
67.2860318869244 3.09286948926797 0 318
67.2715077248647 3.15670617517261 0 318
67.5315279832618 3.79916384586385 0 318
7.02201573696046 3.23609313676143 0 320
67.4615730527269 3.34248847595467 0 320
97.132745035635 3.11421687616873 0 320
71.9997573472445 3.01651055022593 0 321
71.6940804027099 3.44053775316205 0 322
98.264984744722 3.08345901620483 0 323
95.8549930603005 4.5731026878422 0 325
102.237563405167 3.58245764410973 1 325
101.095129461245 3.76120709263687 0 326
0.396078237800566 3.2345325840145 0 327
0.117351194882504 3.1681873581066 0 327
67.6313621246953 3.08669394994265 0 327
67.3205633385861 3.37976702021693 0 330
100.947197720019 4.07700858300998 0 334
101.113826983925 3.13633827259255 0 334
0.394425147291593 3.11880698783657 0 335
67.8736663216302 3.10071548465887 0 335
63.7380004527724 3.29335645817158 0 336
98.5505617128243 3.32201067102719 0 336
77.3048731008055 2.99064508911999 0 338
67.5522370643004 3.49921269417853 0 339
67.4905431974404 3.56166111895713 0 339
98.831134352832 3.10547908333475 0 339
101.474707416493 3.77048088526097 0 339
101.484331684184 3.24921446285512 2 339
73.6377360945623 3.1715407822678 0 340
99.6894436406884 3.07720570212869 0 341
68.2627930003359 4.03828379700279 0 342
67.3366751571218 3.13959191744141 0 343
63.7669417163375 3.27580716295973 0 344
80.6547737532139 3.17773835377829 0 345
101.293152859431 3.06362676309002 0 345
72.3699712773655 3.03870536376964 0 346
63.7847816661031 3.5860118357157 0 347
67.3567708100946 3.10607561323744 0 347
67.2110519753049 3.35816762752358 0 348
66.6631040419968 3.06871864835455 0 352
67.3942364704647 3.08504078591973 0 353
69.3176728940624 3.03989027891007 0 353
95.6736395249079 3.39646691517494 0 353
99.8790811559735 3.01971090710326 0 353
68.1316345716278 3.23543280076218 0 354
69.9671732345336 3.2589239073442 0 354
97.7273287110539 3.81282042021609 0 354
85.7337707691684 3.70561336238597 0 355
99.4610163137509 3.16471232437235 0 355
69.489994868723 3.04901129909429 0 356
101.621007823488 3.0965977420292 0 356
63.7547070853973 3.30143488322015 0 357
100.620934947149 3.11136146636843 0 357
101.566722529688 3.10198964479742 1 357
101.665045500205 3.1704772938626 2 357
101.105877923845 3.04201275641003 0 358
101.968852268137 3.19361338187089 0 358
101.283531906995 3.05039139595506 1 358
71.6221050426985 4.36265948944824 0 360
64.1901244483219 3.29511704851715 0 361
67.7497256407157 3.23648482688688 0 361
70.941331638137 3.04153196638288 0 362
67.2951347049301 3.86609071717781 0 362
63.7830099324846 3.41180812089416 0 363
80.1381712533685 3.21152551206072 0 363
101.139700743825 3.06209147258203 0 363
101.19247272111 3.33988058264527 2 363
67.2527955485029 3.28657573403048 0 364
91.9418491544046 3.48278903120971 0 364
68.4003430939171 3.06898821785564 0 365
67.3225745168645 3.3163861708241 0 365
68.0069168591298 3.57728884090426 0 365
97.6191263624335 3.06269891709764 0 365
101.09051302583 3.26369866265188 0 365
101.172592188324 3.22841461885691 0 366
102.113222632305 3.05082696631667 1 366
101.317086186008 3.06006649443525 1 366
101.063410050898 3.35184939209013 0 367
65.5109406206018 3.139547573939 0 368
67.5049305288787 3.670572607873 0 368
97.6792454752715 3.25200150299109 0 368
8.28485952823915 3.98144320295243 0 369
67.2560687402752 3.24175976601087 0 369
67.259722526755 3.08981393761454 0 369
99.467337329816 4.08203636568815 0 370
0.0559245101525785 3.2740129639848 0 371
101.105651428331 3.14483227680404 0 372
70.0795669855326 3.6144428715471 0 373
67.3569907747286 3.01233277323139 0 373
80.9941330988051 4.28681614728849 0 373
101.582056988001 5.89494917450661 0 373
101.616752754396 3.02354285453083 2 373
101.59993268222 3.68083762058106 2 373
101.588806795261 3.03548254171229 2 373
101.663549321041 3.15582573318236 2 373
101.710025627268 3.34588067658881 2 373
101.736584900099 3.08025313747275 2 373
101.589230771481 3.67127209600979 2 373
101.700608317126 3.8741144637987 2 373
102.173282522155 3.07297862481341 2 373
101.642152993596 3.00624688569158 2 373
101.583500184855 3.29354688798694 2 373
102.09527683392 3.06913401852656 2 373
101.606774739314 3.78285084604494 2 373
101.584257123448 3.66318246416334 2 373
101.59760146016 3.26281965356022 2 373
102.227839550401 3.01422034751755 2 373
101.616551556718 3.40346183168647 2 373
101.584443348123 3.88281292834827 2 373
101.597081038268 3.26337738970582 2 373
101.712565602835 3.05541015776173 2 373
101.645802896087 3.71832088360965 2 373
101.837013581719 3.07065212467345 2 373
102.126011976319 3.28195341365876 2 373
101.624130212564 3.37906170944523 2 373
102.136140117406 3.98751438580904 2 373
101.610921534102 3.08262183225043 2 373
101.602462166557 3.00315185305069 2 373
101.675682157847 3.58170377058156 2 373
101.610042369811 3.48637697847875 2 373
101.637344920081 3.19161617447211 2 373
101.585543973403 3.14429093498748 2 373
101.589236068679 3.96005933435067 2 373
101.582724750216 3.09714355338326 2 373
101.741394530696 3.00451512897336 2 373
101.744712425376 3.01354726268342 2 373
101.625942142107 3.19099394402668 2 373
101.628528491926 3.01010985190828 2 373
101.913312593056 3.89356939908597 2 373
101.883992772479 3.05457231185428 2 373
101.741508935396 3.50386987315539 2 373
101.621567022598 3.85612982273283 2 373
101.634698918856 3.21910391733652 2 373
101.641204412518 3.3406530530536 2 373
101.756515827975 3.28514294472623 2 373
101.595245027483 3.84900015216885 2 373
101.58485248651 2.99612688371824 2 373
102.15884524505 3.12958616425859 2 373
101.582196317429 3.32679523546814 2 373
101.935889499386 3.91009753585967 2 373
101.69395611116 3.01930658044006 2 373
101.596566582962 3.06825522559752 2 373
101.596916919628 3.21659046094405 2 373
101.639337942153 3.21123564518364 2 373
101.613702032441 3.327313656595 2 373
101.746328438161 3.62609706436678 2 373
101.71042083492 3.63223632393129 2 373
101.586716866787 3.05012561035567 2 373
101.627771195492 3.14140710895194 2 373
101.591217174861 3.19311796801377 2 373
101.588309224056 4.07551032716058 2 373
101.627380611475 3.1149402267125 2 373
101.644521839638 3.08448903771394 2 373
101.586235350643 3.06355369260404 2 373
101.583405174065 3.30479517286872 2 373
101.591473072477 3.91387776561041 2 373
101.593721304876 3.57545881817102 2 373
102.047196822184 3.08188227334305 2 373
101.615889303789 3.85710052283519 2 373
101.617400639064 3.20692869298198 2 373
101.929319038183 3.36096635681928 2 373
101.583401541266 3.19259025154517 2 373
101.930696092838 3.00504999399193 2 373
101.585959808462 3.30315289678816 2 373
102.094095264223 3.35148670479431 2 373
101.587219683124 4.0439193004983 2 373
101.665432471931 3.20171940036281 2 373
101.5869770662 3.31207292386789 2 373
101.678479580718 3.0506361561257 2 373
101.707172368215 3.29818187790884 3 373
101.615748775722 3.38604305021037 3 373
101.590603879372 2.99089466900653 3 373
101.62871365124 3.45190048870842 3 373
101.612671166479 3.20475571859799 3 373
101.706195579885 3.40295845840045 3 373
101.860578158314 3.18001027569128 3 373
101.622919995143 3.64700951781566 3 373
101.643628739351 3.44498974360736 3 373
102.142901684865 3.53499657353578 3 373
102.13997900145 4.1702563970843 3 373
102.157394649556 3.11149549300808 3 373
101.628272401263 3.10939387142625 3 373
101.613154419091 3.13225670883479 3 373
101.639733517285 3.14576303351528 3 373
101.624028765723 3.43247175418909 3 373
101.742774810508 3.18983875116674 3 373
101.965272926616 3.38496118683095 3 373
101.661203541717 3.28547284687633 3 373
101.937806387238 3.04856954836612 3 373
101.774979226322 3.01666943736684 3 373
101.83697237776 3.50611252647414 3 373
102.220893514922 3.25228257435107 3 373
101.804804441478 4.11974599923413 3 373
101.699218411699 3.81932206721854 3 373
101.600595633074 3.18587727823137 3 373
102.05254523605 4.76544060098811 3 373
102.03834022374 3.17129323500044 3 373
101.718794451173 3.35877732845623 4 373
101.746823561636 3.05896298408738 4 373
101.629595176983 3.48245357844986 4 373
101.9128178879 3.82396168051768 4 373
101.967160725136 3.04420746700032 4 373
101.807012579878 3.75546129506351 4 373
102.158065763871 3.33979599826202 4 373
102.08943306392 3.01860686992279 4 373
102.062958103954 3.23483354888472 4 373
102.130623479854 3.08981955165981 4 373
102.163200158132 3.12300976297637 4 373
102.05842158958 3.53052382925363 4 373
102.101374517257 3.10330338304631 4 373
102.067531447334 3.30559763546727 4 373
102.004341713927 3.16881995759261 5 373
101.819982214277 2.99165825606393 5 373
101.835864212829 3.3519525851002 5 373
102.164119419604 3.49916078150267 5 373
102.133057487654 3.0024593898394 5 373
68.397061853917 3.17368380836134 0 374
99.4736358634063 3.40776886462762 0 374
88.0974909532276 3.23536902383849 0 375
101.576751942494 3.02893747259981 1 375
101.472725487528 3.08083491576886 1 376
67.2752427030768 3.02093922594412 0 377
67.2926392915094 3.61192351772984 0 377
99.5050720541156 3.51527259061051 0 377
83.6451015562406 3.14324805363219 0 379
67.3445861770852 2.99176518614201 0 379
67.5335108404374 3.14775238370475 0 379
67.3143015061279 3.07033409904899 0 380
67.4023677301547 3.542748136899 0 380
101.107854851105 3.15657948825222 0 380
67.2929754132835 3.72043496046386 0 382
67.2751634761115 3.14686995840119 0 382
101.220496239184 3.17340207875211 0 382
63.7591212188711 3.05703203775271 0 383
69.0815191303091 3.53877839960305 0 383
67.2948620114989 3.01048410139563 0 384
64.662320099803 3.16122175245257 0 385
67.3699213876322 3.10735307000629 0 386
68.7334102685544 3.06328568367012 0 386
63.8642953912144 3.81405140226991 0 387
96.9408785504564 3.12812098387057 0 387
101.216445703825 3.3111740215722 0 389
101.287728641986 3.26614420637289 0 390
101.915199806196 4.44158599118079 1 390
101.878478933572 3.09155384674874 1 390
101.944020960113 3.65628639883875 2 390
102.179664521314 3.13331931319562 2 390
64.0028808777424 3.70860619663666 0 391
75.7779506998334 3.38232456329153 0 393
67.8409108588202 3.11734009795246 0 393
67.3037973770541 3.64366263431032 0 394
101.541240695379 3.32579382557925 1 394
63.8333967395185 3.45449762362537 0 395
77.6998005234797 3.10990422829921 0 395
90.589709218754 3.10030057866641 0 395
97.6813938224729 3.2045816391135 0 396
101.731210016804 3.05815377153669 0 396
99.7489937943299 3.02131413748377 0 397
100.635714135348 3.39948396727364 0 397
99.7581820388975 3.79855057477483 2 397
101.165738103906 3.85406183028347 3 397
11.1671919595796 3.32966295905062 0 398
73.7877940170291 3.29520784223425 0 398
101.244207861592 3.67465165522484 0 398
101.825723925926 3.80220986404708 2 398
101.836664009546 3.20372847510287 3 398
63.8310988891897 3.15071105527502 0 400
67.4812803873176 3.10164884190768 0 400
97.8277287105395 6.23273609021158 0 400
97.9910470588986 3.40136313308615 2 400
97.8441261712012 3.14076336135747 2 400
97.8469656106416 3.40973345902991 2 400
98.0708064052349 3.39411182250139 2 400
97.9201894912088 3.12024950708216 2 400
98.2992262447623 3.004916498344 2 400
98.36273902159 3.07673256047491 2 400
97.9902704885911 3.41896976823353 2 400
97.9113054805822 4.01117828905168 2 400
101.138085023946 3.49309358744938 0 401
67.3177757172292 3.00516065100128 0 402
67.3413152926573 3.20743566712795 0 405
67.5064074789138 3.01895040149077 0 405
97.8542365076333 3.31244607796936 0 405
66.7416276159497 3.07340231898086 0 406
70.0434197274066 3.08139003352278 0 406
67.2970024141422 3.21832426099237 0 406
67.6021600644695 3.03588298866375 0 406
101.409685012632 3.12096755606062 1 406
67.4980067145362 3.15771927616368 0 407
97.824457946761 3.02202136252357 0 407
97.7045851845793 3.41217686100976 0 407
75.0269764303455 3.3858366906851 0 408
71.4787282274 3.03275403470847 0 409
102.20608359288 3.63578279060127 0 410
101.426414689452 3.4724028490149 0 411
102.099618864459 3.12759427688005 1 411
101.504075326808 3.29764997153738 2 411
101.576250805267 3.05140764167981 1 412
67.5103453903663 3.71427717882682 0 413
101.124665594954 3.14575616157001 0 413
99.4654983189897 4.34101513194676 0 414
100.617802300732 3.16824695585251 0 414
99.4718328447463 3.67980730391779 2 414
64.1329073826229 3.33913877671653 0 415
101.226708285698 3.0549589889919 0 417
70.8328353588923 3.13332307008121 0 418
67.2809493270795 3.02261042836387 0 418
0.0369481688490704 3.78011667920738 0 419
67.3583931745286 3.61884289304924 0 419
67.2566800886067 3.28408187393738 0 419
67.3863933292047 3.07900058793952 0 420
0.102766616899991 3.25892744647034 0 423
71.1430809482045 3.24028042410586 0 423
67.4991770293852 3.31553607719524 0 424
74.1463035135095 3.06084180225224 0 425
101.07637342371 3.36439530678712 0 426
64.0000567987316 3.02134920932333 0 427
70.7753497247814 3.11872459175095 0 427
67.2641091620104 3.46164193804618 0 427
67.4477084372472 2.99456678611029 0 427
101.281994880391 3.04356563849111 1 428
74.1784334884339 3.58452637699926 0 429
101.16257043121 3.35997731537152 0 429
101.691101911226 3.20390505114924 1 429
101.970553433432 3.03309805185949 2 429
101.106864487699 4.02298336063454 0 430
67.546780600209 3.21582152953512 0 431
99.4676383343809 3.04223025434043 0 431
0.131087832203316 3.26273008180949 0 432
85.3711845550915 3.03115629494514 0 432
77.9700450696592 3.51175996971894 0 432
74.1907601077011 3.02622132066562 0 433
73.7532083816504 3.12839109260573 0 433
75.7703858718112 3.2324217650003 0 433
81.5299818995559 3.05128826502874 0 434
67.2532265934366 3.25632984988889 0 434
101.126135500669 3.07936706403639 0 434
101.580632841195 3.17462457683618 1 436
101.365209700986 3.15126690362284 1 437
97.3637191700086 3.04472322364626 0 439
67.2684404831179 3.18606890469377 0 441
67.8919054771144 3.26322143627303 0 441
82.1082797147012 3.01050404935078 0 441
97.881703857603 3.33039469359936 0 441
91.3016676819036 3.259037911419 0 443
96.9145342414964 3.2825110804236 0 443
99.7154063570548 3.28296876899388 0 444
63.9911440308095 3.18190697205884 0 445
63.8178886181447 3.03805263720653 0 445
65.6028157427408 3.02979418869343 0 445
67.2716098987556 3.0722037937078 0 446
67.4098510805394 3.06644026495537 0 446
97.9608591923594 5.541962831911 0 446
98.4844676702252 3.19048129342519 2 446
101.445673377204 3.02215391843211 0 447
83.9411386186648 3.48016910786821 0 448
101.33806607478 3.03976097911098 0 448
73.4463549646283 4.11130003497829 0 449
80.9191284354713 3.50995739662579 0 449
63.7527205311196 3.0421333750669 0 450
101.600238855445 3.4107939293234 0 451
67.3450366665001 3.11696764128313 0 452
67.8847595856447 3.11043185418476 0 452
67.3031163724636 3.13259065947181 0 453
63.7781404411505 3.13971242089864 0 455
84.9851782665616 3.12004747118975 0 455
101.576453383061 3.66921756599889 1 455
65.131059754201 3.744900003009 0 457
78.702321273821 3.45344838825548 0 457
67.5797533739014 3.16474588973123 0 457
101.089477881299 3.30273282811462 0 457
101.825661462868 3.11979484576161 0 457
70.6801499491353 3.11401067208897 2 457
65.3913428555665 3.16791888344818 0 458
67.3965684406181 3.83677915139347 0 458
68.4393807887851 3.13600072791225 0 458
63.7613792119112 3.35888602168061 0 459
102.240091049564 3.35734380931549 0 460
64.2525988660622 3.14819957400205 0 461
99.8518460192565 3.29135004713175 0 461
99.9010043881367 3.57146838429975 0 461
65.0557786261972 3.34729761769908 0 462
102.084133938867 3.42029198079598 1 462
68.7707996684799 3.0214098343774 0 463
101.093067184965 4.40333157979196 0 464
101.29923407522 3.19590110584968 1 464
101.405627570705 3.32529771815106 2 464
87.9895498698721 3.84932623668939 0 465
67.4061852090418 3.3859100518252 0 466
67.6601555988131 3.28664864951285 0 466
88.4975765656302 3.20857243063191 0 466
67.5481474627909 3.28593521450068 0 467
68.3726098559972 3.70895420531282 0 467
0.0452044666121199 3.08816977484454 0 468
67.5821140003134 3.51993824525959 0 469
101.11294758814 3.40367250327598 0 469
67.6361235094268 3.12008038179078 0 470
81.1528753772281 3.15318391504915 0 471
67.7318412946024 3.06995293071318 0 472
86.5835758503456 3.20372025027887 0 472
101.088568271811 3.55697977938401 0 472
69.7137821307524 3.61032837153193 0 473
67.5255283740029 3.31352644363194 0 474
95.8209063333399 3.69770520066517 0 474
67.277702425907 3.37675946523467 0 475
101.320903991312 3.25847554044159 0 476
101.173384914107 3.13617395167936 0 476
101.884456736715 3.14625443908346 1 477
101.906403510482 3.0068196792854 2 477
0.595912758455027 3.03726715159764 0 478
67.3662488174316 3.50585717461498 0 478
67.3449165259101 3.04305979628091 0 478
97.7700689985432 3.17465740205785 0 478
96.0868684719546 3.17653423430399 0 480
101.453477772632 3.25745521994091 1 480
67.2615122850231 3.20343347907188 0 481
69.0176639866762 3.53599314481717 0 482
67.2861968923168 3.30600979552309 0 482
67.3442680637263 3.03456914808366 0 482
0.00903266197781284 3.02716113708104 0 483
67.6604596930163 3.33372453667997 0 483
70.1047501739424 3.28292839197691 0 485
95.7936454335645 3.02374780134229 0 485
97.6689278890705 3.35058202723972 0 485
67.2605455749629 3.55787129298471 0 486
70.5661694604204 3.16297143909321 0 487
67.2558410238462 3.35693002292832 0 487
70.9984541237205 3.17427450056948 0 487
67.933053940995 3.01538302309503 0 488
67.2719947239994 3.00862952189131 0 488
67.6361503370359 3.15464382070256 0 488
71.6242935048405 3.24881528370443 0 488
67.253888494727 3.02865366254759 0 489
81.4279480562816 3.08554700159926 0 489
67.302416799082 3.18633356918683 0 490
101.09589359122 3.18521965753288 0 490
101.403640111889 3.14464250410154 1 490
100.213620448923 3.02789813235643 0 491
101.093837069273 3.39248995404285 0 491
67.6549574333077 3.25238085871822 0 494
99.4857437129057 3.03019628285161 0 495
101.569800192471 3.13550828672248 1 495
79.9187790367997 3.30448925375749 0 496
101.115639525416 3.60774639665824 0 496
101.137266454416 3.0070012047925 0 496
67.2552226134726 3.28239083251517 0 497
67.719421698287 3.12061196330255 0 497
101.133014239509 3.80754603945185 0 497
68.2240568994209 3.84710009179335 0 499
101.572659996292 3.07768046445449 0 499
53.4569551615882 3.01456798099819 0 500
70.2705123307826 3.61662793170827 0 500
101.109453023829 4.0719172654751 0 500
69.6236770626794 3.16176990858434 0 501
102.164474675413 3.66008265439509 1 501
67.2938087789347 3.2277502248023 0 502
84.0439002420511 3.27859461352283 0 503
71.8136975316216 3.12757205058253 0 505
69.6492941800078 3.33800299269009 0 506
99.8532943114107 3.05070082010421 0 506
67.358036695736 3.09968005208168 0 508
101.188902301193 3.2663345529847 0 508
102.000169920017 3.08734141891773 1 508
75.6949221267672 3.21549457935772 0 510
64.0163618543862 3.24290385416791 0 510
67.2937106373067 3.10297850174106 0 510
101.398155697815 3.23529112341234 0 510
73.2032011744619 3.32469785172475 0 511
67.2814052712009 3.00197797423791 0 511
94.8906119124811 3.2776047853761 0 511
67.26565843023 3.64311089186081 0 512
98.8323397100593 3.06514879853493 0 512
64.11481995754 3.68648639531235 0 513
100.622985444955 3.12994050017703 0 513
101.101400306839 3.14909480328545 0 513
101.853744213683 3.01044899013145 1 513
101.102732921118 3.78800784297443 2 513
68.7224158587978 3.27706972962797 0 514
0.413896492319649 3.12790899182659 0 515
67.2642169586998 3.65260600278006 0 515
68.3928716535968 3.63192651637016 0 515
67.2639438003316 3.20083920771064 0 516
101.088835943977 3.20527149410545 0 517
68.2843785602216 3.02773725088863 0 518
99.7236814956534 3.06590905305776 0 518
99.6812136628573 3.18996520707827 0 519
75.0360218027111 3.09224983445763 0 520
67.2895654694654 3.40716328121021 0 521
67.2940458114544 3.21893768144186 0 521
67.4626102992152 3.9816090685694 0 521
100.298502806896 3.7519045161584 0 521
101.334425064483 3.61981660466074 1 521
67.267216378477 3.038976401584 0 522
67.8465247634536 3.00528051189269 0 522
67.2567705764128 3.60457037608529 0 522
69.8674361458331 3.44067108783551 0 523
81.2279585270199 3.44203599415262 0 523
101.104559268414 3.22158802931307 0 523
101.089021090465 3.6926723597263 0 523
67.3388232882208 3.05260927028592 0 524
92.2465470849221 3.01619970113839 0 524
67.6746761659307 3.26648727339036 0 525
0.0684997964640287 3.30468842640804 0 526
2.42120550446823 3.19103337140559 0 526
67.2527909236694 3.03296441435183 0 526
68.3026270147061 3.04074614595149 0 526
97.8912078692997 3.09021775618601 0 526
101.203582383355 3.37547085241734 0 526
101.35685574308 3.50201828631623 1 526
101.267069172409 3.23267727059778 2 526
101.361424772878 3.44119251546313 2 526
67.5493768244973 3.1167494790477 0 528
67.3358376365111 3.01229894325563 0 530
67.295380140301 3.34187217312064 0 530
93.8933973311191 3.18757338657254 0 530
67.2894121931517 3.03389888151707 0 531
67.3612686722323 4.39396033627326 0 531
3.26825893703655 3.70667665011644 0 532
64.1019949076129 3.16899678918779 0 532
67.9501917740115 3.11017492780383 0 532
73.6719630792704 3.23684956119624 0 534
67.4961842301625 3.06986742390236 0 534
63.8743214576665 3.05795867227288 0 535
98.7221514617025 3.1205009274212 0 535
101.089644140124 3.16014496445123 0 535
70.2976234720877 3.55185325397945 0 536
0.271656386750832 3.21312197742264 0 537
67.2833209609194 3.05922973765786 0 537
101.125266184467 3.29898129411159 0 537
101.127468912236 3.30051196802028 0 537
66.6332971552534 3.34810044159842 0 538
68.8562161726645 3.12555250431402 0 539
67.6656250734755 3.99118187688015 0 539
97.8166163041344 3.05371435558396 0 539
101.530995290596 3.28513461568316 0 539
64.8397047676486 3.3243013066264 0 540
96.6863935899487 3.76537999168966 0 540
99.5201139626207 3.33787159243173 0 540
101.100696849173 3.45488734769253 0 540
101.138906179041 3.14394029202956 0 540
64.5927166279648 3.33919007522983 0 541
63.6493345170241 3.09087488810348 0 542
97.6535855212606 3.22692736054365 0 542
67.9595358648861 3.28167798023851 0 543
68.2323397041708 3.21124860985482 0 543
69.5475057854575 3.38923679196462 0 543
67.9920411973029 3.26309743011569 0 544
97.7509191453373 3.09255049662406 0 545
25.4566791481055 3.16613161002606 0 547
67.2656420528254 3.69894463207675 0 547
71.4198047787511 2.99681679067345 0 547
1.92658269897368 3.12718085070885 0 550
64.3307377041894 3.31144755362405 0 551
67.3485259557311 3.50855613719509 0 551
95.8353459792491 3.02542009791906 0 551
67.294373741199 3.20066797016521 0 552
22.5466210266996 3.1068765052596 0 553
101.355713738122 3.38360813390517 0 553
67.4819482324801 3.05618812398825 0 554
101.880577841378 4.15123311208727 0 554
44.092391611879 3.01815541254762 0 555
67.2710949053327 3.79513664507825 0 555
68.4799332955373 3.36961363435182 0 555
95.2758568783144 3.14434553351293 0 555
98.1316928284091 3.21260785684744 0 555
86.0420838060889 3.03395588293781 0 556
86.7795612800246 3.82924895657471 0 556
63.742476478524 3.04665485642016 0 557
70.6550685807971 3.58709300924967 0 557
97.6282969494447 3.07678781471601 0 557
67.4736531770408 3.53582770006485 0 559
67.2542350854192 3.8856095175645 0 559
67.2871628001252 4.13388066999106 0 559
68.3806869560349 3.0850488797287 0 560
101.377398215706 3.00691245683422 0 562
71.8312598348809 4.38671804809919 0 563
101.290734176771 3.00118329770181 0 564
101.521386366784 3.21588438206518 1 564
67.5268898083659 3.79134991405472 0 565
68.3429283778116 3.00983021258832 0 565
97.3990060812149 3.27363973885166 0 565
102.076213316507 3.07638693558263 1 565
55.9932807067062 3.34632332922731 0 566
68.1609434497682 3.13458337301401 0 566
101.404048148756 3.41385799921995 1 566
101.422653528992 3.42684396563181 2 566
101.427955875454 2.9948055430489 2 566
71.8819339188074 3.25452781791047 0 567
86.3346154748291 3.13385058901831 0 567
67.4753693431065 3.06920627474702 0 568
101.109771532219 3.12972641253467 0 568
101.523226074789 3.19296661838843 0 568
6.30506024865923 3.05436298965943 0 569
63.8620815901791 3.18526729140656 0 569
67.2615130961102 3.05481936968584 0 569
102.165175731328 3.12170248640854 0 569
2.42148175601006 3.26470334790536 0 570
96.3476405499955 3.02722132121611 0 570
68.5797729499399 3.08195380630735 0 571
69.3609978110836 3.3309131189677 0 571
96.4182422049918 3.07373142775093 0 571
76.710460051402 3.11583710274818 0 573
101.136577801258 3.41387998338557 0 574
67.2529293527406 3.09713022015828 0 577
68.2776238234245 3.55681330092388 0 577
100.664194688497 3.27730761333331 0 578
64.0988771252938 3.16528111073066 0 580
94.3455101275131 3.23355967994717 0 580
77.6712214308968 3.04955930207855 0 581
68.1575800604839 3.32435116384167 0 581
68.031192956582 3.03455908754021 0 581
101.137125638585 2.99299201904019 0 581
101.905264807147 3.67832040527278 1 581
64.8661730201825 3.04809711635881 0 582
67.3326785491637 3.68532357160931 0 582
101.048369625078 3.40044544050204 0 582
67.30909112244 4.38658879020154 0 583
67.271873617484 3.05407823890887 0 585
68.4332670028729 3.17864230807665 0 586
101.223078186292 3.133760521924 0 586
67.4346056070008 3.089825812291 0 588
101.13235468923 3.27676759596838 0 588
70.7446865576584 3.12183621205501 0 590
67.576139256361 3.72950873850483 0 590
67.4703622530554 3.0766815268905 0 591
99.874157561765 3.04401960605795 0 591
7.34097579958143 3.60200180305757 0 592
77.3860486228466 3.8933992117598 0 593
101.969832736747 3.06153929068552 1 593
63.7150806122148 3.16076166295941 0 594
67.9779034309405 3.13302346205318 0 594
101.091600392844 3.84675128880378 0 594
63.8825748870128 3.04481028028425 0 595
69.2438216205145 3.19743048321153 0 595
102.131875006066 3.34911691729773 0 595
10.412556201044 3.39310278401857 0 596
66.9840499821641 3.03091349368452 0 596
63.7637946891829 3.30134362879902 0 596
63.9483104666554 3.00069291962322 0 596
63.7466044454136 3.05197515144334 0 597
67.8347509390565 3.22012749969326 0 597
99.8216623733571 3.30455317246759 0 597
101.77431855804 3.1712827817363 0 597
67.4945638828416 3.09771968642896 0 598
67.4232883821358 3.00190356951561 0 599
96.8407980831547 3.0075935103451 0 599
101.687001760797 3.0751694800399 1 599
89.8908241529296 3.1042582244289 0 600
42.4657241850584 4.00582920310154 0 601
63.6780144867015 3.08207933924655 0 601
85.3066609057964 3.18598762063173 0 601
101.28347637982 3.22331231287476 0 601
101.339062541834 3.38665905765604 2 601
0.0521708444174656 3.05167822705649 0 602
63.7763886149699 3.01899005443617 0 602
67.8758989664976 3.43886397996848 0 602
101.849602575283 3.388565944078 0 602
101.826828579632 3.17991869211854 1 602
0.564037761531831 3.38946695223132 0 603
84.3065192483967 3.1399264786992 0 604
68.5343060567803 3.07868875295382 0 604
72.5979246831081 3.04451885387037 0 604
99.5227919234609 3.0873534005381 0 604
101.974923298442 3.04293424937025 1 604
67.2543801143144 3.24383983484558 0 605
88.3071689581742 3.13644182908897 0 605
0.323969229712815 3.23254030000344 0 606
67.5473972988257 3.2401917354906 0 606
68.2604488868696 3.04131590467825 0 607
67.7687577463306 3.06758282261577 0 607
87.2567531738946 3.76279714489011 0 608
78.3692644458775 3.40751557167781 0 608
97.2551437134421 3.32182911255224 0 608
98.1296136271126 3.51836727791782 0 608
0.267829262603596 4.99272834601728 0 609
67.3587777587534 3.15756235638606 0 609
67.5259887260431 3.01391131249848 0 609
96.3190171285077 4.19895460976483 0 609
97.680953043307 3.25067820060754 0 609
86.5084792794691 3.30380424601291 0 610
71.8798068420128 3.13470890960095 0 610
0.43348546754837 3.15884540410542 0 611
67.397863687572 2.9905681115095 0 611
71.7439012102596 3.27200969337979 0 611
101.154949514999 3.46690126036591 0 611
101.229853893275 3.73318284869906 2 611
68.97027987291 3.37112104784653 0 612
0.191198686823549 3.86065362256457 0 613
70.150984716004 3.09522587119813 0 613
80.9327749800006 3.03054147046245 0 613
101.170286585507 3.04733201455971 0 613
101.351434654832 3.45514010751572 2 613
101.407579452928 2.99630404962508 3 613
1.18933801778891 3.8902050710177 0 614
97.6679152891565 3.72459780354445 0 614
68.6751430252145 3.1586280901973 0 615
67.6705268417855 3.01068603311158 0 615
63.8333431540388 3.39029126693462 0 616
67.3897249065684 3.02734017410857 0 616
63.8185887233983 3.40705222669667 0 617
25.0766834155459 3.04412476901264 0 618
101.130637949909 3.21573647711708 0 618
71.3269424063574 3.4359095961042 0 619
69.7003700596145 3.04647525905902 0 619
91.9140343034091 3.10091283467982 0 619
100.293847305407 5.13366425650457 0 619
100.799088896451 3.13565297832943 2 619
0.8161799722613 3.35310985893398 0 620
21.490836144007 3.04084043735407 0 621
68.7404914364043 3.70133473963164 0 621
66.5814752180154 3.2008900284461 0 622
84.474183881601 3.232159807333 0 622
102.167822423232 3.04292008270405 0 622
101.74181872744 3.08704564705834 1 622
69.7337084937685 3.04947623902114 0 623
97.286061870403 3.34070783973276 0 623
67.4640520186064 3.43715447235653 0 624
101.418310372004 3.87847171791265 0 624
101.443990476656 3.08231944052605 2 624
63.8209161924073 3.45280097027119 0 625
69.8444794383351 3.02018461470044 0 625
99.4936839175188 3.07813804799914 0 625
58.4974694866919 3.41152244338154 0 628
68.4488802590151 3.38569254267666 0 628
101.180031605873 3.10693049801167 0 628
68.3124619524464 4.37320296004088 0 629
67.3439004930717 3.71028146553228 0 629
67.4599935344544 3.22529424850787 0 630
67.2737518038831 3.47564839582954 0 630
67.3474505511882 3.25249823109922 0 632
78.1542383830714 3.89048908859918 0 632
101.887875840049 3.77217688529703 1 632
101.919203255508 3.63943264102146 2 632
65.3259901965173 3.03520575039064 0 634
68.1923589492814 3.35033503924101 0 634
101.115540959787 3.00387480978825 0 635
67.3521741087468 3.24856679673712 0 636
67.3828513610608 3.27974387189771 0 636
101.152884282598 3.60127287350147 0 636
71.6326384004593 3.45207958569882 0 637
64.9066116226122 2.99820282775635 0 637
69.4667719838806 3.5892199309209 0 637
101.116371110676 2.99090730248764 0 637
63.939098914283 3.10623619098684 0 639
63.8060965609537 3.22863505401658 0 639
101.08269120918 3.62312930303495 0 639
102.019680608045 3.15813561189463 1 639
102.128726390871 3.27082776803829 2 639
71.0340628576073 2.99847202997172 0 640
98.1838888179623 3.08171225648421 0 640
101.748158114012 3.78352394314978 1 640
102.019625519138 3.61713565068737 0 641
101.103820720946 3.03461538691982 0 642
101.733088892272 3.26771318146804 0 642
96.4789547508373 3.06144096670707 0 644
101.092505340646 3.01683212682845 0 644
100.276426080383 3.11268128901361 0 645
64.140974898647 3.09471195057813 0 646
101.088516617778 3.60662531933695 0 647
71.7410967742496 3.29775907732814 0 648
69.0020846396822 3.06655637439703 0 648
67.254202578975 4.07788458796399 0 648
67.2927650974167 3.01601462273519 0 648
67.2742015589874 4.66769974618117 0 648
0.134515489214955 3.21945244780744 0 650
63.7429315766026 4.47353438262838 0 650
97.1764326551831 3.19800521626786 0 652
102.155829140431 3.02011260596209 1 653
67.4352746486805 3.03093098872823 0 655
69.7485677207441 3.31588038080679 0 655
95.6724636319116 3.33241063498285 0 655
100.689167317496 3.42425293702892 0 655
74.7080663281696 3.17860159704594 0 656
102.041370523376 3.2042689623467 1 656
63.8000051460435 3.01053105455011 0 658
67.3183672163449 3.14079658800436 0 658
82.0474963734131 3.77667048764775 0 658
101.706766947906 3.08347660832414 0 658
68.1747697249734 3.00363280965839 0 659
97.8588199991887 3.12280040194924 0 659
101.168704637589 3.01280086008657 0 659
5.22099446506002 3.08803036023337 0 660
77.5668217741289 3.0995930344557 0 660
69.7608268089046 3.00073625164485 0 660
76.3493037621167 3.0841461963415 0 663
63.7604474366334 3.17412667474864 0 664
66.3610116711532 3.24240060577196 0 664
80.9990767431347 3.4992346213234 0 664
99.4567972794963 3.28217889191616 0 664
78.2313963425898 3.29063820947602 0 665
101.376774463455 3.62834656023339 0 665
101.456056996515 3.06147718611444 2 665
101.161575537475 3.31847086831878 0 666
67.3026561567208 3.04903244708361 0 667
74.3462275593234 3.008781880879 0 667
69.1514772083119 3.65863509809617 0 667
63.8729218623175 3.21172268909776 0 668
66.3199387637878 3.54007082035514 0 668
99.1492867526766 3.14010547299168 0 669
101.205727447095 3.15939981601961 0 669
96.3575344091564 3.40431673258071 0 670
67.2864194016942 3.07704196094683 0 671
69.7857232688342 3.00695299864677 0 671
101.124028647861 3.0232130377089 0 671
91.7468144049338 3.1436310036005 0 672
91.9005779909748 3.12919623752596 0 672
101.512203490955 3.24016190457105 0 672
67.3989788500127 3.34940866587445 0 674
97.937541935269 3.05912819146864 0 674
100.754291857128 3.05279495444324 0 674
101.473022355598 3.23182768339339 0 674
91.1252053559644 3.17312949694192 0 676
82.9875999602633 3.053401389791 0 677
97.9151223142074 3.20047244245564 0 678
98.6145922106908 3.40657736404618 0 678
67.3833906269053 3.02766048551121 0 679
67.2609982977383 3.92698345974421 0 680
67.3486534670428 3.31350464030097 0 680
67.423071039609 3.3122643897129 0 680
101.145348085065 3.28522136533588 0 680
67.2562299623604 3.00149575194271 0 681
99.1514013743923 3.15180858862863 0 681
101.099274675356 3.32841027818318 0 682
31.5342760895735 3.08158700999869 0 683
67.4986895644304 2.99580095627634 0 683
68.4197991962907 3.06499632102897 0 684
99.7440175841233 3.51371740847873 0 684
101.773691530912 3.40747726056398 0 684
95.2296214649584 3.92276776179513 0 685
67.2814818845806 3.2607842641096 0 686
69.4825453452369 3.03221846818466 0 686
67.2583765046789 3.16209485472356 0 687
67.3366436187817 3.18341564654779 0 687
68.528143232058 3.20565703106398 0 687
68.4567947117392 3.43354738654025 0 688
67.3133826751866 3.68245213578891 0 688
69.2140573894732 3.28787800872935 0 690
97.3937653624368 3.85967289925323 0 690
101.28586972034 3.08662529032499 0 690
85.2449979885023 3.08570686078478 0 691
98.9134208961286 3.18587276500008 0 691
67.1629731792596 3.25719458984702 0 692
81.6497832804016 3.1643098421193 0 692
76.9558380291622 3.64477941683623 0 693
101.133068897203 3.59345274685309 0 693
67.4416958260772 3.65303047859058 0 695
80.1085517304263 3.17708580406492 0 696
101.126258682357 3.26605439913445 0 697
101.200369347454 3.09000787946729 2 697
63.8362791183225 3.30075917731393 0 698
101.122188830086 3.0936748850411 0 698
67.2929531533021 3.3720025122096 0 699
84.5417972881 2.99234701958915 0 699
71.9696033566309 3.93648986318579 0 700
67.6403918409089 3.00251917129459 0 700
101.126549809516 3.41449015304822 0 700
97.6886789960607 3.06057438822366 0 701
101.240674206357 4.36768243199866 0 701
101.611684656915 3.36564916156548 1 701
101.252708083358 3.60936893133117 2 701
101.487534550966 3.02564909689043 2 701
101.301163405182 3.19381425005067 3 701
67.4324888695801 3.06870340426469 0 702
75.3910869065778 3.56304216602949 0 703
65.4529170054549 3.15687036490307 0 704
67.3531965386277 3.23369772827166 0 704
67.2668204466656 3.00829595768286 0 704
101.30148256651 3.43086251502232 0 704
67.2797899500997 3.05387365858723 0 705
67.5705227532863 3.085638379609 0 705
67.7126654687626 3.19068573050237 0 705
77.7779199158621 3.5188424381307 0 706
101.339191847927 3.43286858679879 1 706
101.357732102684 4.49769207943511 2 706
101.839309806918 3.31839411795424 3 706
101.753461549491 3.0502598790623 3 706
78.7719731623149 3.8658646853932 0 707
68.1222325311513 3.02355674384334 0 708
80.8709329886851 3.1865819839871 0 708
101.128479528406 3.35798908555671 0 708
69.7350196910398 3.00836194320772 0 709
97.8944940774874 4.11867528626684 0 710
0.54342200634537 3.07094641192384 0 711
69.3401240225001 3.28702905262011 0 711
68.2434428344223 3.0944767403367 0 712
67.4526221654727 3.25120115746079 0 713
101.217894246771 3.2102850770861 0 713
0.787408622838301 3.57831795216274 0 714
0.0214145365141804 3.60796074924125 0 714
99.6251428173471 3.00309081988693 0 714
101.120247946131 3.15559969116913 0 714
101.453840976938 3.48620752594416 0 714
101.956487732635 3.45941825381099 0 715
0.0144928228851141 3.07993152058766 0 716
88.3139768472402 3.16802216981197 0 716
67.3557878659511 4.09307972428705 0 716
101.674886027648 3.00914183984006 0 716
68.5603427371995 3.97573128021407 0 717
67.2964681001296 3.91790271566248 0 717
67.5645266671905 3.16474378914124 0 717
93.57951094115 3.05326650682805 0 718
101.313477699371 3.06308052695805 0 718
101.347637863602 3.03957285820609 2 718
67.279990035741 3.44379960106162 0 719
82.9378957924408 3.7251555828666 0 719
98.2125298543385 3.0359171155502 0 719
64.4029344499982 3.00080450460537 0 720
87.7990109663332 3.93293234793058 0 720
101.404477422106 3.22595286225776 1 720
101.087672320543 3.60455477049062 0 721
101.073004232531 2.9907300746176 0 722
69.3192538399017 3.01407838750376 0 723
68.762948134934 3.13258721948492 0 724
98.8926234347337 3.01461636930715 0 725
67.6978623375328 3.4754494367675 0 727
97.1741308387198 4.13631564931245 0 727
99.9086134356361 3.16423768189184 0 727
67.2756115404372 3.68149519426557 0 728
67.260259909894 3.20968855118492 0 728
97.6635565361349 3.58699665885097 0 728
0.0795857373864863 3.00718361008435 0 729
67.50749591621 3.01815161720935 0 729
67.8111324296079 3.26779756020813 0 729
79.7529484696763 3.42925388814262 0 729
101.432680188438 3.37399196586485 0 729
67.2596672088489 3.32401639772945 0 730
91.8647360945007 3.04572206176494 0 731
97.6725051767444 4.03525015665251 0 731
98.25712690469 3.6539601163773 0 731
97.7293995851304 3.48337848710399 2 731
67.4834498011999 3.34094088933905 0 732
101.968340233647 3.03394152544284 1 732
97.2750195290857 3.65752001034208 0 733
101.105823718924 3.78061207488675 0 733
99.4741917756954 3.01356521686726 0 734
84.273110023808 3.37085007451446 0 735
70.6412267862474 3.09832867347777 0 736
90.01997192272 3.09305197959539 0 736
68.78763179867 3.06169151961081 0 736
67.334446905902 3.81400635936953 0 736
100.153340538466 3.1538675529195 0 736
101.997339310804 3.693673750921 1 737
102.013831178973 3.35634442382155 2 737
102.087369981982 3.30954950613092 2 737
102.011817237135 3.10511502444312 2 737
102.148761196245 3.40083284764764 2 737
102.017507436253 3.17219616368816 2 737
102.191219764998 3.36480610293513 3 737
100.0177982684 3.09221223030662 0 738
97.7770615972295 3.08444409126848 0 738
2.74583807058863 4.69944875292099 0 739
67.9880488748468 3.04644406980249 0 739
67.5706778083214 3.33476377411145 0 740
102.233306004646 3.6039803373671 1 740
67.2552231731143 3.02571168257103 0 741
82.1474391519019 4.17761326739317 0 741
101.103969144211 3.35388849858678 0 743
69.0874997599385 3.0571182449542 0 744
101.144453659303 3.1117088158218 0 744
101.122888661042 3.05905556245273 0 744
101.13684586636 3.23989579330795 2 744
63.8311746685464 3.36232581983134 0 745
101.224544726944 3.28443782088236 0 745
67.2692751237509 3.15783539491212 0 746
79.2864528902494 3.53979180622983 0 746
101.329853104408 3.08417221664734 1 748
97.7255623263692 2.99840324842326 0 749
69.0473828645442 3.24476712740014 0 750
96.3574729691355 3.35427549370348 0 750
101.400018541482 3.44528987552229 0 750
71.6439751301271 3.06214856615456 0 751
81.1530865462584 3.26384515442475 0 751
71.6173764141803 3.00693696769608 0 752
101.747938608499 3.47131313133453 1 752
68.8338471016053 3.37880177525604 0 753
84.2680243585599 3.18225157098094 0 753
84.3602466369799 3.44734269741236 2 753
99.5102851865253 3.68691017430928 0 755
82.3969920509763 3.07186450305502 0 756
67.5249066183374 3.84302188182966 0 756
69.7137384779953 2.99609631404447 0 756
101.122530399504 3.64323356861902 0 756
83.9455255184295 3.26517838011559 0 757
101.125264890254 3.3233987233845 0 758
101.56369379576 4.26372689106085 0 758
101.633884691926 3.03109890319145 2 758
22.5939762482236 3.03754820901486 0 759
68.3294163875657 4.0174012330651 0 759
67.3880269689932 3.15529224255284 0 759
67.4598278866098 3.00137696727921 0 760
67.6075267236464 3.23859340287199 0 760
101.090018138376 3.06193972176235 0 760
101.642182576451 3.327611708608 1 760
67.2810217940502 3.07183939888707 0 761
97.6590199882356 3.1244981964278 0 761
67.296327060389 3.01152455450705 0 762
67.84891301405 3.01484418972309 0 762
101.909955323422 3.74726998085812 1 762
67.2750845786179 3.28390814409537 0 763
64.1579212742158 3.15070782630147 0 765
63.746517965098 3.21655328611514 0 765
68.1564865768688 3.83438871537813 0 765
67.4745768717182 4.19096228155957 0 765
97.6556911613329 3.16215303138676 0 765
101.177804298173 3.2334912687819 0 765
102.154527670452 3.05192971901081 1 765
3.41707704979698 3.03872965650897 0 766
97.7427231247394 3.08764640898019 0 766
67.6552532571137 3.162152331998 0 767
95.6155559953681 3.57070077627287 0 767
67.2727777820921 3.3143267179767 0 768
90.884193546863 3.49651140745781 0 768
63.789194759548 3.11279868301412 0 769
87.4434004173257 3.75948088186163 0 770
101.626925336075 3.24677349638275 0 771
99.9140961924107 3.11844720616849 0 772
101.104434505437 3.41347792952139 0 772
70.0416067873273 3.59776217084823 0 773
89.7738534823689 3.77303324361001 0 774
98.6178683802153 3.12336529872442 0 774
67.2852139180919 3.30023288899001 0 775
63.768889710189 3.59871909095182 0 776
67.2804978353644 3.85936923758792 0 776
97.6821871600957 3.19980463161588 0 776
70.7907140734465 3.08873868411789 0 777
78.8565399598967 3.22165206604472 0 778
99.5478781325477 3.08402844969089 0 778
69.0035867135633 3.26815446351333 0 779
81.4079246882191 3.23632209637494 0 779
68.2473592890634 2.99336743920312 0 780
99.6545571633948 3.24023491611955 0 781
67.3023824061861 3.23571717735414 0 782
99.7548353175362 3.40158228489698 0 782
63.7373947937519 3.26412509109304 0 783
67.2993285389485 3.29507663556888 0 783
101.150667199538 3.07147265205652 0 783
67.4310375755139 4.3052736024262 0 784
68.2123852683838 3.0487809297966 0 784
69.8789751370932 3.56002808250988 0 784
101.198415275759 3.04271711975427 0 784
67.7011308342573 3.11813719819772 0 785
79.432424932256 3.11081638060939 0 785
67.3189122739798 3.19586301650434 0 786
70.9486067147716 3.15734195561263 0 787
67.8001522042672 3.41641617033566 0 787
101.249615717753 3.10528050464204 0 787
102.178796335892 3.27220446222164 0 788
101.277788616232 3.09143738359566 1 788
101.870039334501 3.75434052555204 1 788
101.87406673138 3.02240929906022 2 788
74.3998670844107 3.07414705201998 0 790
0.158991755459651 3.18580488838882 0 791
91.8798173865222 3.36986511498038 0 791
94.7083086943254 4.05883306385679 0 792
67.4274220078132 3.04268102261774 0 793
71.8655674272838 3.07253183263896 0 793
101.226835728946 3.19119397845386 0 793
101.533753428112 3.29203131692589 2 793
101.545181411164 3.12750881984688 3 793
91.1526105174088 3.05418638631287 0 794
67.5861562706961 3.03740624224605 0 795
101.094495031872 3.02973314599221 0 795
67.2743308807317 3.46423023998722 0 798
89.3506299909711 3.00150617642542 0 798
99.642929256607 4.42761571014097 0 798
99.6469309008152 3.14932640114703 2 798
101.208749678765 3.60537087068374 0 799
101.230754548506 3.4213109834101 2 799
101.404134343235 3.15037068380378 3 799
66.5996735548355 3.33134408514231 0 800
101.986838577451 3.14667528034974 0 800
102.089285404424 3.81494702135308 2 800
67.2737353665746 3.06227791216377 0 801
101.76111991481 3.59849334908344 0 801
101.895968596536 3.90855543967289 2 801
101.898058526003 3.15961123948027 3 801
101.899571070593 3.28090429434361 3 801
67.2526300647852 3.05791041338772 0 802
67.8737345796481 3.20490867069459 0 802
74.4927637514705 3.5672734344296 0 802
96.8297279962659 3.16413707112954 0 802
101.58776532717 3.9096045314607 1 802
101.65832776714 4.30779428860663 2 802
101.734743194582 3.07234662991609 3 802
67.3429292552333 3.81806827331205 0 803
67.3201584642659 3.09613462457283 0 803
67.5371769130226 3.12320965692738 0 803
64.4895198724478 3.41848025335785 0 804
63.2866622470987 3.8158498857441 0 805
101.964445462431 3.28023782638481 1 805
0.434994030749564 3.26578862208417 0 806
67.430280358915 3.45460016536553 0 806
5.89299266131044 3.0877255765467 0 807
67.3516588729292 3.13152434609345 0 807
68.0449737365197 3.01968442341939 0 808
101.094568396481 3.08721968549142 0 808
67.2636167347443 3.17368345495567 0 809
73.7023876479802 3.04837472209875 0 811
65.0098724762341 3.35069475592364 0 811
67.2745143601412 3.00584469458542 0 811
100.719553693524 3.6209987992716 0 811
91.8979364927528 3.06947179817276 0 812
101.196675589776 3.02240271738874 0 812
1.71625157174124 3.69269022360291 0 813
63.9072902447463 4.06486011926899 0 813
67.3223770396412 3.03606846165627 0 813
68.3952882126478 3.09539018817282 0 813
101.172417933255 3.11901644182008 0 813
101.337864214413 3.00912428509131 0 813
67.7220581358402 3.05322562178409 0 814
101.089721402099 3.09815802792092 0 814
67.2647219049445 3.24983474233923 0 815
69.2425006706138 3.30539861275409 0 815
67.3972301216168 3.31699438001687 0 815
101.123069287627 3.32538313092366 0 815
101.261863750793 3.59983730132084 0 815
72.2395960412242 3.08118851851822 0 816
67.4245011419472 3.35223285678565 0 816
67.2907227327508 3.19565994290957 0 817
68.3890935614076 3.61551274397658 0 817
102.011750513203 3.38734638427504 1 817
102.043947363401 3.47394045400453 2 817
102.012612962337 4.21606014451063 2 817
102.075026320797 3.08208169342412 3 817
102.021831477678 3.7261937313964 3 817
102.030893910356 3.24350096500761 3 817
102.190688746335 3.41246990475086 3 817
102.05666079872 3.23211960440401 3 817
64.9560305555382 3.43377907281562 0 818
67.3884013429908 3.33595717284899 0 818
69.9309353630101 2.99837247595936 0 818
67.3889378255036 3.65366310170765 0 818
101.727207745452 3.89515042018746 0 819
101.763250977547 3.08011150331361 2 819
102.132901051295 3.23823970572628 1 820
102.171743761222 3.17044627853847 2 820
102.220318037147 3.01238982762297 2 820
101.453148335508 3.18083579559221 0 821
101.501420450258 3.34640867253143 2 821
102.226242930143 3.14551799514806 1 822
68.2395270645173 3.13792550107673 0 825
96.7483147790015 3.38449433718043 0 825
67.2724252601282 2.99990487078427 0 826
67.3267031006995 3.3905366425673 0 826
94.226427377591 3.68648740681662 0 826
67.4108714791808 3.52912183697627 0 827
67.2768239357452 3.20976407941527 0 827
67.2658540508784 3.13537875397009 0 828
99.929176082512 3.54384305341463 0 828
101.961495187114 3.14233185571322 1 828
68.2632794013727 3.1475080708945 0 830
91.8649409805398 3.05170055659929 0 830
101.294221919259 3.01246335599833 0 830
69.0127917471348 3.25645446196423 0 831
67.4906463002549 3.16803083235609 0 832
97.6515395710085 2.99924766211468 0 832
101.090634988359 3.91381246780043 0 832
101.185983312932 3.42528984926697 0 833
101.239473478635 3.2715534754288 2 833
101.427328911104 3.40254014484572 3 833
73.1867055651151 3.09757593802796 0 834
96.6912967488176 3.76727188304967 0 834
101.776496752074 3.31008938185047 0 834
82.1862640993081 3.20755691587275 0 835
91.2644396720228 3.77007359832677 0 835
0.998656541654936 3.37941001141247 0 836
63.694645876873 3.53797338460569 0 836
98.8981823625736 3.06297273883665 0 836
102.247860140381 4.37614948051535 1 838
97.6522565760636 3.27168039357216 0 839
101.299513915064 3.43727301428352 0 839
101.121967852561 3.10273841977089 0 839
101.29990232226 3.10735497145852 2 839
101.131029818717 3.4625646216571 2 839
64.6680848359604 3.17586257038808 0 842
67.3462120618653 3.33517295278626 0 842
67.2582958394644 3.12954535370473 0 842
67.4896374210049 3.05525883895544 0 842
78.5575743575248 3.4908444281976 0 842
67.3520818615869 2.99982252412882 0 843
100.839669037116 3.25444291784037 0 845
101.143294133298 3.15526773016575 0 846
101.118163606846 3.11284149236261 0 847
101.092168534235 3.12756414908435 0 847
101.874966151827 3.00273395105462 0 848
101.787394510796 3.33220880953808 1 848
67.6236277481581 3.03330231501369 0 849
71.3781075999019 3.71744522531408 0 851
67.612403514702 3.15044876767369 0 851
64.0022000831786 3.60667941933772 0 852
67.27727446231 3.2861868938726 0 852
69.2609858874451 3.46062715100279 0 852
100.776468359346 3.84639388516176 0 852
92.7420990755005 3.87286283269607 0 857
67.6551621019086 3.02507519107819 0 857
67.7584400407551 3.34807741412499 0 857
51.4773363405473 3.25170818446307 0 858
64.0801645145996 3.05937568749967 0 858
72.5163078142641 3.10440346658616 0 858
67.5664978209699 3.19778103437184 0 858
101.231359027871 3.09155878780088 0 858
69.033919994042 3.5853098061011 0 859
71.6855808250188 3.95400745625997 0 859
101.980098074283 3.36782962979363 1 859
102.190704485615 2.99856874681213 1 860
66.9173781530447 3.26799447848336 0 861
68.2392429490907 2.99936547602296 0 861
97.2901110909671 3.05665821059499 0 861
87.9363499453788 3.1399706047224 0 862
101.154698869671 3.60099477957786 0 864
69.4505781461288 3.04257439832997 0 865
68.0609377658278 3.20669042090936 0 865
101.265412468444 3.3663854603117 1 865
101.745010298726 3.34180498496963 0 866
2.93605469653182 3.26726872225577 0 867
99.3509226413134 3.68445396822835 0 867
99.3841898729689 3.13045169567976 2 867
67.3123108331637 3.43774155648367 0 868
67.2944801253028 3.71803773268471 0 869
97.8365078867331 3.14598177753868 0 869
99.4954151283991 3.0672189664235 0 869
101.087918043064 3.54537115020378 0 869
101.782537451584 3.57108335783292 0 869
102.166373311057 3.23088428889111 1 869
102.216679048699 3.10356500837178 2 869
67.3320149477458 3.03757749024368 0 870
100.367527897535 3.02823256133419 0 870
102.169959654547 3.44351953462285 1 870
100.183161361195 3.20131945223899 0 871
102.113651925765 3.38551910971399 0 872
101.27127598457 3.436769080517 1 872
102.145416976235 3.76261159252143 2 872
101.2861521846 3.16812872548494 2 872
102.150385319205 3.42329851237116 3 872
101.358682888127 3.19266472349701 3 872
67.2823695786789 3.99018877804128 0 873
67.2559457549458 3.09293919410601 0 873
98.8081133404669 3.03827949312011 0 873
67.4719575940949 3.0284698639238 0 874
101.148278513691 3.55497910942764 0 874
32.0349880500673 3.59950779696041 0 875
63.7528337249398 4.06679524936331 0 875
87.5323563075198 3.10432359326867 0 875
63.8328922595921 3.13134393086715 0 876
64.4430091819858 3.23017330333018 0 876
98.0875924230148 3.02786558257825 0 876
0.0210738492964431 2.99329223364166 0 877
64.3645412559295 3.19785698841588 0 877
95.7367157553344 3.92715822301489 0 877
101.066813938302 3.07454277877793 0 877
101.56172661235 3.37138625267308 0 877
67.4937664546755 3.77077910329738 0 878
97.7458618113182 3.09489987207076 0 880
101.177888394971 3.15249771326284 0 880
67.8198486748334 4.64776209064091 0 882
68.2797847050938 2.99437192249435 0 882
67.3381851813371 3.32598498941802 0 883
93.926309535798 3.23453918551112 0 883
63.7072306640244 3.08752719190142 0 884
72.9936703257028 3.2018507866849 0 884
79.3373992045184 3.11455489228435 0 885
91.2349051896222 3.09660278811093 0 886
67.3711614734535 3.283647442445 0 886
101.528689304115 3.08564090908202 1 886
3.93442434272452 3.51036698846588 0 887
97.8481204163894 3.00764092897942 0 887
63.6558151522384 2.99173063969575 0 888
100.397916425092 3.35174110119985 0 889
64.6387634683585 3.09717308088006 0 890
68.0445828417494 3.19818532243244 0 891
101.192438758755 3.082530492108 0 891
101.115492891985 3.32266409463568 0 891
95.8866158626998 3.32006989825765 0 892
101.08898574006 3.08897487771678 0 892
67.335782250419 2.99251998391351 0 894
101.145677423788 3.43768800343153 0 894
67.6010378033928 2.99973914760948 0 895
83.9410134032277 3.4466274628098 0 895
69.6556874117286 3.39913964547357 0 896
96.8050078361164 3.7691677176418 0 897
101.08804259816 3.885727394186 0 897
67.2559346484548 3.35469498729687 0 898
101.121428544441 3.67014918879543 0 899
101.274710338969 3.80482660143569 0 899
64.0252171897463 4.08577907627088 0 900
97.3522490962094 5.02991838615841 0 900
67.2634400395409 3.16579890759569 0 901
71.1208263926996 3.15260569489528 0 901
71.7780226836837 3.35353805558407 0 901
95.8219838564218 3.52705905972215 0 901
67.3819233683287 3.141791488594 0 902
63.8129987380414 3.14115585731197 0 903
98.0450625355417 3.69604652984568 0 903
67.4563372124786 3.47964447692046 0 904
100.416327458029 3.12415334181974 0 904
63.8423984474688 5.25860576730965 0 905
77.4673057175454 4.03485497182152 0 906
82.8950933224655 3.05005009227457 0 906
101.134554955196 3.02361723438209 0 906
101.350628562718 3.01452525178327 1 906
68.7358826929413 3.22552608690598 0 907
96.4646423210738 3.04525752720182 0 908
101.071847185275 2.99656957589477 0 908
63.891029628859 3.0043971924032 0 910
102.229105192217 3.04617646976345 1 910
63.7379743084454 3.84456167828777 0 912
67.3021836293514 3.41437197588799 0 912
101.441217236723 3.81950551886577 0 912
63.7780741617671 3.32066526063162 0 913
97.5539287555062 3.02097109918576 0 914
100.11038149437 3.3035199283422 0 914
67.6772531158367 3.90665765950106 0 915
71.9712412561822 4.05286901596846 0 915
101.279755233633 3.13805139636405 0 915
101.744142684476 3.21379365769853 0 915
67.588104057273 3.157583346229 0 916
67.4095598518189 3.40445493404262 0 917
64.6785236385247 3.01095111386248 0 918
101.127771574873 4.43794017884272 0 918
101.155563648438 3.53428660169258 2 918
70.5470366342793 3.06764830358525 0 919
96.3952714504027 3.03573453554039 0 919
99.4633277922686 3.40034192157297 0 919
14.4539062920567 3.34266283446755 0 920
67.3366477406918 3.08089895157394 0 920
101.068611775115 3.34546134022411 0 920
101.388624731416 3.50335986108977 0 920
101.721408152002 3.76111079663504 1 920
64.120718874099 3.17710708051032 0 921
64.0217565310799 3.03790537269475 0 922
67.2534456146656 3.2649575985194 0 922
82.9088704937401 3.06164668708222 0 922
68.0874964733298 3.24073818791316 0 922
97.2706681504449 3.45637795478554 0 922
4.93987432515863 3.37955575542699 0 923
101.178310392232 3.43401882637452 0 923
101.215838224778 3.57066758916258 2 923
65.0608266199457 3.00022576421218 0 924
99.9279482834491 3.14043316442494 0 924
67.2844051964098 3.08291812480913 0 925
101.261694309515 3.0843215844722 1 925
63.7765464610461 3.35485018131544 0 926
67.9441449557954 3.38730548980058 0 926
101.158566410208 3.22833039166636 0 926
101.162952703212 3.06471139493783 2 926
0.581490231705927 3.07427399005734 0 927
63.8518388808442 3.09671959384224 0 927
67.3234636831612 3.0339359433601 0 927
67.3390398996075 3.13527950797753 0 927
101.738842686153 3.15382199436807 1 927
101.786298985819 3.0664250529089 2 927
63.9687203435159 2.99508409960526 0 928
68.2465580042972 3.71781935009549 0 928
98.2343507993417 3.10465632932931 0 928
101.106335014344 3.88192212549743 0 928
101.961295716819 3.27632042675493 2 928
64.9534254195202 3.21966966472276 0 929
67.3052236813064 3.74512229745601 0 929
95.2006993730374 3.07182818634284 0 929
67.354206021333 3.06481797016586 0 930
77.3680388609311 3.49775567023992 0 931
84.1232978681168 3.06271400250582 0 931
101.080052101289 3.40877152029801 0 931
63.6728346516546 3.06985513807696 0 932
96.6552466036958 4.03840595872487 0 933
101.098994318674 3.16256894911461 0 934
79.0276888713154 3.14799824501642 0 935
71.5830443988664 3.01358008262345 0 936
79.0763578041965 3.2543906877237 0 936
82.0998391052034 3.84912528049903 0 937
67.9423216831864 3.06001761084156 0 938
72.8561081557596 3.24931862741624 0 938
67.3515515380186 3.02331102177313 0 938
67.3209359378207 3.07561358796724 0 938
67.379908887043 3.37582806329773 0 939
97.5895573089444 3.25592793271685 0 939
97.6563535268531 3.71777333495007 0 940
67.4167483643201 3.10427082009185 0 941
102.128790204625 3.3089673989691 0 941
102.166687753081 3.6783305718843 2 941
68.0503275106208 3.75717230956943 0 942
67.3230822783223 3.24804663812073 0 942
71.8478438452244 3.14104516140547 0 942
101.414618446762 3.00070337401068 0 942
64.6902747441952 3.00618541764455 0 943
68.839284014833 4.4399849632047 0 943
71.4213089645396 3.8914534349735 0 944
101.071115465394 2.99031036819314 0 944
67.2772500106753 3.88789796607794 0 945
68.5407640818334 3.44766084233988 0 945
101.268978213738 3.38521192611045 0 945
64.3732469753063 3.00805413004318 0 946
67.8942219240403 3.06638832553115 0 946
101.106859135165 3.0006844406767 0 946
67.3887988054406 3.12849776900923 0 947
69.7175465988987 3.11498261765021 0 948
64.1620313715547 3.16468396769501 0 949
101.155558332077 3.01560045012672 0 949
63.8186876089633 3.69712810207821 0 950
67.2795917530907 3.30385213528391 0 950
99.4555765581882 3.16548742572045 0 950
101.523144625539 3.9007001433488 0 950
101.152083437402 2.99123660980674 0 951
67.847135206007 3.77555902114852 0 952
101.067384885342 3.80705484744383 0 952
69.0736605427766 3.55795181810074 0 954
102.052459423644 3.11595517553657 1 954
67.0124555588011 3.1502016085012 0 955
71.5026192882676 3.91084921244005 0 955
97.3056694373622 3.17006748574707 0 955
6.21954881172697 3.28204705833998 0 956
67.5894305389942 3.32260318949285 0 957
65.8323140418391 3.33135432557534 0 958
101.66336818573 3.06085093793277 1 958
101.722194538696 3.45719386488518 2 958
95.324228133273 3.24526232996356 0 959
96.517461025546 3.11757674406359 0 961
101.513952774723 3.33566318901548 0 961
101.096042048897 3.49578397168243 0 961
101.11789442874 2.99265681674265 0 961
102.224723796807 4.14753158015775 1 961
101.241481779571 3.09536156079855 2 961
67.4757348744652 3.13589808106053 0 962
99.8390090865594 3.13677236185536 0 962
101.303884228439 2.99244617985609 1 962
101.55613185441 3.04098775651859 2 962
97.7456964794312 3.26648055004816 0 963
67.3839646676799 3.20214529615823 0 965
67.4854241193384 3.02340671291047 0 965
73.6262476770666 3.1535711613217 0 966
89.2870964439429 3.8323566167054 0 966
63.8020781288088 3.1409531256613 0 968
68.8326425008292 3.49221391946832 0 969
98.1909064130846 3.04043082598898 0 970
67.2571216621449 3.19831481054344 0 971
67.2952783553815 3.20102067251024 0 971
68.2606784994066 3.17593531480419 0 971
101.458208505417 3.44529482647565 0 972
77.5888299342309 3.01730402499096 0 973
101.278443556027 3.01765453861703 1 973
101.195736950248 3.0327019018016 0 974
67.3570748529677 3.21360600458838 0 975
101.769444064451 3.14422999894014 1 975
67.2734905697159 3.27275585353446 0 976
67.2736318145573 3.02833755339067 0 976
68.881352453606 3.17274472647833 0 976
100.83431855355 3.27272554669121 0 976
99.6924056707701 2.99178089117649 0 976
101.219417364789 3.51059695936798 2 976
0.0303300035375351 3.63919951906476 0 977
68.2635096147844 4.28904248971604 0 977
101.934578370982 3.21048452558394 1 977
68.1581773884818 3.20344145683002 0 979
97.6776575654244 3.18095009801446 0 980
97.2595692017845 3.74284384184838 0 981
67.7578640976352 3.32053531216922 0 982
97.1840755663109 3.7433352505422 0 982
67.2762999324246 3.05613579553805 0 984
101.295753283073 3.16487211357355 0 984
71.657990366815 3.40776288384633 0 986
96.9182754350838 3.08598004655057 0 986
101.632155888735 3.08980618859303 0 987
69.2309132874788 3.04692474731807 0 988
4.65727765735269 3.07791629342285 0 989
67.4135806697783 3.02476354680734 0 990
101.135435229785 3.1984784326738 0 990
101.125798201357 3.8198249260944 0 990
101.479463782841 3.0854345893596 1 990
101.141104662689 3.48118590942756 2 990
67.720346168112 3.70941646296181 0 991
67.2553139261675 4.19028321430228 0 991
67.3755772632105 3.08271169969249 0 992
14.900288056304 3.16750467256903 0 993
67.4985082523502 3.15740438405055 0 993
84.4858865102339 3.23996224819024 0 993
67.2540678046816 3.73432325646198 0 994
69.9658103472466 3.38117263379138 0 994
79.8131945010535 3.80216866236872 0 995
101.226802731394 3.67158735306599 0 995
8.14363124710396 3.02186785161277 0 996
46.3330747375362 3.09833518995999 0 996
95.6874037420861 3.24742234615444 0 996
101.102754268872 4.31121969815553 0 996
101.130745700863 3.727225502157 2 996
101.117657454109 3.07472638052301 2 996
101.219983674593 3.31796428969026 2 996
68.5070913654127 3.01012299208294 0 997
101.180019942865 3.28484103600153 0 997
101.762486937902 3.08990648279002 1 997
14.929800551849 3.14215065766662 0 998
64.0757246714154 3.15960167450198 0 998
67.453211715952 3.22939224134779 0 999
93.2765409473781 3.16132564656206 0 1000
102.13867447663 3.08717976369407 1 1000
