"ts" "magnitudes" "gen" "cat.idx"
80.4124157806551 3.29191532681321 0 1
68.8564019100474 3.21952094722419 0 1
108.870147089222 3.02433457291366 1 1
104.090512996989 3.98343302140055 0 2
67.4154121026157 3.13334945462462 0 4
70.6804117462617 3.77420841138776 0 5
105.223407220479 3.15825090182291 0 5
67.3810775708971 3.02236719201443 0 6
67.3026621665597 3.16900907249647 0 6
63.9975574168157 3.2781297402602 0 7
67.69856950778 4.47325504642234 0 7
108.501252446304 3.36409375737586 1 7
84.2916324294835 3.32616805022368 0 8
67.2627248141356 3.15562535140876 0 8
67.6786690261562 3.15321638004849 0 8
63.8246778610438 3.17455245193427 0 11
67.3664300020884 3.54416787942925 0 11
108.595047792168 3.22293773765933 1 12
107.028222362148 3.17250201297651 0 13
106.420792960184 3.11292440454473 0 16
70.5918130171796 3.29751270434315 0 17
67.2771281783194 3.18687829351169 0 18
108.783207580503 3.22806079826805 0 19
97.1267160456855 3.00222621071667 0 21
98.8644299439782 3.51841059427393 0 21
98.7445525630711 3.80011771458556 0 22
108.676170623609 3.0698878526743 1 23
63.9365405960964 3.30540338592714 0 24
79.6088801724531 3.7634111408306 0 24
106.692870004312 3.19041538273712 0 26
103.707700589208 3.07693430828825 0 27
104.597104554266 3.30958447981065 0 27
99.0429211755502 3.43180988338218 0 29
89.6158072968549 3.14663165784506 0 30
67.2582250346426 3.24816309293955 0 30
96.0467476139201 3.28060757445641 0 30
4.46514071573537 3.84305859239299 0 31
67.396174679488 3.53915410776371 0 31
68.4860432724038 4.32041979941049 0 31
68.1535845494191 3.50090153550022 0 32
102.047182075028 3.00430472732337 0 32
63.7563815028198 3.10945980513946 0 33
96.2185432595846 3.01509116248667 0 33
67.3067889191113 3.29424234732936 0 34
80.8357289305069 3.28237523722123 0 34
108.738294207239 3.6736678024441 1 34
68.2572792830131 3.08069950822646 0 36
70.4829753222999 3.17787555622159 0 37
69.9945762216392 3.50494901744702 0 38
76.1404889607001 3.11639691111789 0 38
108.403952121715 3.01537045666796 1 38
108.849444185364 3.00745971675676 1 39
70.9942339385516 3.30846234060605 0 40
96.0974172193053 3.33446727603595 0 40
101.362429929316 3.22710844058096 0 40
107.799411047508 3.01507482032588 0 40
74.7230543106063 3.28165264062524 0 41
100.45696613163 3.08225018127182 0 42
70.9772188563131 3.18650987332442 0 43
100.167512316616 3.75442195135556 0 43
68.2552863370445 3.10905063059785 0 44
78.0469072484666 3.33703770895002 0 44
97.6655789101483 3.21087336952885 0 44
0.875258027493521 4.65669238771519 0 45
63.7939000057313 3.20650455345976 0 45
69.9701351629709 3.20726297157583 0 45
105.774057015125 3.1547816646688 0 45
84.5599066359026 3.01333641524865 0 47
107.853181172099 3.62997445734129 0 48
1.16794453390928 3.11769307330449 0 51
67.5509203413984 3.06618397348223 0 51
79.4234177342034 3.03869841562932 0 52
2.0426100272806 3.00872105650531 0 54
67.2755682294347 3.20309572156047 0 56
67.5437142980735 3.56769983405153 0 56
78.5625856706228 3.28344272328568 0 56
65.3319665795688 3.11124178508378 0 57
74.5520295346188 3.05735813999655 0 58
94.9606571016667 3.23345322504774 0 58
106.490846498281 3.26117714885119 0 62
0.304592065490686 3.06364251509008 0 65
96.6247493517702 3.5374176087139 0 65
109.243881415556 3.0498188405673 1 65
67.4157832585044 3.93409132670816 0 67
67.4169535883858 3.04465032869171 0 67
68.574409976426 3.31475705217169 0 69
10.6786831190571 3.1709659425687 0 71
68.08322304235 3.02480960820586 0 71
81.0315763134601 3.07342562906155 0 71
94.561539381826 3.01958911813002 0 72
67.2642100103644 3.62798014050703 0 73
67.2926953384875 3.03325449466665 0 73
63.7800107117018 3.23700836838174 0 75
107.455566327559 3.1980139205299 0 75
107.329633124537 3.25376247998106 0 75
67.4133117246207 3.6135633661652 0 76
67.3450196466872 3.09499380834047 0 76
69.8145228936139 3.02980651483222 0 78
67.4959759511848 3.12435452391889 0 78
108.600289827426 2.99762033696437 1 78
1.73708145125402 3.16489466942928 0 79
67.2957558395993 3.83186358049742 0 82
89.2925858123486 3.1613736036507 0 83
64.1607080760062 3.1196448816788 0 85
67.6851845680654 3.07814152173067 0 86
63.7765489449454 3.11580865154656 0 87
67.2780127360041 3.12814604386951 0 87
1.46740640765869 3.20309103533763 0 88
67.2783272683012 3.11928142442369 0 88
74.5118159093157 2.99837108895464 0 88
107.458165217073 3.40331530148446 0 88
70.0279101813449 3.21387745498538 0 89
108.464487425032 3.05973399407937 1 89
67.4170250760634 3.20471248146655 0 90
67.8670911593408 3.38112442701575 0 90
96.3138034657294 3.40705594010715 0 93
106.826238611606 3.03072894577772 0 93
106.330667868284 3.15926583004682 0 94
67.3841142196382 3.46842301389668 0 95
67.2701887049368 3.32889279220307 0 96
67.3131461669405 3.1713510443217 0 97
108.953749252697 3.49318884429008 1 97
67.6453763437521 3.4577217860049 0 99
63.6671232677216 3.11247425888372 0 100
63.8161341473239 3.03040740282551 0 101
108.307772292503 3.06591098837094 1 101
63.7480674895669 3.43826413041799 0 102
95.8833434325594 3.22001174929505 0 105
95.8980912031596 3.23812108099617 0 106
107.418049850237 3.02494953362414 0 107
82.8894079052676 3.49979755810035 0 110
108.344110034154 3.13241118013649 1 111
63.6526730745397 3.07503776535511 0 113
67.5849283634256 3.6222664121126 0 113
108.647284818794 3.1156341759387 1 114
67.3051752788178 2.9965569143375 0 115
67.4606740232121 3.00083219848248 0 115
71.168333665939 2.99044273164565 0 116
68.2913339069324 3.45258999935481 0 116
108.785753147657 3.39167867519381 1 116
108.856460564518 3.15949066240317 1 116
109.067388723866 4.52816796083041 2 116
109.138019963572 3.00342794014082 3 116
109.074862615561 3.11426695088498 3 116
109.075733772427 3.202717199394 3 116
109.117199640676 3.04570687166088 3 116
109.095761654044 3.3334887243593 4 116
67.4546627426844 3.00599904449611 0 117
69.391817960794 3.1890339682866 0 117
65.1998475220714 3.40772833279919 0 118
63.767659593283 3.3663874398682 0 119
105.579739923753 2.9933702495175 0 119
10.4842946717396 3.1624654547255 0 120
67.740093742656 3.01176951690277 0 121
67.4816272153656 3.03836906168974 0 122
76.5922751942477 3.23095278354573 0 122
67.4670492300545 3.27160857329897 0 124
104.306379868427 3.33015257634277 0 124
64.1520622175478 3.57423520200411 0 125
67.4832963907127 3.04493563174277 0 125
108.816936341799 3.09757889145719 0 125
92.1097236294365 3.12717218295486 0 125
108.830340017029 3.86683699119643 2 125
67.403085045801 3.21934671529959 0 126
107.832840319929 3.16519580272165 0 127
100.612897685593 3.12527297451499 0 128
82.8113257799577 3.34675329471702 0 129
67.2755513195768 3.5176948200882 0 131
64.5900858495324 3.94365695092069 0 132
67.3542331662594 3.27721331398953 0 132
71.9922973572756 3.40652224512947 0 132
88.1442083726679 3.11774743779146 0 133
67.3281042226542 3.38242091140289 0 133
67.7201550549148 3.22422951419069 0 133
69.3847641749089 3.09527605359175 0 134
107.174535109692 3.37613373783911 0 134
108.758505815155 3.34679383290767 1 134
95.9250103293827 3.15407866640932 0 135
64.0704873622872 3.40425605829525 0 137
67.2709206329761 3.35374410426988 0 137
68.1019561411631 3.82651641240392 0 139
67.6486012128691 3.39636034450533 0 139
83.6653323519628 3.12710685320253 0 139
104.870486552849 3.69820020491709 0 139
0.252373258159824 3.48556298792072 0 140
67.3964741370056 3.1156582157044 0 140
80.9749047236595 3.21207404507775 0 140
2.34529431465329 3.12337854757436 0 141
67.2838035666966 3.39040476786977 0 141
67.6015518008649 2.99519739559497 0 142
67.3046264856583 3.33711414940023 0 142
99.9068480426859 3.05815476788553 0 143
97.4548890194608 3.02481981511021 0 146
71.8564031669459 3.63875300940278 0 147
99.4852225771646 3.12315574703553 0 148
94.8712478171233 3.1011023735796 0 149
67.2831554038811 3.2046302767017 0 150
72.5128121378182 3.25986548423909 0 150
67.3536122501543 3.90550474973142 0 150
83.8066027896142 3.02168534295613 0 151
67.3138801138092 3.41288936047394 0 151
108.448802315844 3.6203772850452 1 151
67.3790008313317 3.160936651023 0 152
67.2766528850898 3.19287405478074 0 152
97.753795600315 3.2943867960446 0 152
74.8029191038586 3.70917120760522 0 153
68.7201320521795 3.09933500468833 0 153
67.3178662302396 3.10210993799872 0 154
68.2970366118575 3.42184680094254 0 154
67.2843464905073 3.40125769519306 0 155
102.340545479638 3.22000425521643 0 155
108.801130525981 3.37349703038541 1 156
1.26385526913308 3.23492498229171 0 157
102.826587745275 3.1637741951547 0 157
78.8220283546538 3.0096423483716 0 158
95.6256042131994 3.75171816534897 0 158
106.281225272298 3.17557637647599 0 158
66.321009181045 3.02820072985263 0 159
67.742522766389 2.99055211282108 0 159
67.6274502185675 3.21489427683581 0 160
97.3103387171431 3.19425534971257 0 160
92.082636546009 3.54818248918702 0 162
0.057827375148105 3.12743985827802 0 163
4.87641036565792 3.92605540498062 0 163
68.2014454983942 3.07337609561346 0 165
0.116280901580608 3.5209857991492 0 166
67.2757556092092 3.99107925017542 0 166
67.4939963387752 3.02810652573793 0 169
64.117173583717 3.30164767977106 0 170
77.6492969581501 2.99796274134898 0 171
67.4272865256847 3.08558018280178 0 171
40.8966713431006 4.84283994848343 0 172
73.7140240207448 3.93456633164405 0 172
106.332317226543 3.00595258753454 0 172
71.2969180318184 4.1191400348107 0 173
108.953755445992 3.00352230746338 1 173
63.8353123609423 3.09492498906161 0 174
108.278532782783 3.18149961475049 1 177
108.653963157655 3.08722650244901 1 177
71.3594298195935 3.43782333129481 0 180
100.423985462801 3.02437487421201 0 180
68.3410255547316 3.43958501933759 0 181
67.2740049195053 3.09757013145006 0 182
67.8233223332185 3.60383106111364 0 182
0.0637282932733733 3.02949661818858 0 183
107.963446366419 3.01066944634987 0 183
64.2510330851708 3.09245428897521 0 184
78.0569593675657 3.14022161545624 0 185
108.958599267741 3.49082466607628 1 185
109.091346976019 3.22449476624709 2 185
109.201997131421 3.00484744285373 2 185
53.4197983425758 2.99469656945817 0 187
63.7606451701792 3.25006179279581 0 187
76.0188967039202 3.17781666123447 0 188
68.7310041049485 3.08751653661201 0 189
71.519527377207 3.07467918034005 0 189
67.3348846751419 3.57019685401893 0 190
102.875111130427 3.10968752190129 0 190
73.9803196237399 3.82342122826601 0 191
67.2908324540157 3.11531954960867 0 196
106.887514942292 3.64681594360781 0 196
73.5975690282266 3.2514604405731 0 198
106.337980726829 3.27077445328209 0 200
108.325484655545 3.40765714087007 1 201
67.3445368307871 3.01579045349753 0 202
67.9655510794569 3.21827796015338 0 203
104.7863778362 3.17061059653796 0 204
73.7471019859179 3.35128935362045 0 205
67.6077994253901 3.06118885839749 0 206
108.751904390034 3.21486437781688 1 206
0.00648207713022767 3.04617936615469 0 208
67.3606903432343 3.00943880346609 0 208
99.4592537972136 3.15637985661359 0 208
101.090217625372 3.15672600997129 0 208
67.330447620957 5.10620304427981 0 209
67.5101032082491 3.03855746705559 0 210
70.5181280368697 3.10793549073423 0 210
108.827205980643 3.19090273718772 1 210
19.1799418611583 3.02967430740789 0 211
63.7484063892266 3.04875282458255 0 211
67.2536543053423 3.15530075579707 0 212
67.3577145830545 3.29394992890271 0 214
63.6605231420496 3.83117364173636 0 216
102.463438685845 3.23848365841339 0 217
67.2952952565517 3.06518996665582 0 219
98.7936488945127 2.99328007392775 0 220
100.808747146902 3.11628481577692 0 221
80.5307833272111 3.9259199956186 0 221
99.5138209125339 3.59237380009296 0 221
3.29495807063792 3.23583510457036 0 222
0.262188600640825 3.05159414877199 0 222
67.2548694446532 3.1216239947512 0 223
95.8278216864251 3.04348606968111 0 223
108.498107769507 3.04365507665885 1 223
108.321810340959 3.3069489645078 0 224
67.3035634156456 2.99000131657966 0 225
72.4619050677679 3.0857675974805 0 227
90.3509450819476 3.15801122370166 0 227
66.9003318681296 3.01344632320089 0 229
67.4916981603466 3.14331750519364 0 231
70.6564535757342 3.79236254173342 0 232
102.126886155682 3.07998838618095 0 232
75.3380933247383 3.5548052907886 0 233
68.6779884140473 3.46751896923441 0 234
67.3485050735614 3.03468849157913 0 234
79.3347058972908 3.21935344102333 2 234
67.2593349278726 3.16142941774527 0 235
69.2085603688522 3.5761317007533 0 237
63.7808886124132 3.26778522169195 0 238
84.4879330126761 3.02068647416461 0 238
67.7931729564348 3.45956495224856 0 243
67.4471817036575 3.70205927488548 0 245
67.6493884753892 3.54464475198577 0 246
67.8690379169573 3.23819249763763 0 247
89.1548992898432 3.76897852366475 0 247
109.178377804793 3.03779019197742 1 247
72.9747066499349 3.20720462597918 0 248
95.9391057183161 3.1229413075023 0 248
97.171911975331 4.0853395736248 0 249
73.1698823155065 3.02678563211739 0 250
68.7230480925592 3.44701922663191 0 252
67.2685716505124 3.27151622398869 0 254
72.1203950225528 3.49026896213876 0 255
63.6746284266576 3.18077542063362 0 256
72.9532724410758 3.02374306612474 0 256
107.699859112549 3.33410911839544 0 256
94.8665786249339 3.36989267183691 0 258
67.7403139874374 3.28077105570923 0 260
99.5936342025067 3.0025875544517 0 260
16.8443007474371 3.00546350563948 0 262
70.572906391891 3.11705638958199 0 262
46.3725445790432 3.71260251159113 0 263
106.985182812892 3.15573263676674 0 263
69.0572153919824 3.19742336086781 0 264
95.8806112586516 3.11407584263982 0 264
67.4096590755223 3.55406541916815 0 265
67.257283604177 3.38409743276864 0 268
67.2859458870018 3.69681708144039 0 268
99.0131629616378 3.51204659883655 0 269
0.00208923564160994 3.10659818915514 0 270
71.5322635492273 3.46739038699784 0 270
68.1212673414781 3.44452038232954 0 272
108.919813166444 3.0240014982925 0 273
87.5590987878144 3.01974282127135 0 273
106.387221878418 3.26053633039893 0 274
67.2589233321496 3.21830517890384 0 276
68.1215317217906 3.01786087144849 0 276
69.3735440710724 4.10571109559612 0 276
69.4674232353225 3.4224630213708 0 277
68.5442745890603 3.34736899011139 0 277
67.5643240799505 3.36797154618083 0 277
76.2799715367291 3.3860903417365 0 277
64.0286645215458 3.10088000797661 0 279
90.5907588779272 3.78205932276991 0 279
82.1956659555592 3.91674534234236 0 279
63.8798323065842 3.18496645456292 0 280
67.3933745395478 3.07284162853604 0 280
64.419642360591 4.4556720474947 0 281
67.5565440589546 3.46549076661745 0 282
67.4404255153052 3.22611606139613 0 282
106.120120060174 3.02073705298456 0 282
63.7882277789763 3.34379666468929 0 283
69.9621228958579 3.13633200142178 0 283
71.3514342976901 3.07409055585048 0 283
4.81347917700243 3.34067158209826 0 284
67.6152145884821 3.14550902678599 0 285
95.8574077792599 3.63967371949267 0 286
98.6040700540469 3.34078411063633 0 287
67.6464841609117 3.34253882800725 0 288
107.038938136005 3.16989755041364 0 288
63.7620106623783 3.26467563441726 0 289
67.4217971508247 3.43490247537355 0 290
107.034461803303 4.03104906148596 0 290
90.6446303660577 3.66536795089561 0 291
108.727399838556 3.30670290963336 0 291
75.7656672186644 3.41635884681466 0 292
68.0709929114696 3.25399638936923 0 293
107.017608595674 3.26012827501918 0 293
70.1035515292481 3.21308537971281 0 294
97.1792218862355 3.4875059207027 0 295
76.4218235522266 3.56940638202353 0 297
67.3870769820825 4.04887088449027 0 297
75.3063404599742 3.14212153956345 0 297
106.076677827153 3.0300595207642 0 299
67.3825314237428 3.01433649764111 0 301
67.4061039010324 3.28420127392596 0 301
0.0174163378037083 3.32566164216302 0 302
68.5653330350739 3.87726001725804 0 302
76.2948959562017 2.99062071874649 0 306
97.6599934703967 3.34895736789129 0 307
97.1277911480701 3.58272698558527 0 310
83.5457616107158 3.84445024182321 0 311
70.0123830755399 3.29799884391442 0 312
97.8992053418858 3.31724685254443 0 312
100.339312686501 3.21191090087062 0 313
68.540268477618 3.57196364606973 0 316
67.6971762099521 3.09570926441499 0 316
83.3287541876444 3.89846626563974 0 316
106.334605520129 3.30636663012415 0 316
68.8976601774249 3.00070019656341 0 317
67.2963939148718 3.0012912336783 0 318
67.4288861345372 3.25923471369151 0 319
67.4170929833467 3.27118805354222 0 320
107.906114276077 3.32277410584482 0 322
63.93472561462 3.14912770318736 0 325
97.4002849336336 5.92944859459067 0 326
106.355623790137 3.1485722236963 0 326
97.6398302065173 3.21627647674288 2 326
97.4395695149973 3.24825804685065 2 326
97.6184700546746 3.23091617709807 2 326
69.3147399723048 3.01811078880264 0 327
88.3286087316334 3.26212084799779 0 327
67.3550478021687 3.06700808440909 0 328
67.2527606094609 3.02846401988317 0 332
108.499977077571 3.07580659889305 1 332
63.6977416098432 3.40902151489586 0 333
67.5748271874502 3.16170762691318 0 334
67.518255243805 3.29146739599565 0 334
67.2896724406756 2.99623879892154 0 336
66.0708950406075 3.13071602491512 0 338
68.3830555410579 3.01923608395514 0 339
75.908777555364 3.22056288530952 0 339
67.4439609179165 3.05766231022141 0 341
108.34736931066 3.11525657205135 1 342
108.441542183495 3.19136034224271 1 342
63.742593282883 3.23681230533755 0 344
69.7879656923924 3.70332899834917 0 344
5.85733352547325 3.11672981408937 0 345
68.0395358529915 3.0936643846663 0 345
71.8717353110323 3.32321282674721 0 345
105.277392424703 3.07933528956917 0 345
107.955419804752 3.02731215642883 0 345
74.097591670097 4.09288137114986 0 346
67.3363323512651 3.04798204983641 0 346
103.421859010128 3.20727959618463 0 346
65.3644855340656 3.60570289387379 0 348
97.0863270081989 3.3291809927868 0 349
67.3354405045851 3.3681821583897 0 350
67.5573411278656 2.99104573809606 0 350
69.8620092812655 3.1864834098593 0 351
108.644946781363 3.17548465444942 0 351
108.756405432039 3.64081305272395 2 351
108.774311581627 3.06805392388587 3 351
73.2462964024916 3.01723772082689 0 352
3.77217209558804 3.67419912994089 0 354
73.6748459080027 3.93935480688425 0 356
99.2982910667637 3.03161564343465 0 356
0.106164657697476 3.56871656081189 0 357
63.7955635812468 3.80550682764608 0 358
67.2793689604095 3.47924830096236 0 359
91.3039499413329 3.06796708910136 0 359
108.436944257449 3.46825198411977 1 359
1.77983208553423 3.362111734151 0 360
0.0643850756031577 3.18802373491997 0 360
101.104555090374 3.12321429694844 0 361
83.6591664121284 3.15413989557047 0 362
67.4679402773192 3.05206796795973 0 362
70.3467928024059 3.25511077639671 0 363
67.2680887658966 3.04235948495732 0 364
67.2916253676407 3.15634485930279 0 365
82.6961395419662 4.37870238554422 0 366
108.274344435102 3.13714709062927 0 366
72.2593197998279 3.14998443973095 0 367
108.938543481966 3.35534821458571 1 370
67.4759724269637 3.27626652363808 0 372
67.3889775170522 3.08435547051681 0 373
68.28721026548 3.16470388911142 0 375
67.2537314223835 3.0864419636698 0 376
67.2556771676362 3.07246569457759 0 376
82.7883659053049 3.87402672709139 0 376
0.0747791494624655 3.46264535990855 0 378
73.9596359221536 3.15246007933683 0 378
96.0516219960941 3.08149189975724 0 379
63.9231270401633 3.2145976621167 0 380
67.2782932463024 3.90050766041162 0 382
63.6780462161483 3.26786424655851 0 383
100.667628028344 3.11094209502038 0 383
0.141794969035529 3.89634036134556 0 384
64.5243837449152 3.10782414011609 0 384
63.7452770081404 3.5458446398235 0 385
103.885089706682 3.18244862819634 0 385
69.1828966963832 3.1193808822929 0 386
63.7391717573424 3.21614571561974 0 387
67.3070934764139 4.25549823277213 0 387
69.483654559112 3.30846426017599 0 387
97.6696822048695 3.12735991919209 0 387
107.623002066991 3.10514032528993 0 389
71.0471306812194 3.04262984776379 0 390
108.259764365833 3.23424008797478 1 390
108.499482659154 3.42345292331288 2 390
68.3738140541229 3.73413696584996 0 391
68.225192843979 3.1257053574934 0 391
108.275282721947 3.04186129441508 1 391
108.773389620739 3.06972739972546 2 391
108.991909681567 3.16311088542289 1 392
31.2303754046371 3.25963944180505 0 393
63.8166546588239 3.70334850604913 0 393
67.7415657174192 3.31896638842782 0 393
74.0114194885641 3.45511673266529 0 393
97.281468220344 3.16819714564047 0 395
67.4940974739754 3.19733949889848 0 397
82.1034930778019 3.69975410159651 0 397
96.3639334997293 3.48738231126067 0 397
63.8046012024393 3.25116289049924 0 400
107.383603465332 3.12751895284638 0 400
108.386411603754 3.25341274364321 1 400
108.448717692014 3.58034804634517 2 400
108.490980643764 3.32450591654364 2 400
109.175353818813 3.36340053844059 3 400
108.864904716255 3.00231025188828 3 400
108.722189930057 3.0152349988338 3 400
64.1879899895193 3.08607895923889 0 402
65.3016223710405 3.41856766650129 0 405
109.128016181504 3.07183551466734 1 405
63.988769279395 3.33449642859559 0 406
67.3251111049622 3.27042873630588 0 406
67.2653764065611 3.58656259049686 0 407
1.65577863388937 3.11317526834179 0 408
108.218101979265 3.15303032718589 0 408
71.984484317425 3.10439793622565 0 410
81.6372709386695 4.20253421507111 0 410
65.1416659298126 3.07712725733284 0 413
67.320314346973 3.12286958872153 0 414
67.4821412067774 3.15266920521203 0 414
67.5418641475705 3.57510583301057 0 417
82.9312697935792 3.13520545153866 0 418
67.3055788648764 3.44514417155525 0 418
76.2320747782404 3.33321367961605 0 419
63.8936066698768 3.35987104039324 0 420
107.28397384634 3.0788006022893 0 420
94.1690802345664 3.50122839023374 0 421
70.5074994022434 3.46284748353078 0 422
89.1223449672307 3.02548877129943 0 422
69.5612273015962 3.37308108842057 0 423
108.293756869756 3.85857399514612 0 423
108.304460238912 3.1319450978898 2 423
108.494093995926 3.06367835833376 2 423
108.390943785667 3.21482416515936 2 423
67.3372158808891 3.89160785613492 0 427
107.560558383462 3.08895035836155 0 427
67.2860122061639 3.3633855636137 0 428
108.979285302785 3.30794789828475 1 428
108.486465761652 3.47734030514457 1 428
108.988889452351 3.04337271316185 2 428
108.729970280465 3.00407964562894 2 428
108.636908709015 3.35513181911119 2 428
108.673532645472 3.30346425400211 3 428
68.9217350766532 3.11541612948629 0 430
67.3909828974982 3.01957961335525 0 431
71.6523248478425 3.10979064223161 0 432
104.629514372274 3.06383999508954 0 433
101.056773428474 4.01096415520755 0 434
72.7708030622618 3.67374354594826 0 434
71.0096371836578 2.99596576146836 0 434
71.166602099636 3.12183720304512 0 436
63.7736277978974 2.99375952545193 0 438
68.4007797985656 3.12869794204171 0 438
83.6401634057162 3.20201941208828 0 438
96.1202088355058 4.29477580727747 0 438
104.441942594411 3.17243535094162 0 438
108.397704962156 3.4572642632645 1 438
67.2840831785473 3.14545552649935 0 439
104.524907117398 2.9978870797934 0 439
107.546261199321 3.07496020601608 0 441
67.9116973704289 3.61515768534127 0 442
69.6854310990949 3.09264449649301 0 442
76.9360742645081 3.30826700219246 0 443
67.2652436880008 3.33879724262697 0 445
69.4294901771895 3.03086315316625 0 446
108.480836732294 3.42466135189224 1 446
67.2556476857341 3.03703792582891 0 447
107.287264048234 3.12517507902302 0 447
70.8035293910404 3.50439902066702 0 448
78.3754619923396 3.45820014913657 0 449
71.9033374639718 3.01834377553251 0 449
106.123766415719 3.19098310100138 0 449
67.4115462343809 3.51461894071687 0 450
108.703536637807 3.09624565288013 1 451
108.521650550402 3.1975066628111 1 451
63.8545829951723 3.17772496896856 0 453
67.711998464941 3.22592250789899 0 453
106.171398979872 3.15386199389152 0 453
64.2976339871767 3.0492873327069 0 455
67.371769636752 3.11916821789358 0 455
80.8718290536893 3.22031176238384 0 455
102.330230169249 3.08977680472158 0 455
0.12516025663284 3.13737052678327 0 458
68.4479193229923 3.28983399951081 0 458
69.5663538347534 3.26146833481787 0 459
67.2543671472712 3.59262697367557 0 460
68.4224260580613 3.48622412010508 0 462
107.606598539459 3.33702909512226 0 463
88.4952929869564 3.61399847413916 0 464
73.3867770453697 3.22822611139271 0 467
67.261101994305 3.06917379451146 0 467
24.7600155874641 3.32836242587359 0 468
108.879168229624 3.23027007200992 1 468
63.7940235480204 3.53998723120347 0 469
71.3909024374807 3.05081906938866 0 469
81.3885231565088 3.26907241597668 0 471
108.988526030191 3.7825407215851 1 471
109.040636190681 2.9974419802918 2 471
64.9760952473302 3.24021649569238 0 473
65.1882773703323 3.16038297749097 0 473
67.5528088001899 3.26742496513027 0 474
96.6149875955094 3.02812395288917 0 474
105.305949367279 3.09602421839326 0 474
67.527389030138 3.50777740014638 0 475
95.7918766957303 3.16420051555196 0 475
107.310529944381 3.36052442855513 0 475
67.3687983899737 3.19365351999965 0 476
67.3173800423346 3.055836918306 0 476
67.2786906830913 3.06799563603911 0 476
68.1525480225303 3.35309514784239 0 477
70.2401832877716 3.1553178333347 0 477
98.7625077770898 3.65659672446563 0 479
67.2580731612944 3.74862312980428 0 480
67.5827022898111 3.12366719669396 0 480
67.4569881115358 3.23206199435786 0 480
65.1220844910925 3.18269632997453 0 481
107.909920774962 3.20996917589017 0 481
0.0263308068532924 3.08718073257028 0 482
107.428686788072 3.24788032771738 0 482
108.968963836068 3.16215605889031 1 483
70.0622699538733 3.33703952218015 0 484
67.3291796837844 3.17049994742371 0 484
69.2859067142285 3.05213261659885 0 487
67.4559461849566 3.16738190719432 0 487
108.680769296072 3.13202139306954 0 488
95.9233106438327 3.34079415166932 0 490
68.0327488477784 3.20375740619697 0 491
67.5110029107902 3.0795454991922 0 491
67.7944842706578 3.16012572239853 0 493
97.3434558390059 3.27827561357017 0 493
68.0199050492566 3.31346949911693 0 494
68.8868580456861 3.50930850378815 0 496
64.2803356074147 3.32366301962673 0 497
69.4150369577082 3.67899105371991 0 497
109.069196488456 3.25919873497401 1 498
109.069696538186 3.68698850827468 2 498
68.3103922015017 3.33422500711994 0 499
108.008375673656 3.01643414714909 0 500
108.781751572759 3.58016272734845 0 500
109.080452087898 3.25593786073941 2 500
67.2573585237956 3.36227190983708 0 501
67.488628675334 3.36535779206325 0 501
67.8797221124361 3.27230819366624 0 501
45.5361031537937 3.27958343753802 0 502
68.5872390144775 3.04739010226796 0 502
82.0840212848015 3.80438885708267 0 502
93.8633279074454 3.25206930692637 0 504
67.4862069120775 3.25615569981084 0 504
64.6841191226956 3.02999256274162 0 505
67.3057902162634 3.39678837315624 0 506
91.8917620353009 2.99029197913113 0 508
67.2859726775342 3.36731745147667 0 509
67.354548376211 3.04451948454552 0 509
67.5243726128896 3.90285221767004 0 510
107.3558199505 3.07231641923301 0 510
107.577634553061 3.07943338309831 0 511
107.67086485447 3.52185579938789 2 511
67.2665078987936 3.26502336784951 0 514
67.3910182908514 3.19013031842045 0 515
67.3330145437804 3.04691877646302 0 515
108.549387950664 3.07380760121267 1 515
106.045771838044 3.17007182243075 0 516
70.8410046120892 3.08080290135645 0 518
68.4655744598522 3.42213010444158 0 519
107.277766291738 3.2053654998628 0 521
68.3046010199383 3.4948710401421 0 522
45.5037496988234 3.0823819499325 0 524
63.7899219163837 3.21134919474426 0 524
67.2648166770743 3.39778809160588 0 524
0.0347735963607407 3.15277874824602 0 525
77.0509251070311 3.76035859182393 0 525
69.1919817653545 3.40448865497271 0 526
67.6931437542812 3.06278264947185 0 527
71.18881797095 3.01205180243817 0 528
69.9751130234967 3.31484626491195 0 528
63.9834578751479 3.56318414149437 0 531
88.2950887811813 4.41403839571819 0 531
67.5307045856762 3.78058736284742 0 531
108.351175934988 3.61922720210105 1 531
63.9459035580262 4.09703504420698 0 532
67.2801322221083 3.58570748996122 0 532
67.3494879933517 3.42589301019681 0 532
69.3211398177427 3.32423036282351 0 532
22.6896833986577 3.16097199386245 0 533
108.773201544051 3.0457062551547 1 533
67.2639676637996 3.26004082600076 0 536
67.3648674695993 3.96460885811625 0 537
72.3381937783799 3.56339611582231 0 538
8.4620278708991 3.08064997917132 0 539
67.2602978927009 2.99089621739536 0 539
68.8668118390569 3.64833561841615 0 539
67.3462922738095 2.99048745876193 0 540
94.7226562970982 2.99325725706988 0 540
68.9851549841833 3.01985539702387 0 542
95.8635246911514 3.17374437994254 0 542
68.3853841352651 3.69480613743728 0 543
71.0661815967833 3.13341298024098 0 543
107.599042477443 3.14880244393647 0 543
63.6706663811962 3.64873211038566 0 544
67.7540519041931 3.00316010878948 0 544
108.914549790071 3.27895724419256 1 545
108.91490591673 3.08224024819418 2 545
79.7089068378068 3.19358137585962 0 546
97.0217119521194 3.05341439131427 0 548
69.4171767586588 3.10184477013359 0 549
84.0830809247989 3.10074851058551 0 549
67.9642231287086 3.48263940412575 0 552
71.4774897328049 3.31613951608406 0 553
78.9245225100484 3.76420324441629 0 554
80.6278227352963 3.63905300885827 0 556
108.81565629363 3.06013013245066 1 556
107.003857384416 3.19195731001459 0 557
67.2539683636503 3.15952901562879 0 558
68.8156854734655 3.17488601765753 0 558
67.5909380380575 2.99933929173771 0 559
97.6832375511971 3.25347496803093 0 559
66.6154165174828 3.10280444422135 0 560
67.2708966625851 3.62998899529636 0 560
23.7268312553478 3.00361317559035 0 561
67.4892394110339 2.99831958886318 0 562
68.1677273095148 3.09006717497074 0 563
106.019446486214 3.29363035188977 0 563
0.310348243767939 3.16456005212761 0 564
64.2674332544877 3.02160709427466 0 565
67.2780616269256 3.17493351474366 0 565
68.3012105351335 2.99455136621093 0 565
107.918645998825 3.20571911170103 0 565
23.3254068337473 3.20772828990275 0 567
69.3422860317515 3.37958993807182 0 568
109.170354064767 3.04306042579895 1 568
65.0318295152514 3.20242732660915 0 569
106.560093649325 3.23670325370861 0 570
107.967083805924 3.03368706366399 0 570
67.7713377850549 3.06708660196971 0 572
67.2802778659992 3.43525486309209 0 572
106.332159293693 3.44831890472576 0 572
107.544721960094 3.04993512863682 0 572
97.1574242938904 4.07415804588011 0 573
107.530311407069 3.32403209572766 0 574
94.2301401265087 3.00041380820082 0 577
0.0916547893828502 3.6425924831554 0 582
0.126080492329947 3.26520299219627 0 583
63.6869406538088 3.93776233590211 0 583
67.2589158027566 4.91089738953748 0 584
108.446244179767 3.13057358349403 0 585
68.2170726410476 3.26463575678151 0 586
70.3927937230185 3.59056407281278 0 588
95.674246351199 3.12219293925589 0 589
107.385417662057 3.61916339639593 0 589
63.8041434856166 3.01326738435054 0 590
63.8904380645672 3.02088919638964 0 590
67.2972019458693 4.40706755733769 0 591
67.2906510900447 3.08494562542109 0 591
68.296257044801 3.01616761156008 0 592
67.2569846249432 3.00663856536482 0 592
107.330198651471 3.10458810794681 0 592
67.6717619933094 3.03423227045652 0 593
108.314472700451 3.15895974268048 0 593
98.1394460112338 3.18305113215214 0 594
104.8919512618 3.04411030755558 0 594
0.324346610911375 3.05580287479819 0 596
106.619252682714 3.199116332336 0 596
64.2570017010675 4.00591638670393 0 597
67.4029522349821 3.20431355568944 0 598
67.4904215514126 3.01772816297155 0 599
68.1754025140883 3.08672821141621 0 599
63.7616800467197 3.28262547218697 0 600
82.7338412324545 3.06152491496683 0 600
67.5676019546287 3.17059960085517 0 602
67.3286853275314 3.04942873011946 0 603
67.2569804142716 3.13666261107374 0 604
106.983806837165 3.02131993982019 0 604
76.0230575423252 3.04155614245615 0 605
70.1669823541687 3.21146201689209 0 606
67.2772771985595 3.55279011257267 0 607
67.4593231282084 2.99490116370209 0 608
95.9414145719908 3.0422854700243 0 608
108.728948261802 3.61703221386111 1 608
108.764282194843 3.21026872499201 2 608
108.927190475717 4.19010390901887 3 608
103.655697485096 3.52257934213554 0 609
107.286163663362 3.79139612818426 0 609
108.636858825552 3.11602221106038 1 609
66.3878796311088 3.0160283906296 0 610
107.622714390498 3.45137429899022 0 610
67.2859836463902 3.65234114817807 0 611
67.3052100083583 3.10061617455868 0 611
70.2740280316447 3.49363316509173 0 611
67.2789304003719 3.40849064140728 0 612
67.3761723191214 3.11135896192952 0 612
63.8054530365646 3.53121292182782 0 614
106.429907243635 3.24845940231267 0 614
67.9427415143988 3.29582140083461 0 615
67.5293320798215 3.16305756782743 0 617
67.2864618926299 4.52914031026023 0 617
70.8502164856444 4.46870486098681 0 617
104.548229267067 3.13113177653448 0 618
0.00222426083972925 4.02363805032302 0 624
67.2581990327414 3.56964464831656 0 625
107.049506694855 3.33515664159209 0 625
108.581999483499 3.62114796268741 1 625
108.585794780375 3.166173413397 2 625
69.4324866236441 3.34691610339326 0 626
67.2772579197011 3.09557207833166 0 627
70.493413649954 3.11697214603148 0 628
98.6700739119874 3.22685118397371 0 628
70.0603440239824 3.20559651204676 0 629
67.4947765420961 3.53336507729582 0 630
99.6880353920097 3.07282597658812 0 630
63.7386699593964 2.99691105196702 0 631
67.2705094938578 3.06404455206634 0 631
67.4408780895854 3.17145445781985 0 631
68.7729680281595 3.10886713579851 0 631
89.9670740710302 3.14905195288555 0 631
63.735206458178 3.42935659785905 0 632
68.2157447727578 3.00184740740107 0 632
73.9884442538691 3.25502760450703 0 632
45.6929448256595 3.03606242661183 0 633
67.2610777147163 3.0043134720309 0 634
108.866885099308 3.17164128656923 1 634
12.3567085784276 3.00553711602917 0 636
65.8915617022439 3.01907442805094 0 636
67.560362288179 3.00392440207601 0 637
81.150130319327 3.17376072249331 0 638
67.6415141663639 3.18969013491692 0 640
84.8407938873263 3.47162393503613 0 641
104.637510568917 3.10933212950119 0 643
67.3077135280678 3.52206533189171 0 644
69.4242398751876 3.9491960590427 0 646
108.317700137132 3.7147775988351 1 647
64.0490533593026 3.09251606996236 0 649
64.3457840213081 3.16492298081373 0 649
68.293608965595 3.06568857730112 0 649
107.852240654232 3.2494147487036 0 649
67.9654760816363 3.08663831558866 0 650
67.8973208618866 3.18845566345473 0 650
105.567084284495 3.8750589055415 0 650
64.7965607328515 3.49354050611064 0 651
67.2712078131903 3.46794856611063 0 651
67.3215226875108 2.99929807303797 0 651
67.6048854002551 3.32165110764354 0 654
70.2517148524222 3.72969312064148 0 655
68.32400534484 3.94343423755745 0 656
105.300877731744 3.75483234007062 0 656
67.3302212540572 3.28440066975231 0 657
67.3165689211866 3.35945567284516 0 657
70.6835007028885 3.14872045321458 0 658
68.060580261959 3.15302007948176 0 660
0.0156569594135368 3.30788051489632 0 661
72.5841012638484 3.17372684265943 0 661
67.3317399997688 3.07199972094293 0 662
0.0794614852466776 3.20185039434856 0 663
67.6126214963167 3.01472319258859 0 663
67.7061696133431 3.29244257092401 0 663
109.132782702781 3.5288249289494 1 663
63.7446080469653 3.12797722154056 0 664
86.861531550232 3.1163406478139 0 664
107.480657879167 3.33863045363035 0 664
69.1881190332913 3.47045674380367 0 666
67.2678959485469 3.95225116852247 0 666
68.0648632568866 3.18344003456881 0 666
106.153098430374 3.40667060492159 0 666
107.005340100909 3.08045007622984 0 666
67.3656977014193 3.83068502999168 0 669
67.9377616791401 3.10691385249847 0 669
73.9737255653014 3.04642777593111 0 672
96.3229790233159 3.3313238627032 0 672
107.866274155642 3.17547347998323 0 672
107.752611950799 3.23029732281787 0 674
67.496155001915 3.49633514121921 0 675
107.283099469443 3.04392122676978 0 677
107.857490963971 3.27169836227376 0 679
102.942250266141 3.0944127249977 0 681
67.2676471415491 3.27733199103777 0 682
67.7453403512578 3.22250962543426 0 682
68.5409461429137 3.01380155853749 0 682
106.402438233221 3.30330261294307 0 682
70.7626667468709 3.0821817513781 0 684
96.356299627116 3.20467966674864 0 687
69.8764020758769 3.1043479126561 0 692
108.637194400401 4.85449305653609 1 693
108.882387243794 3.04434143092675 2 693
108.658503903424 3.22656434308536 2 693
108.678737209846 3.13901961352655 2 693
108.691423880652 3.07766197530903 2 693
108.647218229385 3.25856916493567 2 693
108.696616566643 3.03082192541138 2 693
108.673926981267 3.05615409974693 3 693
108.755823815621 3.29913842043683 4 693
108.799461191966 3.82062130525122 1 696
108.601924684345 3.31686838703193 1 696
108.978438473986 3.01272248188377 1 696
108.854713307822 3.19476672696299 2 696
64.6565225383459 3.46690609443441 0 698
108.299291897779 3.58229934805886 1 699
108.313874083843 3.06543106787172 2 699
64.1449665418847 3.22633662008066 0 700
109.064652432105 3.76197024893383 0 700
0.00460320773424993 3.76603607379346 0 703
78.4895939267433 3.14240623944071 0 703
69.9387978437929 3.10433194060973 0 704
67.3060863895246 3.06014569123763 0 705
67.2661734657161 3.49897097770286 0 705
76.1185701452934 3.55615365234638 0 706
108.320348992459 2.99934690686639 1 706
108.488004664173 3.4389367991088 1 706
101.966909560997 3.16477141901171 0 707
1.02727608004253 3.08841473108951 0 708
67.3862595057523 3.01392525166354 0 708
67.2762058275914 3.35178686337164 0 709
76.0234549744915 3.27047897031199 0 709
64.3071302076173 3.46947524612037 0 711
95.7851680548416 3.42077725934803 0 711
105.583149622751 3.02564535909665 0 711
72.7693088156036 3.16334483952835 0 712
82.6996709195503 4.07468331486673 0 712
67.5524181144468 3.15260903036013 0 713
69.252769487056 3.57846038994828 0 714
29.7703168676763 4.84597469260749 0 715
67.2833949143393 3.19192438420939 0 715
67.2680109849113 3.47996148194635 0 715
97.6551307984958 4.2011092397738 0 715
108.614623178243 3.8650452532193 1 717
108.652822029365 3.00806263404705 2 717
65.2555352878251 3.23051038962833 0 720
108.425351000139 3.88901208859373 1 720
108.458013799313 3.44573214789311 2 720
108.436864670483 3.1205390622109 2 720
108.680316247526 3.52326818716431 2 720
76.0309478726311 3.23301300440288 0 722
63.7456766758549 3.00820294035815 0 722
23.2065451793008 4.13708166298153 0 724
95.2349479411845 2.99748880567966 0 724
107.278512611565 3.27061950942272 0 725
67.4251079614363 3.36108689314794 0 727
84.3965105536762 3.13530729326773 0 727
65.4504758132863 3.00719155298991 0 728
106.136607631676 3.21583822990551 0 729
63.765812885817 3.02438291162942 0 730
67.5322228068989 3.42194212292016 0 730
65.9447477447263 3.15164738201771 0 732
101.315855084364 4.55307390580891 0 732
63.704425160342 3.47957581109207 0 734
2.29804635825686 3.02083548326808 0 735
67.5322785177245 3.03201096447638 0 737
63.6678827246658 3.05047536631152 0 739
95.8909147750467 3.0156446621715 0 740
91.291641185892 3.87339278790553 0 741
67.6881821155622 3.15698422729452 0 743
99.4156025830673 3.07602231230668 0 743
67.3103917396606 3.21078262076909 0 745
67.361653367492 3.91137967557972 0 747
73.0599999559714 3.18680812211152 0 747
99.9962395957033 3.31432991271551 0 747
103.169140640853 2.99903170837524 0 749
106.274470044477 3.19623443420188 0 749
67.3785038918665 3.01773944834504 0 750
101.40543264045 3.49452574659178 0 751
108.15954698522 3.34597393303705 0 751
68.6780320059545 3.11858670006812 0 754
67.2622577535334 3.0842835261652 0 754
69.6602964293452 3.23182738245111 0 754
82.0925117586011 3.00166329425541 0 754
67.6233549014504 3.68480014521711 0 755
107.856066238067 3.61680515200425 0 755
108.393571326257 3.08608413899937 1 755
107.911372157961 3.69633722752984 2 755
68.5603552009355 3.43261684683439 0 757
69.4622045672173 3.22658660930901 0 758
108.45599869657 3.41493774095348 0 758
68.0328058977946 3.5285885233591 0 759
68.4991299150238 3.5500140333069 0 759
70.2176422221101 3.91032993794638 0 759
68.9989527513079 3.39070738673841 0 760
69.2348225559804 3.16015407347107 0 762
88.4165640919379 3.53705872123942 0 762
0.187228531460164 3.83854297739421 0 765
64.2738140008123 3.35614127824002 0 765
83.024416824251 3.17757805681206 0 765
63.8082493920364 3.0353475212044 0 766
105.934728181239 3.07080184431243 0 766
67.3108001352132 3.02082451115845 0 767
69.0728966635088 3.29500606895422 0 768
76.5299877717761 3.24072388566286 0 770
68.9921953706451 3.31845571186396 0 770
0.0279628308910118 3.01542484229816 0 771
75.8672898203999 3.38116243183458 0 772
108.368333360627 3.05681862117213 1 772
67.8269287110786 3.55157259019318 0 773
108.519259645817 3.00574953635899 1 773
67.3059007664178 3.05886580813118 0 777
67.2718425213872 3.6113151340963 0 777
80.5685469324848 3.32740641797495 0 777
80.600680673357 3.53312851547258 0 777
37.8160656891006 3.10209703164781 0 778
66.6489456878441 3.48564079049001 0 778
67.6581589498645 3.17269313879349 0 779
72.1539647350673 3.21218310185704 0 779
99.6582281046694 3.09704048662561 0 779
108.580452210209 3.11586422076363 0 780
107.837199926882 3.24761644248255 0 780
67.2829557394005 3.09694711443085 0 781
67.3037552095686 3.16850111846314 0 782
107.683402176181 3.25246928637181 0 782
109.250224652681 3.3878693783168 1 783
78.1519389076254 3.11145104281508 0 784
69.3737902162664 3.38775609672644 0 784
81.8098421287875 2.99434529461488 0 784
108.194007521224 3.25047066265107 0 785
0.0433171009785728 3.80192771392601 0 787
69.316282626975 3.11308452867089 0 787
43.8073583601277 3.383066040809 0 788
67.4609628383889 3.38503190401794 0 788
89.858684656057 3.15678735592446 0 788
91.8589236551589 3.18168658770999 0 788
4.39665500713323 3.33355284999274 0 789
67.4698951205882 3.35497707327951 0 789
109.131187554197 3.27972284479039 1 789
109.134215084908 4.31240098986532 2 789
109.160015948022 3.14293664536907 3 789
71.5040463965766 3.30565747869776 0 790
9.04041519714654 3.01163851481189 0 791
84.4448793137304 3.2550143125537 0 791
67.3149273145745 3.0119574467653 0 792
87.5872397433321 3.11829814107984 0 792
106.756260628448 3.09445145227389 0 792
108.271750770024 3.12763058083795 1 793
76.7941926132019 3.28554084983779 0 795
67.3603549430366 3.17547641296249 0 795
67.9416788552323 3.45448664490081 0 796
106.592734878056 3.5537735025593 0 796
73.2403206280139 3.04003478032419 0 796
97.6560841303036 3.10249726743248 0 798
63.9809797971506 3.0433022931267 0 801
71.0281515515213 3.15652169589686 0 801
71.443159594974 3.30493392848924 0 802
71.9976110637165 3.29184174314572 0 802
67.2764096912281 3.31533827052537 0 803
107.557724422605 3.14543396966222 0 806
64.1152532878916 3.52983292978591 0 808
67.8020289565531 3.02133042896776 0 809
29.8122027879278 4.13578392843795 0 810
64.1309539728132 3.79852449576903 0 810
67.5996553986104 3.270127484789 0 812
108.434864147547 3.17722318343828 1 812
107.279139987346 3.09449086071665 0 813
63.7167847899296 3.16476641104278 0 814
67.2730027201141 3.04564314293058 0 814
87.9206339715399 2.99926844564021 0 815
67.3016818607016 3.36193143605972 0 815
67.2942082981551 2.9926951096952 0 815
103.167886191223 3.42256936845414 0 815
67.5922628671845 3.25800450739837 0 815
107.014369913794 3.04671990321087 0 816
63.8490295633278 3.06676451906687 0 817
67.3406591354814 3.18488914294424 0 817
104.426743763924 3.1392410212069 0 817
106.700231172146 3.1664656136907 0 817
108.70289274699 3.08597505193811 1 817
67.2593030896683 3.15389881042524 0 818
73.8090515441534 3.07218267485173 0 819
105.575402912356 3.72148258151486 0 819
65.1114908248047 3.25154085498148 0 820
64.4037307447376 3.13588155672821 0 820
74.9021781511132 3.08751568465194 0 820
108.386319121559 3.24063534751881 1 821
67.2666359057687 3.31183119434074 0 824
67.8074220073205 3.159597594204 0 824
4.87106117166977 3.52954190290395 0 825
64.999170897231 4.20876737376025 0 825
67.2527342567634 3.26712297490866 0 825
67.7955335091517 3.03160831317029 0 825
108.419205743102 3.19544188267237 1 826
108.63441785325 3.50497440018484 2 826
5.08809089343479 3.00761797291033 0 827
64.4864862281807 3.98601297607373 0 827
0.62367419296083 3.36416102806226 0 828
67.4430993819107 3.3717572665217 0 828
99.5779290684813 3.02655351018205 0 828
81.5607336894972 3.59706437347024 0 829
97.7512481760689 3.18869305617891 0 829
77.2972359250875 3.03464065699285 0 830
64.9738577067127 3.07395963487868 0 832
63.6586842089667 3.0979388426788 0 833
108.755971266636 3.17725976796924 1 833
67.3333578055392 3.44302358623736 0 834
103.200075180938 3.29469353033509 0 834
66.9288242305442 3.17282374892584 0 835
69.7664642415856 3.03393615267023 0 835
81.4196866668534 4.6623190544026 0 837
69.9035307183884 3.22051186270535 0 838
67.2527483789371 3.00827052413851 0 839
68.8455296443108 3.64730386520408 0 840
17.9317864419396 3.52062274291172 0 841
74.1717966542632 3.38555667281359 0 841
63.6530764572965 4.16695194199233 0 843
68.7074654089419 3.00659752024931 0 843
108.856506607942 3.39528248810698 1 843
108.922882677774 3.5455475921398 2 843
67.260945662942 3.53437584649438 0 844
65.4513448197696 2.99076836834087 0 845
76.8457039891203 3.48371601968807 0 845
108.626460701674 3.02679139673499 1 845
108.179734061035 3.16687489820767 0 846
67.4202276859311 3.0867471337707 0 849
70.775228679828 3.10023018746699 0 850
107.019096587001 3.21906765175664 0 850
65.5289249008245 3.52524232465132 0 851
71.3275806120814 3.58339195175931 0 851
63.6542803343629 3.12062615436564 0 852
67.2750948208286 3.32681804914489 0 852
67.2864566395247 3.04114236369894 0 853
97.7572651911209 3.42661922234641 0 853
67.2544816605658 3.21508798862873 0 854
81.1530093117036 3.05422784145287 0 855
12.9572188057154 3.08463345657079 0 856
67.2803444953504 3.02021610060661 0 857
67.6698311327026 3.28140140600217 0 857
67.5892818011443 3.30337003954392 0 858
65.0623565030418 3.09970731376003 0 860
67.7943560488367 3.02457633647678 0 861
97.8190092209303 3.32265221214629 0 862
108.720954059604 3.02869843560265 1 862
101.416116783048 3.06902485091075 0 863
67.2943793265216 3.22583792109472 0 864
3.70896278437892 3.47481097798814 0 867
63.9100469251675 3.55289612701693 0 867
75.6863805727128 3.65310007330177 0 867
97.6596389691171 3.26056118555178 0 867
71.2191928485954 3.53040692939092 0 868
10.1908585196642 3.10264564708334 0 871
70.0731910636837 3.09192527474699 0 871
68.527688311626 3.10935132262545 0 872
64.2807924722294 3.41871151942433 0 874
67.3605796127788 3.14330276172815 0 874
67.625824972634 3.29733156825779 0 874
73.7998606422723 3.36229329589857 0 874
69.2922173808789 4.08720336323755 0 875
7.78449522715394 3.16709674683855 0 878
108.585902153262 3.48963193445732 1 878
1.05863327422515 3.48287117704837 0 879
63.7089609802945 3.17506588288356 0 879
67.6810113047038 3.17809888679319 0 879
85.3376342268012 3.09385995615395 0 879
67.2533489934619 3.28984274520342 0 881
80.646435365037 3.12661836385466 0 881
109.119880931433 3.18793665291447 1 881
68.1512850683808 3.42689085421791 0 882
63.6674047010103 3.88973568163315 0 885
76.0803395929889 3.3064439758261 0 886
67.465282467549 3.26382066475055 0 887
67.7662852351146 3.34941675618313 0 889
68.0772022350971 3.094867714778 0 889
109.112535926614 3.08526731683494 0 891
109.116951428711 3.46524745451708 2 891
109.226063230951 3.55588441933138 3 891
109.236208133652 4.18567796241584 4 891
68.5145841010443 3.36671503677718 0 892
69.138028188767 3.04943847031992 0 892
95.8399377747727 3.07289935863262 0 892
93.3972980112288 3.63719094178902 0 893
97.7704651967739 3.21166869089236 0 893
83.9120912871189 3.53308897424587 0 894
69.4237162571355 3.75509746505998 0 894
107.291345365619 3.14452394390718 0 896
64.5945225166339 3.46943068227138 0 897
1.04369675432776 3.3876768011583 0 898
66.0435905817313 3.12039784701417 0 898
67.2693561735373 3.78888356600354 0 898
67.4216372806591 3.07237116605857 0 898
73.2516655837984 3.1272845929649 0 898
82.1310353274201 3.17557211061352 0 898
66.7724586908074 3.34373725527197 0 899
67.761190777889 3.10365700243758 0 899
102.529312338322 3.24175103569471 0 899
107.822905141863 3.60692175113012 0 899
0.279464418633828 3.28019917085672 0 900
64.6598081668365 3.25912608721311 0 900
67.2681717855357 3.59243702774577 0 900
67.3419208492182 3.10059138457554 0 901
74.8214245104993 3.41989229215948 0 901
67.9946545716383 3.32750397123562 0 904
97.27554994656 3.2925021157301 0 904
109.035569505281 3.10417249090917 1 904
67.3651642231353 3.18808431407523 0 905
67.2934045056492 2.99234146741135 0 905
67.438797340483 3.43857372742023 0 905
70.6438191098503 3.20640462978582 0 905
104.315071172135 3.11318604471535 0 905
0.678713395508013 2.99438217534884 0 908
72.2392758527795 3.12272407506061 0 908
68.1935014942569 3.63599404993788 0 909
80.2714201706792 3.32863785931764 0 910
96.3783312817242 3.73045829182971 0 911
108.679450487931 3.42124163743106 1 911
103.646999317637 3.01272419008504 0 913
67.3078401528994 3.63241641994663 0 914
77.2800442399579 3.38365425960667 0 914
65.2518715313535 3.17409809690873 0 916
68.2764022216597 3.5691079531084 0 918
102.907144711379 4.01401580849194 0 919
67.2562045434702 3.04958544546387 0 920
67.2894972980217 3.20402821734325 0 921
67.481122842351 3.06780554502784 0 921
73.3790917020267 3.05905989146739 0 921
67.3049637354575 3.05747373258431 0 922
67.3443318752042 3.14994136407849 0 922
108.543176846559 3.49577881865749 1 922
86.6470853092669 3.26231538411134 0 923
0.492618749949271 3.00177355227763 0 924
64.1139395038275 3.24196153989683 0 924
67.6038049103452 3.09419920484644 0 925
97.4156580256417 3.2160650695606 0 925
73.6919280999448 3.11295262488898 0 926
63.7611797785058 3.28763127421638 0 927
65.820005478929 3.71548181076206 0 927
64.6758561262553 3.67879381934524 0 927
67.3249862068974 3.42486548040219 0 927
71.069369816519 3.61952994700206 0 927
73.7624647803491 3.71360369698485 0 927
67.4291777287118 3.1629191318726 0 929
70.0121256846616 3.34112754600577 0 929
109.045779333198 3.52529300387005 1 929
81.1340978288739 3.57473603282944 0 930
102.872160593663 3.51622090605871 0 930
109.143429072089 3.09660464578553 1 930
84.401520959471 3.70109767335075 0 931
67.7166557574863 3.02968880472765 0 931
107.549583295797 4.29047845891393 0 931
68.1628979980406 3.40067377707827 0 932
73.8218815233442 3.10575744642548 0 932
106.17107318197 3.14808539882402 0 932
67.4323744983802 3.16649215445698 0 934
107.857605148533 3.01868524630292 0 934
5.78922648155646 3.13705955978493 0 935
97.8847227145815 3.15114725785224 0 936
106.339099108357 2.99195346496042 0 936
107.974183850925 3.23433815604775 0 936
108.763306299904 3.12146696023588 1 936
64.1178484519411 3.55181393523568 0 937
64.7965644912304 3.80437557036243 0 937
106.451004801204 2.99269030631618 0 938
68.5359867963891 3.81934114720637 0 939
108.584865179359 3.00144748972497 1 939
1.91586188478054 3.21520805021526 0 940
67.3109615165489 3.09793427649201 0 940
88.3704313204643 3.24316086483922 0 942
0.636280715235937 4.1361098409266 0 943
68.020097217378 3.40918041565974 0 943
79.3506000683104 3.40409958183672 0 943
67.2541983627354 3.03990070854265 0 945
67.313406893607 3.10576370668961 0 945
108.982218872047 3.29937046571037 0 947
109.062393711395 3.6229087966791 1 947
109.1291351216 3.50610528446026 2 947
63.7238637142805 3.0148747606385 0 948
70.4816016116087 3.20347548208586 0 948
109.252211603317 3.09285061349686 1 948
69.3499547621246 3.03346929981317 0 950
78.7670711726937 3.082048458738 0 951
109.105106916026 3.72548758606113 1 951
109.105402814441 3.1829185652353 2 951
109.110062218637 3.88875145849985 2 951
109.113524788873 3.46835639617884 3 951
100.25498024448 3.2079045831337 0 953
91.758803600835 3.46383993349119 0 954
71.958634463741 3.83544774841787 0 956
108.597515786746 3.47181256732085 1 957
91.8997692314586 3.26922174016072 0 959
74.9552227488594 3.13511010456664 0 961
67.7664255518587 3.36455721062047 0 961
67.4583494769133 3.36941278049388 0 962
97.8379969001468 3.1069388911313 0 962
67.315982141704 3.13354064285186 0 964
71.8040054311173 3.070812798183 0 964
67.2763350813638 3.40615226741236 0 967
67.2590552088964 3.6954403192669 0 967
67.2847887110743 3.18490101861697 0 968
65.9085112073057 3.10042546159702 0 970
87.3946377551893 3.22454584773182 0 970
67.3504922985536 3.54101835231471 0 971
64.4208837669856 3.17253833679816 0 972
67.2570664884076 3.33204497084478 0 972
108.261233246962 3.21429116154195 0 974
0.319501340105226 4.4039594128655 0 976
97.6659091699298 2.9942978780225 0 976
3.73063148064048 3.07311152988615 0 977
105.259004529104 3.50163343056643 0 978
67.2974040218133 2.99636057347676 0 983
67.2539627686993 3.31642577801121 0 984
74.0589512643337 4.00010095018686 0 984
64.4518220571235 3.21268302273472 0 985
67.5773487555645 3.35018107373508 0 985
97.304994389283 3.08310959706364 0 986
108.518622924554 3.10286712745067 1 987
100.213032045977 3.19485547920035 0 988
3.58259909443659 3.05771273882374 0 989
109.231818744195 3.02574690923558 1 989
64.0186383678828 3.30901186355281 0 991
63.672631406814 3.27044904548421 0 991
67.8232081259958 3.50383402300536 0 991
108.551389779411 3.00374037140242 1 991
87.8359534679559 3.03726887817229 0 993
67.6988054547048 3.15794096732053 0 994
69.3410065014153 3.62421904192269 0 994
64.3245140952982 3.41470050907111 0 995
67.9874547331448 3.10050053250558 0 995
67.4813353544072 3.15670615320783 0 997
67.4658615165807 3.15388001288489 0 997
68.3901486605436 3.15612499780248 0 997
91.8941442626386 3.04724118885581 0 997
70.3440193023572 3.26519601046013 0 998
83.8560534081264 3.20276737527392 0 998
67.265826780439 3.00667325698653 0 999
67.2718514635465 3.02617311969126 0 999
