"ts" "magnitudes" "gen" "cat.idx"
67.3287148897417 3.03647724916338 0 1
86.6459083396458 3.3345806366995 0 2
73.8841382034982 3.49116090506206 0 2
67.4645963507955 3.02279010090507 0 3
67.3164647438847 3.02986888263542 0 3
79.0386628046945 3.07609683621658 0 4
67.2640480471849 3.47034385818521 0 5
68.1544542015029 3.12985950847374 0 5
67.2789771778957 3.4071624959316 0 5
67.5102762082474 3.02117287276875 0 5
76.0276536320874 3.3963650046734 0 6
67.2774847447369 3.22584485821647 0 6
63.7704200885238 3.17700628975791 0 7
69.3068739682612 3.083704637843 0 8
70.1644855076744 3.57886173186084 0 8
67.6017926340811 3.02294835012592 0 8
76.4989561045157 3.94845801105992 0 8
85.6502175446678 3.35477532111725 0 8
67.3229515721413 3.4447777082908 0 9
67.3279621254579 3.4755168865047 0 9
73.5115098796785 3.07271670122143 0 9
77.165796790584 3.03158553963606 0 9
73.3911354921789 3.19111571644204 0 10
88.6426191064336 3.1680140149723 1 10
67.2664169052072 3.75574123998132 0 11
67.5287426891328 4.92847748316126 0 11
67.6072074261807 3.07801079893197 0 11
65.3342855074233 3.03690002262801 0 12
86.9726402170977 3.18990530928551 0 12
82.0421288821295 3.09382781708139 0 12
72.5732742762156 3.28141791109229 0 13
63.7874635306007 2.99515489647262 0 13
69.9583826274693 3.01710377424861 0 13
67.5764442736505 3.32901869985883 0 13
88.8694189404875 3.00474427733246 1 13
67.267879159185 3.5349506794106 0 14
76.3957990167906 3.28105882426854 0 14
84.7169957884974 4.13111427513462 0 15
63.8462002395188 3.09178972996261 0 16
0.0606661446297541 3.34256393692736 0 17
88.5173478612093 3.0033156086202 0 17
88.8909869633887 3.0922719513208 1 17
68.8063737784384 2.99590530957784 0 18
67.2749595312512 3.01981832926783 0 18
84.4482959496243 3.17193341521232 0 18
87.5918600828254 3.30840999233403 0 18
89.2523877245646 3.17510246507424 1 18
67.8666720461592 3.17521665494595 0 19
67.7923964665578 3.23230126537439 0 20
78.4756078942145 3.05400962255278 0 21
78.8100918459428 3.13987938561347 0 21
67.4186262152505 3.43014999828928 0 22
1.91422872706243 3.42593233987033 0 23
67.7630944536665 3.74529704019966 0 23
68.0368246976429 3.19873629505443 0 23
85.9758724892016 3.17968498190268 0 23
88.0530173136115 3.42988036475795 0 23
67.3340889976301 3.30541125446732 0 24
68.4020051888972 3.23764407538742 0 24
63.7166922694053 3.18783506506791 0 25
67.3245728593263 4.01150702343291 0 25
68.685246218299 3.0741686960714 0 26
65.9191849066371 3.46415500896302 0 27
70.0202669844575 3.21888990032555 0 27
75.7839855654108 3.03750016529466 0 27
67.7199328380098 3.10632190545479 0 29
67.7699792080104 3.09596803931845 0 29
68.495143072116 3.61964372443789 0 30
81.1265698424195 4.52228319923871 0 30
85.5357610277077 3.45602512248509 0 31
0.0106206700234974 3.21546908400658 0 32
69.6442425252166 3.25682313215845 0 33
67.3574468478826 3.0684649589234 0 33
67.2897134343587 3.35537195260083 0 34
80.5949364230467 3.20561297487362 0 34
63.7592288850216 3.27590036450332 0 35
68.6146585287651 2.99091135661956 0 35
67.3494984748484 3.05536379695605 0 35
81.9147825131489 3.42328490693444 0 35
88.0458689687906 3.54756236378535 0 35
45.4509836361676 3.26836287372528 0 37
67.2939139981201 3.1468624479626 0 37
89.1468969568903 3.11636933987065 0 37
67.5041302817136 3.53243131613432 0 38
67.8802342854541 3.30084280120994 0 38
63.6834546623416 3.30369108591049 0 40
67.2573596298234 4.50694159875944 0 41
69.4859114695226 3.22656429430841 0 41
0.529292842517788 3.33516394025995 0 42
2.142951944096 3.0410337709066 0 42
67.2755920243119 3.08019285405559 0 42
67.5622978178494 3.04155760403912 0 42
63.9456014518088 2.99418683032561 0 43
66.9928733306287 2.99589031139512 0 43
67.6923004196359 3.25552430829544 0 43
86.003629196168 3.44984202106608 0 43
69.5038581479871 3.0276676884969 0 44
67.3885224911408 3.07586292225848 0 44
67.2682633479399 3.57914336178535 0 44
67.2743916794578 3.01769028769598 0 45
67.4136407387256 3.66755257469253 0 45
67.3569444472136 3.56805412296665 0 46
84.7309043367059 3.03657414014361 0 46
67.1763947295497 3.0307424198507 0 47
67.7722975385688 3.13850960239244 0 48
67.9450157486245 3.10052487962667 0 48
69.7895187654408 3.19117678579051 0 49
85.6758245076128 3.20095563677766 0 49
67.3293323309562 3.40946508158082 0 50
71.4907049511172 3.20931411507272 0 50
72.1178778784746 3.8224164303483 0 51
68.0350804705063 2.99298618830064 0 51
1.43865453802517 2.99604081433124 0 52
67.4353731509982 3.21118234379183 0 52
67.3082657584287 3.18625821000952 0 52
67.2612462176837 3.01970192897289 0 52
83.8550285325379 3.87878218723617 0 52
45.8764900075138 3.06458060143855 0 53
67.4939492818113 3.15439139701241 0 53
67.4832270362875 3.17247586080528 0 54
2.40796432737313 3.43872653197413 0 55
68.4681492118806 3.18671971843243 0 55
81.941874255873 3.22481125584295 0 55
64.303048935139 3.17696461454927 0 56
67.6982212755294 3.42902913092095 0 56
2.59233716522879 3.04672223943835 0 57
67.2973539652835 3.26946634808661 0 57
67.2595099698577 3.17318279560707 0 57
63.8156680034081 3.1343038009666 0 58
86.7994059683862 3.16748098715368 0 58
67.2609954297629 3.28684015772139 0 58
63.8604892310094 3.30652633095477 0 59
67.7241341109979 3.66547865518459 0 60
87.5430446588688 3.15365086255653 0 60
84.9266469128996 3.18855575754504 0 60
67.6788554107222 3.14185439995403 0 61
67.5185496715737 3.23498339290102 0 61
1.09873573259754 3.69787348074471 0 63
67.6620660940776 3.02937799797341 0 63
71.7392055432661 3.88139405107872 0 63
86.9677589416576 3.26675756404719 0 63
67.4406033565541 3.48939383592449 0 64
67.6048536222095 3.49608822973428 0 65
82.0656873137003 3.33634732119864 0 65
68.1229930329102 3.3089312150021 0 66
67.2722986466365 3.33912117853797 0 66
70.7106307258719 3.43294074669286 0 66
80.7338829417565 3.02085041122441 0 66
82.4201140555432 3.31094806734598 0 66
67.2585605882917 3.76260952025843 0 67
67.4565532846516 3.14513911871827 0 67
68.5592377138097 4.8583495307224 0 67
74.9686824293215 3.33353491249627 0 68
67.2862403031496 3.07808221187218 0 70
87.0970501751177 3.53066926241589 0 70
88.1450219753861 3.33359424465817 0 70
64.3292208517072 3.0668626183626 0 71
88.5532374089266 3.36186190375879 0 73
67.3770322467488 3.11474585844013 0 74
69.1247385423981 3.23780035288875 0 74
70.9762236407932 3.03896871885909 0 75
69.3256457341665 3.03648450420464 0 75
81.2113655067178 3.5554414955327 0 75
88.6812722761922 3.35445418154946 1 75
65.3021956732638 4.13885603047439 0 76
68.6579791614788 3.31799350163054 0 76
84.4700855488816 3.78772194382643 0 76
84.509628239999 3.15797845377063 2 76
72.783483871251 3.44867329623781 0 77
63.9332537181695 3.61391739472825 0 78
68.3586435429687 3.00837802770778 0 78
80.5949940947152 3.03427000276064 0 78
87.8137310640591 4.19360189382334 0 78
67.6026546804077 3.26123671528704 0 79
68.1992513701616 4.00835241389246 0 79
66.9969828366544 3.53280168709666 0 80
69.3087408417417 3.02752505494366 0 80
64.1120588827738 3.40832985682302 0 81
63.7389499364745 3.23954448262084 0 82
67.9942788986397 3.01691509339661 0 83
78.1395734726054 3.22707583908122 0 83
82.9107816148404 3.03369898584145 0 83
67.3488826016478 3.07322947411792 0 84
67.6377574073768 3.31964635435956 0 85
70.0496244957784 3.67016844958109 0 85
78.3024222890413 3.0879856608551 0 85
83.9166939772742 3.14195515480539 0 85
80.290203760634 3.03240677083779 0 86
63.7749048011708 3.00432283746719 0 87
67.3416460582135 3.18330733929755 0 87
73.5172903900226 3.97787483876408 0 87
67.461542198571 3.25278303517117 0 87
69.5790516223311 3.10947090734912 0 87
78.6443561988627 3.12119466141354 0 87
67.4023664222107 4.0857339469876 0 88
88.0514773583652 3.84324731859606 0 88
46.1698166061005 3.31978065002985 0 89
69.9332735392893 3.62727539597211 0 89
63.7927466979773 4.10013790541281 0 89
67.3722349754024 3.56382576848152 0 89
69.3629226353306 3.82041613909496 0 90
72.789944940257 3.13923298209887 0 91
67.3770479046483 3.70269988925545 0 91
68.5124136943785 3.28279103406707 0 91
82.4520200364386 3.15101232775519 0 91
67.2627044238865 3.12830332529922 0 92
73.3968057498118 3.40623436508 0 93
77.532726172223 3.17126292254915 0 93
84.3085149689565 3.00026632995531 0 93
89.1233355318934 3.45203147175876 1 93
67.2723633810846 3.91620484460352 0 94
88.185961073908 3.32161571920824 0 94
64.2059021073619 3.21569130723684 0 95
64.4888976098243 3.21429050335608 0 95
67.4179102913352 2.99695596114413 0 95
76.8537689862271 3.67785084030504 0 97
11.8810429659103 3.16828711545417 0 98
80.931663533598 3.169682489353 0 98
83.7429653301266 3.16759048319271 0 98
67.3152501910509 3.09296195461286 0 99
67.3731711326913 3.52212958956373 0 101
69.5651097442879 3.62735501268042 0 101
88.046154391404 3.24050791798715 0 101
67.4254204520071 3.32790625261904 0 102
67.9486509665211 5.01033859702124 0 102
67.3262992254979 3.46912091580674 0 102
88.1832604089596 3.41031037735423 0 102
88.4918730326269 3.0108632841185 1 102
67.2582514853894 3.56630259375267 0 103
68.0851229088001 4.35016003525143 0 103
73.5234350162648 3.04271903340947 0 103
67.3830184201638 3.4539435350549 0 104
69.4162905098697 3.07325686596175 0 104
80.5380745897023 3.05723967880905 0 104
64.2178500385155 3.31204237490713 0 105
68.7234493817924 3.17321355421456 0 105
67.6845712617781 4.04245803491219 0 107
71.2173600214913 3.48131754754415 0 107
1.57579551468293 3.51063885910691 0 108
68.6785609998459 3.15868103382339 0 108
80.5304246252416 3.19683447204352 0 108
67.4307759875129 3.21171502308796 0 110
69.6043952301681 3.30546012565723 0 110
67.2784012522276 3.23220261507165 0 111
67.3352282473707 3.05259148272399 0 111
78.6504447677603 3.12879721692161 0 111
71.5681555190571 3.46124352705239 0 111
88.8941145189844 3.90556631374936 1 111
63.7540557494248 3.19883738240705 0 112
84.8024838125283 3.18079878161201 0 112
71.8752388513219 3.38391986487896 0 113
67.333267581648 3.59193457233479 0 113
67.2983699760373 3.16451471228127 0 113
67.4488146626339 3.27872383103136 0 113
86.7456047795764 3.43028596903883 0 113
67.3132944385459 3.33054759407695 0 115
67.8880496081983 3.07798054217414 0 115
84.0809023229385 3.36218129159782 0 116
64.731686947207 3.98917038086437 0 116
83.2378640453867 2.99059675418337 0 116
30.3532502288333 3.26334520453588 0 117
64.9129534272412 3.02775865988009 0 117
67.3381224179413 3.49474696055968 0 117
67.3211320742063 3.12091837344302 0 118
67.7696350635233 3.27757900478829 0 118
63.9098808645019 3.0146224141917 0 119
67.2679838701332 3.17973543014583 0 119
71.4303838787796 3.69434856235963 0 119
88.4016691441454 3.27825554806559 1 119
72.2230002348547 3.38804612871805 0 120
67.3047544467692 2.99641953956279 0 120
0.0599700596818693 3.76967939331021 0 122
63.8544094066929 3.51046408852999 0 122
67.3485111150134 3.15549595524686 0 122
63.6605446452652 3.16927548265904 0 123
65.5995732640625 3.61885912092874 0 123
67.3852358012828 3.450862934217 0 123
83.9955765942376 3.82575166616013 0 123
10.4663552516411 3.10083766349069 0 124
69.1066752267552 3.39224183962982 0 124
63.6502848770586 3.26320526777417 0 125
68.643503564419 3.09411497886774 0 125
88.434543445582 3.2224451226126 0 126
67.2538846505369 3.08625937533404 0 127
67.2526967015881 3.18159855712913 0 127
68.0573698154407 3.09492011591095 0 127
86.7158274224345 3.50102383380573 0 127
3.49947913835108 3.92346816730215 0 128
63.7386908492765 3.21783780502608 0 128
67.7242004464324 3.53500254493068 0 128
68.3375614819332 3.62763789597058 0 128
68.6013662891342 3.24577096522992 0 128
71.484074198669 3.08812255815477 0 129
67.2638869942602 3.60126610121583 0 130
67.5806348502044 3.2848524170881 0 130
69.1089455234627 3.27631820846629 0 130
63.767147973985 3.02651589982031 0 131
67.2666318838844 3.55658081846326 0 131
87.8072706586848 3.12984013175425 0 131
72.1885635756687 3.10116701091658 0 132
74.2882401031852 3.03093745346814 0 133
83.1969546659612 3.2605880874545 0 133
71.8599145648199 3.19141909483749 0 135
64.4055265403894 4.14270689084328 0 135
67.4088838971181 3.10506358725603 0 135
67.5598872565908 3.07643463710425 0 136
67.4805481715249 3.05831478461151 0 136
67.274428679844 3.29928338557999 0 136
72.5934139743294 3.51308091680732 0 136
77.5907302829445 3.29244909019303 0 138
77.7133895448507 3.9425202673988 0 139
68.9986632296464 3.30273733308713 0 139
79.9871381462352 3.22079194026045 0 139
67.375875511431 3.07512242424104 0 140
67.2536124997375 3.87877858976786 0 140
68.2921550712455 3.63459185438554 0 140
70.7136897929379 3.68144370071314 0 140
67.2892842994072 3.01139481751242 0 141
67.6145757638657 3.18366320759994 0 141
76.3365150031988 3.03654443220981 0 142
89.1381244421743 4.24767885491039 1 142
89.1571440770974 3.54410310242659 2 142
63.7900860159301 4.56079437734454 0 143
72.0110828337491 3.22540315486624 0 143
74.3304840607848 3.26794400273657 0 143
5.47847313592643 3.185549398204 0 144
83.2381631768567 3.01875449078955 0 144
67.3420736856241 3.20416093276151 0 144
67.3508733927351 3.09514233046779 0 144
63.7523658968344 3.07278803122724 0 146
67.352596523166 3.26889777681432 0 146
67.3110616256691 3.24756385809982 0 146
67.735482201575 3.04295025442088 0 146
88.7430063106392 3.18301182535229 1 146
67.289479354257 3.69573843363035 0 147
80.5292643764693 4.35498523301323 0 147
88.0612185102105 3.22672810350353 0 147
67.906643478533 3.15511021394017 0 148
67.2533681670349 3.26517816077314 0 148
67.3605246723961 3.21823852111042 0 148
76.5527768550788 3.36703690951405 0 148
67.8639191284103 3.02733103275759 0 149
80.516181293836 3.2226181949356 0 149
87.3990621353194 3.74837085692211 0 150
67.3700892771244 3.34112061058987 0 150
63.6856593559111 3.08381566678987 0 151
65.8101813477341 3.01949238411001 0 152
67.5819693308113 3.27961695216907 0 152
67.5992992445768 3.13331473603926 0 152
82.8138586864122 3.11598786417563 0 152
67.7386017173822 3.02096865700563 0 153
70.3002345894291 3.31255571543421 0 153
68.439343152202 3.99585584064527 0 153
69.1505430408962 3.11053058418401 0 153
88.8104905227471 3.17359435133446 1 153
69.68572341395 3.1416009290138 0 154
65.5235646260727 3.23624027531201 0 154
75.7202920205117 3.43293474803678 0 154
89.1463296868553 3.06032565031396 0 154
73.0506105773551 3.42067259491802 0 155
83.6522990015793 3.15740795179918 0 156
78.9283426618544 3.23610266674757 0 157
80.6554685197207 3.13237518865448 0 157
83.9005629102758 3.07991124801977 0 158
69.1349695122731 3.11027878165787 0 158
67.2715857441924 3.27143048946951 0 158
79.7908698638515 4.12257252707747 0 158
63.979365812298 3.33647674311235 0 159
67.2579306376122 3.18885473207863 0 159
73.0267420222507 3.00467380469722 0 161
88.0593058502193 3.33340622526645 0 161
67.2597029850412 3.02934756533806 0 162
67.4133543213312 3.8040227124462 0 162
67.5686617399142 3.07884954162807 0 162
88.7482096382689 3.50150213774114 1 162
67.5487839886566 3.28611714374168 0 163
67.685246256079 3.59130484768575 0 163
0.0489645166237983 3.13154822953054 0 164
63.7968835545166 3.0171422367771 0 164
77.1867888288097 3.1395065559045 0 164
88.0927208246745 3.13428204099317 0 164
63.888071369702 3.06321597156099 0 165
67.5325234550279 3.38277499661992 0 166
84.5474653127339 3.48492465803078 0 166
88.3316941801265 3.76092087676001 1 166
88.5365664209046 3.27706320017406 1 166
88.3401276919062 3.39792494094648 2 166
82.2232863737634 3.34159340527211 0 167
73.2794863220646 3.6101839178344 0 167
88.8245126590711 3.39046030209468 0 168
67.2531176994074 3.22795978954369 0 169
88.6957284482003 3.01784205761179 1 169
67.2922822692266 3.37966989591582 0 170
67.3964608915176 3.29540698841085 0 170
67.5563774511991 3.27086310070404 0 170
74.9182785054808 3.74602138814012 0 170
2.5146541522669 3.62153448760642 0 171
67.3116526518222 3.47331305115594 0 171
67.4709483164533 3.53890368365591 0 171
26.1467660774242 3.05294079237611 0 173
0.00821775598113186 3.054108750255 0 173
67.6994921104717 3.40265770729518 0 173
63.6507672116003 3.02830873906587 0 174
64.2627622394255 3.0216091332049 0 174
0.0106430905298148 3.62785754294115 0 175
65.1673864125 3.32079734722086 0 175
88.4039263166294 3.21400501640682 1 175
68.6183764435139 2.99062065882783 0 176
89.1785619451937 3.24468729437665 1 176
67.2598820841429 3.73299358529472 0 177
67.4403699316358 3.60502712890697 0 177
67.4068061905679 3.64940560342645 0 177
63.7546044967632 3.90856479591578 0 178
67.5229502227989 3.38090029835979 0 178
68.3331357441872 3.31129766356484 0 178
67.4422197194211 3.30339269880486 0 178
64.3447881835894 3.16792593849263 0 179
63.7425542203958 2.99364735618814 0 179
67.2530469174368 3.0658627479773 0 179
67.2785516630002 3.27234948033818 0 179
81.1078574927496 3.72679053451909 0 179
89.1565985576178 3.18231876365452 0 179
0.172497316575052 3.21581789826962 0 180
74.7549170092665 3.39936336807855 0 180
67.3116140646125 3.40847660364317 0 180
65.9651410205863 3.20455649171716 0 181
63.9293290927273 3.13094187674004 0 182
88.3493737505423 3.28253091196892 0 183
64.8359849311358 3.02447301129218 0 184
68.2740371322086 3.33004370725896 0 184
67.5929892698702 3.53474553631873 0 185
67.6251114821691 3.38181185452125 0 185
88.1504926780014 3.05736107388471 0 185
77.4090662403487 3.84166665454254 0 186
72.1483305866017 3.34156958317288 0 186
86.0096474951943 3.87857959192663 0 186
67.2616686360495 3.4610382648919 0 187
67.2556433756717 3.15741681293267 0 187
89.1193907605291 3.10042519908008 1 187
73.3457635568983 3.08160521732421 0 188
87.0257540403042 3.83117417737393 0 188
71.0543604828518 3.03776179778831 0 189
63.8976061541992 3.02336500852791 0 190
67.5862058552491 3.41925417118322 0 191
67.3353084175583 3.19827557812086 0 191
67.986717695703 3.11647419162825 0 192
67.2533440871243 3.03078730831843 0 192
84.7063024778956 3.202109096844 0 192
0.610092231596074 3.44329482957644 0 193
67.3501102797186 3.01782544082043 0 193
85.1996107667063 3.22803668686125 0 193
63.7606905696528 3.83109279803022 0 194
67.4868970896162 3.05324699680509 0 194
67.6528355696622 2.99765343415367 0 194
63.8485778158888 3.66267006623251 0 195
67.2609712874145 3.34216124450549 0 195
69.4155065729519 3.49080074173926 0 196
84.0081399799281 3.69418573414214 0 196
88.9889778210588 3.24529696748388 1 196
5.87547131428216 3.19796917964445 0 197
1.46960919873114 3.19854477326555 0 197
75.9798239190407 3.15540953203316 0 197
67.2679537111456 3.59588778434326 0 198
67.5281128896761 3.35789641823754 0 198
68.0328766754609 3.380585910694 0 198
73.33744793671 3.00602933079571 0 198
67.262512197652 3.46470731257738 0 201
67.4810921924321 3.00870005942157 0 201
67.3654688059234 3.16320245809383 0 202
68.2321206453576 3.0529868500516 0 202
67.4800896307507 3.11922405424647 0 202
74.8983787870127 3.01829843811405 0 202
88.6730107706778 3.03955689004931 1 202
63.6495404774514 3.27433915275842 0 204
67.7627215401651 3.85938650765817 0 204
68.1038275522492 3.06045818540485 0 205
67.3650659899502 3.28674889038845 0 206
67.4933423704124 4.12254422796299 0 206
71.6007081999451 3.04179064043022 0 207
83.3357643006411 4.2547595764408 0 207
83.9452869924341 3.07793802175195 2 207
64.2647247078913 3.07473227299014 0 208
67.2597359687799 3.26195968834604 0 208
75.9835132342866 3.06832888486366 0 208
67.7002410427284 3.21487017060999 0 209
69.4374264467463 3.12636632054843 0 209
84.8694921613903 3.30816144771436 0 209
66.7060381561282 3.0188825657323 0 210
88.4214999116764 3.28311103540502 1 210
88.4602466183521 3.082846162901 1 210
66.3396335024823 3.31771459138967 0 211
67.5680546087599 4.99578722702128 0 211
67.2594786666388 3.21925771368198 0 212
71.6463810635581 3.43588984477166 0 212
67.2596726129999 3.06989305730889 0 212
82.3684701764036 3.33000683746345 0 213
78.6675494589318 4.61860461355579 0 213
82.0631093806313 3.07345129512957 0 213
87.9331771204724 3.16545894785814 0 213
68.6087945308478 3.34456581649645 0 214
88.883643572665 3.09542523560097 1 214
69.3302090824882 3.05558143168252 0 215
80.2538231823912 3.68735125742229 0 215
63.9489278845326 3.2335220319009 0 216
67.2822917059397 3.21347949156842 0 216
67.2638783044148 4.23936016103546 0 217
68.0974768132831 3.06300539192058 0 217
80.9441970413887 3.09965738397837 0 217
82.8511472109717 3.22497812611929 0 217
64.9727570965111 3.40627241945983 0 218
67.2654637925082 3.41962797804246 0 219
71.4124506431183 3.36184714464114 0 219
77.2224297401525 3.68176941431996 0 219
67.2629634034766 3.19927293255468 0 220
68.4179949610998 3.54475882936443 0 220
78.6600592410979 3.65456400956732 0 220
88.168025332542 3.62904207168535 0 220
72.6857530512364 3.22187117657343 0 221
63.8714004128579 3.75990980790066 0 222
67.3447803311967 3.06924592516966 0 222
67.746566093268 3.20334780220612 0 223
67.3537769526986 3.15642286864394 0 224
68.8706994933666 3.26009142024182 0 224
75.1755246662477 3.02336961198005 0 224
67.7255589117889 3.14430127539811 0 224
63.7427961813661 3.00824504242313 0 225
68.1969156698711 3.29821715938769 0 225
67.6618305311919 3.42408290663729 0 226
67.5437858688639 3.34592017470063 0 227
88.9042936186113 3.01804799480941 1 227
67.3316533833636 3.31072092292585 0 228
68.0232605644354 3.11053107634647 0 228
69.1612458482043 3.00134079525324 0 229
73.0700892365658 3.05567167858502 0 229
67.4382382942696 3.18291739529606 0 231
69.1669452657376 3.44430574564277 0 231
68.1222650533082 3.04603392401726 0 232
67.4791407987191 3.2157802218615 0 232
88.8147622125496 3.13967566277021 1 232
69.3218929767079 3.624012081017 0 233
67.425952241901 3.14061010039067 0 233
87.070678733057 3.23026806075836 0 233
67.2706775686345 3.17439877166747 0 234
67.3099037369043 4.41442581184177 0 234
67.536383680952 3.02245893219182 0 235
85.898474050071 3.02112416837391 0 236
67.3292241396633 3.11683505916834 0 237
69.2327483221384 3.13663885998302 0 237
66.6178981828991 3.00058186032523 0 238
69.2849663919036 3.08952449473337 0 238
82.0439665766989 3.11722130343933 0 238
0.197561382984945 2.99541117572308 0 240
64.8277634917447 3.21057522344602 0 240
67.2535487233312 3.25763050128433 0 240
87.2667677612083 3.07539489953744 0 240
88.5886647873554 4.13505358300314 0 240
66.8706390675752 5.46015378629358 0 242
67.2593176214247 4.49485754725435 0 242
67.7310242693637 3.1720933190848 0 242
63.654148646512 3.14588762242085 0 243
67.4522847060321 3.84312764843699 0 244
70.5932417474116 4.63634123728563 0 244
68.1464924956979 3.09579547646388 0 244
67.4734369437392 3.10604760763056 0 244
67.2916276380384 3.05013073087515 0 244
70.0274824067976 3.14101841557936 0 244
63.8376394675134 3.00202722454397 0 246
65.6426249888701 3.0891902318602 0 247
67.8274724831597 3.65155051803629 0 249
88.0848505325752 3.1731275255654 0 249
67.2560354217431 3.01183630562695 0 250
67.392906938518 3.70292872049128 0 250
67.5977677905682 3.22262250592286 0 250
69.8004808352199 3.09928796871101 0 250
88.9875463512533 3.0634661011286 1 250
16.1488924704142 3.0785091619789 0 251
67.2574985358668 3.62408116372169 0 251
68.3082517105146 3.40229546723848 0 252
67.6878942875647 3.22473581274504 0 252
88.7571480062131 3.51622648783848 1 252
67.5573748266748 3.13024403459813 0 253
69.3270287793856 3.51605513107734 0 253
65.4750477223167 3.60949663787161 0 254
67.2571654156614 3.16349013318922 0 254
68.7485369443848 3.2307415323891 0 254
67.4847873066995 3.43836177854113 0 255
67.3696111799774 3.84995668332438 0 255
64.3333012095864 3.06985703825731 0 256
81.5078182208589 3.45100717045865 0 256
88.9939008149934 3.00629774899325 0 256
68.483107059164 3.08100612922878 0 257
88.4061713414073 3.00550146080718 1 257
67.4077521517118 3.07416177011846 0 258
67.4449222165884 3.4148335221812 0 258
0.0114282693273142 3.63825162785682 0 259
67.313173061254 3.23781713841314 0 259
68.7188375309916 3.43143573962872 0 259
69.4543173856511 3.09515916023481 0 260
63.7828432971971 3.12103071494096 0 261
67.4025574562071 3.37830604419726 0 263
67.2911556588493 3.25011626384054 0 263
76.8827863166941 3.00032318388456 0 263
67.3457618129172 3.07306301439181 0 264
78.7671133392634 3.18221977039617 0 264
67.3316419524812 3.13999570052678 0 265
67.3088984442053 3.16812897239932 0 266
69.3305449880999 3.26210828808441 0 266
79.2620908686099 3.35616484768973 0 267
72.0691019200647 3.01764761657269 0 267
65.0786107890152 3.61730229645357 0 268
67.3439557723083 3.30801922927362 0 268
88.056859236835 3.01983889965929 0 269
10.3714031252109 3.24194355786488 0 270
65.3225418885213 3.04385541193453 0 271
67.36440903307 3.01293991756392 0 271
77.1552198147191 3.23509143269603 0 271
68.1916221531805 3.39468822427477 0 272
81.3893940499116 3.29925241427955 0 272
65.403458686934 3.41023717466348 0 273
4.82879321903963 4.13885157553846 0 274
66.3677540504754 3.09656120839593 0 274
68.0647303455534 3.25425277225833 0 274
88.1375809905236 3.33058745696741 0 274
88.7837586460907 3.04849296900763 1 274
88.750877528432 3.00064193484236 1 275
67.2719077022702 3.54723233590585 0 276
67.6428132118551 3.1605486197596 0 276
67.6024796559862 3.26571064673785 0 276
83.8284560850753 3.12560732824352 0 276
67.3330846822727 3.58198341399501 0 277
65.8519788986985 3.06507435203193 0 278
67.9214892866787 3.3806900340051 0 278
68.7076331060891 3.16130260479315 0 278
71.1916646882694 3.03083416509347 0 278
0.0174553161889374 3.19616494976901 0 279
67.8998355567273 3.33095055088457 0 279
67.9400118284929 3.23159172457812 0 280
67.4199468021817 3.30586159690698 0 281
67.2539911900183 3.03291410244248 0 281
68.3922720715186 3.00495736985271 0 281
88.6848514985565 3.59539552877275 1 281
0.0493459106854756 3.21193650225616 0 282
0.0739850096256405 4.08250408393194 0 282
78.647533524517 3.04714923097993 0 282
63.8008943449851 3.17227600239927 0 283
67.4522584573748 3.26696181367995 0 283
67.2864065737629 3.10608915104468 0 283
81.8915396013024 3.00007957861283 0 283
64.2169050203113 4.41005877082954 0 284
67.7642459597456 3.0813857629644 0 284
67.2641905268085 3.21593496416366 0 284
68.4658376881626 3.11773237863104 0 284
67.2617390658925 3.0575150751402 0 285
67.2751378069908 3.253106500537 0 285
67.3124013451933 3.26929708540176 0 285
67.7692030602308 3.0763738518819 0 286
67.4743739713574 3.10855880245256 0 286
67.8049159127302 3.17760550096657 0 286
63.9385456438677 3.12237756395361 0 287
67.2572790353632 3.16858834857266 0 287
89.1984385062326 3.05805901282312 0 287
70.4679384651396 3.26435374886288 0 288
68.0722475213571 2.99997217797765 0 288
84.5135370615926 3.08293294160415 0 288
64.0186055053577 3.08215685733142 0 289
89.0627362259936 3.19404762291787 1 289
72.1088050052063 4.39134916854593 0 290
67.2925296226699 3.36583922305311 0 290
68.1249458787343 3.12004050966303 0 290
67.3718805459336 3.11191252594063 0 290
86.8798433267924 3.00936921056711 0 290
88.4284854768627 3.05740353573529 0 291
67.2919188119411 3.1913779498131 0 291
67.5042959996562 3.72932999188414 0 291
83.7471444251468 3.19331125031732 0 291
74.4641081422279 4.57259963493266 0 292
68.4058383143053 3.00161589275392 0 292
75.9459512620604 3.04807344148245 0 293
69.1166029369981 3.38828032988453 0 294
63.8331333352166 3.44910301572203 0 295
67.3964304042632 3.48362485789244 0 295
67.2701440683695 3.15908280241554 0 295
67.349366166222 2.99260629366779 0 295
6.69580904602713 3.0655603545127 0 296
87.039494022416 3.33593328002007 0 297
67.6462607810803 3.41110729578418 0 297
67.4906348415628 3.00683138413585 0 297
67.9229716817115 3.20269622818325 0 298
71.0957456374401 3.35256349210482 0 298
80.6150326082042 3.0701797380816 0 298
63.7862921320861 4.03519540528252 0 299
71.8458690522551 3.01735916409166 0 299
70.9070681074078 3.52160781312797 0 299
69.2259711115041 3.10197311456142 0 300
67.3106800279277 3.21409694596265 0 300
2.58545773176079 3.14237211704336 0 301
79.6254399413677 2.99996366563653 0 301
67.6066100141386 3.88195068879514 0 301
68.8724546372135 3.49357441003004 0 302
68.8484399867248 3.41373565299375 0 303
67.9389261477441 3.09036963130003 0 303
67.3989600526104 3.41327153182286 0 304
67.643931535322 3.04094220005828 0 304
67.2762338857149 3.26948667935658 0 304
68.3128660300835 3.42032069012159 0 304
66.2373776417935 3.52524470196422 0 305
63.8315309156837 3.47040703376353 0 305
67.2653775606233 3.28524178682431 0 305
67.3022059306412 4.75690002712569 0 305
67.4702726115483 3.32665774078962 0 305
89.0801776081596 4.41041932035589 1 305
66.9255587084594 3.3206182549029 0 306
67.3566199629691 3.33708500684111 0 306
67.7349708082264 3.05339255313438 0 306
80.8632319424958 3.12880332797675 0 306
89.1359728760824 3.06055493849022 1 306
80.4704522701476 3.89258870881271 0 307
68.1659462533392 3.07478868505275 0 308
82.8502631939728 3.6128650820011 0 308
67.2631201126677 3.07660747790006 0 309
67.3730786626156 3.4618307948687 0 309
68.773502895774 3.24463704860024 0 310
82.4347539279012 4.14473990560667 0 310
87.587851143314 3.16537527433143 0 310
68.2993548255767 3.03159783112473 0 311
69.7467876972334 4.05326266420252 0 312
64.9416028503368 3.38179436965064 0 313
88.7116572309558 3.31255809544147 1 313
63.7532810915613 3.26419076109974 0 314
79.4789919187288 3.00828724084788 0 314
82.8738367533591 4.42927097081537 0 314
69.0675398769748 3.2789446755059 0 315
67.2554278760605 3.19509899494668 0 315
67.2691436929326 3.00405563767429 0 315
67.4239675591278 3.21068673210024 0 315
88.0510354185998 3.07149738045583 0 315
68.9111725633252 4.29676417310138 0 316
67.2630027045192 3.27216333143649 0 316
77.2528504586406 3.50249964653923 0 316
80.7735585682925 3.12358731277278 0 316
88.5263602424573 3.0171670370156 0 316
63.6549374053697 3.05541850000353 0 318
67.2542586128576 3.53991241402594 0 318
67.4546153138487 4.515490826531 0 318
68.7522140117345 3.2406187187051 0 318
73.2875247981163 3.30847297913171 0 318
65.3415508774084 3.05575476224388 0 319
64.0722496691155 3.16830250321885 0 319
82.1148504338775 3.31786056868525 0 319
65.9083855883716 3.48871076209465 0 320
67.4792649321749 3.01826830653132 0 320
69.0210791939196 3.1878116285004 0 321
67.3561633539592 4.47198559991709 0 321
82.0569153043669 3.06526028039893 0 321
63.7336400112961 3.0595492390322 0 322
82.8546608114262 3.02217148491657 0 322
74.8994128956482 3.36942051034615 0 323
68.895622787032 3.41851841420438 0 323
65.1689736502125 3.64036951330561 0 324
70.4007180900481 3.27782495768697 0 324
67.2849978635191 3.88925759965061 0 325
67.4958512401669 3.00173299106494 0 326
83.5766013078705 3.1384665254807 0 327
87.8249594242727 3.02533592781486 0 327
66.7513636712734 3.31200196699033 0 328
64.073610369234 3.30649261402022 0 328
67.2530260812835 3.48094650628493 0 328
67.2667392327486 3.36576943499124 0 328
67.3231330548171 3.08032215248882 0 328
68.3613860545285 3.05648198356133 0 328
0.327674526322945 4.62636669211653 0 329
68.3079982963589 3.50706722894845 0 329
67.2652853361342 3.23351802231263 0 330
74.1750333521522 3.03588432700028 0 330
81.1705021406861 3.10800957201602 0 330
89.1390195314113 3.99380033267164 1 330
88.761741469362 3.13603412058031 1 330
63.7633173771834 3.37917671341548 0 331
71.3704713168142 3.39466352647467 0 331
63.7390664115967 3.46653355789663 0 332
67.6063501394476 3.09352624031281 0 332
88.6679954295785 3.22131103184317 1 332
0.296154708953619 3.24520776288695 0 333
70.5262031602281 3.45646702141511 0 334
0.0423512032291058 3.01707159206469 0 335
67.8214766088401 3.65206583167752 0 335
67.5282961723197 3.30453980940082 0 335
67.2655612238088 3.33261853392588 0 336
67.4697494419976 3.10064268247681 0 336
64.2161779684422 3.34657625650146 0 337
67.6023379999857 3.13366432802051 0 338
81.2019646284704 3.19245677493381 0 339
67.2628875480511 3.03278319525547 0 340
67.9843592437533 3.37179729149399 0 340
78.6116226355221 4.04852110588416 0 340
10.0941745703476 3.53275299982263 0 341
72.9694076961297 2.9900320275216 0 341
70.5203618365578 3.32822511118271 0 343
67.8737504381363 3.01392778638651 0 343
0.0208228716385955 3.20352293251579 0 344
64.3581058997066 3.31506118815183 0 344
64.2335698250087 3.32962873156735 0 344
67.7193059944273 3.25033874278475 0 344
67.3797988701666 4.00017398594531 0 344
67.7787045213215 3.32141995185539 0 344
85.0560924479354 3.18334306735372 0 344
44.2072646275295 3.05882118481403 0 345
3.22605494146198 3.5220036346632 0 345
71.0886134190718 3.38234729304769 0 346
70.0185011467578 3.04918531569755 0 347
83.3644637864481 2.99878376141647 0 347
70.4968960707172 3.18513739293295 0 348
69.3600078079632 3.15185616706018 0 349
63.884495004646 4.08946363260963 0 351
89.0202202666357 3.06053608256315 1 352
64.1869172067223 3.04964916501211 0 353
67.3320215616414 3.3955167913718 0 353
67.2864118953857 3.15493547066501 0 353
0.00653641416739609 3.04702985846618 0 354
67.3324281313872 3.12842925119569 0 354
67.7313227287529 3.03034929448033 0 354
67.3255405433592 3.16498402183522 0 355
67.6117119360599 3.20011448689359 0 355
69.0922319703952 3.45822106626852 0 356
67.3049524280327 3.45248292327355 0 357
67.7642899920926 3.17678109975441 0 358
84.4146915778634 3.48684504129852 0 358
67.2934999690392 3.17560276556384 0 358
72.1413845057926 2.9928535187346 0 358
63.7747644605006 3.87619904283507 0 362
67.6176482195771 3.56335771472864 0 362
86.48864624279 3.00214459127523 0 362
67.3210161023184 3.24623122339262 0 363
67.2561076448505 3.47257062657792 0 363
86.2763770778982 3.8943836130209 0 363
67.5733111037622 3.06989477167367 0 363
67.81302785116 3.12473463951625 0 363
70.2822172138198 3.06572007478995 0 364
67.6400954499017 3.79852573912683 0 364
67.542601252363 3.21263573575303 0 365
67.9143950853491 2.9999535509994 0 365
88.9182565898907 3.23788635628402 1 365
88.9510309534083 3.54745818954855 2 365
88.9944170552578 3.58829946501873 1 366
89.0169427349437 3.74381247252748 2 366
67.9280604678349 3.64502680928979 0 367
67.4119772536525 3.35075268870209 0 367
67.3160254922443 3.11266379278007 0 367
67.2944349193072 3.41973101526127 0 368
67.2889351870283 3.06307494239926 0 368
0.00547845387506919 3.00499397199751 0 369
63.6497449605257 3.06109021750695 0 369
64.4479558017809 3.39633422066108 0 369
69.7397553049514 3.28751544895348 0 369
70.3718529343401 3.42806056246223 0 370
87.5836953421521 3.50295663533083 0 370
88.1762582034873 3.20403887162296 0 370
88.6671653277979 3.53435833653036 1 370
88.7270770852248 3.1745395533089 2 370
4.8411055086166 3.13812805403832 0 371
63.8581542228011 3.03721861685824 0 372
67.299675758584 3.10973795964056 0 372
86.420008098325 3.27807765579895 0 372
85.2000480648863 3.23108016980449 0 373
67.4036266677213 3.43789460835637 0 373
78.5775209821187 3.01812573938083 0 373
80.5458659540096 3.52695444921945 0 373
88.3702328051247 3.10312068139256 1 373
88.3732464887468 3.12477086503673 2 373
63.9841553071784 3.75277552707975 0 374
65.946538968158 3.2213507041672 0 374
68.1577402132519 3.12315936349803 0 374
63.8977861494155 3.09971664433818 0 375
71.7810256878079 4.09259772560624 0 375
67.5171595350728 3.29018724303883 0 376
67.4060852250236 3.31098880155331 0 376
70.2465932861731 3.00116980248839 0 377
64.6675149022715 3.2174886466863 0 377
67.2752327207921 3.53972000953651 0 377
67.5749156292551 3.21018089042784 0 377
2.05234556925466 3.07949743435448 0 379
2.14975133629725 3.25661008534351 0 380
63.7392613869093 3.14713641612886 0 380
67.383852429734 3.47228022921363 0 380
67.5590499909693 3.39916328320813 0 381
67.306507290889 3.06009377560148 0 381
67.5177776752169 3.17774271780059 0 381
68.3854375506249 3.37259009236158 0 381
66.3156506785796 3.25153469499894 0 382
69.1094061539095 3.25382044963953 0 382
67.3821928379619 3.0399675014578 0 382
86.4209963791169 3.58093898677043 0 383
78.8910222737569 4.71500415277387 0 385
63.6660437900096 3.06265725597675 0 385
88.0514589276439 3.19150719706897 0 385
89.1893651467925 3.03417057685397 0 387
88.3399997355689 3.13960357119416 1 387
67.2734987604277 3.06063166387661 0 388
67.3226908883516 3.13533735577502 0 388
82.8007134812401 3.83694806804732 0 388
11.7222787837235 3.1712804957333 0 389
69.5763103748646 3.17097269166271 0 389
72.4314953331971 3.01698135273624 0 389
67.285858916368 3.09755670440953 0 390
68.1309311831615 3.33023679352038 0 390
84.6153257241664 3.34590020462922 0 390
68.6688086728757 3.34057665245698 0 391
67.4397221524716 3.26861561383464 0 393
67.3450980547782 3.08857873079879 0 393
67.6663963972896 3.46602540458458 0 395
63.6528309490588 3.39494779915052 0 396
70.6027631205174 3.0935090893068 0 396
71.0782705860346 3.15882924558122 0 396
74.7941768972914 3.04879105988698 0 396
2.13979887010883 3.19155221743725 0 397
67.3278609589639 3.02736548130023 0 397
81.3571914134618 4.1593880258182 0 398
88.7682065642132 3.10152286831233 0 398
76.4670670036164 3.2577052142358 0 400
88.6170079733517 3.00687120669993 1 400
67.5781254322869 3.05968028505161 0 401
70.7022713817503 3.06404131907629 0 401
80.8220133332893 3.39724316490212 0 401
66.4309362615151 3.29267941536379 0 402
67.9770304244948 3.51394785651956 0 402
83.5948014963027 2.99112516973777 0 402
87.9216840592724 3.57508815272919 0 402
63.8739266389309 3.41937684277824 0 403
69.3490598312966 2.99429097456913 0 403
89.1073638831538 3.09414378498984 1 403
67.6496440018094 3.02053697615672 0 405
67.2528526533311 3.28081713674529 0 405
64.4004375679058 3.47837514279266 0 406
65.8019090992633 3.21307652018253 0 406
67.3619956990007 3.53918443345781 0 406
72.025007026001 3.1484527400106 0 406
68.103290681473 3.18897266383929 0 408
79.1217696974334 3.01247227915072 0 408
72.5054221656026 3.33607018056131 0 409
67.2892348705033 3.92261239341104 0 409
67.6842369823509 3.17021378138417 0 409
69.4502306076664 4.33933397646771 0 410
84.4740424435457 3.42763749179145 0 410
76.3132554970497 3.21755240997668 0 411
67.7486235757703 4.27289285693311 0 411
87.0274218389027 3.19178902786891 0 411
80.52374216975 3.03161967926022 0 412
69.0382343154918 2.99221909193071 0 412
85.604699759358 3.42927909491959 0 412
67.8330455982923 3.16007227058588 0 412
70.593181654145 3.76015597661131 0 412
78.948076180793 3.61619770916831 0 412
0.809116609352959 3.21357930329774 0 413
67.411325983235 3.21796278601462 0 413
67.3144644879211 2.99810146375478 0 413
72.1185470022083 3.4102988411509 0 413
85.0307215574349 3.06672214959312 0 413
88.6784463367438 3.55755386046519 0 413
88.700549631584 3.26888451657135 2 413
75.5577654065397 3.23379485439054 0 414
67.2823752258088 3.46317499458376 0 415
88.2537443846744 3.07177773855414 0 415
14.8465426980224 4.10048768401892 0 416
67.3499450533424 3.18216040534487 0 416
67.2613568876736 3.63698843321917 0 417
67.28231433808 3.35183989936837 0 418
67.7688845901437 3.06704052077848 0 418
68.0083507542605 3.11788817111038 0 418
70.5126284655148 3.17148091371091 0 418
67.2550297026892 3.13354646306307 0 419
67.2944714277906 3.65383329751677 0 420
6.54309313780739 3.49660630774042 0 421
83.326241122813 3.27266518735354 0 421
85.0525173097411 3.13066502664368 0 421
67.2611450184032 3.01039601504629 0 422
67.4367164691381 3.26844619754785 0 423
72.9016558887255 3.28661403828895 0 423
67.453834850407 3.0237728462977 0 424
64.2229580683849 3.3656590094277 0 425
67.4499749479222 3.37229504179735 0 425
63.9766630400927 3.39568708200291 0 426
66.0528302365188 3.29529399384213 0 426
67.4760170133547 3.09855008508535 0 426
64.015412169088 3.08333312244008 0 428
87.0638350522803 3.38596809336716 0 428
64.2903490193144 3.38797397003583 0 429
67.3460268473757 3.68140999258846 0 429
68.2068864848005 3.30505891582869 0 429
69.3921069878612 3.25719827387015 0 430
67.2968758513018 3.34730691350325 0 431
67.8363438487174 3.19518825510056 0 431
67.4771058190123 2.99780834352095 0 432
81.4970719556266 3.79661910204295 0 432
85.970412442674 3.4905134630702 0 432
72.9600251489987 3.81828700155653 0 433
67.3836590180689 3.1118216888109 0 434
70.5395425900924 2.99946616326915 0 435
67.3571433964259 3.27399833456908 0 435
67.3402843741625 3.17683552604572 0 436
89.185191076928 3.26477682417118 1 436
67.2624921970699 3.70212744385549 0 438
67.5076187336148 3.17593383915138 0 439
64.5118790108231 3.32329127128056 0 440
67.3150564856042 3.15548315629612 0 440
67.4304877581497 3.00982350363684 0 440
85.7013741799628 3.21653451369891 0 440
69.230279509697 4.01992776399118 0 441
83.950761236559 3.10423995769164 0 442
67.2677296839179 3.29128307300614 0 443
82.0626130903856 3.30939007972723 0 443
63.7800140777368 3.856948720481 0 444
80.5654502975818 3.23216508556899 0 444
63.7906996554521 3.32311888087701 0 445
67.2647460400341 3.25168210729607 0 445
63.769941707981 3.02853048059953 0 446
68.8928444413233 3.19370271488723 0 447
70.9531129413612 3.1297012863457 0 447
85.1282422370466 3.00229849573423 0 447
63.7637543344521 3.14132972613709 0 449
78.9271717400883 3.4425017456261 0 449
67.7786351917225 3.11493069490859 0 449
64.1588643172041 4.04917795266512 0 450
64.3073061170345 3.08084956218269 0 450
67.2563692698846 3.72370800051292 0 450
67.2587439775017 3.80235451769982 0 450
88.6590987643965 3.04205652619996 1 451
67.3473895394115 3.09217848459428 0 454
74.8627946664111 3.00150567278435 0 454
63.8497448609296 3.03482977416893 0 455
63.827984332403 3.13577929146175 0 455
64.2079612380994 3.32664471767464 0 455
72.1545736244645 3.39526739724548 0 455
74.742307101495 3.00456400878001 0 455
71.3358111471672 3.1488442127605 0 456
65.5640609375821 3.37648817389294 0 457
69.6363949129055 2.99593352511153 0 457
0.0847381731960301 3.16581998682029 0 458
67.5101935554223 4.43526740678174 0 458
72.2946814553453 3.33056422258818 0 458
67.9769223010974 4.12926513580345 0 458
67.3658803115468 3.186937630521 0 459
64.9906362596621 3.45069486878394 0 460
63.654143045493 3.57090633083362 0 461
63.7444926742574 3.03982146344612 0 461
78.6946333365172 3.43639114427987 0 461
67.259754816904 3.21259971397478 0 462
68.0150326257991 3.51541897145217 0 463
82.2155838961026 3.3200722695605 0 463
88.9165239590027 3.57668012576423 1 463
67.2547732893118 3.38366489543088 0 464
67.2595419759209 3.07118156333197 0 464
67.7037589424807 3.06797051242532 0 465
87.1495570923992 3.01924639815952 0 465
67.2979244484047 3.99753719002027 0 466
67.284168639357 3.33145721979589 0 468
67.6496844316672 3.18472263024936 0 468
67.2562837962337 3.28481458647267 0 469
67.4005920720276 3.36175669702603 0 469
67.4206430818803 3.0501995840858 0 470
67.6536143274315 3.2446123039061 0 470
76.3405314006717 3.22480770460028 0 470
67.2806245958795 3.21406274907859 0 471
70.6134405327378 3.0215856034516 0 471
75.3470113892353 3.04962846234162 0 472
79.6073268817715 3.0290746912516 0 472
67.270628177225 3.34043259230764 0 472
67.3015440314067 3.75257232169632 0 472
76.7943001785661 3.38634393219541 0 472
80.9162373526709 3.22503385778991 0 473
69.1748620028206 3.27311331496802 0 474
68.0532992209651 3.09770332221637 0 475
81.0164211128325 3.01272231964739 0 475
63.7751546710815 3.55366294611599 0 476
67.2667053208766 3.41235887114172 0 476
67.2560354283426 3.16658570085934 0 476
46.1962515753178 3.15044710547033 0 477
67.3222155684784 3.00066818238399 0 477
67.444568418197 3.48429907001853 0 478
68.3132274584725 3.12083541072505 0 478
67.7714231064848 3.07336878588747 0 478
68.0672014209168 3.6583205406901 0 478
69.7401820575429 4.5396714490702 0 478
88.930304951248 3.03203221365516 1 478
67.297900089141 3.07795877725345 0 479
88.7861048553411 3.42777470256622 1 479
88.8186770878705 3.03615583511163 2 479
67.3062526348637 3.05173301917493 0 480
68.5166303154032 3.12488611830656 0 480
74.0281140224926 3.13603950225564 0 481
67.3874363597046 3.73764471089201 0 482
67.2806220650702 3.25214829222599 0 482
69.2113079445146 3.42133922556764 0 482
77.197735411171 3.09775780720099 0 482
67.3080242208152 3.00891306866917 0 484
73.5493659964535 3.03650122495082 0 484
3.58265763559713 3.73634445529306 0 485
68.5642624385912 3.28189486726644 0 485
2.33930953186293 3.51393316829513 0 486
3.82917106568997 3.74070314565183 0 487
67.2572751683909 3.01191744568889 0 487
69.3585410045886 3.89541722822073 0 487
69.2450274028992 3.13138041773277 0 488
1.47743699546332 3.55092765515889 0 489
67.3810726714586 3.03568957623785 0 489
71.1167615926211 3.13137795555711 0 489
67.5107409048464 3.58085264490214 0 489
85.4261177122893 3.79212549656711 0 489
72.6347743687625 3.25362025548107 0 490
67.5677427293345 3.6315434737013 0 491
78.6734405732108 3.26220993500864 0 491
67.4821593936786 3.09601205112481 0 492
67.2712012770038 3.22368134749872 0 492
77.5842522177527 3.03494985017967 0 492
71.0103688541513 3.47837751686749 0 492
73.4031085101043 3.25265309034431 0 493
10.7694721246977 3.79754624718672 0 494
63.7780236233317 3.12727699871988 0 494
65.9418193016536 3.2597889995079 0 495
2.2107375354683 4.20092245980137 0 496
85.6177867606817 3.10405976377902 0 496
69.0078274848286 3.37452602379151 0 497
70.679789179383 3.39251066606924 0 498
66.025594760395 3.85806669789073 0 499
82.1161213136899 3.23476372338799 0 499
67.0923706221121 3.01879208759067 0 500
67.2598547039768 3.3794316141484 0 500
67.2717755344844 3.10751460942144 0 500
68.1006432486735 3.1920821953689 0 501
82.9473364666148 3.44970013902256 0 501
67.2725789135129 3.19794917079385 0 502
67.2670297282456 3.10121797131771 0 502
67.8477080951502 3.38296866414019 0 502
68.2561002789658 3.70138327862349 0 503
64.3984948338013 3.28802164645526 0 503
64.8056275964175 3.62568540491728 0 503
85.0120707743018 3.11680030952933 0 503
64.3164976388115 3.16004885776604 0 504
88.4910904562373 3.27801379677245 1 504
70.3501210464387 3.09127628313303 0 505
77.8836119488671 3.12635284258386 0 505
83.1856379039279 3.26460341241589 0 505
0.139343130464088 3.0597586275921 0 506
63.7437057694204 3.06902124574575 0 506
86.187827403171 3.74972417069854 0 506
67.5977536502457 3.42689509054154 0 507
66.6078997415753 4.08500420502275 0 508
66.6805370964503 3.03921465527522 2 508
63.7456827385571 3.98248905234206 0 509
67.3313675198185 3.01084880573222 0 509
69.6866613988531 5.06466777242106 0 509
63.8882560343325 3.39820374969493 0 510
64.1316623251234 3.14110877691061 0 510
68.5164706415712 3.38099771873652 0 511
64.1089442442809 3.19292324527537 0 512
63.8006793974726 3.42055063990196 0 513
68.5682933046435 3.66928370875618 0 513
70.6493845117518 3.02024107713214 0 513
37.8207098110877 3.84397737442999 0 514
70.5709351404729 3.59615749785666 0 514
67.4712973088661 3.68191720603018 0 514
87.8029063911557 3.03456531410584 0 514
69.4671094736648 3.05676759472519 0 515
73.0478729071394 3.03018541630421 0 516
72.6241572681655 3.02355664095474 0 516
72.1916111533806 3.6795078380101 0 517
87.4962406541087 3.14834626704637 0 519
67.2719453183707 3.33701157268431 0 520
70.8971251104 3.05816470262947 0 520
63.8111093093931 3.10870318798354 0 521
67.2530803311955 4.05150705752456 0 521
67.2673721518226 3.28494901672718 0 521
0.0783815928565865 3.39997922495189 0 522
67.7141331760411 3.01594968015199 0 522
63.8941972712796 3.33134186321587 0 523
63.8036600167034 3.11899632344857 0 523
69.9096934491014 3.1526936879088 0 523
0.0270925480446361 3.35419808740904 0 524
67.6822219329685 2.99336662226493 0 524
67.3767898829066 4.58562399294843 0 525
67.2713368570613 3.65408484782669 0 525
67.5899219161852 3.2080644142952 0 526
88.4885657802031 3.22120453802956 1 526
63.6619048434844 3.10145304804561 0 527
67.2885707446821 3.14786137052995 0 527
67.3379551681767 3.02047161154435 0 527
65.7116653463141 3.70951662234052 0 529
67.5891886236648 3.03786146173438 0 529
65.3492068232108 3.23718618490777 0 530
64.7723320984576 3.83136988383135 0 530
67.2625586264105 3.74149667942109 0 530
64.1347318101312 3.22989554588944 0 532
64.2261337965105 3.22489442875965 0 532
67.638782162264 3.09384544213291 0 532
73.271415760691 3.18273495513499 0 532
80.7333567311284 3.38280139706886 0 532
69.1832179296988 3.12163350474182 0 532
64.6323142124657 3.26175358694476 0 533
67.2694303821913 3.15323894287236 0 533
67.280826006661 3.13120631976757 0 533
70.5402836869966 3.03432209704015 0 533
64.0164109038287 3.11137718662338 0 534
72.5569319862547 3.86669423893589 0 534
67.283480154297 3.06458009816789 0 535
67.2634834234369 3.02566684700982 0 535
71.0282683267089 3.81160757799905 0 536
67.2836957992977 3.05586548616309 0 537
69.9964995782935 3.05410326760149 0 537
69.3140554842054 3.16660393770091 0 537
72.0966342512467 3.47761912125791 0 538
69.5954318084621 3.14989500628256 0 538
67.525976562514 3.18254974842038 0 539
81.1232173923594 3.20188428963353 0 539
8.64975970671527 3.05301557592481 0 540
67.3268127434266 3.32122633644465 0 540
69.8794123643748 3.29846168174567 0 541
69.3616025004706 3.29345366078883 0 541
67.2555963608661 3.00050561430097 0 541
72.154541051202 3.05394147985109 0 541
88.891950218919 3.11527114939153 1 541
87.8412960878076 3.43195451522162 0 542
67.2758403671359 3.06757978223633 0 543
67.5267116595241 3.45119842767234 0 544
64.1608911868122 3.40335836183732 0 545
67.4163261736586 3.76190003436151 0 545
81.0720620031149 3.47571462644593 0 545
67.8727944643852 3.34905954560569 0 545
68.6412151533304 3.15246743844569 0 545
69.4211926361403 3.70856373764077 0 546
88.5009584293973 3.04581343674805 1 546
84.5309901973584 3.07960627436416 0 547
88.1363123111981 2.99179610851312 0 548
88.0751685776857 3.06012749289051 0 548
67.3520018374954 3.15595126565958 0 549
85.0070626387345 3.25841270421624 0 549
0.471332064311004 3.37078630371761 0 550
0.0679371204859013 4.18075999656374 0 550
68.9740381619661 3.3566761713158 0 550
81.467598461166 3.24445210858228 0 550
67.2526650546741 3.33183547323469 0 550
80.1429136196708 3.04187787467434 0 550
66.8718625972704 3.43685255545184 0 551
0.233269762617971 3.25923382640508 0 552
69.2131278172067 3.07359267239513 0 552
67.263993540874 3.26520588701254 0 553
67.30044228989 4.8915137984403 0 553
71.3396057793095 3.53920924823863 0 553
88.0782574872329 3.47251036499999 0 553
67.5135660024279 4.11809863000502 0 554
67.6738673806483 3.11859825763031 0 554
80.9586944056146 3.01347831203443 0 554
0.159603089208866 3.34416148537996 0 555
84.2516393248064 3.02620396974925 0 555
71.5081987907508 3.19980934192423 0 556
63.8647309318544 3.16139257448503 0 557
82.2157688994053 3.03026139553665 0 557
0.390226053795538 3.35295412822398 0 558
67.2809632381617 6.24255932458851 0 559
72.385981580811 3.46077285402485 0 559
72.364722522585 3.13465114269442 0 559
89.0000333634477 3.14653003319361 1 559
74.2413602951517 3.20803291907858 2 559
67.8145528007947 3.64434323576934 2 559
64.7313803013188 3.01131583944891 0 560
67.5487522874688 3.15157227778328 0 560
74.8029082987177 3.13320256781014 0 560
87.4931717115637 3.29081714455831 0 560
68.3935204836508 3.37930176233101 0 561
84.4028042663425 3.53226284721104 0 562
63.7567762425121 3.25685955490747 0 563
64.2968891948445 3.03781404895941 0 563
67.5043435635778 3.18350647059372 0 563
80.9578741800654 3.52363219413581 0 563
88.9235423540037 3.13423389874855 1 563
68.5430718022674 3.12401502782407 0 564
17.9741790434615 3.22679298198497 0 565
73.4023369935435 4.13067982873241 0 565
80.7361705106829 3.29058550750834 0 565
86.3421470601006 3.26912112088505 0 565
88.717332370346 3.93141765177268 0 565
88.0558650128666 3.02935372828225 0 565
88.7263017583612 4.73023177151662 2 565
88.8477508395426 3.79113044322445 3 565
88.9069262981647 3.80748081891219 3 565
88.7886122695214 3.43930133228812 3 565
88.77513793061 3.15778294741991 3 565
88.7732282034187 3.68874156764454 3 565
88.7984258928936 3.04369159696858 3 565
89.1134294945035 3.21889903737232 4 565
88.8117242497986 3.60838630905133 4 565
67.2786868729294 3.00239090684884 0 567
68.2923570445432 4.54363754233407 0 567
88.0365624994424 2.99279762504477 0 567
0.0407760333196444 3.50795975652767 0 568
75.5985504774077 3.35845539391502 0 568
64.0407393500547 3.39960978287235 0 568
68.8241559579362 3.25550780805272 0 568
69.7316787830836 3.50333131744853 0 568
71.2114697657879 3.24377851581509 0 568
67.8328410471769 3.01146090437314 0 569
67.2744348613893 3.23985748949354 0 569
79.1612243946333 3.10557645515616 0 569
84.8308715343703 3.42102881480831 0 569
67.5151224681145 3.10835594078 0 570
88.926816048774 3.22952348133903 0 570
63.7853707370904 3.41433116381931 0 571
89.1237982054979 3.27546770325392 1 572
67.9292023192321 3.14754986090984 0 573
72.6119504994297 3.29892962992874 0 573
67.4487197361449 3.15655540879844 0 574
67.2623295900415 3.12466808563895 0 574
72.5511805706614 3.58622168755705 0 575
67.5004848388711 3.03468632199318 0 575
88.0478505022426 3.02474219363647 0 575
88.9268248693358 3.16944412215017 1 576
67.3112315897142 2.99608444557529 0 577
67.253666790792 3.81804210803696 0 577
73.8084050031341 3.1152145808529 0 578
13.8661398073681 3.32518006247925 0 579
67.3163555083097 3.08216630930473 0 579
69.7219713268169 3.00424341287526 0 579
1.4436178916833 3.11918793006692 0 580
87.7877800281688 3.50535001972862 0 581
63.7868421037448 3.124188630596 0 582
88.8291055836716 3.51247966242005 0 583
69.5558290672831 3.76761014637274 0 584
88.2672254445304 3.64790503718558 1 584
88.4029821799875 3.01123989955713 1 584
88.3205779541238 3.09829312386646 2 584
88.3170949656401 3.00353007607309 2 584
88.726028975428 3.02164946129244 3 584
85.6390757386255 4.42694716352916 0 585
87.2145931689247 3.13861269773261 0 585
67.9333678381405 3.40827707137622 0 586
69.3171677332915 3.14208242417104 0 586
74.2147376795668 3.44086727660911 0 586
68.1383209273698 3.85733876885305 0 587
85.0871913136439 3.04638848852085 0 587
87.4858784637236 3.02482836183179 0 587
88.430703810164 3.37328219397141 1 587
65.2765146981138 3.27446118935702 0 588
64.1435055458142 4.55471179340583 0 588
67.3614376018803 3.16909128574427 0 588
67.2542270186377 3.42385861718961 0 588
72.3390420709787 4.12255100462658 0 589
67.3275306993539 3.45211331827054 0 589
2.09237378871037 3.33382013283859 0 590
66.0015552596418 3.1661050387155 0 590
80.4961446864649 3.11136686818852 0 590
67.9565714885001 3.15569322423299 0 591
67.4168529123456 3.01202727415164 0 593
67.6860718421888 3.22188189728114 0 593
67.3155473082126 3.05542523319201 0 593
87.5031020870175 3.03356377492167 0 593
87.8653200688081 3.11371350431725 0 594
76.0549796751913 3.38401568169002 0 596
83.293585374708 3.33523974626974 0 596
68.6894431379347 3.05845298683083 0 596
69.2857610432253 2.99625946415936 0 596
84.4489191921026 3.37743386808242 0 596
68.7243103056714 3.08208726948914 0 597
67.2711943775849 3.46618366295294 0 597
67.4435498122411 3.06570407685894 0 597
71.6261240380459 3.10062705894184 0 597
67.5334131127245 4.03064401769208 0 598
67.2822116969822 3.18105336503027 0 599
0.233021658641961 3.51738749379002 0 600
67.6230051843054 3.03885240143373 0 601
67.2963831511132 3.56887553731637 0 601
64.095165172525 3.10163891036279 0 602
68.5272288326444 3.07439979444817 0 603
68.0147499706053 3.4227745894466 0 603
67.4758145181232 3.03927975570138 0 604
72.3261786667362 3.48083770986028 0 604
66.8086815780168 3.26697164487288 0 605
81.2400129259025 2.99404271019102 0 605
67.3222779662969 4.17515572199531 0 606
67.4877038236188 3.11963571868479 0 607
1.1777161086166 3.137606600712 0 608
9.52084521805789 3.31148472469027 0 608
67.3605738420741 3.05193016379499 0 608
76.3685751979016 3.15906639412192 0 608
67.384577194161 3.36820857701638 0 608
67.3080994137097 3.96356509923029 0 609
67.2624480488364 3.39643454545728 0 609
67.8453243310825 3.2453064056724 0 609
88.1163331119644 4.66789003417203 0 609
88.2105179928508 2.9929337947512 2 609
64.4185211854465 3.36229520365298 0 611
78.6026379139698 3.07547604181306 0 611
67.3820046930877 3.14514717891415 0 611
69.8552983916858 3.23227719561541 0 611
65.126868819988 3.26761478479559 0 612
68.1662462142554 3.82004809306629 0 612
64.1960153756186 3.17226873205841 0 613
63.7491403292494 3.46710605751393 0 614
64.9475046040892 3.16494051385537 0 614
81.3509729145406 3.32341721337541 0 614
67.2582216278325 3.42244577917309 0 614
71.0885395193884 2.99352009526629 0 615
63.898517160994 3.70564988621084 0 615
67.7567545236869 3.00213241168818 0 615
78.9032792832031 3.20773209132382 0 615
67.2553130777837 3.10539717562456 0 617
73.6180992795202 3.14286677253837 0 617
67.6521154088338 3.18844345921925 0 619
68.3171221541139 3.27728666376744 0 619
6.20116509737022 3.4119966441124 0 620
63.8845265025743 3.26093451923467 0 620
67.273741097507 3.02215836258797 0 620
83.4407597635729 3.12479034824751 0 620
68.4110682185956 3.39685034321201 0 621
67.3175141411346 3.09951068866183 0 621
80.0682507231258 3.81996333380557 0 621
72.6306535144117 3.17793951643755 0 621
63.6789810667447 3.26755227145734 0 622
67.5233382412923 3.05993136008167 0 622
67.3114392910217 4.14227999065104 0 622
69.2719375157052 3.15573966419797 0 622
67.263322577599 3.02978260462203 0 622
74.0179503665233 3.49859901161004 0 622
64.8924128598903 3.005094814616 0 623
67.2908604459363 3.33770061164696 0 623
69.30807093942 3.46634260007231 0 623
63.8632514985921 3.30969213902427 0 624
67.5712334646426 3.12803496661546 0 624
67.3037096283925 3.83840192657066 0 624
75.0128296497198 3.09906080122413 0 624
69.2074060690839 3.23050006164475 0 625
78.1196591232718 3.01487669592345 0 625
67.2991406993966 3.4769368156598 0 626
69.6604202310521 3.07346680059515 0 627
84.9894023657411 3.03925553005712 0 627
80.7467382928219 3.02958662135473 0 628
67.4772784481759 3.91374679616462 0 628
88.1262824703578 3.22630158498337 0 629
88.4493861554463 3.04646960534762 1 629
67.258665979592 3.12736314916445 0 630
67.4017667660374 3.08994466334598 0 630
71.075036741864 3.04838022123708 0 630
68.7274859578347 3.03707983189056 0 631
68.513167529159 3.12859962709827 0 631
71.5981774967991 2.99612339206888 0 631
67.6441645372105 3.03595885004385 0 632
88.9291428087551 3.50115110529213 1 632
64.2325705915207 3.78469038301026 0 633
67.4239337055176 3.2237985072334 0 633
67.4424106665089 3.21695016974966 0 633
80.9254209850441 3.6544045543822 0 633
67.3621414786066 3.13241812252053 0 634
88.0921815010043 3.29653128058268 0 634
81.0070013285388 3.598099788165 0 635
85.3318945132233 3.04083531057882 0 635
84.2200170091219 3.27254446280539 0 635
88.1389666824752 3.17279009055749 0 635
70.4872924281959 3.0439875152172 0 637
67.5938604688219 3.03069651381134 0 637
68.7927595751419 3.21497465992772 0 638
70.1594119133349 4.02051090874668 0 638
67.2636904793424 3.00857602024133 0 639
67.4024589129251 3.21264656347873 0 639
74.7831487635705 3.76660537533938 0 639
63.6529067175657 3.56574500412829 0 640
67.4845496979733 3.56541547095602 0 640
67.3662275016809 3.57311315238156 0 641
71.5893219732976 3.03424042453879 0 641
71.0860585073879 3.22849122043466 0 641
88.4153020344331 3.28984555801564 0 641
88.4701090528508 3.17440990765744 2 641
63.9931291331086 3.24451994883805 0 642
63.89981184425 4.15902189316747 0 642
67.4604647057379 3.2968166706407 0 642
83.9856655369676 3.04522475924005 0 642
64.2826853287761 3.24062096175199 0 643
64.3628547994921 4.24789620257996 0 643
68.7492388964626 3.15649473572483 0 643
68.1750416995412 3.14140675403146 0 643
71.0697523091818 3.41322019271869 0 643
82.6073694957767 3.42152325070271 0 643
88.8031322324921 3.15489369850839 1 643
67.9331900950068 3.08019573128456 0 644
68.00168205957 3.23530020895259 0 644
80.3105806685877 3.6271618801918 0 644
85.147455086904 3.12211383167594 0 644
0.650940947829421 3.19724702264695 0 645
67.5577576011646 3.30605613950412 0 645
71.9118387604016 3.09855976927936 0 645
70.8069249203374 3.0159588805964 0 645
69.9780441901654 3.40722094695872 0 646
76.1620511738215 3.46150037122678 0 647
88.4059699107699 3.25001008823393 1 648
72.1614891123764 3.18650082474558 0 649
67.3338390977231 3.23704396359579 0 649
67.5186635768288 3.10521365719415 0 649
77.5676842003366 3.12466045099767 0 651
88.5080441622801 3.33284891224677 1 651
67.1730562735087 3.20059443588209 0 654
67.2845237545603 3.01686694752017 0 654
67.3693346958274 3.32234449260222 0 654
67.3975366495717 3.22786097777415 0 654
67.2832408114178 3.00303918676123 0 654
67.741477372171 3.02934379066016 0 654
88.2658768694189 3.76752507232291 1 654
63.7701829270318 3.59303098619185 0 656
69.4026804819788 3.10445690900698 0 656
69.0530079763428 3.1687959597872 0 656
67.3113301384467 3.15730995308543 0 657
64.0352230139729 3.25486212386295 0 659
0.155748254188746 3.6340111117665 0 660
64.1672989318524 3.20549339090736 0 662
68.8881296832502 3.08117774214465 0 662
67.6469871996732 3.20296800517375 0 662
64.0206577908829 3.92547120218324 0 663
70.3696435617751 3.17922888908465 0 663
69.09449930569 3.79122048971731 0 663
88.4997992710948 3.01355722601731 1 663
67.3670363238402 3.3947183114735 0 664
67.4375002390198 3.1647057997735 0 664
81.1197424001437 3.04497162322478 0 664
67.4737072666205 3.24736284891279 0 665
68.6808675752014 3.07417674714644 0 665
87.9533510773821 3.70689511184918 0 665
67.25998375882 3.118731735605 0 666
67.4594399304726 3.17468436313877 0 666
82.9608287211306 3.06995325074219 0 666
88.6250740920466 2.99181183841085 1 666
55.7274638272539 3.48919712646404 0 667
70.4648116994444 3.48611539143425 0 667
67.2599605522897 3.643735853664 0 668
0.649598251947978 3.3057754734746 0 669
63.6947056890599 3.08771640632845 0 669
67.5872980662687 3.00305164790886 0 669
67.5072061000135 3.32698449852063 0 669
74.170389120667 3.46255140966106 0 669
84.4865269021164 3.14758037757387 0 669
10.2412822337256 3.24403516001931 0 670
67.2880845831395 3.51311535091097 0 670
67.3118064570584 3.15571644948421 0 670
67.5366231817612 3.00536884892005 0 670
71.0134265275759 3.15552324843745 0 670
82.0415488460567 3.18008716573774 0 670
63.780847612242 4.25414528497432 0 671
70.3026809846791 3.15707226376103 0 671
67.4224192726792 3.07695516376735 0 672
72.9081448604681 3.55913427232108 0 672
88.3200922300846 3.21436478807714 1 672
89.1745219728716 3.05215774901945 1 674
70.0662940838645 3.03916384711271 0 675
87.8745251530051 3.33374267891323 0 675
66.082253319993 3.00164132781308 0 676
63.9824765345851 3.47782688291787 0 676
67.2937907134011 3.17662749144118 0 676
68.1784891174079 3.17019067247053 0 676
70.7465270844582 3.009335925297 0 676
68.7289771174597 3.65458691837428 0 677
0.459463349902256 3.63249440571826 0 678
72.3294578292875 3.130022534677 0 678
67.4307472741427 3.0516783745992 0 678
68.2219779492649 3.39654914505691 0 678
66.1609645989837 3.23122582478961 0 679
63.9691156511075 3.6506521986876 0 679
64.8862884330821 3.05542331778337 0 679
68.4335956856491 3.75044524066685 0 679
67.2637503889797 3.07536519694952 0 680
68.4787476157389 3.66497710755016 0 680
67.5943757461391 3.7236635771414 0 680
68.4146707245095 3.33067650046401 0 680
88.506915517132 2.99986298656229 1 680
67.2749745873304 3.89091413034351 0 681
67.2714300663914 3.32589433001848 0 681
68.29115105761 3.4625365263995 0 681
64.4739442925226 3.27277701840032 0 682
65.14780823972 3.07489136120372 0 682
67.261842425455 2.99831374271145 0 682
70.80505576328 3.20813135853959 0 682
73.271712799583 4.01235019563205 0 683
80.5472883122883 3.59330649234688 0 683
80.5998044733337 3.03531847468161 0 683
58.6580573034497 3.1176423572476 0 684
71.4839899680049 3.28183013144542 0 684
70.3321908061897 4.17599068303441 0 684
87.0395752688985 2.99085628077138 0 684
3.33753478710923 3.02500995326968 0 685
74.9963375171922 3.38027612252247 0 686
67.2859960977757 3.22164860257825 0 686
76.6635264388976 2.99682514757856 0 687
63.913885983269 3.01254943671301 0 687
67.2577268026865 3.37563094776207 0 687
67.2994092791845 3.28746961679737 0 688
67.2688912418171 3.06546114426567 0 690
78.0420692352583 3.45109879283519 0 690
76.4943397202132 3.07229014208978 0 691
67.4118013558566 3.01956781811904 0 691
77.8045820365671 3.34421551590366 0 691
75.0951128268341 3.41830765535964 0 691
0.362634278905614 3.21122688760021 0 693
67.2550889839319 3.06963315659705 0 693
67.9726011781223 3.08599952836037 0 693
67.2633779703827 3.1637241416716 0 693
80.8619823459325 4.69935172738564 0 693
64.0134159988393 2.99337813188065 0 694
67.4745290657505 3.0018339402764 0 694
67.2818421372355 3.18485697000068 0 695
75.3178252398392 3.33316598274122 0 695
67.2593057211669 3.52386576362563 0 697
67.945039012088 3.64021464565841 0 697
88.8689097661797 3.13757849110052 1 697
3.88188454911475 3.33334208054637 0 698
68.0848974012582 4.38714600394953 0 698
67.7743467569502 3.08687392522747 0 698
68.3634672118069 3.80658196816741 0 698
69.590154966201 3.44852879709591 0 699
67.322207511336 3.38208358091702 0 700
65.7014523059812 3.04663806942351 0 701
67.5220128014695 3.23659874015389 0 701
76.6243096096525 3.1696581552593 0 701
87.4975668843214 3.04933310745164 0 701
67.2991181595055 3.24942655896647 0 702
67.7543778525728 3.28609008313761 0 703
67.3916420469006 3.18787149039211 0 703
67.3937342949965 3.50707841007982 0 703
83.9723561007 3.22629082832929 0 703
0.073309631344003 3.50811875942661 0 704
10.5286271635424 3.52606459332656 0 704
75.2708275642217 3.33951873310714 0 704
68.292625164355 3.05504875192085 0 704
84.4698342084178 3.33744763455275 0 704
88.5197845688727 3.03259660160493 0 704
6.76144516071139 6.19612357037113 0 705
64.514979476545 3.27181625101376 0 706
64.4292993401388 3.95168757277022 0 707
71.1968343306656 3.88707270975433 0 707
84.6033449748805 3.00901564390736 0 707
67.2661263811343 3.00767943277736 0 708
67.3559664984097 3.32082245925321 0 708
67.637941720766 3.00188741874005 0 708
66.8651503606096 3.37545780806704 0 709
67.4409230380475 3.159460022528 0 709
67.3239842761335 3.13324585061575 0 709
87.8052050305836 3.31427019929457 0 709
67.2584502819316 3.19983541138672 0 711
81.0110186182473 3.18460238234093 0 711
69.2982038965656 3.14061692401344 0 711
68.3184712465974 3.37034330421161 0 712
70.1999473507845 3.15341261238362 0 712
0.91731352658479 3.08498086570776 0 713
67.2830827183774 2.99713417026488 0 713
84.3951963029274 3.68450190279207 0 714
88.3944286406696 3.43333340023882 0 714
88.5660850186639 3.22380493887162 1 714
2.29714124822389 3.01733327040858 0 715
74.4559015866066 3.17088410484283 0 715
67.6397401564771 3.03639310907453 0 715
0.135702486318147 3.30162482277067 0 716
67.2844799184329 3.05739725002231 0 716
67.5248373086144 3.2624797230508 0 716
85.2856536301181 4.37933336655613 0 716
84.2589017399701 3.06561036739884 0 717
67.6104059346588 3.73742153422533 0 718
73.1072788950228 3.05495894993235 0 718
80.5470705934004 3.55661450243193 0 719
64.0956827954472 3.68575596654542 0 719
67.3058580852907 3.28432058739554 0 719
88.9670464556261 3.04933558054894 0 719
0.230833600709814 3.37041917903098 0 720
63.8722855607491 3.45918684713979 0 720
68.257211440778 3.45783357732307 0 722
70.0828736158789 3.05766787053661 0 722
80.5236356021704 3.90265718711532 0 722
89.0513128626477 3.17014186279967 0 722
89.0665501832563 3.435820261876 2 722
67.3805721155231 3.26896457939834 0 723
87.0510718090145 4.09277829848445 0 723
68.2235611975738 3.17413874749844 0 724
69.6409866010513 3.09022235586741 0 724
67.610705522161 3.23979351620654 0 724
67.340579237149 3.48119290213609 0 725
67.3277761277325 3.27669729912557 0 725
63.8153842577881 3.39478209324458 0 727
75.8100512816064 3.12088563941304 0 727
77.9858242853286 3.03333574449393 0 728
67.2594556872531 3.95016296108469 0 729
67.2553229035798 3.45171751721067 0 730
67.3919888450132 3.17674985887475 0 730
67.5464959005976 3.03232013655738 0 731
87.6931404150408 3.22958082266204 0 731
88.7370217211817 4.22114144029104 1 731
89.1918645468657 3.20823753793322 2 731
89.1307067284605 3.23143334042834 2 731
65.0557562047141 3.01755465838509 0 733
67.3877765232713 3.25563945946694 0 733
4.64388286301164 3.00441114280313 0 734
67.281840580566 3.3761104497295 0 734
72.1397742354376 3.21876000864924 0 734
67.2578550663857 3.07913250535475 0 735
67.37174760476 3.15759446585065 0 735
63.8044455543411 3.16781633865318 0 736
12.998383507567 3.01163771506392 0 737
63.7574672534042 2.99108650791345 0 737
64.62123871873 3.45789442005564 0 737
67.5311370725225 3.15200622374486 0 737
67.7686303116904 3.31158017845654 0 737
67.2528486534092 3.11958947343941 0 738
75.3292863647328 3.22034962523474 0 738
67.3486273553147 3.01011590949055 0 738
67.7111131892526 3.16901526141295 0 738
88.0687552435378 2.99792910933836 0 738
67.4661409961874 3.38233925757521 0 739
67.2563395049632 3.05661280273776 0 740
71.0620600838602 3.51247946064707 0 740
88.0556797108922 3.25928971864106 0 740
89.0173142163355 3.04347764762857 1 740
89.0179009212891 3.08467395030791 2 740
68.8672909419336 3.01376866236835 0 741
67.2590864555658 3.15385926601782 0 741
70.8237554271875 3.19344241684016 0 741
68.7201134968642 3.34749860137661 0 743
67.2727819827422 3.16946209857732 0 743
67.7494980013741 3.6981487618968 0 743
0.167740655578228 3.63257737358393 0 745
72.5577594892749 4.22507460517453 0 745
72.9265450555784 3.00411009774591 0 745
72.1130291371894 3.09247557979126 0 746
67.634847304383 3.07943641741851 0 746
75.1552356754203 3.48711199558578 0 747
87.8477196575046 3.1290893535932 0 748
87.0574820403557 3.5556800742033 0 748
67.4347065465595 3.29042964333688 0 750
69.8912464993094 3.2614068054824 0 750
67.3023880266594 3.20519449453807 0 751
67.2724568531262 3.01594841945525 0 751
75.1463537593382 3.17003277346659 0 751
87.8005779793744 3.10360011488801 0 751
49.8597755185196 3.34113090888872 0 752
81.0783141501291 3.82662696097021 0 752
88.7696802534435 3.11966335878598 1 752
70.1250861115996 3.98711750018092 0 753
68.7725434240263 3.54507511481611 0 753
67.4059331577479 3.13149509461658 0 754
67.402978642965 3.30661501993002 0 754
2.18046424446927 3.01959743148453 0 755
82.5075005475176 3.22511101292849 0 755
89.1102824862853 3.87550689244829 1 755
89.1113376527371 3.60289354327417 2 755
68.8490257231632 3.27629544538426 0 756
67.0059514265271 3.36052418254964 0 757
71.6533230856441 3.46160280992301 0 757
67.4493922069825 3.0693805518264 0 758
87.0259443283263 4.10970245592649 0 758
67.3003772271565 3.20550830983768 0 759
70.9880753669061 3.23224467464151 0 761
73.0707042648618 3.2475384273417 0 762
69.7387192080454 3.02753479185314 0 762
88.0729897769247 4.29672625674759 0 762
89.2303591638144 3.28343643704825 1 762
89.2456946792101 2.99155760270498 2 762
63.9828657092287 3.97913942757671 0 763
67.5897087562447 3.36622295236885 0 763
69.4779124672728 3.05879683949185 0 763
88.9256562853504 3.02013545034198 1 763
1.75754286013763 3.60821407066952 0 764
63.7079050489099 3.13342157528506 0 764
82.9115260935103 3.40997935424315 0 764
88.1667622783374 3.53184447546106 0 765
88.167522690573 3.26774855880167 2 765
70.0629398935121 3.34805660791673 0 766
63.7695316383721 3.03315998260528 0 768
67.2786791160263 3.20993816556493 0 768
67.2678687674738 3.3676572399306 0 768
67.7162072630777 3.29070824182941 0 768
67.2987913627934 3.562493600444 0 769
67.3329166479057 3.11962858285924 0 769
67.4087988664333 3.52156180949512 0 770
72.1131514708537 3.04817115989288 0 771
65.2153495215952 3.03423683246476 0 772
65.896393339093 3.17687231219817 0 773
67.4790571535373 3.47625179822042 0 773
67.2669835266223 3.36935961398922 0 773
67.3099221012217 3.05387429052236 0 773
77.2741841808509 3.09080119703729 0 773
67.2546450010933 3.16705676594729 0 774
67.3142217059685 3.13609315296313 0 774
67.5166635204713 3.5305919427687 0 774
89.084758680993 3.13408426303016 1 776
67.289924775608 3.08127266663557 0 777
67.5182838329778 3.34172041622515 0 777
67.4009082819759 3.15083919459729 0 780
68.1507910200275 3.0535407105476 0 781
69.8530213680545 3.22078956594391 0 781
88.8053194703341 3.60721185707939 1 781
67.4435383199713 3.53897859293402 0 782
67.4730196417655 3.48259426454175 0 782
87.9040546659732 3.76941786523568 0 782
89.0685194446512 4.29465601995256 1 782
89.1917093434168 3.08394965476816 2 782
89.0685853278557 4.7770215603563 2 782
89.1946402185998 3.70747266286873 3 782
89.1252707734169 3.33228077831806 3 782
89.0757727321566 3.43109292885549 3 782
63.9195218003118 3.10077761763231 0 783
67.2772332417216 3.25474544218473 0 783
67.2711140160507 3.27010555518317 0 783
63.7384153198316 3.10145388710005 0 784
68.4597598639153 3.39178140036132 0 784
67.2892562936774 3.87096547232173 0 784
67.2970874564742 3.40327384531765 0 784
81.1413102589899 3.12876654303614 0 784
67.5080869569485 3.00594002065303 0 785
88.514092205073 3.83858713962142 1 785
67.4253417697804 3.13873880768641 0 786
86.2168935735609 3.44552622372485 0 786
67.665537524651 3.0660805811871 0 786
69.8279386162406 3.04009862504124 0 787
74.6011445404544 3.28361250305737 0 787
67.6024682218368 3.02467472515021 0 788
68.6596215145966 3.63640503907295 0 788
84.492716650435 3.31282848592799 0 788
67.3359992720113 3.44332768961266 0 789
67.4954655755847 3.39500379539313 0 789
72.5961936576273 3.94659901178822 0 790
67.9541660472569 3.04017604982647 0 790
67.6607164731223 3.23233987230713 0 790
63.7347047789238 3.08840898858817 0 791
67.7909401837569 3.10031743413258 0 791
67.4030955631969 3.44247304411575 0 791
65.0671025668277 3.05736705476465 0 792
67.6563861713316 3.35944089471314 0 795
63.7666880100953 3.08041640589447 0 795
67.355573909099 3.69697467099801 0 795
66.3947056124754 2.99547074415952 0 796
69.4268731164435 3.07324783510622 0 796
67.2572503520262 3.53526592107602 0 796
67.3960952853163 3.16063460505631 0 796
87.8471584357309 3.43836334515984 0 796
73.5144417253042 3.61349454097857 0 797
67.2699732648418 3.31076197206863 0 798
67.2596766062353 3.34723691024153 0 798
67.8105090754814 3.35800402140311 0 798
67.4148619045701 3.76260069072142 0 798
0.701519502989813 3.21322646098408 0 799
67.6702991698004 2.99002499864179 0 799
67.2965457632097 3.78808327362291 0 799
0.112169500457889 3.3853434837539 0 800
68.3222713893644 3.09617565023003 0 801
67.5413752752407 3.33572890653684 0 801
69.0989530667669 3.02401930325813 0 801
70.2977487858616 3.27742111228566 0 801
0.743012247683073 3.46884134874332 0 802
0.476223458153176 3.72562797614939 0 803
67.4191605766277 3.50411781853946 0 803
67.2909526535904 3.9059368814356 0 803
0.00607746181535931 3.30699207121391 0 804
64.1551979871248 3.23514250852585 0 806
67.2535225848442 3.02841886696882 0 806
69.4354587013891 3.11684995461908 0 807
63.814640465109 4.17309616545479 0 809
64.3744477603788 3.11510400804961 0 809
67.264453338033 3.14221928941716 0 809
67.5900517470922 3.25427673052714 0 811
67.3156398210958 3.22406209731904 0 811
71.9292169998373 3.46793489970084 0 812
67.2971226666317 3.12329881935787 0 812
88.700255650542 3.3720445803344 1 812
69.5660134838758 3.1556685997498 0 814
87.5685973419392 3.43588591656082 0 814
70.1550955699488 3.30743971468071 0 816
67.4434811877821 3.49263745424018 0 816
71.0881869832483 3.00394749538709 0 816
71.5037739100172 3.1461075869284 0 816
81.4939918693242 3.1798292365539 0 816
0.143110604760427 3.06127481978545 0 817
63.9254103385415 3.01532051446393 0 817
67.33804555401 3.01348514844197 0 817
67.6894613575065 3.5649208206179 0 817
72.4955369150966 3.35965132204267 0 817
68.3296173808458 3.47103143717958 0 818
67.4601133438013 3.04143292451146 0 819
85.9457336423355 2.9998814610445 0 819
88.449856401057 3.09770365305134 0 819
10.4007166240969 3.14966960329647 0 820
67.2948850337468 3.41001236715005 0 820
68.6529478490526 3.12523404808446 0 820
88.5196877501246 3.03994961734019 1 820
88.6441266815916 3.41399017112361 1 820
82.8481660862692 3.00105467584501 0 821
82.8696835691838 3.00236288570239 0 821
87.6855513240064 3.27965780754301 0 822
77.1889230892989 3.22161059836535 0 823
84.4078411037716 3.0781240477293 0 823
88.1192322526342 3.04354236183736 0 823
85.9620653158242 3.15257510962632 0 824
0.233070623739795 3.15961218578342 0 825
67.3998332820281 3.05300081494136 0 826
69.323108169383 4.38303066371955 0 826
68.0914907556158 3.22162493545633 0 827
72.0491020574778 3.26413366038531 0 827
67.2726707649331 3.48657597667474 0 827
82.0651664060905 3.58199526053446 0 827
82.8414521112884 3.02977061321765 0 827
69.6361034831435 3.01123821380967 0 829
86.2588232362014 3.74119217430838 0 829
88.1111131666172 3.26413865472094 0 829
66.6196811275417 3.10328387711335 0 830
67.3436163210803 3.33442864075232 0 830
67.3720659295409 2.99278631136734 0 830
67.4001764688507 3.27206655099774 0 830
82.1448038525769 3.03766418688098 0 830
84.4908228491146 3.78758874457717 0 830
89.2385742202935 3.28034809834641 0 831
67.3893974474421 3.09631783519342 0 831
87.4591911539561 3.10094329770344 0 831
76.211751464441 3.83455612635662 0 832
68.3164952716674 3.22037823415833 0 832
69.744022273685 3.26986120659312 0 833
87.7595414240643 3.41653572021865 0 833
67.3703230575985 3.17658107577944 0 834
63.9535835412461 3.73513973634311 0 835
67.463036061566 3.32039204971995 0 835
67.3669950433116 3.06067542240638 0 835
67.4485084799083 3.10324129468372 0 835
88.4464153556425 3.41021414315674 1 835
78.3057549348172 2.99259443511243 0 836
88.0239017071601 3.04927864450187 0 836
80.5270013454862 3.457117488663 0 836
0.0270325432234187 3.23717681067266 0 837
50.3496505981012 3.0364383263684 0 837
74.7439098319217 3.04601569469203 0 837
87.5317671763822 3.11774092515962 0 837
87.8017843691074 3.04069663029492 0 837
69.4988061411267 3.16669857362011 0 838
67.6898863484733 3.18875842214053 0 838
67.261972706451 3.37987019946399 0 838
82.4768860157521 3.23230569771471 0 838
67.4980847771371 3.0500015576936 0 841
67.3532466386745 3.52819200408175 0 842
73.3039550914352 3.04190298795921 0 842
67.8350125073656 4.14414713727196 0 843
67.2758247192275 3.25614500620542 0 843
69.1882850510224 3.290633062961 0 843
61.1049525293123 3.19979192582609 0 844
65.0869296184623 3.41346140292094 0 844
67.4816557466364 3.21056836104406 0 844
66.9829531058377 3.1619852850475 0 845
68.4182324474868 3.06190869976887 0 845
67.7944553345594 3.30371683226355 0 845
68.4757890073788 3.08988989453672 0 845
70.1522474898587 3.21522039578272 0 845
67.2652514256733 3.14898186398958 0 846
85.1299311055958 3.16683041423436 0 847
67.289457245171 3.04247840524612 0 848
69.2130926915863 2.99942121334547 0 848
63.8404458724152 3.02180532840605 0 849
67.3008188569076 3.08740036410351 0 849
67.2877620108741 3.01506375843602 0 850
84.429569568487 3.26000543496031 0 850
85.971758114889 3.09826842394563 0 850
67.2527877718134 4.14554613406338 0 853
73.4869986652539 3.25163650837496 0 853
64.0717855579674 3.61287166719243 0 854
67.2650680998237 3.04558495308851 0 854
82.0449697444711 3.54952987291286 0 854
68.992331824215 3.34839832669703 0 855
68.0877497930247 3.31370204944114 0 855
67.2771613789954 3.76875563420644 0 856
67.277498624558 3.59444751429074 0 856
67.4304365227047 3.58730131873313 0 856
88.9024564150993 3.43601574020271 1 856
63.7133667081288 4.36394322608529 0 858
63.9304844645551 3.32907175271523 0 859
71.8803013553015 3.12871654517273 0 860
86.3491696858067 3.00186259778573 0 860
0.517925766187857 3.01493019000125 0 861
64.9049877848099 2.99896307774932 0 861
67.3361522133969 3.18536827772121 0 861
70.5081430764306 3.27309364058795 0 861
71.0424816650312 3.04669502286302 0 861
67.7062548755919 3.2418165096618 0 862
0.0775078781049755 3.00274579022038 0 863
67.2632825937246 3.647363802079 0 863
78.4035781826313 3.31319635091848 0 864
65.4013465252966 3.02418808621873 0 864
67.2568683978518 3.0789283865396 0 864
68.8978598120313 3.88155785195691 0 864
77.2473912557524 3.01137998977379 0 864
67.35839243724 3.13407546217042 0 865
82.0470694761471 3.4305193509949 0 865
67.667870631316 3.18933646597027 0 866
87.8439460534817 3.02450922348232 0 866
67.2865314350719 3.10181244328511 0 867
67.2564292377328 3.11892690763669 0 868
70.4171019947284 3.17321602498062 0 868
0.225296671606083 3.30837375742172 0 870
82.7457774080063 3.14287985006306 0 870
84.4017618128658 3.43988768062097 0 871
67.2650447152756 3.26516265408135 0 872
68.0705396738236 3.47506620929156 0 872
81.1045310151933 3.02540413684506 0 872
68.6311956298157 3.86917968331484 0 872
64.2582216304028 3.86858853575416 0 873
67.2812773472042 3.18237035891342 0 873
67.2614534539659 3.45623387268209 0 873
63.7973542856016 3.05983518125811 0 874
67.2820057187093 3.01272962497921 0 875
67.4285927075588 4.70263347457488 0 875
67.279656921763 3.17903078710332 0 876
63.8012595822703 4.1887949757961 0 877
67.2865858261222 3.64390817929899 0 877
68.7570856286583 3.5898803399341 0 877
84.0718908637752 3.29704519453751 0 877
67.2622244871804 3.04498365174206 0 878
65.4608048299278 3.39969349199714 0 879
68.9118395489625 2.9977031339595 0 879
67.4500841689937 3.1965788537056 0 879
67.285369283509 3.03915404434135 0 879
69.1409858755811 3.52895557543724 0 879
67.3307449732163 3.27865204378107 0 881
88.0410077370016 3.44353795644436 0 881
63.8575043452184 3.13478581123241 0 882
67.5336580685048 3.10266427554626 0 882
68.4192555750756 3.43864997579227 0 882
68.1357850315365 3.11486709688422 0 882
67.3193564529472 3.17912478710439 0 883
69.7659734785801 3.01944515590303 0 883
63.9581959227081 4.00880806613152 0 884
67.5017946269746 3.65034962647518 0 884
67.7835655118841 3.00260231838215 0 885
68.2248790836125 3.04406683759752 0 886
83.612373113397 3.11173813923704 0 886
84.3926129573738 3.60476273965527 0 886
18.9660019745937 3.05766499624919 0 887
66.3245552044405 3.98967178610646 0 887
64.347984973173 3.53660990360966 0 888
87.8217494646314 3.44806315811902 0 889
88.4900337902183 3.38204120495629 2 889
63.7408028339135 3.27924656391949 0 890
88.5611558654152 3.15834010880689 1 891
88.0926957578675 4.05979784007692 0 892
88.11889927902 3.15709237213479 2 892
89.0156625583871 3.51711385933687 2 892
76.2345413017223 3.61073067412827 0 894
82.0708516568934 3.95750593700876 0 895
71.6265579076554 2.99557242959614 0 896
67.4311436476044 3.19011199116281 0 897
63.8096310804504 3.14604784304055 0 899
68.5152219216445 3.20530873818561 0 899
83.2384135638087 3.01227848120513 0 899
86.8131523063504 3.42458541133003 0 899
0.090473380766844 2.99691890338983 0 901
78.0050454384816 3.26464827898809 0 901
67.4755478210913 3.03942521991899 0 901
63.7462403386535 3.06112425947529 0 902
67.4180638790842 3.64622997185726 0 902
63.7383697292926 3.44299163823416 0 903
67.3441385610613 3.0086975224142 0 903
67.2531980193454 3.4143042204617 0 903
68.2786710634093 3.64074378702995 0 903
64.2974628644653 3.18016869519934 0 904
69.0005536515604 3.02607979858402 0 904
68.1269108835221 4.20057819672856 0 905
67.2833687488159 3.39686006497336 0 905
67.3389076910057 3.16031681822223 0 906
76.3390928728556 3.68775387843287 0 906
89.2170062648228 3.54689141756494 0 906
71.0230137434927 3.00509544702363 0 907
63.8651818267297 3.00529305196203 0 908
70.3076360097162 4.95228645864488 0 908
69.1239863570777 3.04554848830409 0 908
68.2760440632399 3.13098549454377 0 908
87.8055927581323 3.17325323634084 0 908
89.1472939739972 3.33972692555509 0 908
88.9915091323007 3.36934989677231 1 908
87.8417601123883 3.76974561120218 2 908
70.1646839611898 3.08482593935649 0 909
67.269518646676 3.4388961194347 0 909
0.163289839555103 3.54874689719312 0 910
67.3057798127376 3.55287281222665 0 910
67.3164676842811 3.55524344863506 0 910
67.2879991667026 3.00374339308339 0 910
73.476649014729 3.43557066658263 0 910
68.0331441925944 3.29527345753395 0 911
63.754237062487 3.11358146506569 0 912
1.92673891910319 3.10861223896561 0 913
67.4953165431168 3.11164800490028 0 913
67.4297023927433 3.03704890669661 0 913
81.0218870907354 3.57960898474099 0 913
63.7866266585942 3.32941187924135 0 914
63.9806854302585 3.29409831020516 0 914
67.2559377145086 3.01295898876883 0 914
67.3120556597828 3.01114488305261 0 914
71.4962268035416 3.17366320025106 0 914
67.3719466201479 3.87036366896654 0 915
67.7915629111012 3.28359482671451 0 915
63.9714772615724 3.91029270455672 0 916
67.5849424782078 3.77758015419786 0 916
82.2746700768501 3.18497153827246 0 916
89.1058557960011 3.96274386790636 1 916
67.6187581442497 3.16510936829369 0 918
67.2564012510028 3.02486394418016 0 918
82.6031046540089 3.10038231325147 0 918
55.693579334739 2.99117229296827 0 919
67.4848758324507 3.08571692943811 0 919
73.5501458215651 3.06743264883612 0 919
67.3445100580208 3.00257212918646 0 920
71.6677523673823 3.00952789991531 0 920
64.168207702992 2.99283641190355 0 921
87.9917564311877 3.13689470641526 0 921
87.8168687690193 3.4836276384816 0 921
3.91743600005322 3.67054086831719 0 922
63.8124043021042 3.4169340191665 0 922
82.0144309729018 3.02998893702887 0 922
33.2638005101629 3.24377286984826 0 924
88.1460352446063 3.92109564345639 0 924
88.1513381377373 3.09091209855481 2 924
88.2348637405747 4.07145474849027 2 924
88.2379986289338 3.10958668262322 3 924
63.7710331968088 3.25146758139752 0 925
74.3441929385001 3.12197567065952 0 925
67.2993377108737 3.43359787977332 0 925
89.2461884529136 3.78553274338071 1 925
67.2957716813005 3.1392810122474 0 927
67.2867050987366 3.44862763374065 0 927
82.8152486587379 3.46318211589117 0 927
88.4679389614418 3.37082707962493 1 927
67.6128567691494 3.30364070840907 0 928
67.4555352591605 3.14279183644809 0 928
87.9848165534977 3.50316420822062 0 928
67.2627252909457 3.55494039864663 0 929
67.4039621930887 3.09368726378294 0 929
69.0584588293172 3.07725796017197 0 929
63.8246381858415 3.59620687830873 0 930
70.9373860798877 3.49713891932445 0 930
69.4015145178879 3.27356857176123 0 930
81.1116197671319 3.47087454777559 0 930
67.7609933011485 3.12028372577952 0 931
67.3357616623241 3.62209161491012 0 931
0.0412540934769739 3.30969602391148 0 932
67.3509316987531 3.1985271500926 0 932
0.000480133314848652 3.1934753746079 0 933
63.7809327579829 3.51085685023354 0 933
63.7740380261218 3.01872691227121 0 933
74.3674308843449 4.51464506561991 0 933
67.2684530867402 4.20560246827286 0 935
63.6758230385843 3.33593908417427 0 936
72.0604162687566 3.10928139403657 0 936
69.0700572449839 3.07772890769229 0 938
67.3301878369248 3.69178323892286 0 939
67.9884874709204 3.22029250124452 0 939
67.4057988070497 3.30921852482866 0 940
69.7695079369664 3.16984332210828 0 940
67.2767077303783 3.0407928523286 0 941
67.5111889589579 3.36918304082099 0 941
63.7504729221976 3.17349097004923 0 942
67.2766328931215 3.7436668310872 0 942
67.2548872686671 3.03145904464237 0 942
67.2582661770295 3.35625118349878 0 944
67.3159136136318 3.06927220032876 0 945
88.5867729177505 3.44079186714003 1 945
88.948863632492 3.08209545851131 1 946
67.2844009655925 3.62496682451546 0 947
67.3542159826098 3.2609121447494 0 947
67.2724260714514 3.44410431319547 0 948
67.2971813870444 3.13481560902959 0 948
63.7851280004278 3.11261704143595 0 949
67.4478835506508 3.10497380517246 0 949
78.7395498078718 3.99537245076099 0 949
87.8420377631387 3.13028046492121 0 949
69.4917003326936 3.02404206223495 0 950
88.5191419967257 3.04443173645249 1 951
67.2620600822817 3.24317393009393 0 952
67.2750731363833 3.76183458010795 0 952
67.3229772617718 3.16023693036255 0 953
69.2631933859585 3.30966263745191 0 954
67.264005833597 3.51034048628898 0 954
88.0573683582287 3.16733702997578 0 954
63.7805997249149 3.38884279084178 0 955
88.2908440802519 3.14080658894559 1 956
89.1027533206895 2.99361541728305 1 956
88.344268191449 3.41654591853991 2 956
67.3415778999373 3.00331859945502 0 957
67.8211594225776 3.08635904259579 0 957
68.3680575764062 3.1010788385493 0 957
71.2729979213591 3.17113078442579 0 958
88.4401383888714 3.43509255975718 1 958
88.8255900868487 3.00322023347267 1 958
88.4456509425472 3.53027042541666 2 958
88.8375940916939 3.55403875000394 2 958
67.3364447976011 3.00076014346233 0 960
74.0699660150848 3.16284012957209 0 961
67.2549456126757 3.67279272799422 0 962
68.5701600854621 3.35967351161683 0 963
76.5840849690061 3.244436441718 0 963
1.1313033389583 3.20116000493089 0 964
67.2966539606443 3.03496153213354 0 964
82.0753117876175 4.18135008838631 0 964
67.6727725812923 3.1042220095158 0 964
2.15649273950996 3.11521242878712 0 965
64.4481509663615 3.19183482836418 0 965
70.30406669043 3.16071850459299 0 965
67.2782535373134 3.11906284506037 0 966
68.8321345428858 3.24625051466031 0 966
83.0088249911782 3.11074821269975 0 966
63.8712009500559 3.06540556274339 0 967
69.1114711845459 3.22889561352022 0 967
88.4788873828446 2.99316648392164 0 967
68.1542136880497 3.09775933996932 0 968
67.3622887485773 3.58736042873157 0 968
89.1089060404145 3.82363647822373 1 968
67.4075049775298 3.23256383653467 0 969
67.2626643176854 3.07199171849336 0 969
67.3315525491728 3.05417360985176 0 969
87.1761287521498 3.00013322411809 0 969
78.8816548234884 3.30836099119092 0 970
63.6570228749997 3.23596851377259 0 971
64.0697302285525 3.51555530305764 0 971
63.6909408871284 3.3259125186845 0 972
67.266497554154 3.90737544298171 0 972
67.3060644485369 3.2824339664879 0 973
67.2656087782056 3.0373983524985 0 973
82.8267282588483 3.33298236870345 0 974
63.6806541954576 3.13375602081121 0 975
76.4541424301839 3.60882182723643 0 975
67.3629485928906 3.1125410646177 0 976
67.9156158324205 3.25755906364571 0 977
67.7607868393101 3.85795907472965 0 977
67.9602856401901 3.68294928058296 0 978
68.2133598612115 3.5840580722202 0 978
67.3108231986319 3.07181294145289 0 978
67.8462490873735 3.06277162883777 0 978
67.4493662772384 3.33549730466467 0 978
88.8066686488744 3.54358415202436 0 978
67.2806837653601 3.68133000966553 0 979
78.6483944961152 3.1421692291174 0 979
79.0143358947252 3.63541370480554 0 980
67.8950630607235 3.76356557152147 0 980
68.0115768201608 3.20902324342074 0 980
67.2610476386571 3.37548424880998 0 981
67.2730567653572 3.62365876138603 0 982
67.2944973535621 3.05205309630054 0 983
67.419514571535 3.90309094120809 0 983
80.435675959904 3.06125375283857 0 983
88.5357885439687 3.09650212663247 1 983
66.4744332178988 3.40024081543668 0 984
64.1406546465941 2.99974980703954 0 985
73.8066773314128 3.74756630231495 0 985
0.0959366800246899 3.00927300681735 0 986
67.3427336420598 3.12116402022706 0 986
66.1770606486494 3.19362124586663 0 988
67.2613232883902 2.99262108914092 0 988
67.5823989654301 3.48883361579298 0 988
84.84735071966 3.36749624296968 0 988
88.7656301215563 3.38910076122851 1 989
88.7897819253545 3.03297971304626 2 989
64.7596325570544 3.16341055404825 0 990
66.3756540693862 3.02752833784831 0 990
84.224196712974 3.0505549241469 0 990
67.2735690371229 3.28450108246696 0 990
0.130794983204159 3.10116661342988 0 991
64.6383514576518 3.29446760966534 0 991
84.4804368539182 3.12354819699074 0 991
70.6146722352696 3.00512516578698 0 992
70.3482631315618 3.08455631807873 0 993
74.8515138391543 3.75436082039917 0 994
67.5234166697345 3.01918111845212 0 994
67.5025121566617 3.08872466877301 0 994
71.0214668140132 3.71930054552464 0 994
80.9862232103941 3.15591844839701 0 995
75.4182620302368 3.04127726229356 0 996
67.3554616497015 4.30892922948862 0 997
83.7983280886945 3.31598679545075 0 997
70.126506790912 3.59798019192876 0 998
70.1290922013645 4.25350144861186 0 998
74.2982781527466 3.12620991505955 0 999
77.2329430465326 3.956298698087 0 999
67.2658453235101 3.07828138619077 0 1000
69.3918269627234 3.08580772546002 0 1000
76.0097416591964 3.09123376876129 0 1000
85.2352215188756 3.11514762464149 0 1000
88.6144369381752 3.01968470693154 1 1000
