"ts" "magnitudes" "gen" "cat.idx"
67.2813461145808 3.36245616789396 0 1
83.9839784715886 3.09472904084653 0 1
67.2758587552299 3.84744438920321 0 2
69.6457156104493 3.08632981031153 0 3
68.4888077799577 3.07182098740413 0 4
67.2606567742305 3.35719631569295 0 5
67.4550147333289 2.99236100364119 0 5
81.1396082764949 4.52661488332373 0 5
67.3574745188127 3.07086201477137 0 5
63.6714206656853 3.38132942745157 0 6
69.5239380174597 3.20176884292218 0 6
69.0251446561259 4.50967057766838 0 7
67.3362274614362 3.18207945105744 0 7
67.3145788025929 3.41440422541383 0 8
70.3353464988636 3.11369395637855 0 8
87.9563649489817 3.0176689756525 1 8
2.13155622231748 3.00681854834358 0 9
67.2531694076602 3.18254215380929 0 9
67.2707772062582 3.02426177982811 0 9
55.4966022462242 3.05012431151252 0 10
64.3965789267175 3.02817877203602 0 10
68.6241278664237 3.45897791185811 0 10
68.108095368794 3.01708899498396 0 10
68.4129397881185 3.07806118312439 0 10
64.2807573364891 3.11856869603757 0 11
67.2583397042777 3.04015743738984 0 11
67.2961863321044 3.40127070924712 0 11
67.2588592611406 3.37747417693051 0 11
70.0667274721598 3.68203342481833 0 11
67.7053594024194 3.43316033961698 0 13
68.8403065610263 3.28806990503746 0 14
67.6328385297381 3.02385261460313 0 14
67.4814560303746 3.24164000788857 0 14
87.3472272008818 3.1433809750649 0 14
87.2898159181066 3.92326100886496 0 14
68.3149819049555 3.1834030754248 0 15
67.5962593339402 3.07151604455026 0 16
87.0389851442784 3.05044891928593 0 16
15.367031924987 3.29695167458041 0 17
67.2695459378186 4.38133408381737 0 17
67.273005555795 3.30554526777662 0 17
64.8330514163366 3.3502836552984 0 18
67.6851046446099 3.01027994880017 0 18
64.7067221334214 3.01874168320439 0 19
71.1636021776312 3.08555858253391 0 19
67.3022692998968 3.3189388540784 0 20
67.5825036460565 3.84527398939393 0 20
75.2176351275097 3.0514006095563 0 20
85.9079742999581 3.04385788961788 0 20
17.0938581670254 3.04651114361724 0 21
75.9403978122754 3.33762888559509 0 21
70.1429480251223 3.02836732745501 0 21
67.2676923433797 3.07885990445792 0 22
67.3632266327297 3.14868170603495 0 22
77.850364594947 3.24735607166177 0 22
67.2751285407742 3.15593842581375 0 23
67.5529329775063 3.00105965191828 0 23
63.7863503366232 3.07637357058129 0 24
67.8730120757772 3.11297761444189 0 24
87.456164713077 3.27483049358865 0 24
63.964304525363 3.47208794017241 0 26
66.8991900327471 3.61729855903824 0 26
67.6389412077253 3.11986471768342 0 26
67.3266269241308 3.1051789682991 0 27
76.6040895265212 3.87709474882985 0 27
79.4061020646683 3.09296953352096 0 28
67.4156086032899 4.12463029288781 0 29
67.9550599285135 3.2340895982718 0 29
67.2976485389849 3.3781432300677 0 30
80.0999272517844 3.06913119358698 0 30
64.2930819547238 3.15102933578638 0 32
85.2144455524141 3.25028672101712 0 32
87.0294936644657 3.25965120399619 0 32
70.5193291834588 3.15193448586138 0 33
67.2938148106626 3.12652079858073 0 33
67.7576416896365 3.34491545076701 0 33
67.3518367500804 3.02258851924697 0 34
88.1053118952606 3.26116635334949 0 36
67.3905531871317 3.13847426511036 0 37
77.7047417821548 3.04465843066444 0 37
70.9991818309062 3.11124690036887 0 37
85.9208711016478 3.53985420646057 0 37
80.5995142926804 3.00770707158523 0 37
81.2081211355366 3.07165180534318 0 37
67.3624120614637 3.08694655138072 0 38
63.8636640334057 3.11481361068532 0 39
64.1724313707887 3.3699266693717 0 39
87.8320196606025 3.06153078906533 1 39
67.3079219674485 3.15661915012404 0 42
77.1382374278404 3.27110064683831 0 42
67.4545999435953 3.31568315486128 0 43
70.080534888493 3.52136269895187 0 43
77.4308208891812 3.51536298796165 0 43
88.0072087459073 3.21118069673659 1 43
2.30637744788055 4.92167094676387 0 44
72.9724872156163 3.34818536327365 0 44
67.2745671397864 3.34028875877419 0 44
82.9396737257626 3.08130666532586 0 45
77.4389119611885 3.22365733042632 0 45
80.425913596765 3.14081200182381 0 45
87.3276331408222 3.12705039039778 1 46
63.7639577208694 2.99442799690111 0 48
63.7543348012995 3.24863615241096 0 48
71.8503685890797 3.63933906416504 0 48
67.2558376902562 3.22842441969145 0 49
67.3642981165572 5.79191501723979 0 51
67.8820634763259 3.53608042889861 0 52
68.3111563334879 3.02323409925596 0 52
78.3329912818247 3.25375402132365 0 52
0.0163214926001028 2.99260070370803 0 53
67.2889632518414 2.99669972706514 0 53
70.9742169236789 3.19854280777915 0 53
78.8172213363317 2.99600199623581 0 53
69.3213971424309 3.01287791630302 0 54
82.0771065513492 4.2259937204702 0 54
67.3875334575564 3.16095667547616 0 55
87.2857095780004 3.27534085227938 0 55
71.0087451772587 3.0218355964149 0 56
67.285445212003 3.35466984964222 0 57
67.7003230833526 3.3651581116879 0 57
84.2195607720696 3.059055667819 0 57
67.508750762469 3.05203305968183 0 60
87.6063169075668 3.1558437330891 0 60
87.6132900995372 3.1224376082287 2 60
67.8846988859866 3.54980711603953 0 61
75.0555193070752 3.61965819160377 0 61
67.9090993930168 3.50648195928159 0 61
69.3198221189401 3.38601920161396 0 61
67.6298945410293 3.35193151550957 0 62
67.361816454657 3.12352418988652 0 63
85.0592231108155 3.0136703347417 0 63
67.2583500329485 3.29037592264506 0 64
85.2135351841449 3.20326012639426 0 64
63.7897941995156 3.31262203833132 0 65
86.9799388368759 3.39735121433134 0 65
87.1409859507541 3.61251289060221 0 67
67.2840509194391 3.3844196540147 0 68
63.8683482207361 3.19956892518058 0 71
67.4021497668707 3.04277880904323 0 71
70.6974829682671 3.13748659093204 0 72
67.2846054510033 2.99614013183385 0 73
64.9571892638144 3.02307456853544 0 74
67.2871633044181 3.33655503050466 0 74
69.066981952049 3.52156830422379 0 74
76.288962698753 3.078823266816 0 74
69.1737192287948 3.38655281660955 0 75
67.982981404939 3.16056774049104 0 75
71.0642222271251 3.01438803954547 0 75
63.7461225431051 3.03267154588475 0 76
74.2127387047189 3.2696124608064 0 76
67.3084666632936 3.77605617557983 0 76
82.0437932740535 3.26527981591601 0 76
68.5540180407191 3.06704468045262 0 77
82.085928687073 3.50459996170926 0 77
67.4604117670373 3.32781469555552 0 78
68.1959212298262 3.25489437003717 0 78
67.4089564751917 3.35317539880271 0 79
68.2638789709417 3.65868224753292 0 79
88.0401957547099 4.69192339888381 1 79
88.1501184767241 4.41131940476368 2 79
88.0773908028516 3.24004483230035 2 79
88.1051045968248 3.47655358394239 2 79
88.0769827719588 3.17314684154092 2 79
88.0559787298787 3.53829665480476 2 79
88.0552281141785 3.40487428827329 2 79
88.2157327396162 3.63442463245562 2 79
88.0711781810763 3.0580775091338 2 79
88.0498111655404 3.28733981377117 2 79
88.2284109599232 3.19234993796023 3 79
88.1466188508037 3.04805398356903 3 79
88.090288506935 4.26224209886175 3 79
88.1557469541954 3.05051568251027 3 79
88.0567252723248 3.0915944840249 3 79
88.2453397251782 3.51490818379432 3 79
88.2066864447714 3.18133854719933 4 79
88.1046202891708 3.11739292888148 4 79
63.7434878372844 3.26415080528537 0 80
67.5629028722971 3.14666648216935 0 80
67.4651066792094 3.28183672362614 0 80
67.3371185012897 3.12420472717597 0 80
67.9779959544187 3.16305342767747 0 80
68.3401387712015 3.10402936403559 0 80
75.2948767465235 3.32770593204385 0 80
67.7269406164497 3.27746461637618 0 81
0.0952123287294829 3.35340532969073 0 82
67.3000758574668 3.1597415030236 0 82
70.578771801224 4.43113778292403 0 82
67.2639085775957 3.44504819324593 0 82
74.6076986100018 3.18692102257514 0 82
67.8397153143426 3.36839307871136 0 82
77.1649213187349 3.96138330439817 0 82
63.7437350836294 3.39239384436292 0 83
70.3534198743857 3.08876756128468 0 83
67.4148348639292 4.16844201833305 0 83
67.3473236805199 3.15357160425277 0 84
67.7708320969586 3.81581271820952 0 84
69.7339720001214 3.38895045520575 0 84
83.8815063904458 3.4104085599031 0 84
75.1231426956871 3.11702112354352 0 85
81.1175907160845 3.54946147770623 0 85
63.9610798876862 3.13601252269402 0 85
81.1973562941791 4.21739273347593 0 85
68.2222936950406 3.19539855753035 0 86
83.1443194307743 3.00432768169074 0 86
67.6638700272604 3.07019758605268 0 87
70.0617843152995 3.47803889784278 0 87
69.3106405219711 3.29222915896546 0 87
86.5467079340602 3.00470942756436 0 87
65.9751844250702 3.0051170745666 0 88
67.5730950218401 3.45694098335835 0 88
86.7342103278618 3.22409344963631 0 88
63.6533690225172 3.08034704143473 0 90
0.0587802133984282 3.42372000006325 0 91
63.8557706706819 3.14978884491519 0 91
87.6230373279929 2.99984727853559 1 91
67.1305548733442 3.13186708142904 0 92
67.8642925245611 3.2240697410611 0 92
67.4448346705573 4.199875809442 0 92
87.3169968332634 3.31895904955385 0 92
63.682820984565 3.30705573149706 0 93
67.4518541656546 3.10384023826975 0 93
74.1635379401585 3.37771212240963 0 93
68.5073235362716 3.12703633538045 0 93
86.1471851042019 3.04386315394153 0 93
45.1532198843561 3.12281429323101 0 94
68.4010259607478 3.10133504205915 0 95
68.1943865319725 3.06521527712607 0 95
79.8906766378663 3.24874385996676 0 96
67.6178587506744 3.50382558065434 0 97
76.4892994441941 4.51124728139704 0 97
85.9509471619256 3.16709913630322 0 97
76.9382943934909 3.09573711802322 2 97
67.3033327555031 3.0071401083038 0 98
71.0264666020192 3.12953471563351 0 98
0.0196611248716416 3.34978727256744 0 99
67.2918930754322 3.14453481262243 0 99
67.2937112609774 3.33292568201715 0 99
67.2892116616754 3.36473461797056 0 99
73.9761337730721 3.15373531348482 0 100
70.4209687215424 3.10255448476714 0 101
67.7755111671479 2.99405816406843 0 103
67.6299377347139 3.62501731338283 0 105
67.2722718063922 3.26368718639062 0 105
63.7680676335397 3.81432821453457 0 106
66.4061283758455 3.03327339634105 0 106
73.4285787616033 3.68005581539846 0 106
69.2606767961989 3.0705222104458 0 107
67.3037429146047 3.19962813721788 0 107
88.060769044542 3.03243389097175 1 107
47.2084813537378 3.14773235913033 0 108
64.5002217713885 3.61537207427977 0 108
73.5097062406466 3.0993005680095 0 108
66.8598779971667 3.33260960767819 0 109
71.0372570961792 3.39375163168255 0 111
87.4531758417989 3.20277847157581 0 111
68.1379071642826 3.00665402717831 0 112
67.2789871555262 3.47506942432884 0 112
82.0748824733095 3.2534752246401 0 112
63.7734737489297 3.24268658287737 0 113
67.266918535797 3.3939804410267 0 113
84.6269103167855 3.21783370944381 0 113
88.1355851585783 3.68760952065966 1 113
88.1730115522838 4.02910764916924 2 113
88.1960410886025 3.93793345744128 3 113
68.0074829188768 3.27294258836873 0 114
88.2042963767696 2.99316032194638 1 114
63.752473658496 2.99505519714236 0 116
80.6619159416749 3.42867636783196 0 116
65.4796861669288 3.06017840224247 0 117
67.2893792372823 3.02422149950685 0 117
67.2535434040312 3.00290978484304 0 117
67.4029611636514 3.29868905897721 0 117
66.6259363649475 3.10298603262961 0 118
63.9342602731877 3.96598783644588 0 119
74.9648568067012 3.11400929001783 0 119
80.6574502158757 4.1156616541749 0 120
67.2539846553519 3.88325284554782 0 120
69.4504513955545 3.56592322662398 0 120
67.9113577140081 3.51544234775783 0 121
67.6435943103997 3.03823373882534 0 123
63.7639814423678 3.14683297653501 0 125
70.7300307771459 3.53968603989379 0 125
67.2881235153917 3.02391719572804 0 125
69.1871672293801 3.1402706774948 0 125
68.0338182294816 3.34671659415145 0 126
67.8812507883104 3.40638337563541 0 126
87.0270241594931 3.14601397865775 0 126
63.7504266027521 3.42736649917067 0 127
67.5737947023521 3.01574088908762 0 128
0.0966905252088022 3.18971786082649 0 129
42.5961074115325 3.28970307763012 0 129
71.2990458949468 3.40889793894516 0 130
84.4827399136016 3.06626181054194 0 130
67.6593776758238 3.15723220201975 0 131
0.325180791554943 4.13454050761712 0 132
64.1742853144806 3.08361389673118 0 132
67.267411411399 3.30742649438977 0 132
80.6084162303055 4.19949460268866 0 132
68.153409595882 3.65794297558193 0 134
69.5878809015824 3.60284740330823 0 134
67.7993911926486 3.29076149310684 0 134
67.6406919717319 3.27217415501075 0 134
63.7713150607149 3.00653565114875 0 135
71.2939486957847 3.06259694706398 0 135
82.9116112502919 3.65474812468223 0 135
63.8661334256261 3.50702173671618 0 136
67.3558297510257 3.23628312618716 0 136
64.0885735999623 3.0009388279268 0 137
64.4178192571134 2.99006720433764 0 137
67.4097221441117 3.30946664227131 0 137
68.1350934505792 3.05960144150341 0 137
67.4984914547868 3.10781708710958 0 137
84.4788080215711 3.73868172825802 0 137
82.1724506685076 3.36364706018013 0 138
0.830178291116897 3.03971249661879 0 139
67.7949481408268 3.32135744464723 0 139
0.0408006741946023 3.0859560872214 0 140
68.2887073645353 3.12127648896922 0 141
68.3929235588243 3.39017803169752 0 141
67.4781395137118 3.21084112660097 0 141
84.2945248719465 3.28444142030243 0 141
63.8136087823245 3.74244295469251 0 142
67.335573116811 3.12738572420976 0 142
73.7338966293513 3.68432143913198 0 143
71.2130630867858 3.31549165425982 0 143
64.5547076445655 3.29470550841231 0 144
67.2751501581701 3.37524888669148 0 144
85.1313669418629 3.14499943246947 0 144
67.4151127976654 3.36391742536572 0 145
69.2200918042215 3.19661980740921 0 145
85.9801952741896 3.10867614904129 0 145
71.5821188850057 3.12892898073489 0 145
4.50411465805588 3.62722032467379 0 146
64.196186041725 3.21839442254457 0 146
67.9393963698318 3.10055498485166 0 146
67.4144738065171 3.005360822082 0 146
81.0616343588677 3.157187927242 0 146
68.416098887067 4.07124315231659 0 147
69.5504275129036 3.44703162031998 0 147
67.3333411664986 3.04420334168217 0 147
88.1263542691984 3.084789402395 1 147
80.1365502432258 3.23539441743617 0 148
67.2552503553927 3.66664109231697 0 148
67.2630763716549 3.61971491647102 0 148
70.7387024249806 3.10106455417378 0 148
87.7211351033572 3.36508791434421 1 148
66.1400648377158 3.06327755416951 0 149
75.2326902491281 3.48573564705497 0 149
67.258776203506 4.45917868490612 0 149
64.5009586855406 3.09880035055177 0 150
67.3015304222558 3.35900475810948 0 150
67.2542890885641 3.07087959241962 0 150
67.2706414169271 3.13990653862108 0 150
74.2572888882686 3.16066838561641 0 150
67.3246290188421 3.51485637600727 0 151
0.126041642344845 3.6558413137061 0 152
65.5814495244304 3.52095965833906 0 152
67.2552446694261 2.99548827438773 0 152
68.6628451097567 3.09776197634836 0 152
81.9605094346598 3.1395952574507 0 152
85.9756185125768 3.39265696056649 0 153
67.26718109109 3.58654688978282 0 154
69.3621002315514 3.09338821244838 0 155
65.2463031669665 3.04140626093965 0 156
67.2227064953903 3.19782664400205 0 156
58.6995704781986 3.22513636633928 0 157
67.3545950783279 3.03455163708818 0 157
68.5684213097603 3.09766670065519 0 157
68.5636563968247 3.09592471675161 0 157
67.6504777046654 3.07960831977743 0 157
63.9881009446549 3.01074278889443 0 158
69.4334532955557 3.10929758239256 0 158
67.8918569188666 3.0452762418592 0 158
87.3939115670316 3.26945338497958 1 158
67.3091143849868 3.86358589168642 0 159
67.2995172956598 3.01088522639529 0 160
67.7942427127295 3.43855537274449 0 160
0.0754454044316108 3.06454156534943 0 161
64.2175440170351 3.26986400293633 0 161
78.1166793740144 3.28869902136443 0 161
73.1999809709119 3.2261047630183 0 162
67.7542765992254 3.38438184177758 0 162
87.1174965969625 3.17016653848351 0 162
67.6036392485066 3.25937504316152 0 163
74.0157341197729 3.25101689448958 0 163
78.5655271138722 2.99536287009662 0 163
67.6674054938942 3.60018573598562 0 164
67.596488839979 3.5084791544474 0 164
3.08671199335115 3.04688475991312 0 165
67.324092305277 3.04369081865811 0 165
77.1785076280497 3.11911562332398 0 165
87.7502803886116 3.46739795393632 1 165
64.3663613785223 4.32836007139951 0 166
64.4047358602987 3.42382520134268 0 166
64.3862176772914 3.7266272895125 2 166
87.6057093837105 3.42357975905827 1 167
87.3098191483684 3.01746861735849 1 167
87.2411943898847 3.08508816034844 0 168
87.6391425411625 3.02803633720587 0 169
63.7554712515902 3.53384719892323 0 172
64.4466600014739 3.10725063280943 0 172
84.2498548430147 3.05234842378646 0 172
67.3741373153266 3.27351247555721 0 173
82.2904591995393 3.29303098821442 0 175
69.3248468341045 3.64038587570042 0 176
87.9629755831366 3.05558898506278 0 176
87.4485624008619 3.00717718454231 1 176
87.9649900407053 3.26338667894942 2 176
88.0544050958804 2.99243555817987 3 176
87.047520247831 3.53058653195043 0 177
87.1089075794024 3.55415793643163 2 177
67.2658567986089 3.326354835752 0 178
79.4259019960211 3.02885573195961 0 178
67.3095943578758 3.1067724494811 0 179
63.6644224867518 3.05485411099339 0 180
63.8420476189985 3.45115615799993 0 181
64.7760682544699 3.82112333580777 0 181
71.3215560460805 3.05093687390511 0 181
67.2701473735676 3.04433272369443 0 181
77.7553852613133 3.14230890812707 0 181
71.0272206985586 2.99254137518167 0 181
66.0419434650275 3.1244664559631 0 182
73.4530865719352 3.22675149085418 0 182
67.2658060759955 3.62933318839481 0 182
67.3480134299589 3.25255020872471 0 182
67.3873378402256 3.03411631855533 0 183
75.292619037998 3.09835536442489 0 183
1.90459973943942 3.5096358690052 0 184
67.3479804838998 3.92282590301542 0 184
71.5890809630585 3.06662664580357 0 184
71.8339777869473 3.11562809714906 0 184
81.1678846681102 3.00292346506719 0 184
84.4739299319409 3.14441660791051 0 184
67.4321523605225 3.06751952255495 0 185
67.3007496412963 3.27136349809769 0 185
70.0899000302597 3.62124969444112 0 185
87.8127106013514 3.6324649884594 1 185
87.824021571964 3.88816795407531 2 185
67.4265766155129 3.60144981339072 0 186
73.407876345775 3.03342441144737 0 187
64.4583124587829 3.67710309631271 0 187
82.66306543477 3.05333195582993 0 187
67.61867258387 3.04680674587605 0 188
81.5809034892622 3.03456188206565 0 188
0.140108805259947 3.09905282775508 0 189
63.9166379028168 3.3335954531753 0 191
67.3550316797518 3.11887584650055 0 191
63.7401614145747 3.02424570377229 0 192
0.0237526662999856 3.4009514825841 0 194
67.2652237963884 4.71774999093601 0 194
85.749620376164 3.14423065561354 0 194
67.2565775737404 3.03245008551053 0 195
70.9200221937453 3.00775969731595 0 195
84.0246528027836 3.48290108748734 0 195
87.030189926667 3.08905613693589 0 195
76.3085200308445 3.26559248074739 0 196
87.7780827067133 3.74758529958322 1 196
64.5766166598619 3.04648168521704 0 197
67.2536654691524 3.25966245816367 0 197
71.6217868343472 3.09767445019994 0 197
71.0012278631299 3.09497354060848 0 197
85.9667650923183 3.02290566171838 0 197
87.8723823262651 3.02997740825141 1 197
67.4677052339462 3.13093767465117 0 198
82.8184655556906 3.49573118223511 0 198
67.2561462361776 3.04479332943929 0 199
71.3948654587594 3.18663584328422 0 199
67.6548231840702 2.99016585814456 0 200
87.6947725789894 3.09477337999745 1 200
67.2578654399409 3.22048373688538 0 201
67.456368214802 3.47022420175665 0 201
73.7484016704855 3.19910719423176 0 201
64.529474994791 3.1416513171189 0 202
63.9268677432767 3.04518177690002 0 202
67.46004778742 3.20009005827561 0 202
63.9911551350717 3.69130333189466 0 203
63.7765865881041 3.02374640816957 0 203
64.0802660126298 3.09618507562622 0 203
67.2619419616348 3.22682551249588 0 203
88.1222673371785 3.23670835529294 0 204
88.13577506074 3.67098018236411 2 204
10.6035537117856 3.44525838676073 0 205
8.69783689133702 3.146456650452 0 205
64.5034365008648 3.64008707112875 0 205
69.6328738379987 3.1011044256956 0 205
69.9512794119394 3.03897660391072 0 205
68.7889178809735 4.01609770407319 0 206
69.855593194001 3.12993032624425 0 206
69.7742229975559 3.08637321861673 0 207
67.2578270258785 3.08514405245711 0 207
74.7552068371198 3.14532224120876 0 207
84.1646368168001 3.03302668319368 0 207
67.2809785083038 3.56485824381463 0 208
67.5245043657186 3.05599243838941 0 208
71.7381655552308 3.75513354667331 0 208
72.3649406817161 3.06599962125056 0 209
78.4045797820806 3.04371328598551 0 209
67.7877464677153 3.03644343249716 0 210
67.3947087899265 3.79828617825204 0 211
0.160439619737805 3.5074311498407 0 212
3.4200369193716 3.83013677145754 0 212
67.2720669815765 3.20981437269313 0 212
70.3553701230095 3.17746508545524 0 213
86.3184625898202 3.19771778157315 0 213
86.2591706212433 3.31255493583175 0 213
72.8708279682236 3.09799842382977 0 214
2.91592444422686 3.61041820898072 0 215
67.3605232514973 3.19009048555277 0 215
67.2911932614075 3.04898714299101 0 216
67.2699616215676 3.02579363132861 0 216
77.9092472914234 3.84848064068021 0 217
84.7334133021729 2.99200943739314 0 217
67.2601650721836 3.47386016196521 0 218
67.3357757316343 4.02858053925524 0 218
67.4630229045334 3.00716461696069 0 220
72.1932804712845 3.0219326683496 0 220
67.2634162641499 3.34994400139367 0 221
87.0525826629079 3.62114765790721 0 221
63.976456121233 3.05385412408987 0 222
86.0545976165512 3.04921240131254 0 222
82.1018462254857 3.2956220133837 0 223
67.4189969131033 3.78056051795259 0 224
67.31312613453 3.22232880880544 0 225
67.3804690261901 3.54822366015223 0 225
64.0867122649028 3.06368755134413 0 226
65.7990321000161 3.02822282784261 0 226
84.1404128628308 3.79800301381275 0 226
64.1201251526227 3.10650152245169 0 227
0.070086308226102 3.24155566234385 0 230
63.7562831154146 3.17942932190742 0 230
67.3360116523995 3.65382455947442 0 230
77.6115170561723 2.99522418713526 0 230
67.2575008310926 3.04224492274478 0 231
73.0304691458943 3.18872336408577 0 231
88.1115499234099 3.10784221148078 1 231
68.8518886750298 3.08909043173072 0 232
72.9826325109578 3.47709254089688 0 232
69.4201452714705 3.14468855060357 0 232
87.0340234348308 3.4107612720944 0 232
45.4732278631847 3.00982692094319 0 233
68.5443082968431 3.36359248361946 0 233
71.5693781452414 3.08190320022077 0 233
71.4823415594852 3.14017021469922 0 233
67.3848505978385 3.00574307992669 0 234
73.7472524002799 3.0858463005485 0 234
78.6855579436775 3.64499746602711 0 235
68.5571792238285 3.05242247213574 0 236
67.3845956905627 3.13255174182719 0 236
71.4265624489339 3.11730822740325 0 237
87.2951154540041 3.01278665532711 0 237
66.5860510218001 3.06024732591709 0 238
67.2697080231993 3.06223967423438 0 238
63.7668482079304 3.23179277050852 0 239
67.837063249076 3.01648884661135 0 239
67.3829915208873 4.04646420670706 0 239
87.3504318180301 3.00056152179195 1 239
64.2064764954412 3.0019591141477 0 240
65.0401768444056 3.74656266363579 0 240
69.0289361509289 3.07408481910542 0 240
71.7635073242393 3.46139168138583 0 240
67.4933940797238 3.93945896776552 0 240
67.3165291206057 3.37724124514035 0 240
77.2527938972994 3.13913910575656 0 240
67.2685419642794 3.32417471014029 0 241
67.406968779756 3.88947011567538 0 241
69.3271138823121 3.01736671215879 0 241
69.0957181800986 3.14454628686994 0 242
67.3473226964779 3.25549557442988 0 242
5.71838832877509 3.91965451068055 0 243
63.7861989827799 3.28064262811822 0 243
71.1344421410104 3.0491933345591 0 243
67.3706138272343 3.05845622150961 0 243
67.2954060822221 3.18705680018614 0 244
67.6247821427477 3.25643390572347 0 245
64.1504129155531 3.33608417469883 0 245
67.2600278605701 3.39786958557174 0 245
72.9159075324937 3.25878763021869 0 245
68.5622424391074 3.10996265702715 0 247
84.4571381203116 3.24817608879575 0 247
44.3140525383214 3.04050552910115 0 248
64.7034624681816 3.1631969726561 0 248
67.316929378486 3.17911651123122 0 248
73.9905517740435 3.02648478785117 0 248
81.0378852406733 3.30736303958674 0 248
68.2431978023144 3.11725539696653 0 249
67.2948221479187 3.28299578546777 0 249
67.269451607071 3.10322331780213 0 250
67.2559386232204 4.22015250790976 0 250
69.5211707177056 3.19558357092886 0 251
83.4729827725728 3.4849544848232 0 251
67.2588537290135 3.0819256311045 0 252
67.7175585784803 3.28218827183579 0 252
63.7430427197654 3.23127809260301 0 253
64.951623243418 3.03578613650656 0 253
82.3430853164294 3.29834771938953 0 253
67.2612660901314 3.68262349226332 0 254
63.6672301858739 3.52606973306917 0 256
66.9723390556344 3.41004794740195 0 256
78.795162027226 3.27668487419814 0 256
67.5743708633755 3.07956438056813 0 256
67.3789895967254 3.29914396269225 0 256
68.0764694561016 3.18103583547271 0 257
84.7734149951643 3.03857121335334 0 257
67.2602673861156 3.62743282858006 0 258
69.3227936963911 3.27682078344632 0 258
67.6902024537949 3.33236490643988 0 258
63.7245671469881 3.05820172948558 0 259
69.3943850454122 4.03901606930984 0 259
16.8388511152002 3.13788870235909 0 260
63.9157181684469 3.23959108157486 0 260
76.2704727549944 3.02652892463491 0 260
67.2867889828307 3.1134856719815 0 261
67.2708619059918 3.15371375695066 0 261
71.4836614121601 3.272746196482 0 261
1.23161526852634 3.04854513201812 0 262
63.8045939310281 3.15239797279649 0 262
87.3159519199846 3.76177649677982 0 262
87.4526658378731 3.25506138715873 2 262
67.2650192890512 3.03161463896385 0 263
68.1158104293182 3.17318050017975 0 263
70.0499723608782 3.15318860293828 0 263
67.5915992911171 3.14320506341513 0 264
67.2885593543538 3.21203327512085 0 264
80.6315327976725 3.11779993799913 0 264
64.4492740974627 3.56503770320831 0 265
67.6150546486282 3.03735494810951 0 265
67.4832172809554 3.03376259643877 0 265
87.2866689339087 3.04087004926649 1 265
67.2544690807834 3.09298393665775 0 267
7.43893853672393 4.0597555037272 0 268
64.1189476222497 3.1062216640899 0 268
64.8127175198424 3.45210899333612 0 268
67.2964097782458 3.44305897838492 0 268
67.2578393206811 3.33120008710027 0 268
82.9998202469001 3.36604896236658 0 268
87.4141481567446 3.17151227320036 1 268
68.978916246062 3.10891726108371 0 269
67.2817207849112 3.32709773587847 0 269
80.1875040088465 3.0672618942128 0 269
67.3099712829394 3.27993295165793 0 270
82.3025769463151 3.02346190448487 0 271
68.4711435884733 3.19278974063998 0 271
67.1352315003108 3.15238125449999 0 272
65.1038379223117 3.6525380737563 0 273
82.2123862944647 3.57883273319604 0 273
63.806510123936 3.43056327266994 0 274
63.8818223983446 3.13729366442979 0 275
67.4003213248294 2.99074577202669 0 275
87.0353537441514 3.70369946378501 0 275
71.0892548859675 3.39753612158524 0 276
87.0975959997325 3.43030515837606 0 276
67.2549954371876 3.22586310216377 0 277
79.8375572227467 3.19241990334595 0 277
67.3589816349653 3.03850339659366 0 277
69.6071834877988 3.24311788961881 0 277
81.1189704905289 3.4705206762492 0 277
67.2908446923332 3.28414420090672 0 278
71.1809032537445 3.78980944220875 0 278
67.2660453996739 3.09677968429758 0 279
67.8818743535831 3.3542286687235 0 279
85.7136161989817 3.83411867570216 0 279
67.6397968365052 3.14752880806677 0 280
65.8040287276398 3.01080500659513 0 280
67.4474613780915 3.5302487657139 0 280
68.7326209304019 3.01892866543157 0 280
81.1921421133741 3.05113425137824 0 280
87.7889224518828 3.35246918626319 1 280
53.8319662776787 3.11075714645583 0 281
67.3490460650282 3.31411766572138 0 281
67.7112034413509 3.18859952107369 0 281
67.4126608847754 3.12430267871598 0 281
83.9114398922783 3.26237401067375 0 282
67.4952678014692 3.06288457974463 0 283
67.2814326598064 3.08580408188238 0 283
69.168600198809 3.04794859823992 0 283
64.0607139396265 3.2793872530059 0 284
70.4138095045043 3.04954829045466 0 284
80.7101729120839 3.08683234742125 0 284
64.6088580744857 3.17106099657605 0 286
65.2648499305245 3.01765457830656 0 286
68.8680806120558 3.3185588734508 0 287
71.8327442874796 3.23283287748537 0 287
87.0205251569249 3.28023839026218 0 287
87.0565625096089 3.04117083353274 0 287
67.3651132071292 3.40621642788648 0 289
8.60556845240812 3.15447464345481 0 290
82.8324362098213 3.01506023955953 0 290
65.8373316859021 3.3520989276999 0 291
67.2902610211194 3.17154558439214 0 291
82.1577584314946 3.55741099853225 0 291
1.06160728320353 3.44081817579136 0 292
73.0879829424038 3.32658389675536 0 292
67.507048907804 3.10967789930846 0 293
65.7693943265135 3.17721536958282 0 294
67.2874240925916 3.16748038513155 0 294
71.1155198928258 3.20109347544206 0 294
67.3282891248256 3.16282177822894 0 295
75.6360846400994 3.85329355028592 0 295
67.2963153884178 3.38022083836284 0 295
82.2259362564502 5.59140652163578 0 295
82.4738380061001 3.3682852843765 2 295
67.3054315917911 3.31604145411424 0 296
67.3085123222533 3.16554987937272 0 297
67.8402461161905 3.07820221983436 0 298
82.5660210981366 3.19719383836178 0 298
67.31346363257 3.40985937475944 0 298
67.2693639710429 3.02020247517437 0 298
67.3981520414275 3.64288761158097 0 298
63.8223763587725 3.04715719160543 0 299
66.9335129198764 3.20256500106791 0 299
88.187852229438 3.29163112597768 1 299
64.1020601438373 3.10503744476568 0 300
65.7301225213728 3.64843070184113 0 301
67.3818304127014 3.62453954405753 0 301
72.8340994470828 3.01840801053539 0 301
63.9217812323819 3.05633886086164 0 302
68.250668727426 3.07745199518567 0 302
9.34610772895168 3.01314292919529 0 303
0.159440295918898 3.14256164756452 0 303
75.0339148388074 3.02420737807676 0 303
67.2677934963733 3.0508409776622 0 303
67.256871036765 3.04382438888486 0 303
67.2793903352328 3.1345758916747 0 304
87.818144735803 3.15202211563902 0 305
68.5540311602683 3.05075037212426 0 306
67.2797650182215 3.03640069222411 0 306
67.8504327579629 3.26572173580871 0 306
68.6693222030865 3.01836039271873 0 306
87.5780018768155 3.76749950229398 0 307
87.7099826673318 3.57170043231226 1 307
63.9219675774146 3.10079160911164 0 308
68.891362538902 3.38225456745808 0 308
67.2538012475668 4.04548953958224 0 309
69.6208295460127 3.06587295298419 0 309
81.6753940474928 3.08650214397502 0 309
84.1954896294319 3.2033781760073 0 310
67.3204327219639 3.40318848141208 0 311
83.9696980613668 3.19097607651453 0 311
71.4008891882344 3.30448537705026 0 311
68.2096552558151 3.38095791189717 0 311
70.2398412878027 3.17520037965284 0 311
87.7536429858107 3.09311785241315 1 311
69.638208102246 3.18843521652047 0 312
67.2863422858476 3.23340527767149 0 312
83.7683419068451 3.24335643950798 0 312
63.7096676466376 3.55073604851798 0 313
73.0257876166161 3.49490206401719 0 313
64.2803863827746 3.49161718427992 0 313
69.0933875458521 3.20504991223298 0 313
67.2632334004727 3.02451426413014 0 314
83.7170966113027 3.04132918714648 0 314
68.2488262297318 3.67184515428981 0 314
0.327820654812599 3.05971576656658 0 315
68.5390428077207 3.58310644531283 0 315
68.9132329662197 3.10180640241593 0 316
80.8545588116464 3.04368457732913 0 316
74.8912362739331 3.087645317861 0 316
64.3801901967118 3.20641541358197 0 317
67.3816078517953 3.36661800275888 0 317
70.2547184388916 2.99479466890312 0 317
65.1627994722545 3.39813661412977 0 318
67.2654701392904 3.83239115805775 0 318
0.719535158565784 3.14300492519147 0 319
63.8917572906111 3.38774024452036 0 319
67.5818137260897 3.14456281044077 0 319
68.1295409134664 3.25002783607593 0 319
74.7212392676518 3.15288077144959 0 320
67.4418674068099 3.29072917047394 0 320
67.4803306577557 3.13396435078525 0 321
0.207307589689042 3.51415390187279 0 323
67.2589439212896 3.49756093508006 0 323
67.9637595916273 3.02778398256917 0 323
84.0146295136235 3.79463953056997 0 323
84.598353367265 3.49164312722001 2 323
67.2939437344686 3.24464768931029 0 326
67.338297335533 3.19025572017421 0 326
75.2636612688868 3.10049725642137 0 326
3.25191039925685 3.01717541660045 0 327
67.916658485001 2.9934567565919 0 327
63.9228851483244 3.11246073599971 0 328
67.278469706198 3.59524832336418 0 328
67.2710573589215 3.59408304443056 0 328
67.3126158073534 3.56509481646149 0 328
71.0830948136817 3.25069680347476 0 328
70.4916325055649 3.58041647534782 0 328
67.5741940855609 3.536455994841 0 328
67.2914734768817 3.08602264958165 0 329
69.4293847552839 3.086166506917 0 329
67.9689242419593 3.1298224843443 0 329
80.7819158169371 3.92407910436862 0 329
70.8716242055913 3.06406755622849 0 331
63.6862077999803 2.99293090654833 0 332
67.5205700088415 3.78008154526052 0 332
88.1830669930011 4.50872460778309 1 332
88.2168266905129 3.93510226385652 2 332
88.2399685511626 2.9981895205419 2 332
88.1833996108516 3.23579967826477 2 332
88.2386111727049 3.18147897649545 2 332
88.240117873642 3.3774452724971 3 332
88.1847189678854 3.26562026460269 3 332
64.9636205406816 2.99547319724593 0 333
75.4949831393581 3.42169692391458 0 333
67.645995315563 3.10017916071709 0 333
67.3583297248385 3.05425108821442 0 333
88.0796227198832 3.78727342612947 1 333
67.4934908262917 4.45833947688575 0 334
86.0547386786274 3.0135913826718 0 334
0.964236140767191 3.17988306631219 0 335
66.2569803867198 3.87696978531123 0 335
67.5749156512758 3.18072103145521 0 335
70.7588782836418 3.24025413192629 0 335
69.3223855308884 3.01181432854306 0 335
87.0251977301921 3.13348928245643 0 335
87.0372402702457 3.04704403417584 0 335
88.0140210426621 3.18476495319167 2 335
66.7922318154746 3.46412482663409 0 336
67.5857718091366 3.07194264721445 0 336
68.0421618430959 3.05477612816145 0 336
68.0313193169568 3.25555331967459 0 336
67.3862526422348 3.05514177381881 0 337
87.5169797823571 4.12603549403238 1 337
1.7125574993745 3.10294701712813 0 338
73.7407305230483 3.06433600751239 0 338
67.2662636504391 4.04928944383028 0 339
67.2547791773518 3.33480452472196 0 339
87.239396284676 3.00702662709624 0 339
87.2463825500853 3.03257645384606 2 339
73.1598131068704 3.09118734418198 0 340
70.168585588203 3.24525668650833 0 340
69.8917245185483 3.17995265784227 0 340
0.0414787638031412 4.56186819252706 0 341
67.2848146636392 3.4102564305574 0 342
67.253508005343 3.43494123426585 0 343
67.8004979657526 3.44186740664833 0 343
68.743772680033 3.74755447133839 0 344
86.3194478509848 3.12168254946297 0 344
63.7475987040511 3.16023911320684 0 345
67.4406532406788 3.07332774583957 0 345
67.2993304635759 3.66538663216485 0 345
77.6243655953121 4.9916695050744 0 347
67.2994502880984 3.03316937600916 0 348
67.3021258914609 3.7186063143919 0 349
82.2025392458552 3.03136185278218 0 349
65.623837727941 2.99921352461125 0 350
0.168968146998643 3.10536043188685 0 351
67.3365977661106 3.18953319022996 0 351
88.2103453795232 2.99484790459524 1 351
67.2576584576886 3.05705190818219 0 352
67.4164351122136 3.21359119108898 0 352
69.5410613134689 3.04913048421051 0 352
0.0639715590126071 2.99456618533579 0 353
67.8934014045204 4.07199414522084 0 354
0.0261267769060638 3.44907886430755 0 355
63.7653249571748 3.29479814917244 0 355
67.2649002907853 3.24903568714255 0 355
63.8283014310731 3.04385438313124 0 356
68.2093982480372 3.08116018138196 0 356
67.6677184810215 3.53656082992431 0 356
67.2639853939828 3.13024709448657 0 356
0.159904264796792 3.54231239088616 0 357
67.6217935419051 2.9908824816848 0 357
67.9539070251361 3.28116364351235 0 357
70.3164824806895 3.0183159838801 0 357
71.1195398981988 3.07228136239009 0 358
67.6206127649727 3.13845454725518 0 358
70.7904922628583 3.23319144068093 0 358
73.9676234071105 3.30066338968306 0 358
77.343914019896 3.22170885754751 0 358
67.3624614106843 3.23061143720684 0 359
69.6323007150751 3.18879353548594 0 359
85.0885881873078 3.03779569758826 0 359
84.4848200064374 3.48805659723292 0 359
67.2612407825691 3.26093333533995 0 360
67.2607161176773 3.12866064357979 0 360
68.4835356186592 3.61585135114612 0 360
85.6219531066219 3.00333922029999 0 360
63.7515656293703 3.45992335228947 0 361
64.1817422488358 3.1594589322392 0 362
67.3618925234803 3.01164491375232 0 362
67.3360964136595 3.02559549365009 0 362
65.1535327667084 3.31895694294789 0 363
67.2934833156091 3.31243430519155 0 363
65.7242213002675 3.23674203100434 0 364
79.7842759625238 3.2205070496902 0 364
68.4278079791629 3.0982415234572 0 365
84.4816720269121 4.22645305513769 0 365
85.7129704305041 3.98509036160906 0 366
82.0447398454953 3.38454245912658 0 366
85.7364176031674 3.51313515414399 2 366
65.64103989942 3.04769293097356 0 368
67.2699416401086 3.15414364594236 0 368
69.7311187404192 3.20180983722276 0 368
67.2972191551596 3.22545897648669 0 369
87.023130468673 3.04160647629709 0 370
67.3082355680617 3.80367387302361 0 370
67.3337393967355 3.32600669455525 0 370
79.1698548726418 3.06348113094318 0 370
67.2773963613863 3.97511686644088 0 371
70.1257613425171 3.98240862544929 0 371
67.3078225272198 3.12795440665196 0 371
87.5344018866115 3.14475850826375 1 371
87.5558085136004 3.73241609320845 2 371
73.8303892193812 3.36393986506466 0 373
64.3015862474397 3.13864469171818 0 373
67.3608740059305 3.28113442950274 0 373
9.98725224152105 3.06066013037782 0 374
68.2143147935814 3.02845699236669 0 374
87.928578342695 3.10317179742188 0 374
67.3513293519773 3.01900638379338 0 376
69.5601676452839 3.23490525659158 0 376
70.4712822091924 3.35431476157266 0 376
67.2703102605808 3.14778092961235 0 377
67.2558972866173 3.28715623367366 0 377
87.5921494178281 3.17192229482492 1 377
87.4579398226731 3.29498499973512 1 377
67.9630745760795 3.47691226860267 0 378
66.0075241729194 3.26918938618857 0 379
63.8989829309113 3.26485616942516 0 379
70.948961620458 3.18192971490701 0 379
67.2807431272983 2.99978061901216 0 379
74.8343341353096 3.39966859818035 0 379
74.06709790856 3.00915600464417 0 379
84.7039157513957 3.69447690887395 0 379
66.5884938120303 3.15181315085035 0 380
70.4237410280544 3.22781415308083 0 380
82.5739991063134 3.40245461764535 0 380
82.898194523242 3.39326019935767 0 380
77.4978630575414 3.08018718937161 0 381
2.06591061556677 3.2148128598134 0 383
49.5096824281528 2.99225319693501 0 383
63.7625999698427 3.07246732693915 0 383
67.8957650467096 3.54754039541962 0 383
83.105041260319 3.17409969564146 0 383
87.3878869649295 3.02781169375607 1 383
67.2686996533572 3.27659853470401 0 384
67.8307989341882 3.41459230773748 0 384
67.6399577958887 3.05816157726906 0 384
87.4304984437574 3.36532676053064 1 384
67.8160101479722 3.26211871423341 0 385
67.3932954765411 3.12431004923856 0 386
67.2569868277553 3.5460981227396 0 386
67.2997358528234 3.45773336839781 0 386
67.3557194243802 3.25691958963925 0 386
63.86801827226 3.25643886497349 0 389
67.3061659716626 3.85003307954208 0 389
63.7773171368869 3.02514521096493 0 390
70.9335630729049 3.07993334889722 0 390
1.79144963355169 3.41778945388053 0 391
74.0900456787557 3.31441904820035 0 391
67.3013448413225 3.11275936212651 0 392
85.0298511125473 3.48499398210792 0 392
87.2314889788625 3.51770265157944 0 392
67.3513344572369 3.38571821843947 0 393
69.428954311198 3.82985781289523 0 394
67.2919769575964 3.05368699407251 0 394
67.2527175843237 3.16490376557322 0 395
67.3080795783526 3.23650915658762 0 395
67.3917097896515 3.24258080611253 0 395
67.6701661886985 3.16408385274943 0 396
67.7566513114957 3.05229549876438 0 396
67.39427027106 3.37643630460452 0 397
80.9233737697709 3.73153033478912 0 397
67.3201979518304 3.12126335857759 0 397
67.3443387305624 3.0031072128209 0 397
67.6851439276447 3.24718762420857 0 398
67.9972831566314 3.10945622276023 0 398
67.3750731031064 3.39515052255818 0 399
64.3152532570106 3.89186871163286 0 400
67.2835992294904 3.29862168437469 0 400
69.8606130463395 2.99674645587809 0 400
81.9476434055472 3.41951784786729 0 400
70.4071163215058 3.04329905642761 0 401
67.2911307967314 3.07767483718665 0 401
68.0133477389952 3.16586561947565 0 401
80.6182768098719 3.05122659778392 0 401
68.0740353428489 3.09799739133381 0 402
88.1949354588861 3.20862819268457 0 402
67.3135602665607 3.31583057438954 0 403
70.584722839738 3.17890348652228 0 403
88.070927770789 3.12358400215085 1 403
64.5182545061334 3.0646501158647 0 404
67.2528375983902 3.10275003701667 0 404
67.5247241498706 3.16118865607953 0 404
67.7270104575534 3.45024237942609 0 405
67.8012207328098 3.06061629555482 0 405
71.0134995080984 3.50158257105178 0 405
82.8741617624815 3.08443733520634 0 405
69.8272043176375 3.05389584419869 0 406
67.9027263415289 3.35839390193397 0 406
63.7961869573286 3.36736500652499 0 407
67.2682603837759 3.26979972060858 0 407
68.0255191858042 3.01834931357801 0 407
87.0939493863287 3.85696130554026 0 407
63.7163410140656 3.06302386667834 0 408
71.6703335475627 3.08835095296319 0 408
64.2827759358143 3.25608240882743 0 409
67.4087652510162 3.92795835163473 0 409
64.0873179991975 3.16572710429614 0 410
66.5493910369765 3.10280358850397 0 410
68.3628361208715 3.17726719372983 0 410
67.3571703892315 3.06930667519573 0 410
87.6997030095626 3.27447482005509 0 410
67.7062569223366 3.57114759435061 0 411
79.9827143598684 3.19119782668262 0 411
68.3740344749676 3.30091570438036 0 411
68.0194181988263 3.16748988057997 0 412
82.7377244043121 3.04062207905018 0 413
63.7482303049048 3.0505632763929 0 414
69.0880426305288 3.1420893785221 0 414
63.8730833742355 3.03168546777845 0 415
63.7422947214312 3.07259361617535 0 415
68.9913818596551 3.74725245294128 0 415
67.2678013300484 3.09570071420935 0 415
69.213452254604 3.44629824933127 0 415
70.9015592138316 3.14916420617716 0 415
80.5897240292326 3.66160916088497 0 415
67.4827046388343 3.15750790661517 0 416
65.4832083624809 3.30864491216101 0 417
67.7899996557937 3.03443932287157 0 417
69.3136554465342 3.3319862609677 0 417
67.3804270302646 3.13618076370892 0 419
67.42840051826 3.01694837008132 0 419
67.6601337371375 3.06974929025153 0 419
67.274175004634 3.31917405592978 0 420
67.5289570803619 3.05714948295571 0 421
67.3110107987086 3.17962380969847 0 421
83.3964890924362 3.03670988014677 0 422
67.3774253930607 3.20708742242061 0 423
64.3433040797983 3.34673848318688 0 424
67.5248801226891 3.00642146906342 0 424
68.9773272202386 3.50476053300797 0 424
70.4234501335519 3.1086183001989 0 424
88.1665084566728 3.77350377408059 1 424
67.2532759166689 3.13245353746503 0 425
67.5625547913448 3.20562004677409 0 425
63.998619863016 3.01236096535036 0 426
87.8330751417477 3.20185255946955 1 426
0.111509527376324 4.21231470508499 0 427
75.7870671629529 3.19137179876692 0 427
64.3499366352673 3.00055347229128 0 428
88.0954514639259 3.35273844321221 1 428
73.5512193890886 3.07559479236882 0 429
86.4210722444681 2.99199567179106 0 429
67.6169837797243 3.07818985744489 0 430
67.2543424882243 3.5385950370468 0 430
67.2693359589304 3.31371783499549 0 430
74.8911467629565 3.65836320022366 0 431
67.6603127107538 4.62409812884501 0 431
73.5471520779507 3.06027171830585 0 431
79.0331581345645 3.30390811971098 0 431
63.664638805336 2.99420852966616 0 432
68.1858270127837 3.28596092873243 0 432
82.9599634639301 3.2377446094966 0 432
74.7322640782351 3.02142859790093 0 433
69.9523941663897 3.0057863470514 0 434
77.6908006551839 3.99268179538735 0 434
0.743995021556068 3.09805184883025 0 435
67.3118417858786 3.37735269020872 0 435
67.4081973169131 3.02573396923888 0 435
87.2543915481701 3.20971457777823 0 435
67.3011805407259 3.04364903923039 0 436
67.338537459836 3.05429331102765 0 436
84.7802836278038 3.34975686513742 0 436
67.5039544954531 3.24894622536851 0 438
67.3260316986669 3.06455271511038 0 439
69.3477862607448 2.9985410752246 0 440
78.4849791834485 3.03107988201332 0 441
66.0141418370582 3.28395389354274 0 441
73.9308103072761 3.11467791114859 0 441
68.1582232211159 3.2673164903418 0 442
63.8691554146543 3.48373109772707 0 442
73.3271752292892 3.46474921765606 0 442
70.2884584062519 3.12559125979555 0 443
79.1770422734777 3.84650912964568 0 443
0.636887739718936 3.42122957346717 0 444
63.7536997885819 3.4065330363482 0 444
67.2793563702943 3.26668987577396 0 444
67.4600474594586 3.3381787887597 0 444
67.583205282149 3.0735212168887 0 444
67.6588749474485 4.10489178581904 0 444
67.2871762227932 3.20370156007224 0 444
85.6449238116038 3.54594449533975 0 445
71.2442741824471 3.40694247370971 0 445
70.566269037898 3.22700949911121 0 446
84.4818606877135 2.99708145273022 0 447
87.4869278580688 3.19099085002289 1 447
84.4796819319778 3.11170051889274 0 449
72.9253691724711 3.18540338894588 0 450
67.253517611288 3.1664692446954 0 451
67.2668974364434 3.45295850770415 0 451
67.3161542641341 3.25594433964714 0 451
69.6128922411408 3.25658334895976 0 451
69.764966046222 3.41047088957527 0 452
6.38040280512978 2.99686635076965 0 453
80.5604759936995 3.53054423285146 0 453
71.8967485607262 3.16501545767119 0 454
67.8054370611045 3.19420705129082 0 454
72.0335854870701 3.28301537471541 0 454
0.0137570293793257 3.67413512884564 0 455
0.158529252030913 3.06836426966178 0 456
68.0706718091109 3.46157249289131 0 456
68.2184588695213 3.33471635750504 0 456
68.2751706555117 3.22495718920577 0 456
63.9728448630252 3.16045107996073 0 457
67.5250562454422 3.0199171606097 0 457
1.67450698362519 3.04311038085893 0 459
18.0826212449006 3.40494481883542 0 459
63.6497029296336 3.41100578610193 0 459
67.348167645464 3.15620669646859 0 459
67.3161059044025 3.15611837987462 0 460
67.5642226424223 3.51214487924228 0 460
87.2255868447309 2.99409320158263 0 460
55.6930613806291 3.04276296956156 0 461
68.7632584446651 3.46631473661781 0 461
67.2909489939671 2.99589261877079 0 461
68.2314256635179 3.52596401050898 0 462
67.6674945905864 3.09157789211924 0 462
67.7244509446662 3.09767164069012 0 462
67.6092420582691 3.04157751514801 0 463
67.2864307686828 3.36444009887322 0 465
67.290690027727 3.01280037958326 0 465
80.5073592065653 3.18964796603101 0 465
0.081843389956456 3.39314068885979 0 466
67.5770999866546 3.33437838534475 0 466
63.9565984784374 4.90689557094409 0 467
69.5222360951486 3.59443397302568 0 467
67.2800807209051 3.0128339979629 0 467
67.4443137663661 3.00957921700261 0 467
82.0791953315026 3.94646806285796 0 467
87.1420901623613 3.48206181147779 0 467
67.9611077212194 3.87344079412003 0 468
67.8280597432785 3.6072695113773 0 469
64.5766825757627 3.38542935921542 0 470
63.7473218014559 3.30069948826228 0 470
67.9363525809954 3.34909677099775 0 470
67.2808651918067 3.5782076144583 0 471
67.6484460805111 3.12395277119936 0 471
67.3629824601288 3.47925725116306 0 472
67.3321516777295 3.09740343942809 0 473
68.3537563767652 3.46078776274697 0 473
69.285649253707 3.36778312566685 0 473
85.0085754381921 3.02062573019779 0 473
63.8772386238226 3.14429816412545 0 474
63.6488689169423 3.09675286811198 0 474
68.8031618121432 3.7163245839259 0 474
67.6175409403656 3.57155814661386 0 474
67.7333622430973 3.13000062534309 0 474
63.7451125223596 3.20581771779137 0 475
67.4025319554568 3.29428458614069 0 475
83.758651393454 3.52692159491455 0 476
67.2821126411572 3.437474679103 0 476
67.4150860310352 3.27878885627173 0 477
67.381529974768 3.24716995028941 0 477
79.1699907548978 3.59063509205331 0 477
67.2565015488921 3.53561495924196 0 478
67.2625379392656 3.04031724330858 0 478
70.7763859952938 3.31367791558172 0 478
82.8211580073956 3.07361743687932 0 478
6.01545613985238 3.07000980166567 0 479
67.9175277533693 3.49167695063335 0 479
67.4343739057785 3.01615515960745 0 479
84.0135939338063 3.02341324372005 0 479
67.2606467598841 3.29393268557655 0 480
81.1126447630584 3.10698707942621 0 481
84.1287106124587 2.99361408606614 0 481
81.430592936618 3.55692472353492 0 482
87.4266116678703 3.13731202292064 0 482
63.6889504073997 3.39426740340298 0 483
63.7404657566377 3.19826796952244 0 483
69.8407584009427 3.26390339258004 0 483
65.7045270732896 3.24472080868637 0 484
70.6127154106066 3.3186094857481 0 484
67.6365119454643 3.01896330749159 0 484
82.3978061364242 3.07660387716576 0 484
67.0737134728594 3.41757873714963 0 485
67.2626966771465 3.66363673572273 0 485
63.8362385311845 3.00534633472165 0 486
67.5503691405154 3.41043570260999 0 486
68.6559148548878 3.118681929868 0 486
67.2761816127982 3.2908703921153 0 487
67.2702777900659 3.71106825411048 0 487
68.9968595693619 3.28223354563215 0 487
67.8298567281267 3.05075215953051 0 487
67.3044543254413 3.18101573467301 0 488
67.2636311839278 3.09529328064133 0 488
67.919941009707 3.27459753608294 0 488
47.0515514940516 3.08984205449923 0 489
67.422395682899 3.64822580471551 0 489
75.9826698698942 3.35111883030894 0 489
68.9952426426734 3.1416810763608 0 493
83.6147867749756 3.36144746605968 0 493
69.3340664659032 3.33108455722574 0 493
0.00343703128487205 3.42920080185413 0 494
68.2590254046892 3.29212686091811 0 494
69.7936790731702 3.7246302096609 0 494
75.3132936008399 3.11189935071056 0 494
67.3309298188444 3.02371902687976 0 495
69.8554374887145 3.08112596632015 0 495
70.8290489690011 3.0459479662288 0 495
80.7157281338765 3.67635777953661 0 495
87.6441678941692 4.80590932294095 0 495
87.8240006303991 3.04641555579009 2 495
87.9438721984164 2.99497977510034 2 495
87.7125057752903 3.26887495755006 2 495
87.646440072409 3.01477352738071 2 495
87.8825527799797 3.2275439515036 2 495
87.6603212794172 3.11640280574264 2 495
87.7371921583838 3.26022008929389 2 495
87.9570765161557 3.10846349577454 2 495
87.9833372377268 3.27722906710864 3 495
88.0316734503024 3.05422990932293 3 495
88.131549429971 3.07917308352193 3 495
87.9847055494196 3.03203489861388 4 495
67.8689948218424 3.47801870864384 0 497
67.2554392183161 3.03434838217039 0 497
67.3631311241877 3.31814995627577 0 498
67.3175797636905 3.00786677413917 0 498
73.6444711656184 3.13885738427724 0 499
73.1305152046378 3.34558361828376 0 499
67.2777795741108 3.69030635705522 0 500
67.4677449903557 3.21473701362399 0 500
68.2708493260399 3.81877445962028 0 501
67.7434308647727 3.2722825740173 0 502
67.2620698657003 3.30220479357304 0 502
70.2962497384714 3.25095328039191 0 502
67.258140865749 3.12399289751258 0 503
69.374549373257 3.11931297493095 0 503
86.4532308897926 3.17836375049706 0 504
67.4774513932957 3.04604975031016 0 504
69.0315422795382 3.24599003857348 0 504
69.5901067906243 2.99678875148815 0 504
78.4724721899547 3.27094277549306 0 504
80.6764027439173 3.12560638966592 0 504
67.4217255466976 3.10853295733374 0 505
74.6219347442359 3.43139943200542 0 505
69.4501166998228 3.35839504101343 0 505
81.1502503772698 3.63643451598742 0 506
82.6495890710656 3.00120001830127 0 506
67.5000288101193 3.19318388082258 0 507
64.7146485177958 3.16193183563991 0 508
67.2592257704041 3.1506869833953 0 509
63.8473597980167 2.99099204891422 0 510
63.9222523763305 3.32578672475245 0 510
72.8617184148232 3.38393838749169 0 511
67.260314958879 3.12691645782796 0 511
67.2559894110954 3.09628281174226 0 511
80.2297207491703 3.21623249810593 0 511
67.2851706939336 3.32030004881646 0 512
67.2858242728424 3.67471848540503 0 512
67.3537290990898 3.18798491179963 0 513
72.6900308616532 3.06144535103597 0 513
64.1440673629145 3.48708476651559 0 515
67.4262080312271 3.16866378545983 0 515
67.5368225605382 3.10837743479081 0 515
67.5979146016573 3.24644088064439 0 515
64.2135879705031 3.23259007279186 0 516
65.3172053292151 2.99126722975992 0 516
74.115322635107 3.42413656128329 0 517
87.1033946171326 3.12146273815148 0 517
63.9675903518884 3.06456336062794 0 518
67.5122643750957 3.65316245144793 0 518
82.0439128487179 3.26166760590473 0 518
67.2539686833787 3.16353268986704 0 519
86.7036411394752 3.37968454257003 0 520
81.0572198008735 3.04237897150069 0 520
67.3731728709185 3.10564520611699 0 521
82.2661885397152 3.22995239448445 0 522
68.315887282407 3.85679373338577 0 523
69.2563313035135 3.34408065348935 0 523
70.1657978446645 3.15929164168828 0 524
82.3132907753345 3.02067120354751 2 524
67.3002070533655 3.0458464669238 0 525
76.0762863941573 3.62573881295187 0 525
67.2741403216353 3.05610915981517 0 525
69.2765067153742 3.31489177073613 0 525
85.9504437355939 3.13987126107003 0 525
69.606117086003 3.25375768893322 0 526
70.1578598121979 3.26494443419598 0 526
15.2167617786158 3.58960709751433 0 527
67.3624152217739 3.85152190537469 0 527
67.3444836327555 3.01447026698072 0 527
68.8490074383933 3.04451230037283 0 528
67.5717916254691 3.32215814192754 0 528
80.9782679046802 3.10657750376235 0 528
0.48200220841287 3.34977126372978 0 529
64.3691293702419 3.42962450026306 0 529
70.5988394716551 3.53341778846069 0 529
67.2785565563737 3.05792328232278 0 529
67.3679753243644 3.81679654517188 0 529
67.4585388193071 3.27540691582297 0 529
63.7781626699882 3.45976062586829 0 530
67.5373347685214 3.10393556353528 0 530
67.3010999804223 3.30115056387102 0 530
86.8040535870203 3.14190079249841 0 530
67.3869622630373 3.00077047019073 0 531
87.8718713735968 3.76110748707348 1 532
81.9540457280813 4.70419823431277 0 533
68.6245982182348 3.08612042505401 0 534
68.0249985152441 3.24654856192805 0 534
63.7423567330032 3.04729939974545 0 535
82.0402334486811 3.82854226520323 0 535
82.343793671742 3.96317010298425 0 535
63.6513605172131 4.14494967174217 0 536
69.8998716802507 3.42203366332075 0 536
67.7535796996928 3.03675719600788 0 536
67.3325151753636 2.9945547841836 0 537
63.7084866994255 3.41366662997266 0 538
67.3459909388488 3.14650882833395 0 538
67.2663524184143 3.15291367362371 0 539
67.2904827033184 3.03907081480376 0 539
67.6124948834408 3.07623746683123 0 539
63.8754618479742 3.31019613792771 0 540
67.9708557092566 4.48595917718812 0 540
67.3164823506464 2.99195824754968 0 540
67.254456162156 3.07251937315762 0 540
67.3716416372898 2.99425816843409 0 541
81.4507805762568 3.19351094088214 0 541
67.2548610725401 3.5765573600972 0 541
69.8084502694671 3.11204122892449 0 541
0.816442588138164 3.18254460017984 0 542
65.0619782323868 3.02044161508287 0 542
77.0095383865678 3.65868099084477 0 542
68.7225982020817 3.07209225702955 0 542
0.656765117860627 3.46986536702081 0 543
63.7953024490516 3.02917680079946 0 543
87.5167996289481 3.17177071169113 1 543
67.2766646537676 4.00939884771358 0 544
67.5912064904155 4.0277689193459 0 544
80.5390835908454 3.01105409460476 0 545
82.0977123713564 3.41915333195683 0 545
0.129079893018233 3.06319815782466 0 546
67.2901007779419 3.03346520564127 0 546
67.904753144626 3.16209971670398 0 546
68.0126547175258 3.10671541665254 0 547
67.320703478532 3.47551006979311 0 547
6.72247440601219 3.75539783412963 0 548
65.1512304510763 3.78140957596443 0 548
67.262593571345 3.16845055141411 0 548
67.3218079986351 3.08568945873125 0 548
78.8529118705276 3.30193449218094 0 549
65.1136747972657 3.15693745093388 0 549
69.1901305564839 3.03735970327859 0 549
67.4581314490939 3.41140920965925 0 550
71.4764775612581 3.25937716632221 0 550
68.174154368429 3.02124074498706 0 551
69.3318211000901 3.3756719354232 0 551
67.3124367380663 3.35691770841451 0 552
84.2759201810672 2.99106876532521 0 553
87.8966742071861 3.38773972613944 0 553
88.1669831231399 3.08631162999066 2 553
88.1987010277632 3.00200847171001 3 553
67.2543777501417 3.09230453992882 0 554
68.3844798427537 3.41048547509544 0 554
69.6619050897737 3.33502578868808 0 554
67.4396783721624 3.52631590076321 0 555
72.5567496532817 3.05683392562214 0 555
69.3607202824575 3.78972026218844 0 557
85.0486687880948 3.67267688552644 0 557
86.435564932995 3.34695110767219 0 557
63.7410301263505 3.04191836151286 0 559
71.1646556829344 3.68852575417671 0 559
67.4318419760073 3.24054593959072 0 560
69.0913258846073 2.99171645720737 0 561
68.3487234601598 3.24253173750685 0 561
68.1476017452219 2.99816862792239 0 561
68.749973589657 3.77740495340278 0 561
76.3447043374294 3.55460116379867 0 561
77.0396183740088 3.11860098853363 0 562
84.4834657666403 3.21685781291136 0 562
65.8253109534938 3.34833085370862 0 563
67.2547398909293 3.66167216676928 0 563
67.2550192353565 3.83779613865362 0 563
69.4829957043862 3.01570275914947 0 563
80.1297136336826 3.63566169288323 0 563
81.4170058164207 3.24652667897704 0 563
67.820133597353 3.10777064009122 0 564
76.3410136015702 3.01232217808205 0 564
5.0947092981305 3.10632052618349 0 565
69.0025767795096 3.14118954042276 0 565
0.0357806626212506 3.97702440551399 0 566
63.6745627059342 3.41591310273873 0 566
68.0273133537734 3.32803541146502 0 566
69.3069677793725 3.13673160219918 0 566
63.7404841668549 3.1919849250399 0 567
63.8049569456655 3.27670891972013 0 567
67.7308726979469 3.01784374998206 0 567
67.8294181396968 3.44114241131853 0 567
68.4995743128152 3.37536862319932 0 568
67.5195226215563 4.06279746138207 0 569
83.6957977450822 3.00176964936725 0 570
88.0129754803881 3.02536584702092 1 570
67.2714917678723 3.21151781091825 0 571
67.2742624059258 3.18749271343424 0 571
71.9949428300538 3.03671921586281 0 571
67.4278165113658 3.63687144973091 0 572
67.3305818478108 3.55035043672773 0 572
87.8090685473096 3.49592519063934 1 572
67.7415730147166 3.08172629546017 0 573
75.8338901494427 3.36345273401954 0 573
67.4862894506689 2.99921053422061 0 574
70.6532604438556 3.10925680455864 0 575
67.4776899957252 3.03962037246703 0 575
81.1558923185891 3.5220858193699 0 575
82.0548374739824 3.0533279165548 0 575
68.5205569147955 3.04109665333372 0 576
85.2808304709976 3.51552029842136 0 576
70.29385309447 3.59240690600932 0 576
87.6135439260204 3.36034389294131 1 576
65.1657974873008 3.21169974832826 0 577
67.3171648749356 3.16483556706437 0 577
67.6016168987907 3.62558223893944 0 577
84.0442955896546 3.54211611425346 0 577
84.3373514347005 3.38275443698363 0 579
84.546801848195 3.34130208750796 0 579
71.751026407191 2.99442814035398 0 580
0.137616308551775 3.10136925303097 0 581
67.3599269644251 3.69402391575038 0 581
67.2768404380837 3.19674172691283 0 582
67.3665338347308 3.14911393354501 0 582
78.5732309613897 3.60667862497024 0 582
64.9648287790374 3.90300440286543 0 583
65.7516470470911 3.60006248056917 0 583
69.0351831407178 3.1499280550905 0 583
67.2991717542656 2.99783708298603 0 583
0.151434558129059 3.12969685733796 0 584
67.2676940015244 3.16523949929561 0 584
67.739540218778 3.30464535696631 0 584
67.7040237367533 3.13113416199424 0 584
67.5107122694641 3.26506007131921 0 584
74.1358857434598 3.6123498083509 0 585
67.4488862582415 3.10328617841595 0 585
3.17743200810731 3.79692229472242 0 586
67.4375209248559 3.08016772009431 0 586
68.2000381842406 3.04100927184986 0 586
71.6995116318901 3.08478822825974 0 587
67.5378769464577 3.24205750536665 0 588
67.4379698003808 3.51765402013868 0 588
68.3737949440135 2.99414985430243 0 588
67.5050405383173 3.89701013611004 0 589
67.2983653869613 3.54873314209297 0 589
67.5988124097936 3.16477043907974 0 589
87.4666347924892 3.11833484876503 1 589
68.4591154201363 2.99862082906405 2 589
10.214231701691 3.44821766450098 0 590
67.3779423962712 3.22461482709797 0 590
67.3462629464766 3.10058988869855 0 590
75.8888090809221 3.11631615042345 0 590
0.911813558356203 3.50699711036831 0 592
67.3237799772468 3.22203007022427 0 592
72.3769247615382 3.00798550072177 0 592
67.3046368405636 3.0035641167289 0 592
67.5964968623963 3.16201238941101 0 593
77.3594560440037 3.28084326437832 0 593
82.8575696020026 3.66814884058516 0 593
77.1770010415734 3.30241069458457 0 594
88.1239984722149 3.11955898128734 1 594
63.7619997465628 3.55129929929829 0 595
67.2639184848986 3.42016831244175 0 595
67.3110984113851 3.72855969900422 0 595
72.5804642687811 3.05493534900513 0 595
71.3454204972075 3.02229814210558 0 596
73.910101561577 3.3493448435064 0 596
75.7798179384073 3.33120373048571 0 596
67.3597296846908 3.36002068414013 0 597
67.3544938391736 3.33917550030724 0 598
69.5103290880306 3.13525238072173 0 598
80.8129128634075 3.55320774749157 0 599
71.0142072136294 3.03292882111464 0 599
87.9361737333045 3.17394554457105 1 601
63.8596007614437 3.17428059178058 0 602
68.0294513499417 3.10351557217462 0 602
77.1209962358245 3.0427220517568 0 602
63.7957224817597 3.40354125752846 0 604
67.4617228162313 3.16367530261338 0 604
68.5035530041872 3.28297518584044 0 605
71.7131660303764 3.06357133709724 0 605
74.5707404887037 3.00949722588777 0 606
72.6151501463209 3.29989977606692 0 607
85.0016627453917 3.05277558001862 0 607
78.8104212263115 3.1613550083558 0 607
83.3593948633079 3.39887570521219 0 608
63.7656143308984 4.41638168880316 0 609
85.1962920048506 3.04655722147589 0 609
67.2571704387 2.99205342442554 0 609
67.4932691829244 3.28506583400836 0 611
0.0104612213489153 3.02447032949212 0 612
0.147118654535181 3.02525376273808 0 612
68.1468302924499 3.09472645354105 0 612
65.1101362631305 3.1643096235319 0 612
68.8487014514414 3.19268857572897 0 612
68.0394431366787 3.03222020502286 0 612
67.9404603195014 3.42712190639291 0 612
82.8135245313318 3.63373074488227 0 612
87.9735372189705 3.05544168605932 1 612
68.0552197807802 4.33502393601854 0 613
76.9337438386383 3.35622695256378 0 613
83.2214682880853 3.13923683259985 0 614
0.391377512963108 3.2456978316146 0 615
67.2601065846078 3.67615692162482 0 615
63.9354083028328 3.31791161209809 0 616
67.8379179743352 3.29328166848813 0 616
77.3386934752821 3.08517603940574 0 616
67.3665827664624 3.2096258252379 0 617
67.2763675447323 3.03344393389377 0 618
68.2770189714584 3.44324838137272 0 618
69.5179741934763 3.18006626875279 0 618
73.0659034595257 3.56835203460071 0 619
67.3279212014668 3.00706415910669 0 620
87.8293812146683 3.04094888795388 1 620
67.6447743299495 3.40240081848431 0 621
68.7365448437768 3.69861757686459 0 621
45.4645143394182 3.18044650371734 0 622
63.6582837769117 3.63244686494977 0 622
69.1126281784446 3.21684823410224 0 622
67.2612292139258 3.61305213645749 0 622
67.365126267162 3.06228553622568 0 622
0.000722959326047019 3.28917418642471 0 623
67.3294565102765 3.035605000792 0 623
67.8861679218457 3.04271653979353 0 623
63.7493937167542 3.06733700069299 0 624
67.2581806610083 3.13974069545847 0 624
67.266583565517 3.19933132659343 0 624
67.86282905662 3.41070283397462 0 624
63.6543057352562 3.00046026711215 0 625
69.8759163232122 3.03493294516667 0 625
67.4687617082499 3.20507557890692 0 625
76.5781414381083 3.53956664449124 0 625
74.446567043865 4.09076133945017 0 625
69.3091201073362 3.03437578133498 0 626
67.2968257336292 3.22442997823319 0 626
87.2477031971262 3.6292874773113 0 626
63.6599800892342 3.341406380809 0 628
63.9089457527763 3.42344155577859 0 628
69.5599689263152 3.70017965720277 0 629
80.9094669707777 3.19251439475207 0 629
68.3322513524275 3.1070674443842 0 630
67.5776846891655 3.06494446234424 0 630
85.9566777655787 3.09397318820995 0 630
67.279563857732 3.31578180228603 0 631
69.307199532703 3.08528765030978 0 631
70.7280114784749 4.04948648233074 0 631
67.9219076200776 3.32191620067695 0 632
67.5200441983757 3.52576424799058 0 632
72.0752386158676 3.46156953869824 0 632
67.6348859580478 3.06919759145278 0 634
68.2288255866583 2.99433962321097 0 634
80.636417470481 2.99502154983918 0 634
63.7481399347253 3.41443280741095 0 636
67.9634143816275 3.35464408021252 0 637
67.2561344172587 3.4025789458498 0 637
83.3956992634886 5.23559373076526 0 637
85.6631940207002 3.05323530336425 0 637
83.4007802702133 3.00843321842462 2 637
83.6253691082069 3.92636331452241 2 637
67.2752881159342 3.58099357090516 0 638
70.5121710731032 3.00649608707386 0 639
77.4360745794148 3.72500565766761 0 639
83.0961770538589 3.09240321347542 0 640
69.2984221904194 3.26882276560666 0 641
87.0777596696354 3.03825508839228 0 641
65.9394000836295 3.64766961538348 0 642
74.6398512572359 3.52915251495173 0 642
67.3916829993717 3.4915705574732 0 643
67.3467740286961 4.25327309963423 0 643
72.0109319562047 2.9910420192757 0 643
13.9385322328901 3.22555628487175 0 644
67.3422522368295 3.0224715571922 0 644
67.3142098386101 3.31039955053744 0 644
68.7740859720817 3.49141614265415 0 646
87.8729670652228 2.99749355388889 0 646
67.2668601157301 3.14015022659602 0 647
67.8518919548247 3.45059435615104 0 647
67.3321361439721 3.43259689645554 0 648
79.3858921216353 3.12733381932326 0 648
67.2618748324831 3.01460782146176 0 649
67.4906860409893 4.03347099403985 0 649
67.3879593069792 3.37384933660706 0 649
74.755245520258 3.25532454729412 0 649
68.3783926644419 2.99538450630199 0 650
67.7555055718691 3.02100569734356 0 651
67.3521293486997 3.95119983072841 0 652
80.3813918576524 3.92409475661951 0 652
74.981295020037 3.00165853713936 0 652
72.0414888033273 3.31363550465271 0 652
67.4368908614821 3.17736701560839 0 653
86.9163419715814 3.12768393664137 0 654
87.7513172172282 3.3568311941606 1 654
67.2882047393787 3.19143100989534 0 655
67.9276070217029 3.53348835688419 0 655
68.313839655757 3.07159271258269 0 655
10.372250351491 3.09950889103427 0 656
63.7683590981734 3.54490684608702 0 656
72.4578177369638 3.15869866241676 0 656
68.0480453492177 3.34488252353721 0 656
62.890401364316 3.3952255602549 0 657
72.2472473022847 3.06517628353028 0 657
75.6830027636486 3.09966737416444 0 657
67.7173059605997 3.06146922017184 0 658
67.4489765895634 3.30705709846353 0 658
69.8198763527464 3.09670292740311 0 658
63.7823287817916 4.43934480601797 0 659
63.7628154341653 3.22546734521784 0 659
67.3248150638021 4.49942689468104 0 659
67.3049538170665 3.46791944559248 0 660
79.4560956562738 3.1764322347315 0 660
87.1705449344745 3.10869350200254 0 660
7.97107375054505 4.10387789902849 0 661
69.8018703372115 3.42277024254168 0 661
82.0935317019805 3.56276110498601 0 661
67.3155356492491 3.13945855141133 0 662
67.8907689837727 3.51516295902559 0 663
67.7813542576456 3.00617730853123 0 663
81.8996415395192 3.58082836791686 0 663
0.0158423313391267 3.06696779358727 0 664
68.6509208290863 3.60204104335718 0 664
63.9763174119179 3.26102345264357 0 666
65.1560908334151 3.05551647857773 0 666
85.9950907133698 3.42456240496917 0 666
67.3094987434077 3.47933323106013 0 667
67.2541463646123 3.52340450607823 0 668
65.3459476766368 3.15760176755648 0 669
69.0183595034429 3.21450736174133 0 669
0.0408078328610449 3.48783325832559 0 670
67.4115440256716 3.16292887711354 0 670
67.3214902047471 3.04584184083901 0 671
67.2658184376286 3.06661381343061 0 671
67.2872264756004 3.06383246420099 0 671
67.3964713197559 3.05248288458953 0 671
0.0166191620267578 3.37365389281807 0 673
65.2240850146654 3.93916493417952 0 673
67.6335088297901 3.83418777494182 0 673
67.2694018659614 3.67352650730037 0 673
67.3864885935897 3.45344702618594 0 673
67.2635721261621 3.40561391732365 0 674
68.5612306635868 3.34809736662458 0 674
67.4974366509439 3.149095290752 0 675
67.61864691927 3.48720329921707 0 675
64.1560381143985 3.05849770832668 0 676
68.5812431922996 3.25433857545942 0 676
67.3324214893754 3.08076717549069 0 676
67.5294289684669 3.13060340589181 0 676
85.3138575655485 3.14936176195246 0 676
85.9497772323262 3.9359528539788 0 676
70.4017502388064 3.0377499091911 0 677
87.0048891240083 3.0492857224616 0 677
87.6847735489525 3.2678803627157 1 677
67.9600775165611 3.57836356436813 0 678
67.7084226155918 3.0281066700945 0 679
67.4866252882635 3.53938872286764 0 679
71.6341242355663 3.27330330502727 0 679
0.0275640646912269 3.15187040235578 0 680
67.2830838263649 3.23035960378406 0 680
67.2529086823093 3.40594917563984 0 680
67.4345650874319 4.46106779379577 0 680
65.7751053514479 3.05432026033028 0 681
86.9406508148364 3.43519701029572 0 681
67.2620276404113 3.98719093100238 0 681
73.1753170893938 3.5289667147598 0 682
67.6162059197114 3.98342029455488 0 682
67.3057350990895 3.30160118988351 0 683
67.6451669467709 3.05096596556929 0 684
67.3599098247595 3.14821223131785 0 684
68.2575108743818 3.1081818590233 0 685
80.0223209921388 3.42067527431773 0 685
87.0662889148242 3.20819350264727 0 685
87.4202182097167 3.02476669322364 1 685
67.3822831435546 3.56951697966973 0 686
63.7802680463009 3.02712690475037 0 687
67.5070729557736 3.77869448752886 0 687
63.8070191076299 4.46513190146435 0 688
69.6931756698968 3.30966691129371 0 688
67.2672054354259 3.81765872292067 0 688
76.2668444572608 3.72212574064998 0 688
63.8894790751258 3.23240601099833 0 689
67.353954535882 3.15274162641119 0 689
67.2596800918898 3.15075082426011 0 689
67.2678108852403 3.04691819318038 0 689
65.6135387108856 3.20402856014524 0 690
70.2135264831854 3.33793379546561 0 690
69.7790179016486 3.06255048510236 0 690
73.4586624793294 3.22763179393615 0 690
73.2849268048189 3.17245464086238 0 691
74.7537193464284 3.15259556052008 0 691
84.5094713177524 3.17672182362615 0 691
67.5185025695966 3.21659095159121 0 692
63.7763835043508 3.39454789147218 0 693
67.8504658972621 3.30477819266065 0 693
67.605347497938 3.00408914148055 0 693
67.2529192973703 3.14346918405375 0 694
67.6522716386653 3.57077126048175 0 694
67.8915315687436 3.04765901925415 0 694
67.8055784335464 3.37049001104073 0 694
67.4513259971599 3.03420464558492 0 695
87.7573000103973 3.03443617411576 1 695
0.0287948334743074 3.53475259062684 0 696
63.664628591874 3.11058233459864 0 696
63.7922161652179 4.85722505052711 0 696
67.573705204522 3.49849703942337 0 696
67.3689881846528 3.59707727118672 0 696
88.2051361151352 3.44711674193431 0 696
88.2223670679301 3.22088711893685 2 696
83.0374738334384 3.02706440920627 0 697
63.7574508703514 3.26713436504663 0 698
67.2432459629846 3.38629084954247 0 698
67.3835770503871 3.58071069246241 0 698
67.9951760699017 3.07710178713032 0 698
77.3089910542683 3.04822722551388 0 698
74.1519615893339 3.1094383526729 0 698
67.2663924769999 3.33510507431413 0 699
74.0863422849346 3.2907457416104 0 699
81.5544028134058 3.26594959203306 0 699
84.121887493463 3.86454432181045 0 699
84.1240558734033 3.00068149906301 2 699
87.329520343085 3.52447960488994 1 700
0.100998523099081 3.09696453515675 0 701
64.1288064230051 3.471143900424 0 701
63.9181758914171 3.00073587121018 0 701
67.2763333659801 3.02244835943593 0 701
67.4590655585551 3.04942546805894 0 701
87.4684440786862 3.21381873753424 0 701
63.8208034547896 3.26255283848837 0 702
67.2562787296105 3.12847343264331 0 702
69.2024054729465 3.32332219689295 0 702
80.5030719531807 3.13939162352691 0 702
83.7553613697659 3.41343852471319 0 702
0.000921438671929086 3.04250961072496 0 703
81.513297247384 3.17171808481807 0 703
67.2700443651241 3.54498710134722 0 704
82.1128200502682 3.25627501677513 0 704
87.0958243206948 3.05956444585244 0 704
73.7261921505872 3.14336964093751 0 705
78.5974455835031 3.44264558364221 0 705
83.3454930121477 3.15495337786524 0 705
68.2275807971537 3.81362600215963 0 706
86.1633553434164 3.39634228037056 0 706
0.0302924176669956 3.19707846222901 0 707
69.6633261547493 3.00475678712018 0 707
67.2876692523773 3.25092133923089 0 707
67.395836395251 4.51289281818935 0 707
67.2961076702078 3.1341195124057 0 707
72.1857563315348 3.15805299398472 0 707
87.2870230800869 3.11476407769167 0 707
87.3214043780373 4.22903536629967 2 707
87.3285212064035 3.76402067077421 3 707
87.5598288132373 3.04896282147025 3 707
87.4913573871221 3.41402369876367 3 707
87.5728758381292 3.18907170437775 4 707
87.3769414254317 3.92828020993149 4 707
67.4199569406246 3.528672346164 0 708
82.15982284274 3.22321452114743 0 708
72.4199389095758 3.57411741324171 0 708
68.7676157282505 3.34912425594996 0 709
73.0772483524619 3.40439323513822 0 709
67.2764889717799 3.68367059827818 0 709
77.5854657895565 3.51879098893907 0 709
63.8624767091308 3.10914650033154 0 710
67.2962288631377 3.23947814899723 0 710
68.1215186000957 3.59401897272443 0 710
67.3778456738353 3.13035833217298 0 710
74.5528538708235 3.40494630395724 0 710
82.801840680313 3.50819916098279 0 712
87.854228918887 2.99165372931087 1 712
4.61305002177737 3.95691445679904 0 713
63.7841708848196 4.84799273345941 0 713
67.5622052046528 3.03510169452766 0 713
64.5816776830161 3.28067035554259 0 714
67.2780851785856 3.10620607920457 0 715
71.3845513554342 3.06303432407505 0 715
63.6564495239574 3.13878089747377 0 716
63.7667384765765 3.06112723545561 0 717
67.9387234857745 3.13308946999219 0 717
84.6647738877475 3.06034684041506 0 717
67.4121669097048 3.20746088556897 0 718
78.8564194626934 3.22200986527815 0 718
81.1917179781262 3.43589739338352 0 718
67.3130058845844 3.49937415551703 0 719
45.7253441575888 3.63061867422456 0 720
68.2712802645473 4.02383452024575 0 720
87.1206951120152 3.04199494314357 0 720
85.204165431362 3.01686860435977 0 721
87.0303439027881 3.12821964677363 0 721
88.1059564484556 3.04169461678495 1 721
77.7517905857453 3.11129059376172 0 722
67.7429435224352 3.84953593516358 0 722
67.3442909245525 3.31526378439339 0 724
68.0035483330586 3.30780092795383 0 724
67.3098401046359 3.42072722207342 0 725
87.4871863741234 3.13526284519547 1 725
87.8356801261984 3.01920322478951 2 725
65.9922233541632 3.49254956932993 0 726
64.8157295287616 3.55394341540151 0 726
87.4892015704633 3.74447521671923 0 727
67.4355070357755 3.20015826526741 0 727
67.887549469289 2.99889570790941 0 728
67.269801183277 3.79730979457452 0 729
67.3867450458069 3.07334945779345 0 730
80.9279081394481 3.23917495108995 0 730
63.8762049852122 3.09934143930734 0 731
67.3573143051064 4.41773457843219 0 731
84.9876286576057 3.1223640269864 0 731
67.4130117237554 3.10979242592291 0 732
68.2841154126909 3.3585229003062 0 732
87.3483419248175 3.35208321303876 1 732
68.5369181296372 3.42981923633181 0 733
67.5317650805276 3.17277862585329 0 733
0.0943454485932329 3.01111745859066 0 734
79.499522552442 2.99032002650559 0 734
81.5853935276266 3.13002903534182 0 734
74.2703787839929 3.89142741656018 0 734
85.9602251708035 3.3102762689626 0 734
82.6116161776407 3.323107554239 0 735
67.2970112795826 3.90942179061442 0 736
67.3323605644286 3.54902627888397 0 736
88.0785844812442 3.41037433454056 1 736
68.9774333683287 4.2026124256978 0 737
71.0734691438086 3.03749138540955 0 737
78.7444775775535 3.7544863401568 0 737
83.5143879213954 3.07649173456265 0 737
0.594976324732731 3.25727928996191 0 738
64.404995199344 3.14508661360764 0 738
67.7785496617235 3.23366343076062 0 738
69.5633570014942 3.04884432314128 0 738
81.8185765949107 3.13923665791474 0 738
84.9904721035107 4.97046994364707 0 738
63.7625629887868 3.29484592422661 0 739
67.2829136180159 3.07616628459692 0 739
84.6749152107171 3.69601602880028 0 739
67.2842300771666 3.06330283573651 0 740
67.3169952078401 2.99848322557125 0 740
67.6681936952295 4.45376154218653 0 740
70.2489436622204 3.03621088611146 0 741
84.0041672887779 3.12459933179997 0 741
85.9574348001281 3.09629828154387 0 741
68.9219399261114 3.15974963241444 0 742
83.7445646675341 3.27588209209053 0 742
67.3277367432563 3.13409811401793 0 743
71.4905115113365 3.32792642452009 0 743
69.4202223560175 3.06907081608808 0 744
70.366901452629 3.2201046624184 0 745
84.6433868569878 3.97132114786405 0 745
87.5608765533932 3.09681343506947 1 745
63.749958654828 3.1223147024309 0 747
67.2584229476328 3.14034609362904 0 747
67.3054715896757 3.15476263014537 0 747
67.4862063241739 3.08705624498703 0 747
63.7408984234987 3.44786901642678 0 748
68.6485607096046 3.45212309305032 0 749
68.5019112114169 3.01393114443115 0 749
1.85439228197009 3.30866623098753 0 750
70.5731621490156 3.35501982500131 0 750
70.3435493373541 3.88511370622068 0 750
81.0935433655005 3.17512047831133 0 750
82.3091111017084 3.00705251035282 0 750
68.2845559791148 3.060305041277 0 753
67.6347518898194 3.09912316230052 0 755
67.4620489421675 2.99391077156711 0 755
67.316602601043 3.00142418767278 0 756
79.0973595721972 3.71836292164832 0 756
63.8002773237063 3.27857502376373 0 757
64.1829262350862 3.10939735458529 0 757
67.2725090534543 3.82074729719471 0 757
67.4608154001626 3.25312279151715 0 757
67.4941578321653 3.17207030969431 0 758
67.3175312548132 3.08079376847225 0 758
69.0778739529157 3.21385915135881 0 758
84.8387551098103 3.11355838372163 0 758
63.6998338565255 3.59262398999571 0 759
63.6508241324238 3.1387275885079 0 760
68.0437289801085 3.94727228882758 0 760
67.2981395792813 4.10970189605192 0 761
71.1611694494172 3.10294145307166 0 761
79.9625156702495 3.70572739866955 0 761
67.2884941338063 3.44460420604913 0 762
68.946872871931 4.4506473598807 0 762
27.9132516249907 3.04775499989564 0 763
87.3910532288526 3.70807318208915 1 763
88.1917439433553 3.05754380537021 1 763
87.4101024563578 3.08677753422393 2 763
63.9684991406633 3.43856473307167 0 765
66.5853042382615 3.17476914702277 0 765
67.2604525068417 3.13156665752319 0 765
74.1566696876687 3.55543300349584 0 765
76.4102623909577 3.41924397861826 0 766
63.7106218494457 3.05291244266691 0 766
68.2217758259803 3.25300175654012 0 766
71.5556954349302 3.15089439050457 0 766
81.1622629033535 3.10923822378966 0 766
87.0422940360238 3.18046127783163 0 767
77.4351447486759 3.56213694156115 0 768
63.7411076379411 3.06013846225114 0 769
67.258232352902 4.15925974533417 0 769
68.2282205775458 3.45371511395342 0 769
87.486551907127 3.68920259890163 1 769
87.6021515735618 3.44111732845319 2 769
88.1883286411229 3.23357102696056 3 769
75.4990741323788 3.51332377997258 0 770
67.3166336684184 3.89939559579157 0 770
67.2980546022113 3.39224723932918 0 770
67.3500983663914 3.06753103830832 2 770
71.552159314367 3.04769528310155 0 771
87.4933360183884 3.38182378366685 1 771
83.0103375324449 3.21931406514257 0 772
67.9141183161151 3.37387672713722 0 772
78.7286845328256 3.32642813528816 0 772
83.4039540262096 3.14071034262961 2 772
65.716002338413 3.09991610209443 0 773
65.2614740682572 3.04999143238629 0 773
67.2726180507737 3.69812350573695 0 773
82.8971127387255 3.17606022125835 0 774
67.2751559478168 3.41344380656016 0 774
67.8322495317423 3.04915038172242 0 774
87.1935283570417 3.14622454436189 0 774
67.6373328941274 3.13699778665474 0 775
67.7632796344967 3.67835342786045 0 777
67.3265596010491 3.01582645723392 0 777
80.9502976020804 3.67624744713737 0 777
77.1618235293947 3.21855710609902 0 778
69.3339446265661 3.0199369358773 0 779
87.0332638008173 3.53235963522385 0 779
63.7527434851957 3.32294097472532 0 780
67.2808212748438 5.08778025261372 0 780
68.009660900446 3.14099497371001 0 780
68.547628446727 3.178070843379 0 780
80.7475259354714 3.93155241673177 0 781
78.6136454428537 3.11413258523038 0 781
88.2338264798552 3.01997317381924 1 781
67.3108183090935 3.7941157598556 0 782
69.6395323265563 3.32458363822197 0 782
79.5904406609804 3.2252468912745 0 783
70.4368667132358 3.42669157723393 0 783
68.8077801919307 3.16097277898958 0 783
69.1312115147941 3.36265515937298 0 783
82.3441092307288 4.03955701478434 0 783
67.3362270830609 3.27673998397268 0 784
65.6234382838069 3.27384649979791 0 785
67.2657357359326 3.37586091775528 0 785
86.1208262732791 3.34476376144971 0 785
63.7126203402393 3.02825198180287 0 786
64.2211807842291 3.03154662815891 0 786
67.2562518261923 3.69207829524337 0 786
68.2091680226097 3.14048312520154 0 786
69.7605515986902 3.82784235897829 0 786
63.7767396508147 3.45814131347635 0 787
67.2595327539594 3.19552757408033 0 788
64.2031889368807 3.21676663885135 0 789
71.1618604221327 3.4795283868259 0 790
68.3051479444819 3.44281090549332 0 790
81.2687611339871 3.31687131667861 0 790
82.8211750558699 3.19416219603705 0 791
83.9323286502222 3.13600072718946 0 791
68.9749210907978 3.19942995707224 0 792
67.3469525307136 3.20288511283567 0 792
67.3091902016916 3.5000603817765 0 792
67.2829138355029 3.36616219215036 0 792
80.5160755682828 4.06969398417993 0 792
63.918020566032 4.21560093251953 0 793
67.2529003040882 3.01405951239144 0 793
67.9026293790045 3.31038680914956 0 793
87.0843868089338 3.01248721353213 0 793
67.2584926941582 3.44297475209394 0 794
68.2338956446449 3.08713867630788 0 794
71.6351842509606 3.00078306600515 0 794
67.7433928676105 3.02571142925654 0 795
67.3127153349519 3.6237505268877 0 795
67.4247382862356 3.14025927277716 0 795
67.3420058617197 3.06581028000204 0 795
67.2738380219866 3.03444246291094 0 795
67.6611506465028 3.129907457622 0 795
68.0146437900459 3.16129080940545 0 795
64.86149266465 3.4780541950217 0 796
67.4702913841644 3.32998110016355 0 796
67.7829851954417 3.4313611287686 0 796
84.4213552542747 3.13029391160562 0 797
87.1070941950524 3.20041022548549 0 797
63.7375190250755 3.07097617669908 0 798
67.2566134660756 3.17116304628883 0 798
67.2792235844848 3.70453907083291 0 799
67.5680412397756 3.49087355148774 0 802
67.2678527506613 3.50770781634183 0 802
67.5721029630873 3.26300311374492 0 802
69.3124136668407 3.09275951239178 0 803
67.2709747807798 3.00794025964535 0 803
67.8013859818198 3.37290741823832 0 804
67.2686955438591 3.02568806965376 0 804
67.3182467477701 3.18691805733037 0 804
67.360590053209 3.02792722604739 0 804
67.0477292839803 3.04100656063909 0 805
79.1700752360514 3.09490307094179 0 807
67.282071619662 3.00123906120379 0 808
67.2677263895202 3.34880886176832 0 808
67.4369294008691 3.2314655956262 0 809
85.7820481870045 4.19426390793148 0 809
87.5921006830072 3.22260067170314 0 809
87.3101693433516 3.03401972352958 1 809
85.8025175131948 3.41095366202211 2 809
87.4520264694756 3.7082092977969 2 809
85.8259722124414 3.07070557899747 3 809
87.7293818765445 3.41945341745364 3 809
51.1121588430837 3.05334600931953 0 810
69.8185925735526 3.22022937969101 0 811
68.9974447219775 3.09105025911679 0 811
65.0304866874073 3.1004968948462 0 812
71.7889264969017 3.09156033983949 0 812
67.7653988948657 3.46349465872453 0 812
64.8876308952897 3.21625316522508 0 813
70.6939729339387 3.09597854241991 0 813
64.8480116087854 3.45204965873757 0 814
67.2536138758543 3.63862070165334 0 814
69.3828207254512 3.95270918469747 0 814
67.4588119394762 3.23442433639316 0 814
64.1989558358581 3.1460708760621 0 815
67.261345467459 3.18523348185996 0 815
67.2551091772746 3.17610571515691 0 815
64.4151854898901 3.04355993631402 0 816
67.3821527268684 3.03658539947909 0 816
77.6746713360246 3.43119376596115 0 816
67.654934526302 3.0052697670422 0 817
67.8400836613538 3.07283531888903 0 817
73.6997620898647 3.58848641971013 0 817
67.3227630288286 3.0789459633593 0 818
68.8056821780174 3.98197610901594 0 818
75.2839012846201 3.45739630421327 0 818
66.8929318343166 3.31664155936502 0 819
0.78632399587349 3.33412155137009 0 820
64.1173354824307 3.42396652877092 0 820
71.5086528937226 4.09004834524834 0 820
72.141548493563 3.14866877570138 0 820
87.0375899958938 3.04625047504713 0 820
67.4744632204828 3.01575359771953 0 821
71.1153575903753 3.42757583621068 0 823
67.6400444111903 3.0833357292803 0 824
67.3324023038125 2.99841406182725 0 824
67.7473907594012 3.32760007666854 0 824
63.8552643459054 2.99301467987611 0 825
63.9138798513243 3.34586620073222 0 825
67.3275265521557 3.33686326136618 0 825
63.6567884759447 3.43667057955463 0 826
66.3212936785991 3.44555859586621 0 826
68.0026165099824 3.01909763209479 0 826
69.8852947986543 3.01173765797597 0 826
0.419998768417911 3.00050444130714 0 827
63.9169896102968 3.05258192580605 0 827
67.3408928587943 3.08661049788148 0 827
79.0885800491506 3.45667569249047 0 827
69.5521173910773 3.10522975138964 0 827
63.6694114153627 3.17066562863821 0 828
86.6108619071586 3.1465779968029 0 829
67.2559215892546 3.00234993148341 0 829
69.2835394256678 3.33430954079483 0 829
67.3044960135709 3.12846845890913 0 830
82.3460889022074 3.49232018006752 0 830
70.0038451537338 4.33252144697339 0 830
80.1404415458603 3.24622119511698 0 830
72.6497826567356 3.1096079978478 0 831
47.031925695741 3.56075968163441 0 832
67.3190974395879 3.11152163593896 0 832
64.0029108788241 3.06122292383634 0 833
63.910203494797 4.18525472764217 0 833
67.4966539471044 3.48067060971507 0 833
72.4128797986081 3.55511382530681 0 833
84.0501703989414 2.99942779175886 0 833
86.7637422320924 3.39000354079006 0 833
0.0309092550919932 3.09530733268494 0 834
67.9500891906112 3.17995257816316 0 834
67.2744601379589 3.11265133814613 0 834
79.1700593576864 3.05464509782021 0 834
71.504998428647 3.0298988825108 0 835
67.363163600995 3.493616888998 0 835
67.5909469128966 2.99271167288469 0 835
68.2507411016947 3.07899906600483 0 835
67.2552303297101 3.12968327992527 0 836
67.2947084051505 3.14147012604586 0 836
69.994178431796 3.22872446852982 0 836
87.8269609957067 3.00655057644129 0 837
67.4089900750333 3.86740324978772 0 838
71.5166848297636 3.19365432300156 0 838
87.0316710121522 3.01171541871598 0 838
87.1967072310936 3.13166206539066 0 838
87.696364009035 3.10205676566891 1 839
67.2727595659961 3.07995438940357 0 840
67.3442263051496 3.12181669495471 0 841
67.2855866514979 3.15626644838494 0 842
67.6710870978642 3.05871493132721 0 842
67.2574058919285 3.09536497732818 0 842
6.74933132794449 3.01501178246672 0 843
68.0297784105355 3.06262834639298 0 843
67.5596413680616 3.01727466364888 0 843
69.555591747415 3.09572988070525 0 843
84.2329549411747 3.61028990378652 0 843
81.0016862080834 3.45845791602434 0 844
67.2710447931607 3.18407133707266 0 845
70.316186296138 3.13614700847323 0 845
80.3695104623341 3.1479743231031 0 845
67.5167097645129 3.0228951481909 0 846
67.2955517325171 3.8794986805616 0 846
87.2684524564345 3.18944989889036 1 846
87.6918845509451 3.0024376763108 1 846
67.2556301884585 3.18974843685509 0 847
74.0131714325309 3.0155557783448 0 847
67.2625538926767 3.12724928875381 0 848
69.2483274509241 3.11913119353562 0 848
88.208966135069 3.29766874786837 0 848
67.4937834089401 3.07990808230666 0 849
67.6165948125741 6.56273071593917 0 850
79.7360451208034 3.0538658536124 0 850
72.3395316628284 3.17277003277846 0 850
67.642671109279 3.21413314709466 2 850
84.83336771453 3.00306960918788 0 852
63.7429059740032 3.03629931826903 0 853
68.1838082259969 3.336068106554 0 853
69.3516100732842 3.36602701871965 0 853
0.174787790555855 3.32856238698894 0 854
87.0481674090387 3.09749931746658 0 854
14.0249881232717 3.10094340282534 0 855
67.2642309368152 3.302002711038 0 855
84.1119356453995 3.24612053116256 0 856
74.3909297460343 3.01316915043472 0 857
87.321830560838 3.05634991565782 0 857
85.3028750414843 3.70501577849238 0 858
67.385327574863 3.46653247692668 0 859
76.9261180997743 3.39036220467826 0 859
67.3957714632373 3.11682637808293 0 859
87.158076181172 3.10939240387625 0 859
87.0590303978235 3.435557076597 0 859
88.0377815382601 3.37374328672986 2 859
88.0380315660498 3.05626486235618 3 859
73.1330073133218 4.08776279184386 0 860
67.311137158009 3.16254200787774 0 860
67.5163174553295 3.84510916329089 0 860
67.2695865107614 3.18085991427962 0 861
85.7442764365667 3.24420776726334 0 861
69.2311188066396 3.05790387636741 0 862
87.1672177957426 3.44917184823146 0 862
87.5261176908195 3.06135234075117 1 862
87.2585031110834 3.29949377293339 2 862
64.8009006489796 3.72805751817831 0 863
67.2614007262472 3.22342771701989 0 865
67.4071478103672 3.07509630931169 0 865
70.9008306887418 3.06523538545154 0 865
80.9522400257049 3.25748232984604 0 865
72.5645556104384 3.07081211610207 0 866
63.8428134179264 3.35727339630278 0 867
67.4402904264735 3.44437180962983 0 867
64.0145399524747 3.18525375277305 0 868
67.2781543959849 3.03722234571853 0 868
67.4488322482825 3.30030020953394 0 868
84.4830506541997 3.07068604889133 0 868
87.874046791627 3.68558249082201 0 868
67.6453837614175 4.0368246402725 0 869
71.578217930638 3.28724123745493 0 869
68.9822959445024 3.61429041115852 0 870
43.2302223125765 3.13510892884948 0 871
53.3598422037981 3.33092303389679 0 871
67.9737098081114 3.25137470947706 0 871
67.3632238826447 4.05832540147379 0 871
67.972150898917 3.60014795614313 0 872
68.1000167115861 3.17403758304187 0 872
63.7522616532797 3.5928299815275 0 874
67.6567601922809 3.3846034103197 0 875
78.629222565484 3.10726210224577 0 875
67.275306964349 3.28870233485562 0 876
67.4855510165006 3.23223895436067 0 876
67.5432101909451 3.44450223434917 0 876
82.0503961925968 3.09493546141238 0 876
63.6520400164517 3.01851649986606 0 877
63.7495978516661 3.07202144153125 0 877
67.3764574311215 3.01109273652709 0 877
72.9732002955285 3.28758937693628 0 877
88.0218240443889 2.99802293104604 1 877
67.2858733287239 3.20111279035722 0 878
6.97405679253685 3.29666342403405 0 879
64.105509000418 5.81541396169128 0 879
67.2968933667224 3.40111825340297 0 879
67.5467448417915 3.98446540344142 0 879
64.1354303305221 3.02968752213621 2 879
67.3622310132387 3.08521657895971 0 880
67.493841248786 4.54713288530617 0 880
68.1365623550194 3.15028214879048 0 880
87.0259989026003 3.01911619702618 0 880
67.5065487670837 3.41879527490237 0 881
87.4585760817714 3.01175069077966 0 881
71.5491222075633 3.71258750404429 0 882
67.2957592718779 3.05755805748023 0 882
88.0633120784109 3.2843613477122 0 882
0.236566283921814 3.48452619848921 0 883
73.2154297242301 3.01282764128448 0 883
67.3276267470252 2.99742423316465 0 883
68.6627609337369 3.22263841839797 0 884
84.0848428542885 3.43881588619784 0 884
85.0976962010737 3.67216712579243 0 884
87.0593297283656 3.22784404425398 0 884
67.3312479640437 3.1540502714227 0 885
63.7823130713851 3.36944328416091 0 886
86.9931035843489 3.22989272619003 0 886
64.6808869049517 3.14698788183038 0 886
67.2713984336145 3.58103517309986 0 886
68.0697432547372 3.00139527728083 0 887
71.1036585798286 3.13014412208155 0 887
67.2933367857933 3.00507341283613 0 888
85.1631789194064 3.15816670386825 0 889
63.9970871716702 3.09036551116249 0 890
67.2998157257959 3.3253784965074 0 890
83.7514154572555 3.14338707805557 0 890
67.2614155173682 3.14370495111842 0 891
87.096566748382 3.16773348373096 0 891
64.6265533347884 3.29814555134946 0 892
63.7699626863524 3.0878572490168 0 892
88.1406992547952 3.53782365047252 1 892
67.2661149216301 3.11424916927741 0 893
67.6949849878638 3.10791532176799 0 894
72.2814650468745 3.05421904486979 0 894
86.5727985822019 3.00058630470565 0 894
73.4893416728467 3.06676208936973 0 895
70.2471397073795 3.55621753318618 0 896
86.7956483489847 3.00652011509885 0 896
78.6702932178418 3.43690070284683 0 897
82.8154779082574 4.59294744875999 0 897
67.6446860280366 3.08076119337499 0 898
69.7276232695435 3.00974066392338 0 898
67.3249660911403 3.52932312330598 0 899
83.7741802571827 3.05678659243868 0 899
69.3454008831499 2.99001651609753 0 900
69.2425120455605 3.06204242690345 0 901
87.3752738607388 3.22779834164658 1 901
67.2952247005419 3.11008989079472 0 902
73.7117252205914 3.62954976885114 0 903
67.3793652884105 3.01512008291263 0 903
67.4254799019773 3.16791323897646 0 903
67.3508929735469 3.25859999013593 0 904
69.1589114374945 3.74527639868219 0 904
79.1541799109683 3.23510162162545 0 905
80.7794786187647 3.07304925138313 0 905
67.267127670665 3.31906656364846 0 906
67.3029021677848 3.68288608676559 0 906
73.5422522387116 3.25666255914418 0 907
81.2623858366597 3.03361593448938 0 908
68.4325103417628 3.10186277397884 0 908
67.2923751027113 3.10008207009033 0 908
76.484570432757 3.6145619157858 0 908
68.2922757369986 3.08806974337976 0 908
82.2021868159326 3.53083606807544 0 908
67.3211788279545 3.53081804362875 0 909
78.525676428577 3.3431940581807 0 910
63.7632630953321 3.18048463138743 0 910
68.2571040584471 3.33167401113282 0 910
67.9709930737177 3.3073656905394 0 910
70.8915114589417 3.45221890705275 0 911
87.2831028725187 3.00807286435648 0 911
73.8831555522406 3.26679801285879 0 912
64.6367182672304 3.01729243592068 0 913
69.0829889235628 3.88748550567758 0 913
71.0449994743886 3.26558474223257 0 914
70.5860756040676 3.92751742196059 0 915
63.6617401561372 3.15149519187161 0 916
64.2971491070027 3.08913191212733 0 916
67.3024125342564 3.22779946788602 0 916
69.9042019537637 3.05505568724753 0 916
87.1252056076461 3.27531015642913 0 916
67.8443452615247 3.33401460835965 0 917
67.3656451579963 3.16656223098418 0 917
67.4202905510838 3.01317788880039 0 917
78.4020574608716 3.19006574788668 0 917
79.0644532828547 3.17180518697058 0 917
82.1050175589412 3.21516282413548 0 917
65.1127215200914 3.27440783888529 0 918
67.4248542454563 3.74024748777193 0 918
63.8045755479105 3.16298771150818 0 919
67.3159865556825 3.10778908989717 0 919
68.2879149319069 3.35773449633233 0 919
75.3976388699557 3.24658092346573 0 920
67.2638216245469 3.55103300744254 0 920
78.8424833700061 3.01301272852425 0 920
71.3491680792369 4.22243492989458 0 920
63.8711536747431 3.18151672334177 0 921
67.2579694793678 3.17324141777653 0 922
67.2642301276992 3.59637539740891 0 922
69.3432875467306 3.91770635556075 0 922
73.7956019285262 3.74933895518314 0 922
5.06194478828322 3.2789634000952 0 923
63.7652987382776 3.07936903039453 0 923
67.3394237636977 3.34507696482353 0 923
67.3545317860149 4.8663109378878 0 924
83.6971424738732 3.13447308137475 0 926
67.2634213968541 3.11786647304088 0 926
78.0648416236092 3.06040848139907 0 926
67.5978230064801 3.18873304797682 0 927
6.82354077012324 3.02424537517862 0 928
67.2894230860206 3.12358573523431 0 929
67.5552264908691 3.31652268738284 0 929
63.6643401739027 3.03988678560179 0 930
67.2708658083218 3.17395105015577 0 931
84.8465746328114 3.21870986118113 0 931
0.243369843098001 3.27200505553134 0 933
86.2753272962425 3.10182762306609 0 933
87.8472547642805 3.18426022748136 0 934
68.5609454076617 3.2168431612771 0 935
67.3089516746845 3.19086715319018 0 935
64.4437006841592 3.3029950263995 0 936
68.1897136299584 3.07548244446556 0 936
74.8371031780397 3.40002661009341 0 936
67.9395611879237 3.15632540351011 0 937
82.6488838513001 3.0328980461912 0 937
64.6622608048558 3.29198805964746 0 939
74.0828199237527 3.05957159180171 0 939
70.6599004090984 3.10356915077706 0 939
0.024287942473691 2.99833897190764 0 940
65.007069483055 3.57764577427107 0 940
68.7622911778673 3.5259634918373 0 940
67.2947459351512 3.05759819379122 0 941
69.0340836692799 3.06591019810426 0 942
67.2751620424903 3.08372151417707 0 942
79.8877691245803 3.09067368302948 0 942
66.2090774357109 3.45393973332719 0 944
68.1272297805413 3.39708068615196 0 944
69.7486297980362 3.59100093943733 0 944
75.5833763777683 3.2961183579414 0 945
68.189134430922 3.41847200490278 0 945
72.1731096466473 3.17409925528557 0 945
85.9950565299142 3.26963360718937 0 945
79.1772311692335 3.11610282240098 0 946
80.5106027958315 3.55494356708743 0 946
87.8416350495342 3.7843999789808 1 946
67.3981495439846 3.07915178200016 0 947
73.9144866273606 3.52095324680133 0 947
67.3539983148292 3.01902424474844 0 947
80.8707390047081 3.30411393896993 0 947
75.508530842775 3.96450504379881 0 949
68.0860523474283 3.06853257301772 0 949
85.8350294919684 3.07429079053582 0 949
79.0038021859697 3.07551591060822 0 949
0.0910193181268649 3.92506268279788 0 950
67.3294231510502 3.85758590136484 0 950
71.1713695825694 3.31735235316938 0 951
86.5189192850023 3.21162370975771 0 951
67.3358549589174 3.02724063911807 0 952
82.946350643875 3.48265031586469 0 952
85.5250341916341 3.36384168597056 0 952
64.0902780027786 3.13000386965097 0 953
67.3867238726464 3.05685282714506 0 953
67.3498632665825 3.07575867228107 0 954
75.4583471499162 3.20109505584557 0 954
67.2554526814621 3.60664681573307 0 954
67.9269104861904 3.11875459962615 0 954
67.5487840009592 3.26941554179308 0 955
69.3107895146853 3.00078146692884 0 955
87.5105728541773 3.01254888183732 1 955
67.4560348219743 3.34153807036261 0 956
67.2834649311545 3.11313255427499 0 956
67.4879924258284 3.5146908488798 0 956
74.4160893509891 3.0917269423438 0 956
0.347722188647421 3.37104672121035 0 957
63.8149993543305 3.05207526390471 0 957
0.493863080782254 3.35762047490773 0 958
67.5030221826238 3.41010595375888 0 958
67.2695762238956 3.56215340150986 0 958
68.3957259571565 3.45053156721356 0 958
80.6388902670699 3.160244623336 0 958
87.8764474841107 3.30730066813717 1 958
66.900139137849 3.0200073619174 0 959
71.5899414998822 3.11161852756492 0 959
69.6788378839519 3.09888572685864 0 959
68.2598983779008 3.08258219571155 0 960
67.2688107026536 3.2206585313612 0 962
67.2890242977159 3.37951424200029 0 962
87.3598385134053 3.26876864076297 1 962
87.2012073693987 3.12762359591754 0 963
69.8971779485581 3.33273255982925 0 964
63.7712447198839 2.99122408272905 0 965
67.2643257335925 3.02434426108376 0 965
67.304042901331 3.0116583362709 0 965
69.7319709042305 3.02326916958227 0 965
84.5862541370999 3.1749391516626 0 965
87.0495009480657 3.05338788043571 0 965
67.289947342734 3.00342609159512 0 966
84.5003438324726 3.31200337000933 0 966
63.8571505824003 3.09783716716617 0 967
69.7636104645511 3.13022215616639 0 967
87.2695220070698 3.43008499042924 1 967
4.72588913848183 3.159793025723 0 968
63.7578389691411 3.76856787990684 0 968
78.326879488226 3.10451199939193 0 968
67.959943292212 3.45606275449621 0 968
71.5412258220285 3.00012935491318 0 968
64.7706713901947 3.65395294525662 0 969
67.2567045783304 3.02974573991295 0 969
69.4857768097195 3.09038544184878 0 969
67.2656081434392 3.15644612222215 0 969
67.2628497748321 3.68405138327103 0 969
67.3000028367902 3.44153735260209 0 969
72.0437774159058 3.00496581647927 0 970
67.3591524944281 3.30568355649171 0 970
87.1184243397528 3.06140646316415 0 970
63.7533250502426 3.42697782049176 0 971
68.055187174222 3.01507459110729 0 971
0.265357380638417 3.76763299965827 0 972
66.5486184821504 3.8435475046764 0 972
67.406610112449 3.80514826634033 0 972
64.5036236929827 3.26753198176057 0 973
75.8696685785536 3.02446914261346 0 973
67.5528577919419 3.05953031122715 0 973
68.2157670442212 3.60341668932615 0 973
70.9478470188852 3.2885121092024 0 973
79.5930952257008 3.01782504053657 0 973
87.1740185923257 3.07272342153401 0 974
67.3533624988087 3.0762050703014 0 975
75.4397374525894 3.23502817713663 0 975
67.2743302021614 3.25278654529386 0 976
67.3137130699202 3.13923463036596 0 976
87.0164437070165 3.19645122290577 0 977
64.1453337790865 3.21032870337277 0 978
82.7607151034418 3.71144171953107 0 978
67.4258680910005 3.22149467883843 0 979
67.3455088355284 3.36252029898072 0 979
64.4797366074689 3.31853167348401 0 980
68.9487481219548 3.04056330169366 0 980
0.0836961982683399 3.79028415524908 0 981
68.2546755151841 3.02756154949478 0 981
67.2879521097845 3.03503099227032 0 982
67.3284271731905 3.03548014161745 0 982
63.9034071580541 3.21631826756392 0 983
70.2892189381053 3.58775950053657 0 983
69.8010268904505 3.46058773561712 0 983
72.3507944003339 3.47115634827803 0 983
87.5950898018007 3.04712955294904 1 983
63.7587658470536 4.30914716854085 0 984
67.372447326594 3.24745522515629 0 984
67.9302756074604 3.35958482027491 0 984
71.0989280263458 3.25066917633094 0 984
87.1723001683448 3.43878556965656 0 984
64.3172799885101 3.43165672527112 0 985
63.7658547044862 3.54336560096783 0 985
68.2683056654733 3.09305730976486 0 985
84.4764149870972 3.04634572212108 0 985
84.5218992253694 3.12131533693248 0 985
84.9721592559494 3.35726618185848 0 985
85.7671523463279 3.31408196553774 2 985
68.0532725025242 3.17673956693811 0 986
80.9469887643011 3.45283383506422 0 987
63.6525490540494 3.3233348173706 0 988
74.5136049368395 3.17048772622233 0 989
80.4344993002596 3.26479428540411 0 989
87.1348305022968 3.86843113344245 0 989
87.3064769569125 3.16372690862745 1 989
87.282057114546 3.44197044541257 2 989
63.7040243690108 3.21639740550919 0 990
67.3923275839369 3.04990703402704 0 990
2.17401394142174 3.3456762299595 0 991
67.3777783617437 3.11579963144619 0 991
67.2633797745965 3.256739204996 0 992
67.2637054800161 3.02958760194634 0 992
67.3738390484513 3.1776014825851 0 992
68.7406186893318 3.60760793073377 0 992
68.7472727918818 3.29407317856287 0 992
22.5506062141387 3.60633544185618 0 993
63.7433302504912 3.00052591192943 0 993
67.0537091824125 3.05267506400748 0 993
67.2976487686637 3.44386603105748 0 993
68.2986410922168 3.02138525018821 0 993
68.5188804794148 3.04563746489721 0 993
67.5509596505258 3.87714963592701 0 993
70.2922036340742 3.23885941900449 0 993
71.6785754625387 3.5008834738732 0 993
0.0877820870468003 3.62116312716878 0 994
70.6323513961512 3.15126257883418 0 994
67.6133651790291 2.99093292489072 0 994
64.1852576949613 3.58145810561976 0 995
72.4928224487948 3.75493502508902 0 995
67.4852604251197 3.01705082383877 0 995
67.9188118376766 4.26938458110089 0 996
74.3460338029761 3.08845199607409 0 996
1.08081703369495 3.00602008205095 0 997
63.8462493468631 3.04234934983256 0 997
68.7810266606991 3.83690040357444 0 997
67.6452212673156 4.00863599710774 0 998
87.7985127074451 3.5015245292552 1 998
67.7516343598959 3.94161308943009 0 999
88.0568615323671 3.87308765869022 1 999
11.3359200681956 3.24346202191415 0 1000
68.0034498298346 3.00121859022235 0 1000
67.5623946342429 3.2275572006692 0 1000
