"ts" "magnitudes" "gen" "cat.idx"
25.0602346189875 3.05681191090398 1 3
2.24799436352401 3.06208951074883 0 4
0.183602901633749 3.34579588897438 0 5
25.040872846012 3.37872508940626 0 5
0.49351658482679 4.1442747525223 0 7
17.4284810443472 3.03289137344372 0 10
24.2891695834431 3.06039271544036 0 10
6.56310995057357 3.39109934680338 0 12
3.3750825693957 3.30680734956821 0 13
24.3528391313028 3.0018187977501 0 13
0.37244010403027 3.02529052512403 0 14
0.71397394374701 3.13902420735713 0 14
0.573478704574567 2.9966079588107 0 15
25.358248332664 3.48171294637577 1 16
25.3543189302177 3.8847017100385 1 16
25.588455228255 3.09222319512075 2 16
25.3750986748695 2.9938102259113 2 16
18.8526717765774 3.36852823933938 0 17
25.0827323031798 3.54995103045221 0 17
0.522230948281689 3.01998555286405 0 18
10.0976266618112 3.02732320788128 0 19
18.7321582219707 3.15196289072581 0 20
25.0719623598579 3.14059985026285 0 20
25.4401467422934 3.02124446657753 0 20
25.398587226498 3.50780110695637 0 23
0.032959506688641 3.09621740506447 0 24
14.1977339831189 3.65944106722569 0 24
0.457468865295021 3.51391201727618 0 25
25.9050507642418 3.47535589468228 1 25
0.0481666582092354 3.21143932939919 0 28
0.00216408803201135 3.40176595950452 0 29
0.155161702857445 3.28228324285011 0 31
5.48320379495752 3.20076247656798 0 32
0.126246571983576 3.23494499269602 0 32
1.03094770797104 3.45672620259976 0 33
25.7755784172654 3.85884406312557 1 33
0.0606128931450181 3.23689755545445 0 34
0.429791105657096 3.79412151492989 0 35
0.687798936409487 3.53435624548369 0 38
4.51307530283117 3.29320044951961 0 39
17.2370864067992 3.28884165607555 0 39
22.07480315228 3.492872508071 0 40
25.7279183167588 3.08556700742573 1 40
0.0488738233387376 3.12972949396552 0 41
4.63590368285849 3.14082035419499 0 42
25.0154439314717 3.14580199312019 0 45
25.0844706093184 3.58165140245658 2 45
6.68590812537586 3.37373822513658 0 47
24.2957221376705 3.22222342773515 0 51
0.490077365147915 3.20931556792904 0 52
4.6295693858767 3.66902893770782 0 52
0.0401199825042734 3.46841977625941 0 53
23.15690634152 3.64879107261965 0 53
7.97011045700127 3.03188594778786 0 55
25.3467837713283 3.0932886275223 1 56
24.0632532554518 3.46717698647166 0 57
0.785849183961404 3.16301610969137 0 61
1.32014550374735 3.07180654407032 0 61
9.98423576946684 3.16570770167337 0 61
1.47322830987903 3.61314703822622 0 63
0.00156304161442576 3.40571563971823 0 65
0.293010814443737 3.31078863548896 0 65
1.93331157824061 3.45278566703303 0 65
0.815238347717713 3.52591784509419 0 66
0.522118484474205 4.0710462678841 0 68
1.11291741411205 3.34674032125993 0 69
1.09929462837839 3.25760758141642 0 69
0.0529632251562366 3.07935237518653 0 69
0.141248590757586 3.54412309269545 0 71
5.4525463575506 3.30279184131455 0 72
8.02840004189594 3.2015055638763 0 73
2.74928011890202 3.9896290902174 0 75
2.19529185702802 3.43025870302623 0 75
0.0467747386960134 3.14109936880642 0 76
25.0304574113541 3.12118664003202 0 76
20.7220207966831 3.14925123990442 0 78
23.6115888442003 2.99490386892437 0 78
0.0348094383035161 3.50270003403131 0 82
2.07429715239415 3.00307523535165 0 82
0.0444652093671654 3.1874202178578 0 83
25.0507738176949 3.00859941121299 0 84
0.674603942429567 3.09841904581528 0 86
5.98511208417442 5.2020639772478 0 86
1.07098759593341 3.53698992768885 0 86
0.0273559856945509 3.13025400660645 0 87
5.11144224725263 3.1236198636166 0 89
25.3742358684674 3.03266469019964 0 90
25.6860182108239 3.33305689846243 2 90
25.4732673481666 3.50887273963078 2 90
0.117240428108129 3.96262642225657 0 93
1.07796579719054 3.18216262681687 0 93
0.0268728590491335 3.00339564205333 0 95
24.671905664897 3.24098306524671 0 95
25.4177199735571 3.33399474159844 0 95
25.9426561905161 3.11372823824358 1 95
25.6761021141774 3.22882852133894 2 95
25.7130056287993 3.28249906463074 3 95
25.3769112547484 3.14801379289675 1 97
22.5823842555757 3.0984471037631 0 99
25.1109663560291 3.4777304469474 0 99
19.907571733607 3.0126963135399 0 101
0.0205781233767685 3.33540180269373 0 103
1.25926186778026 3.08883944411961 0 103
25.5916311709766 3.02060971909901 1 103
25.6445583239794 3.30334155179506 2 103
0.013957637408563 3.00786979149348 0 104
0.695884491922111 3.02081239792264 0 104
25.0436771559927 3.43296594074541 0 107
25.5798197430883 3.04072534588529 0 107
25.9728167787771 3.2722202017257 2 107
2.05079910121941 3.01331008493735 0 108
0.00746907377999431 3.17378279785063 0 109
0.492811350474584 3.27843914015463 0 110
1.87023155850024 3.25619491350915 0 110
12.8499531109367 3.26744028239415 0 112
0.0345554261554925 3.20749418220018 0 115
8.54598089809616 3.19288356234766 0 115
25.0167822138213 3.08602316461777 0 115
25.5492163469639 3.27675722617039 1 116
0.104968511935704 3.44644461699559 0 117
22.5190115433781 3.22999312282733 0 117
0.0434028626931018 3.12165109398203 0 118
25.0195026371062 3.34445685375177 0 118
7.86494489689525 3.51720199956376 0 119
25.573923709951 3.78688760953662 1 119
0.114609218231011 3.01821431438517 0 120
0.381155515897137 3.5542821407264 0 121
0.0521021262165248 3.27171319955571 0 122
5.50086440642901 3.69614138132265 0 122
0.0538843399737395 3.51166329259038 0 124
0.0517292800531127 3.17839217138942 0 124
2.11993834487704 3.36293287849952 0 124
1.34577989585968 3.07221673096088 0 125
2.84749027722975 3.33508466318199 0 130
25.1307575895075 3.15927194064751 1 131
6.35933173257156 3.18152030093989 0 134
11.958332661273 2.99229959899176 0 135
25.2641764553314 3.88176102462039 0 135
22.940991097144 3.12649606480646 0 136
24.2678222315146 3.29394202794555 0 137
2.15954328266552 3.31976842488995 0 140
0.0310874773417335 3.05855316378136 0 142
1.87541822789312 2.99009450443351 0 142
25.1001240828257 3.22220717512539 0 144
3.26264330627943 3.21566735148433 0 150
25.1003203420823 3.0313790542299 0 153
7.35953270580012 3.79194546305355 0 154
11.4892523500898 3.90938100457472 0 156
19.0699068636452 3.98832040644218 0 156
0.183398697464943 3.29898202091846 0 161
0.291013719923559 3.6506475597269 0 162
22.7958257397075 3.21977774111564 0 162
25.0350803752338 3.02650672248614 0 162
25.558826200347 3.3790358870486 1 162
0.0402849684166763 3.25887631859127 0 163
25.0758261849728 3.41106943244881 1 163
0.0297007786130892 4.48131053138719 0 164
2.20774758711809 3.33784535584793 0 164
15.8061855280861 3.25787003337071 0 165
9.07822667220957 3.18037716652421 0 167
25.5371917122452 3.3237742965147 0 169
25.1012445737562 2.99671435748965 0 172
24.50185592251 3.11681206159339 0 174
0.252772989411517 3.35243372511691 0 176
0.0645841661112657 3.05965656762645 0 176
25.5455148020599 3.26518853678053 0 176
17.9181705744006 3.64117970754915 0 178
25.0283045780802 3.45957584577718 0 179
25.8440783560831 3.25796438223301 1 179
25.8726880084859 3.92732091141505 0 180
25.9015232619423 3.06186021272629 2 180
0.0922563322726849 3.4710419763259 0 181
3.10162825319441 3.05043551754339 0 181
25.0221318889938 3.49961269504964 0 181
0.114773655043645 3.09538992883698 0 182
25.8868502938744 4.00803571310709 1 183
1.43457848613308 3.10574993250282 0 184
0.381156722103678 3.33293508371199 0 184
25.4146551551381 3.15296032998911 0 187
25.3584506621484 3.34122024069321 0 187
22.6640526900034 3.19537177292505 0 188
19.5537757909541 3.19569346373298 0 189
23.1858780999177 3.00280069292011 0 189
0.0674716664238548 3.6680276447073 0 190
10.498998086835 3.30974400649491 0 190
25.1170921850226 3.18758849576327 0 190
25.2240708373427 3.75141744932584 0 193
0.454784683711854 3.38426844186434 0 195
25.8984120571141 3.01175828774806 0 197
10.1091425759838 3.05281330928144 0 198
25.0575843019112 3.15662704668825 0 198
0.362222514692992 3.2047253569153 0 200
0.0613412158747499 3.05584632404389 0 201
25.0302014982863 3.13287189484862 0 204
0.151666589241362 3.08991478478917 0 206
25.1429527764098 3.08341710771513 0 206
0.600330893903594 4.53300521892054 0 209
14.1984383600459 3.54798432137217 0 209
25.0239654774581 3.93074095731713 0 212
25.0789885164755 3.01703289000137 2 212
0.758795963470151 3.29595284956696 0 213
0.639996421403192 3.0280904565152 0 213
0.0647753583105835 3.07699637423163 0 213
25.5841939616735 2.99649427968681 0 213
0.0368434643556321 3.28517336246778 0 215
20.4880153442199 3.0603992756373 0 215
3.94395147002614 3.00854260893234 0 216
0.175480602584071 3.4519624208717 0 216
0.0220215512122047 3.26511591408603 0 217
5.24784399262911 3.23272234032506 0 217
23.3657068149941 3.02068404061891 0 217
0.0105108659558964 4.84186232508366 0 218
22.7001849725224 3.66455600552924 0 218
25.1423184413264 3.3329621529372 0 220
25.975431230481 3.44468022538157 2 220
25.9342052790976 3.00672651626656 2 220
0.0139173382242845 3.16800876281565 0 223
24.2728669704262 3.12263747223951 0 224
25.9827709811829 3.29465348400713 1 224
25.334495431263 3.34285357367747 0 226
5.44740530389817 3.07684351226634 0 227
25.513106256304 3.06182658720826 0 227
3.65768919626953 3.28110216062017 0 229
0.135419361101995 3.12572563087717 0 230
25.9522157275673 3.3792684552476 1 230
25.0602990720925 3.06268426456837 0 231
25.7357347060873 3.50114896577146 2 231
25.8805202628508 3.13681315537938 3 231
23.9256099090836 3.06535406891027 0 239
25.0706569960886 3.28271300425942 0 241
5.29426343862686 3.03391314365837 0 243
25.7875232435983 3.66472042081523 0 243
25.5115868401803 3.29003094212278 1 243
25.8129391056439 3.0843849242211 2 243
0.938939087062147 3.42531171800391 0 247
9.69120679089348 3.41647412704815 0 248
0.348690606591525 3.17685022063236 0 248
19.3490455900359 3.02383000550122 0 253
25.0227492346052 4.0413484001132 1 254
0.0446994848358349 3.45477329828031 0 255
0.616801345488773 3.0784763556362 0 258
0.127840997564588 2.99782273344575 0 260
0.420319648038304 3.03903467747989 0 260
22.7378988805226 3.06997890307621 0 262
0.361306356749308 3.13201214756512 0 263
25.0691321658992 3.15592643001641 1 263
0.344273737914072 3.08732064302464 0 264
0.0221657286769048 3.48192120346886 0 265
25.2763756605899 3.17034412006219 0 265
0.0182247189109832 3.23319176738354 0 268
1.78168546547244 3.06518709222843 0 268
1.1655986291693 3.46991164360403 0 269
25.2089946817355 3.08013954807257 0 271
25.0290148976814 3.51596305820668 1 271
25.3685792377497 3.0278137554154 2 271
0.0308735236196352 3.18978580196875 0 272
25.8600377407485 3.06004552049784 0 273
0.641467263326592 3.06758254464775 0 274
1.11263702223045 3.13593882556858 0 277
0.622256487722278 3.90811827017992 0 279
25.7101477879914 3.37150193675549 0 280
2.13420961398261 3.04073842841783 0 283
1.32446187960376 3.18753692266056 0 284
25.0243123072306 3.63214311632846 0 285
25.0461776060144 4.00744305558167 2 285
0.238079139867907 3.14261248738661 0 286
4.03679921191589 3.28040274095289 0 286
22.5746777148586 3.07465193343887 0 287
25.3734447233469 4.69193509080983 1 288
25.3742209432827 3.55057434608866 2 288
25.4191384069111 3.72586400505134 2 288
25.5297967235556 3.40176392541478 2 288
25.4146274230751 4.78049937513416 2 288
25.7957007883846 3.20321298528898 2 288
25.5782273193838 3.08231565690585 2 288
25.3919528143046 3.54423375194405 2 288
25.3829194725676 3.0038535417086 2 288
25.3839516696902 4.35371712439006 2 288
25.3781099108319 3.22350751493696 3 288
25.7198923006525 3.23476258364334 3 288
25.4677073641574 3.17099310299889 3 288
25.4288180144464 3.72719482884267 3 288
25.5718778882892 3.38604229825762 3 288
25.5506377308387 3.45733141339447 3 288
25.4734037090238 3.31609064218517 4 288
25.7837120850347 3.24970005496579 4 288
25.642944570319 3.28238250675085 4 288
25.6619285906461 3.22534745044289 5 288
25.9085368901166 3.09834310236636 5 288
0.210878765311893 3.30600754239544 0 291
25.738352865595 4.06139503133681 1 293
25.7491923365883 3.65135632214954 2 293
25.7552465683537 3.3860483493262 2 293
0.530707321433109 3.67127535954428 0 296
25.2186783019127 3.1770982390063 0 296
1.1322372173927 3.02731657695362 0 297
25.046699558405 3.37179447757896 0 299
4.27250859738161 3.00810945810216 0 302
0.286107068178368 3.17118572749321 0 302
11.0564097920563 3.2952682005299 0 304
14.1605853690265 3.03932969147247 0 304
23.9049719158201 3.24953948431 0 305
25.013487642031 3.2579349719062 0 305
10.2350384087493 3.10806249727998 0 307
22.5599918066004 3.34201785351304 0 307
25.063455010545 3.83028300854448 0 308
0.0271137547150384 3.1155763298075 0 310
0.137861535246935 3.09649120423101 0 311
0.129821224457678 3.09872844077477 0 314
11.4024629724041 3.08087971679235 0 314
3.76962019447382 3.09722552835111 0 315
10.4042558397714 3.02857350823245 0 319
25.6656521397655 3.27876035860538 0 320
18.0689075599897 3.12107970366261 0 321
22.5804289205464 3.01798254661292 0 321
25.6125039971989 3.34176423394702 1 321
25.6131963476625 3.00521453106882 2 321
0.000378363918377761 2.9986561541802 0 322
1.59130507607073 3.94086907611574 0 323
0.414654040611778 3.17238555376473 0 324
6.46465395619607 3.12135178437294 0 324
0.34476326400684 3.11500565180929 0 325
21.0719823216991 3.14548922970613 0 325
1.99444170726875 3.00453767892132 0 326
0.00484998571467089 3.18676542682839 0 326
0.0101090392385759 4.03513591315645 0 327
0.316911174084212 3.57800006641143 0 327
0.30596857235232 3.05867127989465 0 330
0.000161630536594805 4.00126800023883 0 330
0.0902610354291155 3.031349725581 0 331
7.33650768460327 3.43159735402706 0 332
11.4516339745121 3.47979517338692 0 336
25.0800091476735 3.02299216942019 1 337
0.803693288865643 3.37647289822436 0 339
20.4007791065115 4.10920638524683 0 339
1.85087295842851 3.23950817984494 0 341
7.90029957730767 3.01984981686199 0 342
0.949895825381153 3.06677550514135 0 342
25.0255005571538 4.35370439918173 0 343
25.5424394520183 3.4051589902469 2 343
25.0366157698553 3.33449686940592 0 344
0.000280015317118789 3.02514585282306 0 346
0.0409874793031704 3.02134820379103 0 346
14.4545275412287 3.1531340010179 0 346
25.2468115798553 3.1357903558011 0 347
0.102998507145473 3.34892572316272 0 349
22.6150054047982 3.02048561311777 0 351
0.0682684955001058 3.63111720859468 0 354
25.8640950360891 3.39704352538647 1 354
0.0776107261675665 3.35556998483255 2 354
0.020173179800654 3.33011158641998 0 355
25.2468277052772 3.24888038526935 0 357
25.5564167917796 3.27197447768624 1 357
25.3859763465911 4.12213749446748 1 357
25.4096187565926 3.41068522513797 2 357
25.4460093614806 3.33050124787954 2 357
0.556782932850122 3.13634530662273 0 358
19.9632215407164 3.2020642023566 0 359
25.158843862369 3.28580938329767 0 360
14.1832153765117 3.11073739553165 0 361
25.3770163109353 3.16761460854529 0 361
0.00613004235981866 2.99160883708402 0 362
25.0548496534397 3.09280390823095 0 366
0.0162202812645635 3.08428778796053 0 367
0.0533692888695508 3.07891676641567 0 367
0.0659932552570499 3.16879709741112 0 368
0.317230853443288 3.19124908519878 0 370
10.0207774826374 3.00970252432534 0 370
0.0417341190779683 3.59515464495773 0 371
25.0843866951755 3.03701602345764 0 371
0.0874667496683956 3.35518170513234 0 372
0.692454368964718 3.04795876535604 0 374
2.12872317101972 3.13423825156123 0 374
25.6040844643846 3.02782300440388 0 374
0.800503264882785 3.16682581965766 0 378
25.2954786373907 3.10717769409691 0 378
25.9738892027267 3.07591567468237 1 378
3.14561477022189 3.19017022720665 0 379
0.515840798870368 3.7311997045096 0 380
1.56996624020954 3.25414425081364 0 380
0.0406829690417247 3.14786803964188 0 380
22.9333626615482 3.20064862707455 0 380
25.0471023736546 3.07474689047346 0 380
25.0495562230703 3.54123604960292 2 380
4.55620063665704 3.08856867102352 0 381
2.84501291245842 3.56973906748945 0 381
25.4306034941443 3.62828628646425 0 381
24.2703396943755 3.22964353921868 0 382
3.85684880091645 2.99757899700362 0 384
25.2865526195705 3.15018711553605 1 386
1.03781441595754 3.09073951946567 0 392
21.1809145266794 3.66587948417168 0 392
25.3282180764156 3.06961813097748 0 392
25.0335817226272 3.04713485494301 0 392
0.243727751065837 3.0077367559233 0 393
4.53341984447785 3.27144582763891 0 395
15.9874137990974 3.26200851903037 0 396
0.0297463265376457 3.41166620077623 0 398
14.484337363459 3.64697477469033 0 398
0.238909911577214 3.6479525247284 0 399
1.07274969720499 3.11880999220314 0 399
0.309248968136105 3.09274095616205 0 400
0.0091613647937161 3.43881481159011 0 400
5.20038710584636 3.37188938843656 0 400
24.6332463191345 3.24050054541722 0 401
3.59646674401113 4.30906211608066 0 403
0.64892879745415 3.40696577000562 0 403
25.0187749497599 3.15047911193604 0 406
4.32910180023442 3.1067925010494 0 410
22.577768175351 3.04766744766343 0 412
25.0137786364194 4.2799534423687 0 412
25.1523909949697 3.25353164898255 2 412
25.101214081152 3.39455822582356 2 412
1.50150993824558 3.2018568004891 0 413
0.0396960927340226 3.8306647508986 0 415
0.060433824423439 3.15078040231042 0 415
2.91850945885219 3.04733737319493 0 416
25.660601480547 3.83872007105189 1 416
25.7035820743718 3.2597331961232 2 416
9.4079322144924 3.00154369801917 0 420
7.94203808962986 3.15499584365433 0 422
24.2534060459944 3.29187909103023 0 422
8.03480559322244 3.19521298819578 0 425
0.0961781589888413 3.4947969476507 0 426
21.5039474328267 3.79625340700271 0 426
19.0691430828065 3.70342088862058 0 426
25.0612096163426 3.42065399363086 0 426
0.15848484855254 3.49099164745404 0 428
4.59655228154161 3.41833567726349 0 429
22.9309709180538 3.82806351549151 0 429
0.0357328886718063 3.4678634438651 0 431
1.07665042837697 3.12215290534621 0 434
0.139436336372307 3.8548154687128 0 434
1.88540299895244 3.0940173397678 0 439
0.516236659906137 3.30496255317513 0 439
2.32457267578163 3.23266540515855 0 441
0.0118870118933401 3.01242213053742 0 441
3.90234539230058 3.10442907160724 0 441
25.0208837302957 3.25096176088059 1 441
25.2489577282945 3.39178627623864 2 441
25.4726634395176 3.01336655864691 3 441
25.951823469928 3.0025996419025 0 442
25.0226540322226 3.17389217516417 0 443
25.8766168129254 3.19732482021736 1 443
25.2648063693718 3.35906600246192 2 443
0.155464776774318 3.60656585265973 0 444
0.231030141147931 3.42270851849141 0 446
20.8407470580776 3.13669687511444 0 447
0.640212895642098 3.05607367637196 0 450
0.259664105018234 3.12077409334295 0 451
0.504671205909901 3.56607761124731 0 451
2.30953574959991 2.99284946577143 0 451
0.0129126430004046 2.99175563225085 0 452
2.33290707094476 3.60697987323685 0 452
25.1712321486249 3.27144472504612 0 456
22.5815540355818 3.17049655666822 0 457
0.01671681227175 3.20022098788184 0 458
25.1249333710517 3.01938138030838 0 460
0.0271098165215041 3.12001320244754 0 464
25.9825116595343 3.150283362155 1 464
23.5947736476796 3.7406336461064 0 465
25.0208507391623 3.53762104131915 0 465
25.1168144208996 3.19390735934219 2 465
17.7665013587126 3.05666187762739 0 466
0.00675266959738792 4.17270543117581 0 467
25.1325000756926 3.09392579094993 0 468
0.16626054033608 2.99417043021197 0 469
2.54356675358104 3.48347119272865 0 469
25.2857283620675 3.6253757009693 0 471
25.3897083556173 3.49245205299545 2 471
1.78799682519277 3.0067899112398 0 473
0.00269659869475374 3.60029019258341 0 473
0.0103827749122051 4.28607919724155 0 473
8.30408170961791 3.0117838015138 0 473
22.8866731166401 3.34004619719056 0 473
5.55227572870333 3.16680478709702 0 474
9.57219874854032 3.02408496959178 0 478
6.34963037989696 3.02346460863473 0 479
16.886215101586 3.14080715457645 0 480
25.4650504462511 3.2161748264255 1 480
0.215490177066543 4.48107600821198 0 482
25.6201168852017 3.04683083463285 1 482
0.525301194842534 3.0125971825313 0 485
17.4680176957142 3.13458879075452 0 486
3.40265686851385 3.02383232889203 0 486
23.5149871323973 3.05294914535849 0 486
11.3957229670564 3.00296285562066 0 487
0.476204123130704 3.01605533550202 0 490
22.3232968738692 3.772172897391 0 493
25.3124011682033 3.10532648570419 0 494
0.0521424896113354 3.12056302366082 0 495
0.170175145105603 3.52619179797919 0 496
25.1409378604901 3.52388414980946 0 496
25.624982824867 3.10455428204024 2 496
25.1600461578364 3.30070625311034 2 496
25.6520028397465 3.19716551378679 3 496
0.235471293664894 3.21605338884419 0 497
26.0005799939203 3.41660530220542 0 497
5.77035951426914 3.53489157645847 0 499
0.29923371813811 2.99687969520424 0 500
0.162787591487631 3.52403980948129 0 501
23.908609406807 3.16148273231658 0 503
0.0231028577643788 3.21726071537116 0 504
1.22410157964111 3.36215227628016 0 506
23.95369075525 3.4696008279586 0 506
16.1635318175068 3.23632715847403 0 507
24.0638669789769 3.47406767634945 0 507
25.1223306210833 3.06037267583908 0 507
0.109252653218266 3.86013385658749 0 508
10.2179274313204 4.34433237601817 0 508
25.2754408569631 3.19231564261337 1 508
17.0401744135101 3.13755820086704 0 509
25.6912594434429 3.05454716053361 1 509
25.9503162033043 3.04911765117857 2 509
0.238831290144443 3.8774088476028 0 511
5.66629835876342 3.13100361427215 0 511
25.0757511522711 3.15260703444365 1 511
22.5612489409861 3.13208759869153 0 513
0.725871572503204 3.03941705152391 0 514
22.6298564591469 3.11139877679737 0 514
2.16202828392206 4.05713095149982 0 515
0.128164738610469 3.4357512970237 0 516
25.0709395462744 3.62741738294956 0 517
0.0262412051309741 3.0757462692736 0 518
0.688604067599594 3.26919942233912 0 518
23.3818609138924 3.18682118243639 0 520
22.7023500511194 3.0272369825711 0 520
12.875412022551 3.90769864572363 0 522
25.2841341709432 3.1722902545093 0 522
19.0703342200857 3.00784907992153 0 523
18.0462690494363 3.38430480570323 0 523
24.5287510675934 3.17261377975472 0 523
2.5334369622186 3.1937166940281 0 526
26.0106719137725 3.16678068507254 1 526
0.00276235312338022 3.18396996872238 0 527
13.2041358609742 2.99703268427504 0 527
0.047603067866797 3.25717893414914 0 530
1.4653074886224 3.80444077999544 0 534
3.07798710176439 3.31976342055656 0 536
6.15999608619481 3.33303565525779 0 536
15.2057395294298 3.44178446874484 0 538
25.866210347423 3.06630600264017 1 539
0.0222242101606437 3.07604689907104 0 542
0.22793962192122 3.51639514770136 0 542
0.0700256268528822 3.05160689349244 0 542
1.46736119734318 3.0437675625305 0 542
0.523126913366727 3.05018901145447 0 543
25.1940577051633 3.01342073544866 0 543
10.0978267106186 3.13927058503803 0 545
24.931814432186 3.29551955785275 0 549
22.2653239482966 3.16234993363688 0 550
23.8478939275445 3.19805658733456 0 551
25.2907407026828 3.39404731210567 1 552
1.48133067084453 3.05501529412472 0 558
24.0713847213975 3.44411181518575 0 559
25.0853503089244 3.24380515899211 0 559
25.0216289467771 3.05855323709826 0 560
25.4189257253495 3.16696424940176 0 561
25.6915360407699 3.49901244079718 0 562
0.00479618066024843 3.10275911905101 0 563
6.11739032075393 3.04207235550049 0 563
25.0273175146704 3.6104209877521 0 564
25.1658149279381 3.15200664380226 2 564
22.5573191211267 3.33461187364064 0 565
3.61677922479838 3.59591545814328 0 568
0.412736067910095 3.65155740861375 0 568
23.9600211809243 3.25824904986361 0 569
4.60850923503988 3.50326038325403 0 570
24.3272067056663 3.7756601428976 0 570
0.0843641330793574 3.32078595296364 0 571
0.580901763406988 3.23616141381053 0 574
1.66348347622814 3.52004860608545 0 574
0.344290881384928 3.01604371810476 0 574
8.49260717936749 3.02205560915942 0 576
25.1964888047714 3.11360575568429 0 578
22.628933145096 3.74661659418548 0 579
25.0803280787767 3.43738843509158 0 579
25.5911081885467 3.08010078660509 2 579
0.0316026587118194 3.2598456526477 0 581
25.0281549417857 4.19831879584746 0 581
25.6375192943985 3.32355830642619 2 581
25.0434245140752 3.70483279411874 2 581
25.0355065719056 3.01104661854452 2 581
25.112527376391 3.03742762527007 2 581
25.6667183400286 3.1370492572446 3 581
25.6474053608533 3.06297065697524 3 581
0.00295065091698258 3.88966898627239 0 583
25.1179308098114 3.0989586707518 0 583
0.245299931936464 3.23159919751252 0 585
23.0654343112008 3.06446131543583 0 585
0.617903263842074 3.3117728704378 0 586
0.378444606383538 3.15205400894826 0 586
24.2498153276421 3.28610633586002 0 587
14.6972599773877 3.15019244373627 0 591
25.0888464793583 3.04868689662115 0 591
1.0009363131629 3.25946830836006 0 592
0.0109273222859518 3.57178194865216 0 595
0.297197256094207 3.10488485434888 0 596
25.6581280028072 3.40302981817075 1 596
25.5195696099285 3.50031111835061 1 596
25.2153324836984 3.00887619632391 0 600
5.43525175198487 2.99825424045971 0 605
7.43911562557512 3.82546231401621 0 607
20.425122434558 3.51011424145437 0 609
25.7376658114694 3.06066686235446 1 609
0.0917465688881199 3.42136897405437 0 612
5.00797077911639 3.07689652099645 0 612
25.6474762551111 2.99157466134728 1 612
1.58110671809101 3.00533669294238 0 615
13.6767419458922 3.00013896854865 0 615
25.0464104565072 3.55901891769172 0 616
8.17663372550721 3.69122631642175 0 619
22.6844215754355 3.42330492820649 0 619
25.2845789810454 3.01972493509729 0 619
1.42187329132265 3.32743199683187 0 621
22.5579370161506 3.00042171077623 0 621
22.6179989350632 3.22983728810584 0 622
22.5995046329701 3.10613404337653 0 623
25.3010258087175 3.57958816395109 0 624
25.328959562794 3.13236182533518 0 624
25.593643230668 3.10387567846694 2 624
0.149663650906634 3.28760598624547 0 625
25.3772139159586 3.08669119177271 0 625
25.0869624648799 3.6140774770456 1 626
0.303559152622496 3.38142735642088 0 627
0.0454316954824376 3.02575780254145 0 627
25.054700815627 3.55188266799566 0 627
25.2193537641292 3.02198425644279 2 627
25.033950995027 3.0113551557165 0 628
17.4952804265685 3.0033999401813 0 629
25.545972479656 3.00535188999221 1 630
0.250143717931217 3.83302629321218 0 631
21.9865728230138 3.63850184627884 0 631
0.0348269159580512 3.14669375651342 0 632
25.0281154482466 3.12388298153184 0 632
0.108244851962912 3.20935115859175 0 634
25.1189898570113 3.74154508918154 0 636
0.764030337958225 3.28900536000576 0 637
0.262688188781867 3.270960556055 0 637
0.145665633115775 3.19707732551398 0 637
1.37624102297705 3.35799424783518 0 637
24.9581769322286 3.06202161020354 0 637
17.7075689677748 3.16318826354667 0 638
0.0752342902177795 3.17268432167795 0 641
25.6349377014298 3.31754232543827 1 642
5.62154695676348 3.89106728148643 0 643
23.1826796920409 3.02499775950325 0 643
25.186856824005 3.16116304424179 0 644
25.366797479944 3.00058879043929 2 644
25.4247434762034 3.25135303160645 3 644
0.379073576313214 3.75293443295527 0 645
1.70674380436286 3.08540751936369 0 645
0.345119059976721 3.08348712362353 0 646
0.195974897149898 3.03618400469503 0 647
14.6812107785174 2.99721492078136 0 648
25.0352573194199 3.07576659702078 0 651
22.5630856769252 3.36947946895538 0 653
25.6192615457434 3.04970821538302 1 653
17.2548787313479 3.13860580897292 0 654
22.8101072815677 3.1614523286736 0 654
25.9454933345873 3.77519816991117 1 654
2.21251777014522 3.06174972763063 0 655
4.61108026152424 3.862353772576 0 655
24.8187884085508 3.28083613234174 0 655
0.0472324243956273 3.43951743023767 0 656
23.7138080164528 3.18656511291837 0 656
4.05700271516652 3.18231832511641 0 657
22.5988163092174 3.00146563790589 0 657
12.1561997193734 3.26780457144893 0 658
0.129531755556893 3.0138168499293 0 661
0.410677736220073 3.43479257484389 0 662
25.1797753089926 2.99653857315814 0 663
25.069293501511 3.11312723743586 0 665
25.6831041284927 3.63381041854752 1 666
0.0535566922512279 2.99337307550707 0 671
0.630901337977819 3.27864635891482 0 671
10.5208897870779 3.44484719464083 0 672
25.7233010005761 3.03576577493384 1 673
22.573253371504 3.0777722917605 0 675
0.148995746024409 3.88254214174194 0 676
1.96422510873399 3.76599617242984 0 677
1.45433096809295 3.37321905205697 0 678
21.9537662384286 3.32180037433464 0 678
10.6778904863314 3.99249291534265 0 678
21.0759564072836 3.27270016025752 0 678
0.0781427273988995 3.07491917596593 0 680
22.5602417863167 2.99351876818675 0 680
25.1846433722072 3.53688669646185 0 681
25.1995156937497 3.23135203349264 2 681
0.482294503566287 4.40829271452014 0 685
22.6045188633308 3.23410485978614 0 685
25.2068028798417 3.06449599751422 1 688
25.5898985848214 4.14575484850659 0 695
26.0093367759128 3.28056335951373 2 695
0.249844761121803 3.0553359313808 0 697
0.0210367276927746 3.28960894689547 0 698
7.95239953778031 3.31239385616208 0 699
25.0992284676335 3.41107062763559 0 699
25.5343463489 3.05395173609736 0 700
0.0563932749271234 3.04048526891301 0 701
25.0381717748564 3.18472346082085 1 701
4.3231382261836 3.16211781094413 0 702
10.2150605277143 3.65717250395418 0 702
2.1881067027065 3.1222855745627 0 702
1.48877122370976 3.74867092902725 0 703
2.44169439894256 3.08957249594899 0 704
25.2265539014395 3.55952361552948 0 704
25.054491034915 3.18832544626465 0 705
25.0979301279297 3.24584908816831 0 705
25.1083819347145 3.38533656030891 2 705
0.806775614147406 3.0078762853323 0 707
2.1694711659364 3.05324958122608 0 707
22.5676036936185 3.16429847163641 0 708
25.0250465262423 3.14900982126402 0 708
25.482506915015 3.92958811983858 0 708
25.6162368050193 3.2346037777067 2 708
25.6399907336526 3.08503473943848 2 708
0.211298817691503 3.12129372781158 0 709
0.0762476577207199 3.3729397409968 0 710
22.6014684516498 3.68421246475846 0 711
25.1603160243171 3.13186558316311 0 712
25.0264408610851 2.99324784296688 1 714
25.0176748501084 3.06597315042904 0 715
25.0144162889603 3.08274374054444 0 715
25.5448036828634 3.01095652465942 1 717
25.0450194268308 3.27433750252207 0 722
25.960008968515 3.00322867158222 1 722
2.17875224126371 3.2332659795451 0 726
0.0201072631557357 3.05410002418929 0 727
25.7687098539058 3.21716607743881 1 729
22.5504767519906 3.12011118701046 0 732
2.21267305762167 3.17681157868356 0 734
4.55584061515123 3.64241417461839 0 736
23.8731862755188 3.43276410475216 0 736
25.074609019473 3.80151935450481 0 736
25.4338371369288 3.29165279930386 0 737
25.4431203838712 3.16157944624442 2 737
5.14056931364793 3.70905230220799 0 738
14.87762782201 3.02366523953622 0 738
24.3470414797321 3.57025137408612 0 738
10.3659651169401 3.25159054263745 0 739
0.0411860330562912 3.49165638640626 0 740
25.041242350889 3.3035278712646 0 742
1.10605813439524 3.01059854696763 0 744
0.301414833174821 4.61262028334513 0 746
26.009994141955 3.2447782449094 0 746
0.0667992806105984 3.38948523630373 0 747
1.94132278832939 3.64247762828116 0 747
23.9502090630313 3.26661694555103 0 747
25.8289564327892 3.48195737276486 1 748
22.7820577461659 3.18471463416199 0 749
25.0580781980613 3.09715509201029 0 749
3.70972276292545 3.07476138290341 0 750
0.287783409453404 3.34116360974431 0 750
2.35970648723462 3.21934424184341 0 750
22.8078566493177 3.03364113501434 0 754
2.91663819755653 3.04789849132847 0 755
25.4196377066356 3.07706494402092 0 756
0.00452849999694365 2.99301573890632 0 757
1.37238048333904 3.07718854087603 0 761
0.691803076667944 3.08182850703961 0 761
25.949937972718 4.21491495647011 0 761
25.9684313751143 3.15083106944793 2 761
25.9636176628882 3.13480214871187 2 761
25.9713259002892 3.52215884967503 3 761
0.00142824422525535 3.0601722366541 0 762
25.094231559578 3.52115713410784 1 764
1.58737251967297 3.28335280699665 0 765
25.7013341625539 3.07368988334349 0 766
25.447147753704 3.0531359734088 1 767
2.14510084061199 3.07525023467509 0 768
22.7771913906683 3.05753165990944 0 768
0.0197292827238779 3.16152892469502 0 769
0.777849150813867 3.29297589954622 0 769
2.57142276172116 3.01741430937401 0 774
14.1669211258391 3.0631956764109 0 774
25.2828355475215 3.12360019823827 0 774
23.3050604105985 3.51609214399717 0 775
22.7749929562774 3.25214162402295 0 778
25.1500815154295 3.30484117612574 0 781
0.226191544123187 3.44740163091558 0 782
25.2572919420266 3.2460625044596 0 782
8.00543535622321 3.36104110855692 0 783
25.1353781540275 3.3129574205085 0 784
25.1389503864046 3.43509732172062 2 784
25.1393132212411 3.16674345538309 3 784
22.8193235010828 3.54571309627276 0 786
25.1426765466199 3.22378062914424 1 787
7.41508012107554 3.11581257369815 0 789
0.349715570674984 3.01026388179372 0 790
25.208936270126 3.19878786365263 0 790
0.176526489231534 3.3656454885175 0 791
25.0475883418918 3.00921751985458 0 791
1.24208710197346 3.2800995700867 0 792
1.2044796796917 3.12903650406985 0 794
14.7780250600923 3.11250962976903 0 794
25.8604988762267 3.03561823888677 1 794
0.159733832156506 3.19473087045074 0 796
25.4347983419281 3.28507980462957 0 796
2.12062077924112 3.36125295850387 0 798
0.287558136510226 3.07053302044819 0 799
4.68853909124477 3.00036154101742 0 801
14.7021915952975 3.45686526744167 0 801
21.1085496578208 3.02420288343379 0 801
2.33008274297725 3.14317763410579 0 802
22.609735193335 3.36277835468775 0 802
0.152530040856398 3.0064823847491 0 803
25.4835323267295 3.4781592713983 0 805
0.100033722224609 3.23291140621429 0 807
0.256580283479166 3.41497534980041 0 809
7.84323861677844 3.37022980872979 0 809
17.0717673604875 3.20423317415248 0 810
5.45306924195478 3.34104772510078 0 811
9.58599913319071 3.02734716534709 0 811
0.0944371160187471 3.03997579610762 0 812
22.6024649165491 3.28330725496685 0 812
23.0701631729888 3.00516011310897 0 813
3.13050688257273 3.14518005730573 0 816
22.5653189015488 3.04688966502631 0 816
24.2727460557112 3.10183375669192 0 816
0.984358976484068 3.25225558326061 0 817
0.253934808730004 3.27387846133972 0 818
25.2775972989845 3.20135255255055 0 818
0.856803391103449 3.42076673443328 0 819
9.13439899176553 3.08918184483319 0 819
0.120132909752551 3.317019940351 0 820
25.8465775241172 3.20667090300937 0 821
22.5728340123611 3.2454659485257 0 821
0.020361491679811 3.20463100547782 0 823
5.22226672182406 3.67975042398064 0 823
25.1156491105534 3.16615746712108 1 824
1.75055230251158 3.06183706776012 0 826
0.252514538600478 3.24840580910872 0 827
25.0187857624849 3.1890936061376 0 829
2.2092119307082 2.99128807081755 0 831
2.13110113616388 3.26522517817523 0 832
25.532140777929 3.09138803138828 0 833
16.5533347803888 3.29278814436689 0 834
13.1266630880783 3.14472768653262 0 834
3.8952761849095 3.51627029061137 0 835
12.004221032141 3.07238102825023 0 837
0.0334185531022742 3.49883644408313 0 839
25.0813600874194 3.08818689622401 0 841
25.1415515922407 3.20908585015205 2 841
1.19750292539362 3.00970170077375 0 842
0.00592652439531755 3.29018245420214 0 842
0.71823227354769 3.02499378451207 0 842
14.65679406392 3.11100622374138 0 845
22.5481969084839 3.0237611310832 0 848
22.6805170099469 3.20714014106419 0 848
0.0154043197573889 3.02857511784722 0 850
7.83088022332545 3.41569147754264 0 851
24.3584682882891 3.52094899345567 0 854
25.171266114293 3.55363081673777 0 854
25.0216467475143 3.58398330962435 1 854
25.0304822451461 3.10048059257894 0 855
0.00362880871716587 3.26597836232804 0 857
0.0375698530827949 3.20956688995677 0 858
25.3164720198734 3.06793752360394 0 859
0.309443194016183 3.01441186112644 0 860
25.3002950907331 3.15421351316826 0 861
24.5592221438116 3.03098589716038 0 862
0.181697212976209 3.12297109991859 0 863
2.56589667950091 3.16740718910597 0 864
12.1574464563121 3.25786785931233 0 866
4.13762439711805 3.15061854221356 0 868
2.27323623932869 3.26209051085505 0 868
25.0208436340603 3.46340392814251 0 868
25.5927020276626 3.27117543821633 2 868
22.5628234471546 3.04515324965483 0 869
3.09377772196836 3.61947967887008 0 873
24.7343568384024 3.46115457814226 0 873
0.00637963368966141 3.31105421326226 0 874
20.0356724381603 3.07602437239274 0 874
22.6767686237359 3.09640782366897 0 875
0.0449436737702408 3.19059196347941 0 876
14.1827548116142 3.36883557563598 0 877
25.0372009859527 3.25873659094458 0 877
25.0308706814583 3.86356446497166 0 878
16.2034630346198 3.13622836297403 0 879
25.0232146726729 3.15435097464444 0 881
5.11615636958748 3.30751179513322 0 883
0.299759485845717 3.31631868018697 0 884
7.45953321355957 3.37394290534111 0 884
10.6271979692293 3.0209423660776 0 884
25.1019677897996 3.45600618854518 0 885
0.624787065423378 3.10629431125136 0 886
0.109887257593632 3.38686688866982 0 887
1.33999653366582 3.13421724657017 0 887
1.59659578691837 3.34507473562598 0 888
22.5614332461806 3.10328123470656 0 889
25.0865483446519 3.06731628674438 0 894
3.54738191774537 3.1959163481924 0 896
23.8584807187418 3.29826400023434 0 897
6.84005354032367 3.4723745066632 0 898
0.243414637339556 3.42737845012957 0 900
17.4985215038582 3.30228234727859 0 900
8.44084457765527 3.15136098406043 0 900
10.5980060552028 3.32577460655171 0 903
20.4719722875542 3.40303802299922 0 903
25.7232248009272 3.54399876705677 1 903
0.00582134655721287 3.21989932205874 0 904
0.073489083265117 3.04087521991285 0 905
24.4070114146449 3.12695117680534 0 908
25.024632549154 3.02023620663672 0 909
0.0436185549188883 3.0009577473245 0 910
14.232384483664 3.0656362338765 0 910
25.1482377898969 3.00737007783136 1 910
10.713541466634 3.13057420486997 0 912
0.00129763436762607 5.01473809621616 0 914
13.9651144393405 3.20328565537178 0 914
25.6882261516204 3.04359455461882 0 915
0.437033507929191 3.82334185210987 0 916
25.4024221438987 3.1769135971912 0 916
0.230166713631066 3.35923206203332 0 917
5.10316723158538 3.2054352622637 0 918
1.24985668718073 4.02799473971501 0 919
14.1619701038445 3.2313615110859 0 920
25.050201983538 3.10026647842736 0 920
25.1658266001936 3.39795139471681 1 921
25.1665593304696 2.99546212870163 0 923
25.3031634347188 3.1258964887637 0 924
25.1936532996219 3.70007698687146 1 925
16.047484538847 3.2561437928409 0 927
25.7515676113867 3.09704769743436 1 928
25.9500593155712 3.14779628190818 1 928
25.4938142828091 3.34397616871605 0 930
22.5660478335332 3.33301356808493 0 931
25.0855569108139 3.80017228538995 0 932
25.0947135187584 3.87426781853237 2 932
25.6809944442697 3.01651888676128 3 932
4.70782168391877 3.41711820123611 0 935
10.3994715734598 3.19519484710855 0 936
22.5917388554549 4.30970973826162 0 936
8.00268631083489 3.15452212478521 0 937
0.416169297034321 3.99125973580045 0 939
25.9893831342083 3.3584580163578 1 939
0.0966345047298244 3.19966049496852 0 940
7.14428188149731 3.82217328085209 0 942
1.03643119633941 3.33471184124413 0 945
22.5615496653951 3.13369127743737 0 945
22.5930708548745 3.72733274964467 0 945
25.7648339259062 3.07380479335689 1 945
0.469612196249236 3.3484183777363 0 946
4.33539780050778 3.21120193303946 0 948
0.117336080836513 3.17924480006545 0 951
1.45574113334611 3.09683625714271 0 951
25.1513025773031 3.21265347359727 0 952
25.529238686347 3.48828225671821 1 953
1.40556021615679 3.13056962407806 0 954
1.33122748856403 3.66476942801759 0 954
24.3214072482002 3.66090268704052 0 954
24.8866307784945 3.0403797642525 2 954
24.9192974222074 3.64414521286121 3 954
5.46655193557786 3.26545274632828 0 955
0.170937261532049 3.21209451200754 0 958
0.345858404708873 3.02221470314738 0 960
22.7795364499428 3.28756233632773 0 960
2.12665488962321 3.67931478990094 0 963
8.92982521601456 3.09494200492977 0 963
0.0833161706859731 3.17726488879168 0 966
25.05244018531 3.10247896956417 0 966
25.3923476587908 3.25596182781261 0 966
0.451439998774511 3.39933946797852 0 968
0.564514742504847 3.24651851957463 0 969
4.09389665968338 3.11705103217357 0 971
22.5750653926862 3.09653019079958 0 972
0.306687269085377 3.05377927067217 0 973
0.102841850446325 3.63208251596583 0 973
23.9555987346491 3.36967432045282 0 974
22.6814941866746 3.35673039098673 0 975
0.0990628085856904 3.29053577652874 0 976
2.30629410374947 3.13840382221514 0 976
21.5908434182992 3.23043692184546 0 976
0.24225752868868 3.08969587754929 0 977
0.172091655616728 3.24720156684247 0 980
9.92602611056656 3.09636853656168 0 982
25.9520505291787 3.20170652264185 0 983
25.0269700793321 3.03007381074452 0 988
22.6425697169412 3.17465805297263 0 990
22.5918694928451 3.03342260109538 0 990
24.2519981127299 3.05826459146273 0 991
25.6629267001149 3.29313867233453 1 992
25.6767728539318 3.20744895097005 2 992
0.170157930861297 3.02841512501669 0 993
0.124743398567442 3.48051483190292 0 996
22.7636237682357 3.08293525733443 0 997
25.4122523386041 3.01152808901822 0 997
0.0445197138235962 3.24252231729187 0 998
7.4717065599941 3.1330422160334 0 998
