"ts" "magnitudes" "gen" "cat.idx"
67.3832359066058 3.32920994342268 0 1
74.2946665701509 3.05373092884063 0 2
81.0631197727419 3.29094839469279 0 2
117.196145021698 3.10625961498141 0 3
72.5943746779391 3.55500394144009 0 4
77.1325641854395 3.2823670131839 0 4
86.705778329159 3.43696742608013 0 4
69.1623981304737 3.07015057567767 0 6
67.7156912109106 3.49367168096496 0 6
67.2550812542802 3.03943715557828 0 9
118.634780946867 3.04260327155205 1 10
69.9907683980365 3.43046226408755 0 11
67.339351720738 3.24624328276458 0 11
105.246433897689 3.1449296085672 0 11
0.637801286490963 4.34088471268074 0 12
67.2936084678887 3.41288836100089 0 12
112.163036173313 3.01776753494023 0 12
116.886808969729 3.24140276871899 0 13
63.7473540318248 3.10965197829756 0 15
63.8921241323691 4.74339158685856 0 17
99.5429791650396 3.25261097093912 0 19
67.2594022343532 3.04593354044636 0 21
98.0632660409878 3.40923926944397 0 21
77.6361467761111 3.11452135361553 0 21
93.2362449537806 4.08510998496042 0 21
98.1168145931218 3.17403266793092 0 23
118.858227067154 3.16098278523266 0 23
67.2913254981537 3.13502402869937 0 26
63.7736079569694 3.07345780564067 0 28
78.9872329438061 3.14264891831562 0 28
4.61032954428349 3.71491715060055 0 29
70.1544515421026 3.04738057814394 0 29
68.8770128939142 3.15296457706791 0 29
67.5127911284132 3.07140192896177 0 29
98.8791103273316 3.2910450512199 0 30
97.8479867071823 3.04496183163059 0 30
63.8495414093262 3.20086675593274 0 31
112.913123281221 3.19087780959063 0 31
89.7303245905062 3.08655102756871 0 35
72.3373442645232 3.39909232062157 0 36
67.3606598591503 3.07561323892136 0 37
111.714503973129 3.31653159400141 0 37
118.966363690309 3.48972449486868 1 39
68.466289037695 4.12465700982647 0 42
67.2814679919938 3.50789795253204 0 42
71.0335499133484 3.10997655118706 0 42
3.34392886593275 3.61323606070607 0 45
94.6598822515522 3.07131115657093 0 47
73.592582919275 3.22005210904082 0 47
118.427143511809 3.3723986906973 1 48
68.1353033131855 3.15716447428403 0 49
71.4923323758389 3.01291923544459 0 50
68.8242533865386 3.36404883077444 0 51
97.609973183364 3.04944560103671 0 51
96.9406444717734 3.15981514788802 0 52
67.3024982486328 3.23856238961637 0 53
63.7735607558825 3.43513491117796 0 54
67.2688311699174 3.22323133768292 0 54
117.435787572871 3.53630093984043 0 54
80.9720557912553 4.15879946542391 0 58
95.5054527441719 2.99764543228665 0 59
97.6671116921863 3.10686159814481 0 59
68.6962973357161 3.0290137052178 0 63
99.5462467844204 3.02351123218641 0 63
67.2114544637408 3.02042872367823 0 64
103.577871790597 3.33813651580619 0 64
117.435443659217 4.22028709593879 0 64
112.781875785698 3.16134865462776 0 65
119.251161338044 3.05632004938614 1 70
116.0349936727 3.16358418196724 0 71
67.2621974188056 3.06367114791767 0 73
105.556951704761 3.25688299904904 0 74
0.158282342902329 3.251336636227 0 75
65.587244825451 3.08228505770062 0 75
67.5952381387167 3.01145673970012 0 76
119.23886950219 3.29508238761354 1 76
63.8937107908712 3.16202383593747 0 77
96.3801538003906 3.06561325008634 0 77
68.7395231078992 3.30020990559785 0 78
63.9890140956981 3.55829963883728 0 82
119.176016338383 3.1600251862119 1 82
63.7730071872801 3.10566899896832 0 83
29.7346173657953 3.35831395529957 0 84
67.479694409277 3.14274481077149 0 85
67.2914238478373 3.82693926797137 0 86
119.104022741997 3.80419897719868 1 87
119.222149039289 3.20388137569586 2 87
63.737554662826 3.38618466363514 0 88
70.2812277138001 3.16522543078082 0 88
69.8089024258153 3.12554014435585 0 89
67.990635915574 3.06040886091715 0 89
112.162139431564 3.28780168475129 0 89
69.4890700263766 3.43440205536527 0 90
117.455309605759 3.40346458319125 0 91
115.529362239789 3.43166205165357 0 93
67.3772698480364 3.3104944810876 0 95
106.538004334442 3.13514394607578 0 96
63.6524951509525 3.11417689984769 0 98
116.752147051944 3.16507649778379 0 98
96.634194308911 3.13566398577942 0 100
118.903378924568 3.108978537507 1 100
63.7026546699014 3.37181330184646 0 103
114.508674061697 3.27792211882691 0 103
116.842554628241 3.0282055726062 0 105
67.5696784807112 3.15808362051235 0 107
68.1517002316507 3.15662702381459 0 108
107.673356337855 3.51875014183885 0 108
68.6590985635315 3.17948891007258 0 112
114.487959505568 3.73626429565719 0 112
112.919764972875 3.61744232501107 0 114
113.618696244157 3.17772599912196 0 114
67.3373488702332 3.22216349994911 0 115
0.0312078022928192 3.01208745671517 0 116
69.3530743816597 3.12974374395481 0 116
70.5861893209961 3.39291467979737 0 119
0.897209243948968 3.26928587670081 0 120
63.7762006696772 3.57710322976087 0 121
67.432175981584 3.23457419130486 0 122
68.3485177755586 3.0310988816667 0 122
67.3491524945765 3.03241231319551 0 123
106.401155874168 4.79972214182989 0 123
0.0233221948183273 3.02304968047494 0 125
67.2881846604035 3.12295141008743 0 125
118.612471323208 3.02119579445162 1 125
118.614595307535 3.73988372312592 2 125
63.8037600564095 3.22706675173901 0 126
67.2751069905301 3.7381084117419 0 128
68.1570729068049 3.11573067568276 0 129
67.2739568233965 3.00270758408302 0 130
114.617205569677 3.04766968733983 0 131
114.789438593086 3.10280651375769 2 131
68.0357163499771 3.17580066698404 0 132
71.0835732129736 3.08581270193754 0 133
80.6025662265817 3.25733898976894 0 135
69.0670106823568 3.06041895812448 0 136
67.3948612278685 3.28835796262292 0 136
67.9748264453904 3.14902514737585 0 140
64.1716122606948 3.37352439152821 0 141
67.8308675774913 3.65713835099967 0 141
112.571853619508 3.32687571561937 0 141
63.7053342532053 3.34046008251243 0 142
105.417863778036 3.23381176694199 0 142
98.0285961301711 3.03398242143211 0 143
112.564762815246 3.11408957426039 0 144
63.8385382047461 3.04106535208304 0 145
70.0897648280437 3.10242023635899 0 145
112.295231708504 3.03152450843418 0 145
119.121199771975 4.13299867607578 1 145
67.9737580032146 3.56564202114593 0 146
112.15439767601 4.52650619494675 0 146
63.7475567758959 3.37252137715554 0 149
69.3106981543987 3.9375595484837 0 149
67.3736799558122 3.45016721846698 0 151
68.4277000847652 4.1091968189052 0 152
67.6254417152925 2.99878482959448 0 152
2.81114136114206 3.69913771851508 0 153
65.2741578009051 3.58824064243963 0 154
63.8924023283687 3.25446464903237 0 154
74.6051777644605 3.41475682906032 0 154
112.045629669145 3.01920319586877 0 154
118.835030904253 3.41080051269696 1 154
96.7184230885661 3.3705884574107 0 155
64.1468229997132 3.71521052972105 0 156
67.2574957383854 3.33859513389294 0 156
67.3949495277465 3.87715524073193 0 158
67.25408285034 3.28269309934147 0 160
69.3727342281232 3.10648661715468 0 160
113.113719517109 3.39788118559781 0 162
63.6896885333353 3.08964920224874 0 163
67.2697784118287 4.32354269733946 0 163
95.9365740601342 3.13881152455154 0 164
118.402033592089 4.17992575294565 1 164
118.452698624906 3.87491560188935 1 164
118.462277145388 3.90790410030013 2 164
67.4607141887073 3.55046848724967 0 165
111.924047024725 3.51991352301582 0 165
67.4867873012635 3.16749916971097 0 166
117.404353304143 3.00206329327692 0 166
63.746128464123 3.04451199172784 0 167
73.1778944483625 3.0473103116947 0 167
0.070986127224639 4.18837750559607 0 168
10.7459171528125 4.26320173599898 0 168
118.020142910975 3.17365001305397 0 168
67.8283431634371 3.5143733078691 0 169
67.3713479163599 3.22933848036197 0 170
116.817801033341 3.53849594792353 0 172
67.3417769454556 3.72607329785236 0 173
119.18563287517 3.44335925735064 1 173
74.4118494097324 3.15079705009985 0 175
101.251424667438 3.2071819672996 0 176
117.437067451154 3.30153491200498 0 176
67.3481491146336 3.00617965802584 0 177
63.9143657809687 3.00959111096369 0 178
109.56497251737 2.99521550137969 0 180
67.2542870085686 3.07718971716747 0 181
82.8156168697481 3.35125059684888 0 181
117.417164935971 3.34984122654032 0 181
64.7837956959219 3.19135559360961 0 183
86.3462100256214 3.02835222523242 0 183
0.259033556156712 3.55918243136153 0 184
67.5412014097788 3.10624297401265 0 187
115.058963236912 3.46603645956841 0 188
67.7626010217066 3.54082216172333 0 189
116.185577459031 3.29664234842658 0 191
118.741802457407 3.00890011566205 0 192
67.5611612129885 3.13003564719385 0 195
110.077486729303 3.11668308215631 0 195
114.881841188703 3.0014750796044 0 195
71.9016598355749 3.11476961917744 0 196
118.4648410701 3.27962356210454 1 196
64.4099822255699 3.02410723717876 0 197
107.645314962298 3.41123730514203 0 197
69.6623869175457 3.38980251431241 0 200
112.771164302784 3.43256588794807 0 201
116.009093468512 4.71485440692865 0 201
63.8269418568796 3.15344868951757 0 203
82.6639022253183 4.10761325853087 0 204
116.779092236267 3.00336500058484 0 204
67.3349861353423 3.21026978975346 0 205
112.874091049265 3.1082532749977 0 205
10.1732803400615 3.52185646045191 0 207
67.2545371311 3.04024029128034 0 207
67.2592931334452 3.01241293659471 0 208
67.2824325703243 3.01954567294381 0 209
68.6906373081445 3.07061115960874 0 209
51.6899698944511 3.1391262070811 0 210
63.8087428487639 3.24552059071718 0 210
67.8611487467562 3.12633560047892 0 213
67.4620864322191 3.80797544991439 0 213
78.5857842637093 3.10842186464693 0 215
118.094747903206 3.25975378558167 0 216
83.2929640760761 2.9986025768929 0 217
63.8011344614665 3.05391804634746 0 219
67.2637315160947 3.99115558458879 0 219
67.3290408875983 3.00731078779197 0 221
67.7006846405055 3.17546418555038 0 222
68.7712817242158 3.14221571916093 0 224
67.6227197192166 4.32415201537472 0 225
67.2544515372408 3.49154191265875 0 226
119.109612271636 3.54328521657292 1 228
119.17291519956 3.26149142204322 2 228
67.3889912362669 3.03662670631103 0 229
29.8727268121531 3.27720126390515 0 231
118.64413399713 3.06866850786622 1 233
67.2616100458097 3.2759243342847 0 234
67.3320762729631 3.25973875107118 0 235
112.852058429805 3.12904474692011 0 236
68.8551787645168 3.29014468141732 0 238
117.889571005731 3.06633591316911 0 238
68.8557329870104 3.19675879036271 0 242
68.2151948573666 3.08337786484034 0 242
97.7108254346125 3.72303299302487 0 243
75.4828607825081 3.0771997796202 0 244
70.4271581507944 3.92657614756717 0 244
73.183617862506 3.74621705207836 0 246
70.3745869917261 4.49963544409818 0 247
65.0751666960542 3.01126141874136 0 251
112.233009144293 3.0670666641638 0 252
74.2610152664069 3.17085903000599 0 255
63.8148028648279 3.27021636740821 0 256
68.6400055816531 3.38346371292758 0 256
112.193860517559 3.14563618314666 0 257
118.802016913406 2.998006800266 1 258
69.687337964336 3.4628661461708 0 259
118.968430276009 3.31840118574848 1 259
69.6980442492064 3.96796283154833 0 260
118.35833639719 3.1960312735054 0 261
114.482768644504 3.46877013339405 0 263
86.8439832591935 3.5143969855947 0 264
115.984011199941 4.12453090608601 0 268
68.6246700095138 3.20070248273613 0 269
115.997998499141 3.36670284223649 0 270
117.452302286702 3.01635588968171 0 270
63.7652214961276 3.0150326792182 0 271
72.0887960027977 3.02345077268347 0 271
95.7746021514136 3.18750542498032 0 272
119.19693714518 3.0368794599621 1 272
72.3905163177857 4.46765029967252 0 273
63.994241278768 3.07012594028585 0 274
67.9681189807646 2.99796696564495 0 274
67.6171581867537 3.21896505981469 0 274
71.5983757312289 3.06632341961798 0 274
64.0252137603689 3.13713261221411 0 276
80.5931902137202 3.76420242531191 0 276
97.3376891809905 3.32845559651501 0 277
63.9472251415643 4.51451450186604 0 279
67.036011252964 3.15075359418033 0 279
80.9177692554062 3.21910194918695 0 279
67.2676964682068 3.19959677333548 0 280
118.957855388736 3.2468952087749 1 280
67.2580136324889 3.26189349260832 0 281
118.936880003854 3.00335366500388 0 282
67.3627385466311 2.99362764211998 0 282
92.1200451044239 3.36217765120128 0 285
63.6583344979626 3.48933995459489 0 286
69.5981028471102 3.14181912300891 0 286
97.2475144187357 3.03100084724914 0 286
67.3252185461382 3.38165690122027 0 287
67.4474839183064 3.22378278917907 0 290
106.354923917721 3.47318318812894 0 292
67.2679589990043 3.06267067394675 0 293
74.1467293903072 3.65544305202263 0 293
112.877196854577 3.88222472437054 0 293
87.0915712134591 3.01663851605973 0 294
78.8413864544652 3.24423609576517 0 295
79.130764232637 3.11169122494376 0 296
101.139126149518 2.99312032744425 0 296
118.27346673699 3.24059999554012 1 296
67.3699656360858 3.3075295817004 0 297
67.3341357250054 3.03161402372352 0 297
68.0275345601471 3.03296033178234 0 297
67.3374500943728 3.37091867635751 0 298
119.147959850709 3.29109133999049 1 298
112.323047690517 3.78789665315518 0 300
118.836032472066 3.35204722867637 1 300
67.1379978821597 3.12419729293243 0 302
67.7048831009378 3.04745951947865 0 302
112.447933991888 3.22175088329987 0 302
110.347397146368 3.73578271399178 0 303
116.069820481547 3.20302219757807 0 304
67.259808897077 3.32112740305207 0 306
117.574762077655 3.49823291788879 0 306
111.520435897273 3.28043874861231 0 309
63.7619990436069 3.52421140949503 0 310
119.241797891659 3.87854442889538 1 310
118.993897919989 3.76250731015583 1 311
64.1608544755895 3.40310146908794 0 312
67.3927289629308 3.75702707154331 0 314
67.4375160020719 3.29347228651866 0 316
109.645069523565 3.01864704128346 0 316
69.1206553767372 3.24741908137499 0 317
101.177403921432 3.4341037200824 0 318
113.534521327569 2.9978181646487 0 319
68.4967772606603 3.36729631594269 0 320
113.526653394558 3.31505641086164 0 320
118.599706938704 3.14025105916277 1 320
118.511740959929 3.89979375577164 1 321
118.548319208638 3.1181282848916 2 321
63.6660009018937 3.05595600049226 0 323
67.2592318941538 3.02407248375271 0 324
67.5706749425417 2.99496692438325 0 324
63.8756702519228 3.11875800229603 0 327
118.779074219502 3.3527782924663 1 327
118.257019117455 3.42006745534057 1 328
67.5866904523163 3.51091015101943 0 331
111.339250545595 3.13530832318851 0 333
118.724712280537 3.35845992441517 1 333
88.7059185305604 3.00274565918913 0 334
64.172018736637 3.51714359449325 0 336
68.2542110536677 3.14734801145081 0 336
63.8043152648905 3.19256596622842 0 338
13.0399524717676 3.17160792828517 0 339
68.5152463360271 3.36698995493813 0 339
65.1702274578853 3.87556095912319 0 340
67.8449265326949 3.50141682828279 0 342
67.866863511119 3.05373073241531 0 342
112.323538214479 2.99934890814307 0 342
63.7683514505498 3.04199873965087 0 343
67.302376038119 3.28133275901402 0 344
97.1358967567679 3.05930101950981 0 344
77.207692877245 3.10865148805113 0 345
70.9733054535002 4.51699142964294 0 347
115.654221026339 2.99024468389859 0 348
118.895524133676 3.18794101481602 1 348
119.036663191781 3.29706692209396 2 348
97.3372886010042 3.38739566262877 0 349
67.284178294118 3.43369371072782 0 351
63.7394455176238 3.21698773648481 0 352
67.2623370525423 3.50405332855349 0 353
63.7671084971993 3.09669465143541 0 358
67.4325601762001 3.00765999520283 0 358
92.0572913859139 2.99356045795092 0 358
67.3528590443915 3.16086587551575 0 361
67.2850071515424 3.13873727370678 0 362
67.2601667452733 3.8005498892773 0 363
64.0782956121502 3.94215269156782 0 365
70.5360667098482 3.20673145641283 0 365
116.52421183639 3.26930170012547 0 365
66.8008441004971 3.08570430802336 0 366
70.055115594531 3.01078288869844 0 368
67.6668083098037 3.69029657320411 0 368
117.476904876422 3.04831177564729 0 368
64.2051256041291 3.10332823217614 0 369
63.7640767432297 3.05119937221681 0 369
117.419533858213 3.13743416030003 0 371
73.8806148838948 3.07013919519504 0 372
67.3598838584258 3.01115760065793 0 372
118.187662823174 3.16392062083468 0 372
65.2985859018038 3.79707797978615 0 375
67.6086999691101 3.03400855830374 0 375
67.3531621867332 3.16565438270973 0 375
116.12688659604 3.40072521812435 0 375
12.7814764876096 3.37127462768128 0 376
63.6674511408264 3.39782039861032 0 377
67.3164751430074 3.00516419446732 0 377
67.9715652008322 3.3822942931035 0 378
67.26447021514 3.55303905817629 0 380
117.455923814977 3.37032301148522 0 380
64.296061140972 3.02438233589755 0 383
118.975566751983 3.16478388727896 0 383
0.641724086532599 3.36083365303022 0 384
67.2629921647519 4.13875910421857 0 385
109.592737402291 3.15539329960923 0 386
67.3927569577917 3.09315572938183 0 387
111.959487244032 3.6602645512191 0 390
117.499266725802 3.00066445091274 0 391
116.883505295997 3.41394881129886 0 392
119.207779153464 2.99092365979869 1 393
63.7570097016428 3.92302538892543 0 394
71.1222171994301 3.06318572607212 0 395
0.0969293518227952 3.19839947612062 0 397
66.981589200803 3.16909109351461 0 397
67.2850250687878 3.21359981021857 0 398
67.573862754573 3.16598559123382 0 401
67.2699029636249 2.99327085284582 0 401
67.2690395127046 3.02658567983352 0 406
63.7650203247227 3.08933285857618 0 407
68.2053658486594 3.21289727488568 0 407
114.806679197895 3.30444069699958 0 407
63.6672076691358 3.24101419029649 0 408
67.6811194084512 3.00799616530219 0 408
97.1720495701173 3.23746011111374 0 409
118.765415859157 3.10881879481053 1 410
118.312343966662 3.12807945000117 1 410
67.7730340817188 3.13093900798881 0 411
112.671696984342 3.15150990281823 0 411
64.3503099109561 3.0570030857542 0 412
66.3350260187931 3.06383190977974 0 415
4.57014389736893 3.00484631180691 0 416
118.358476653064 4.0377819167156 0 416
117.581951709483 3.02572561044378 0 416
118.365601100368 3.17471798445277 2 416
67.4561713150931 3.22895814435944 0 417
112.158950948366 3.06797410649352 0 417
67.3623516401676 3.11122462096635 0 418
67.3099639559973 3.09666496939198 0 419
71.1093664273392 3.0357129455477 0 419
119.078932322077 3.43700314262373 1 420
67.4987407019488 3.30757093273924 0 421
80.3010960578803 3.70696418350926 0 422
72.243783517214 3.4439078057054 0 422
67.3286537331017 3.24970414223617 0 423
67.905996425384 3.859791967123 0 423
97.5063371164488 3.80385800873997 0 424
68.0864599675762 3.03615096589948 0 425
78.0925581482645 3.02993913511173 0 425
72.4506641667599 3.68154912568918 0 426
67.2732778213517 3.34244753664177 0 426
68.568996007577 3.27182766512324 0 426
67.5066181085483 4.66264887142025 0 426
69.583855252123 3.51423906108968 0 428
110.739308954232 3.01458632022285 0 429
68.1850297486404 3.03380025254394 0 429
119.123314524516 3.80473975059052 1 429
68.2695194408336 3.58565283917475 0 430
113.009570899568 2.99321341946692 0 430
67.6436639454345 3.20006509265673 0 433
114.505621762609 3.17945795231131 0 435
67.6457461737446 3.60865075465404 0 436
117.444605461355 3.22306365271698 0 436
1.31209872189254 3.22830043424547 0 438
118.992648849244 3.55134979465209 1 438
71.121638384845 3.1438453074006 0 439
112.728555628103 3.41153679562064 0 439
67.5595526058272 3.42514694461633 0 440
84.4968818343874 3.05967185408331 0 443
116.014371425381 3.27136531355589 0 445
110.912169804211 3.22569461146727 0 446
67.3236991289788 3.0604849723471 0 446
0.284340644840775 3.55758876509156 0 447
63.8231005084882 3.33687347120001 0 447
69.8286529717148 3.70658212671903 0 447
67.2554255230732 3.01047586581646 0 448
67.6195486573044 3.03257155812471 0 448
67.2873417475343 3.00786719086399 0 449
109.512891168954 3.55539775078772 0 449
116.025361185379 3.19013502191214 0 449
109.529844032505 3.34199748262234 0 450
67.1507329624504 3.12848463331575 0 453
99.7096021402605 3.03320931342531 0 457
116.738005362368 3.1079379259776 0 458
68.8098434759775 3.04779618784014 0 459
109.531456023839 4.10423204514096 0 459
67.2853540714023 3.00221032988064 0 460
109.650499046348 3.74171646048488 0 461
65.7320293819559 3.01298620691914 0 463
63.7589913830638 3.9540730173294 0 463
68.4792602544648 3.13770295685187 0 464
67.297109219766 3.88475939529664 0 464
66.6762696439078 4.00127901110531 0 466
0.0585919746438511 3.08906676390403 0 468
63.700150019251 3.28347712676476 0 468
67.3682808383438 3.38944845727089 0 469
79.319378438766 3.13968769734674 0 469
67.2585936717544 3.33632255722877 0 470
112.141124003509 3.09653284959785 0 470
67.3481499449557 3.22819609751089 0 473
0.123693444851798 3.46925296569989 0 475
67.4669857410663 3.84402937611299 0 475
67.2539641065132 3.94543248591349 0 475
119.244706054721 3.56139549433993 0 475
0.429093424281495 3.53370508937351 0 476
67.305697931872 3.22767757236895 0 478
67.2673350681895 3.05541052263248 0 480
67.5751096146292 3.41344465364311 0 483
72.6848399858702 3.04486151168179 0 487
0.0143938817301339 3.50479056890461 0 488
63.833775822365 3.89942251443429 0 488
116.773972246789 3.61175967389658 0 488
67.3799810446086 3.05872009153477 0 489
118.327864773372 3.0050313561978 0 490
64.1344744026298 3.5072484634966 0 492
77.0359259720513 3.08910707128226 0 492
93.8563519264451 3.03578830809125 0 492
108.353515450225 3.0034306705815 0 492
67.2718902850665 3.25340953238795 0 493
67.8461808028369 3.07829325292436 0 493
119.238326127854 3.27946278456883 1 493
110.021070023296 3.07699845437166 0 494
67.2546228241864 3.16051080764008 0 495
68.4232951313637 3.79666399137998 0 496
67.4325690827355 3.19720187321666 0 496
2.08014632918388 3.11541420612931 0 497
67.3117218040637 3.13652992647305 0 498
67.6586907175625 3.10900527465931 0 499
67.7624881186572 3.59774835659588 0 500
109.54551400601 3.37724247520406 0 500
115.975008803955 3.10783605225462 0 500
118.564490511994 3.16824739935207 1 503
67.5669793253633 3.00836188173094 0 504
67.8140498640359 3.42596549698734 0 505
67.565562388215 3.18871910700921 0 507
68.0694729056864 3.00239454769982 0 508
118.397725524129 3.39379942794409 1 510
119.238761848052 3.35485782051306 1 511
119.240613450375 3.28057303795146 2 511
67.2802748547449 3.56634567198031 0 513
83.4480256303369 3.13446590069797 0 515
113.091211407778 3.09899258837218 0 515
117.82732685753 2.99320789176594 0 516
68.5210983405193 3.09707482241794 0 519
68.7096164831551 3.07794363352501 0 519
67.4322758865438 3.41857283837289 0 519
67.3345430142222 3.23286463067449 0 520
0.0608584860203197 3.22527922584852 0 522
0.0576030368781192 3.08565130913953 0 522
0.169190238802136 3.4538341115359 0 522
118.617559796646 3.65355564396405 1 522
67.3078527349148 3.24049195913829 0 523
67.2530608375588 3.03054540508962 0 524
67.2668001954226 3.62852438766607 0 524
67.7444965069549 3.99820331229893 0 524
67.3267771111664 3.12675776232113 0 525
68.7143984957066 3.09834079924599 0 525
115.995365826725 3.30944389352513 0 526
64.3725603915447 3.06333720742989 0 529
4.2746414001788 3.04207230053363 0 533
97.2628266256332 3.13608164145123 0 533
116.737708798315 3.34170519174288 0 534
67.5152874054592 3.03003764051469 0 535
109.514522367958 3.30680757689729 0 535
67.3866745836899 3.02039272376364 0 538
112.642611307496 3.40696577212635 0 539
63.7476014681712 2.99282931267378 0 540
118.829736189665 3.54276428479642 1 542
67.2556808676511 3.07087321647392 0 544
71.0510583452164 3.25038232124805 0 544
67.2561870329413 3.1832510466062 0 545
67.3458721834745 3.22551974287274 0 546
71.3139208387676 4.0123539917106 0 547
63.7697942103646 3.13199012492326 0 548
117.445985834903 3.66498943084988 0 552
95.7734476198133 2.99855857255731 0 553
116.623778536441 3.49977217907203 0 554
110.380623672953 3.21204453244727 0 555
117.660783392973 3.15757468696864 0 555
118.866708208787 4.0104794225938 1 555
118.87232447735 3.30980784976737 2 555
117.495897021092 3.43451121727253 0 556
118.467834789519 3.21497777998628 1 558
17.5809756619812 3.4224828987357 0 559
85.6625098781219 3.18466052340605 0 560
91.33616357497 3.32497789140955 0 560
72.010654551566 3.14599013233356 0 561
116.896791808028 3.15504171034816 0 562
68.6568411366326 3.13535451480954 0 563
96.9189515910456 3.11696524272959 0 565
112.16285694469 3.28801155507975 0 565
78.766988548882 3.11094956758867 0 566
67.3177296413646 3.23328020332813 0 567
67.8466370117605 3.11005093621126 0 567
67.2641921311688 3.10514773779038 0 567
119.217371530579 3.01728907076551 1 567
117.443993843863 3.03278041538855 0 569
118.864911610474 3.21580305856397 1 569
75.8225923388871 3.20178146797248 0 572
101.35033209816 3.0428424020368 0 572
66.0228591001816 3.04122263238239 0 573
67.3622197690922 3.2110310432949 0 576
113.672308444105 3.00886789073169 0 576
63.7633783764804 3.18440894961654 0 577
118.862720155138 3.04278950164768 1 577
0.00552355104295546 3.54363002295966 0 579
63.7057349162321 3.78996366583867 0 583
67.311782455592 3.6526277312454 0 583
83.9382659122752 3.08487926756048 0 584
64.0159509600784 3.2496606162009 0 586
67.2597901495475 3.00084285866995 0 587
67.6875848510141 3.24723445341404 0 588
98.4784751475345 3.38256263328822 0 591
118.955066481819 3.95686399931701 1 592
69.7371626282588 3.03460369269849 0 593
118.880553914448 5.24583587324469 1 593
119.132029383558 3.10010908838563 2 593
118.891961828737 3.20619540862894 2 593
118.896611667721 3.40332402801423 2 593
118.97102983408 3.30848317341083 2 593
118.952873069788 3.0669350763717 2 593
118.896802187044 3.15372687870786 2 593
118.894943009077 3.10777203415831 2 593
118.998046945338 3.47597723124892 2 593
119.237068272976 3.37188448741336 2 593
118.923880497619 3.95832391951261 2 593
118.957507574428 3.04752232874035 2 593
118.92574683572 3.23342217182487 2 593
118.909867532946 3.02098397205933 2 593
118.987565339346 3.48501961036676 2 593
118.883216291607 3.11135606712352 2 593
119.030282191653 3.33902257136432 2 593
118.937234822872 3.89911680837851 3 593
112.610702248691 3.59619122666377 0 594
67.2938450980076 3.00322271079645 0 597
118.42211290284 3.27713242726272 1 597
118.891284388704 3.59305882431589 1 597
118.994146830297 3.22655322657145 2 597
67.85675528289 3.64225072638846 0 598
71.778655655079 3.44901067531968 0 598
118.598523548086 3.44703733669377 1 598
67.2876093703777 3.22197569929626 0 601
67.3644285729552 3.07766790422244 0 603
112.152595667288 3.07024550071397 0 603
69.5797648711951 3.09853154764675 0 604
69.9724712952756 3.64977857441235 0 604
67.3263030121786 4.08983540386432 0 605
109.603217902698 3.31890444087916 0 605
119.247930394724 3.53313049827906 0 606
119.019530510976 3.92435538648668 1 606
119.026962859664 3.09948668494866 2 606
66.9889881968626 3.22481733902554 0 607
70.2807996274635 3.05461468705761 0 608
97.1695740483875 2.99848352906685 0 609
67.2864798419217 3.05957795714253 0 609
67.2566743803626 3.21045375762864 0 610
117.500825001998 3.04298178144855 0 611
93.2528271638108 3.21969071818781 0 612
70.1191254771833 3.20215541495185 0 613
114.545482117057 3.04149927464653 0 613
4.5774638596228 3.44838865091817 0 614
69.3910194034827 3.07188373844254 0 614
67.345564279928 3.19604300072655 0 616
117.895955340437 3.98682041280029 0 617
67.7189404095817 3.1298786935222 0 617
87.3078851520383 3.33915674723591 0 620
72.0021304122113 3.07275248971861 0 621
0.795424621042687 2.99333973995425 0 624
69.310142072799 3.51496373649972 0 624
72.2699177361146 3.11753057698251 0 624
67.2698961098925 3.01245625819737 0 625
74.3757865716805 3.10678148109404 0 625
111.282661512826 3.14076372975979 0 625
118.551185395782 3.37890754368114 1 625
67.283937863653 3.01216458520697 0 628
67.2801271755306 3.15134766961912 0 629
67.2639845631863 3.30918702309835 0 630
67.3650212307548 3.83992829490968 0 632
96.7631706505845 4.12420067140271 0 632
107.688022416541 3.70345742710125 0 632
63.9880103782838 3.4148142737663 0 633
85.0998863297283 4.13477743877804 0 634
118.351000303383 3.26954456238184 1 634
67.2773524293968 4.03086902182813 0 636
116.468908011555 3.05856554025067 0 637
117.462709360381 3.34931947615934 0 640
68.3084097006238 3.32573132261258 0 640
72.9285498467196 3.32054605491395 0 641
115.046995916076 3.4444038067037 0 642
81.1781655570161 3.20873323369688 0 644
118.971347485417 3.11543425240462 1 644
118.28115222345 3.04006826700751 1 646
67.3127438940914 3.42316429007645 0 648
99.7559712117243 3.33471474871277 0 648
80.2077567163339 3.21140324157513 0 648
0.0218289266220305 3.24700090513159 0 649
67.3344832303833 3.29207893422662 0 649
118.736752613894 3.77403269558225 1 649
118.9961716926 3.97841151962184 1 650
119.052494668132 3.11517013929433 2 650
67.3177937883962 3.02747367543282 0 651
97.9548064918335 3.27322527533923 0 652
5.57300201505303 3.01804216992171 0 655
69.4936996758687 3.55978654874375 0 655
71.863114622393 3.51189725180231 0 657
118.575276060709 3.33466269134647 1 659
118.609602471646 3.15203881720027 2 659
77.3718558132765 3.10445665436706 0 660
118.327323199929 3.45189471078325 1 661
67.9072137173291 3.66385261281268 0 663
63.9017612791066 3.08352495930261 0 665
63.7142338049681 3.62995015430123 0 666
68.6954252396694 3.01140742029498 0 666
67.259994222744 3.41761460484437 0 667
112.573155198291 3.29254193616431 0 667
0.154001092933402 3.56840351694751 0 671
63.7962349588824 3.2085452050648 0 671
67.2685103217627 3.68298588362891 0 673
117.430417735392 3.22078283774382 0 676
66.1605987070067 3.09194717408314 0 677
106.494279785344 3.39999487811166 0 677
64.2008985239412 3.00534286671074 0 678
82.1466079384467 3.06446283506191 0 678
72.0004397438831 3.19839205611631 0 679
67.5708927998471 3.07261212357467 0 679
116.027431923083 2.99009398645223 0 679
81.5597141314126 3.02284935429494 0 680
83.2214442822204 3.52963604853433 0 682
78.279030802577 3.10271500885504 0 682
67.3909583151028 3.15517215354821 0 684
67.2529631613486 4.20223637634366 0 684
64.5462289875247 3.20905071878038 0 686
118.277061047083 3.26696849557846 0 688
96.9252854667534 3.53300202040168 0 689
118.956160856392 3.6625208693552 1 691
118.963516794133 3.25468209122622 2 691
69.4041219667815 3.18087651707512 0 696
70.9550844387361 3.33470709170215 0 697
63.6549134102361 3.65837882520793 0 698
76.4367578273896 3.55666098232172 0 698
96.7942021098551 3.42142807869149 0 698
67.2582604687432 3.94550979399585 0 699
116.271054092927 3.0391171642381 0 699
63.7660201449335 4.14721315713978 0 702
67.7043943450248 3.15570470560013 0 702
67.6285456164205 3.01485061010287 0 705
98.8352024250533 3.04420549877704 0 705
67.2528402793242 3.05567171680117 0 711
67.2846011592486 3.13827537217202 0 711
67.339692083531 3.34120181330649 0 712
70.9277268925854 3.31913817487758 0 713
118.507789510283 3.293039982159 1 715
67.2857288264972 3.12772675583613 0 716
118.586451266238 3.21562089210339 0 717
70.7022669766524 3.22377049901169 0 718
68.1576968934855 3.41772333475432 0 718
85.9539749069065 3.83134647480284 0 718
109.709848870038 3.15569177470926 0 723
109.573860757832 3.46908102171421 0 723
67.560529511959 3.00559705090572 0 724
10.1864022845579 3.29893666986668 0 726
67.2535770290165 3.3879617539848 0 726
67.2556071548624 3.11703294953041 0 726
68.9986524027508 3.43854555797367 0 727
63.9123519988489 3.34849174554157 0 730
64.6803600593787 3.39036545169821 0 730
67.2914571613561 3.01296550758837 0 730
117.144051515597 3.86389967229683 0 731
116.879717993043 3.0645137306988 0 731
67.4842067006569 3.03786817708857 0 732
103.578681059749 3.24161082968125 0 733
117.484753862886 3.00657466922541 0 733
118.722049842104 3.0769701454109 1 733
64.6152313182091 3.07662690367362 0 734
63.7568496636972 3.28074081490855 0 734
67.6911971252201 3.50276834271299 0 734
94.1259458373865 3.20516057092612 0 734
67.288331222076 3.11616039470006 0 736
107.441077839446 3.13514440506386 0 736
115.997267902366 3.43514703573433 0 736
68.335157854658 3.10700842530698 0 737
101.095601306554 3.39603869202215 0 737
67.2608598018308 3.05484273445125 0 740
67.5708051284699 3.00337453219821 0 740
71.8061658447913 3.00836141089766 0 740
68.8713848100687 3.23245385846052 0 741
118.543589792661 2.99408232737457 1 741
70.6956306580456 3.11189036257812 0 743
67.9051780257324 3.10143813593194 0 743
67.3332164517975 3.05106712818046 0 743
82.376201100173 3.10004671493539 0 746
67.26418114973 3.40922372201809 0 747
116.947411879899 3.10284451433504 0 747
67.6584748630901 3.18230488676347 0 750
67.799036912201 3.59714466579929 0 750
117.438724513442 3.44716053199021 0 753
67.319398009663 3.69898271930135 0 754
67.2631976602602 3.21364637675561 0 755
113.296336962642 3.3618681214567 0 755
118.179292238015 3.54179825334507 0 755
63.7652102145312 3.36079738709911 0 756
118.994745800951 3.0325865025983 1 756
119.18582771507 4.74655786900722 1 756
119.190947990282 3.40412158963341 2 756
119.189874189238 3.54998054876594 2 756
119.240134849357 3.16290297776446 2 756
119.204255006597 4.74231242014771 3 756
119.231469493417 3.19727011641247 4 756
119.211106181044 3.05331149265862 4 756
119.231533787519 3.15588947496241 4 756
68.2600567688029 3.19318684061402 0 757
67.3327192363984 3.11047469806824 0 758
67.2852715784003 3.30759356749779 0 760
63.7612352232477 3.27779914062109 0 761
67.3232268146721 3.12614438640711 0 763
67.7434927126663 3.15038020364068 0 764
0.590282389972076 3.3072017527222 0 765
67.4615441956569 3.16292754786589 0 765
117.430900223895 4.18948663155471 0 765
118.355331904053 3.01053915200325 0 765
64.4770780899841 3.16636389738808 0 766
67.2558997778362 3.73461556044492 0 766
114.456504028441 3.03086706757056 0 766
69.8556188947834 3.6782300826132 0 768
67.285165965708 3.29480940603974 0 768
67.4239804467953 3.23307000791604 0 770
67.3455039091529 3.29481352272676 0 771
69.0004090380115 3.30307886943368 0 771
2.13217890716135 3.02955246254616 0 772
82.0718438492697 3.17979077244404 0 774
91.9799887041485 3.62367913197376 0 774
63.7860998708904 3.02722506914743 0 775
71.2464064548577 3.6108104229282 0 775
2.00565971454589 3.44685833679649 0 776
109.515552543565 3.27898198380147 0 779
67.6464160815654 3.00253458456399 0 780
67.7132640587581 4.03092911728873 0 781
112.148234350606 3.18071043186022 0 781
119.096059973798 3.00810690952724 1 781
89.439501688205 3.57332730358938 0 784
67.2621009548425 3.01151490573736 0 786
67.3405510450283 3.52745009938726 0 786
93.0667813319644 2.99090039968225 0 787
67.7711839434624 3.34832209567075 0 788
87.4001696871705 3.19494057892269 0 788
119.041917064673 3.13787614547533 1 788
118.431341340048 3.4346799724953 1 792
118.884562546834 3.25589454002925 1 793
78.1657861475003 3.01763844400789 0 794
117.432871042419 3.03776076806531 0 795
67.3326741116129 3.16110600338472 0 796
113.142261941822 3.04248950188923 0 799
67.2623657393002 3.06673083152418 0 800
79.3539457959984 3.2886577621232 0 800
87.5121947081567 3.19255997772159 0 800
53.3315378384535 3.82041178976634 0 801
107.35227385045 3.95617547436073 0 801
63.6660984378178 3.14679671223533 0 802
67.3564288278732 3.02389525996116 0 804
118.373642347967 3.22420774832409 1 804
118.449018055881 3.19558777286626 2 804
118.896404678933 3.61834056922507 2 804
118.903031095327 3.41346126840563 3 804
119.094871045266 3.6474410465915 4 804
119.195882951738 3.25715771856887 5 804
119.220578053826 2.99147583693268 5 804
51.3523038322462 3.08195375707595 0 805
67.5462558971014 3.55973313162029 0 805
64.0361970243602 3.12397561168829 0 806
117.187105844809 3.00247250041498 0 806
63.9303480129943 3.03800135806161 0 807
63.9194723379751 3.07936560919131 0 807
101.12530580696 3.20317646362272 0 807
69.3938657946353 3.10086799858406 0 808
118.654519407525 3.07071631926981 1 808
67.2585767063347 3.34695636073773 0 816
117.081006162588 2.99974064897044 0 816
75.780510088765 3.43003310781048 0 819
67.30311784024 3.20595247381307 0 821
1.66411463866894 3.03004181378267 0 822
63.6651988941778 3.09366901983997 0 823
117.834419968167 3.21146641408877 0 823
68.2508055820451 3.06700718499398 0 824
118.276213152315 3.01113403501332 1 825
119.163839851952 3.68979442025074 1 826
117.593776411783 3.04735982181469 0 827
67.3017429365304 3.19607549959678 0 830
67.2726307354593 3.50487320412903 0 831
73.9117841753991 3.29378218678629 0 831
67.2759051698342 3.08628277857568 0 832
82.1457908684877 3.27056670622056 0 833
0.0551140345721999 2.99961413725724 0 835
67.3701253294406 3.07259226728114 0 837
67.5266118165439 3.00830480236798 0 839
82.3687276466895 3.29131792038996 0 840
110.453224665016 3.00195892693488 0 840
63.7344661631831 3.61482875479168 0 841
118.935564259746 3.07393572720459 1 841
63.7508576842368 3.01983570173938 0 842
67.5114365941057 3.1466194851227 0 842
63.6961098100237 3.24303440187658 0 844
78.6163612527125 3.08433178067271 0 844
118.195041307447 3.21154611895915 0 848
67.3952891423198 3.30114520113308 0 850
73.8070688168945 3.34306082833224 0 850
67.3262946406086 3.03615838042614 0 852
67.2723058779441 3.37015451369014 0 852
67.2543229626584 3.57574009273068 0 853
119.154843212319 3.31782257416715 1 854
112.342977929037 3.36693168460354 0 855
67.2540840415723 3.80741059585692 0 856
116.90645085636 3.61469689584821 0 856
74.9014079812129 3.20302507753891 0 858
67.4984832416747 3.12938293206299 0 858
0.00579162175544061 3.6194038195018 0 859
67.2882787996531 3.25156333873215 0 859
106.987303799617 3.44372394629078 0 859
67.2726486607474 3.08959694956137 0 860
67.2940235027255 3.01102401361677 0 861
1.20236581349289 3.23726853615496 0 862
2.16720802568985 3.07016096213661 0 863
63.6522034325181 3.71894294927603 0 863
67.4153953309205 3.65149270674577 0 863
63.7781503679116 3.553224736385 0 864
69.0746805636812 3.12751254452098 0 864
118.912685230122 3.51592544202754 1 866
64.0233477923419 3.93050007310245 0 868
97.8682024674214 3.00276702901771 0 868
67.3923804345367 3.0218051869727 0 875
63.7411319159637 3.40176788028632 0 876
97.230861022885 3.08042003901561 0 876
119.028145353523 3.00884459995561 1 876
71.4223326058856 3.22204932461959 0 877
118.589770979229 3.50371995886305 1 877
99.3256374565662 4.49246984461394 0 878
67.2559321020682 3.13137944775326 0 879
119.199144596215 3.10068268466861 1 879
67.3938094860699 3.09052082848677 0 881
109.53701487697 3.18005824301039 0 883
117.32005200596 3.11747092292303 0 883
117.458377631369 3.51186695059967 0 884
116.137116435322 3.20268500206196 0 885
67.2843768827041 3.76237168748132 0 887
67.3614780216767 3.06096734094502 0 893
0.272120460099494 3.31651903802654 0 896
67.8420932717558 3.08103920030446 0 897
68.3936080908752 3.04601744967783 0 897
66.9903386131163 3.10478865407753 0 898
64.1319472651707 3.18869685684257 0 899
68.3653439201687 3.01896860827371 0 900
79.1749399445159 3.15950048399064 0 901
76.6856526487572 3.95859160741923 0 902
67.2573995533355 3.21987401106978 0 902
88.4700556666945 3.2432243403153 0 903
111.385406100179 3.16796205418923 0 903
64.3779716766735 4.10991808276947 0 904
80.7288826618226 3.02310128164161 0 905
67.2733544894358 3.00386479618755 0 906
68.6245401434546 3.09695298937488 0 906
67.3719739496954 3.08479723430623 0 906
116.042323534822 2.9984417571445 0 908
99.4600598108578 3.16868967556857 0 910
67.3613800479052 3.10498168752794 0 911
64.3532863869147 3.39417953399813 0 915
114.693275888861 3.49387950773726 0 916
35.3673056435452 3.09781671150987 0 918
63.7938722792418 3.05302858543774 0 919
69.0605212937406 3.14673175618188 0 919
67.3093942350224 3.76938128918767 0 920
109.65564478373 3.0398661711293 0 920
0.106195257473105 3.34130077961916 0 922
87.3993144870193 3.0981901273961 0 923
67.4179698669937 3.01512239875743 0 924
70.3019514740666 3.03272154892704 0 924
67.7270944319296 3.22614967726669 0 925
67.5741619846173 3.20440563066724 0 927
82.2677666237401 3.40634401384787 0 927
0.774515676400488 3.17719543238284 0 929
115.088240934566 3.12544025340185 0 930
91.0564918773192 4.62557210649728 0 932
112.855831728723 3.65522063094424 0 932
118.455319842071 3.34653174404969 1 932
118.512233064268 3.31939824085542 2 932
118.526974134088 3.04865868415392 3 932
67.5009783039959 3.61029815527121 0 934
115.770982473806 3.19073876437836 0 934
67.5272276058311 3.2157717440503 0 936
112.584009934421 3.33432225549571 0 936
118.472684882096 3.70461314757027 1 937
118.395523225404 3.05478822176442 1 937
117.074335212752 3.65273627723004 0 939
63.6997931577862 3.4883401289463 0 940
63.9830315103827 3.30365829598394 0 940
97.9729283456088 3.0743860178427 0 940
72.7139992546524 3.96203858546931 0 941
49.9268068594287 3.63056909199951 0 942
63.9216877448487 3.49509477001818 0 944
70.1745526815417 3.49165851986767 0 944
118.352167277345 3.02232414968784 1 945
117.189112179478 3.46550082277026 0 946
68.1199124747542 3.13517534010294 0 948
67.3457321751834 3.21531534254137 0 948
73.2397332195407 3.69076485998958 0 950
119.161241046134 3.07159635044942 1 951
67.2993879992846 3.09607861712061 0 952
69.7794239354089 3.06554032347546 0 956
67.7564125002659 3.88587976853325 0 957
84.4894560097695 5.52872324268153 0 957
91.9844676481058 3.65845158345279 0 957
117.261901082862 3.09695396670349 0 959
63.7404425654708 3.03565653509936 0 961
69.4009345882346 3.82230834251066 0 964
67.3709214726226 3.15592143098487 0 965
117.669740929613 3.08418068821111 0 967
72.4435641207124 3.03115376079967 0 968
113.415359578676 3.23001695208964 0 968
0.194389969270472 3.29298434220021 0 970
0.099702698515207 3.57566259149933 0 970
7.75329529725474 3.04959708694665 0 970
113.774483350616 3.48038649462849 0 970
63.7379112022877 3.14908751158573 0 973
7.43089022594729 3.65921299650395 0 974
74.7593768612009 3.05243285587 0 974
67.4401143053265 3.12979282508 0 974
118.32814369535 3.01159423026546 1 975
69.270763803741 3.05365020238094 0 976
63.7919814560851 3.00052543569375 0 977
64.1127804420063 3.08770303477872 0 978
67.3620289861777 3.07991997452058 0 978
117.57782878395 3.49617890841006 0 980
68.1077945419971 3.13248585007427 0 982
1.24650775087667 2.99862943683256 0 983
67.3423266408748 3.41108411855251 0 983
67.6568632858159 3.51257557426552 0 984
70.0319654793283 3.02272282551156 0 985
73.1685874776573 3.01928859007058 0 987
64.0917774825179 3.08158275564879 0 989
69.0949744173189 3.14709015422055 0 989
74.6263224540315 3.31306402359509 0 989
0.625072622922948 3.37386957358836 0 990
67.2552506969576 3.51394962036682 0 993
67.3395259000516 4.12721356246221 2 993
118.920589104741 3.18488857670746 1 995
96.1017082701327 3.14820325226889 0 997
67.3171768290126 3.02053317108603 0 997
67.9109750886307 3.07516134277205 0 998
69.0904015953393 3.04779683678566 0 999
67.5567734714954 3.1042866209458 0 999
71.5650666915573 3.44122760071775 0 999
5.49767772162742 3.01247887845127 0 1000
88.0926795474254 5.4380564726819 0 1000
