"ts" "magnitudes" "gen" "cat.idx"
2.50847219061158 3.06974575576454 0 3
3.13777863345112 3.62104741430494 0 3
0.123509299166254 3.27793195177548 0 5
1.81039752976356 3.24619037066124 0 8
11.4692339154152 3.45392122595838 0 11
0.0287834605177984 2.99352020391746 0 12
1.7245671411867 3.25290720614007 0 16
0.129858938414865 3.83232876112792 0 20
0.000652060562485756 2.99634067747967 0 21
26.9706059331415 3.53998517105896 0 21
0.475410603214129 3.13764965642876 0 24
33.3797814363238 3.2694156648961 1 24
32.0552193895604 3.05277010837488 0 28
29.2897278262841 3.19184681537561 0 29
0.0260720714555908 3.10484327157846 0 31
0.0948501356323262 3.08560722447071 0 35
5.66793055949396 3.57480657399526 0 35
0.984067069234716 3.41171700706467 0 37
3.60749877589328 3.168210102102 0 38
0.166355094713195 3.53637455209485 0 39
33.3995908244808 3.93209684506234 0 42
33.9094577479732 3.48629689706698 1 43
33.6457024073784 3.03754210932094 1 43
33.9172279648988 3.32571674133388 2 43
33.9388296455975 3.64892165124391 2 43
33.9778571749455 3.16783224251436 3 43
9.944532766328 3.25128535313261 0 44
0.384706569848642 3.08406773819237 0 46
33.7960631166674 3.7348640259914 1 46
10.3724884016254 3.35061526342993 0 49
33.6651452823166 3.41481464368343 1 49
1.53489314116612 3.03507469997224 0 51
3.11177959227308 3.02101324126159 0 52
29.3231975213312 3.16859993491628 0 68
0.453103226194421 3.03609121449385 0 69
5.89576258081943 3.52609274685848 0 69
25.3871757340273 3.22351873510621 0 69
29.2905358568827 3.37127783506708 0 71
31.9579317626498 3.29942455904597 0 73
3.56973211262906 3.70532996459853 0 76
0.0102275024303194 3.72057776604579 0 78
32.2802761217583 3.46029012878118 0 78
0.571078291156828 3.36435405663477 0 80
1.28770190878376 3.16962079469008 0 85
0.255162184551527 3.13389976103222 0 87
5.46628019780093 3.45192602063088 0 88
32.26545618143 3.27552846358071 0 89
0.637000533841476 3.29791691659405 0 90
22.5532330047315 3.81967063823645 0 91
2.73974336001599 3.77140114696646 0 92
4.60090581577264 3.28846906500453 0 94
11.6792916447461 3.57469013462752 0 96
0.738848908938385 2.99774033906843 0 99
0.120942857832354 3.25063889232062 0 101
0.0302047249587795 3.07594523624129 0 107
33.0279707614422 3.29571960730526 1 112
0.000332384740384072 3.33799483599097 0 113
1.46892913285126 3.42248870016324 0 113
0.0367379633104701 3.09332084239029 0 125
33.6357092069552 3.10192817462966 1 125
29.2799924402372 3.16188874282005 0 126
0.82462770899746 3.03626415872185 0 128
0.87379681957036 3.22477901549024 0 130
0.275971653083028 3.16693020960371 0 131
28.7031826899034 3.07286839632692 0 131
0.443161373733564 3.45199052253421 0 133
2.73980299312048 3.21641862459338 0 135
0.0630527705020472 3.12478749095972 0 139
32.2714849881571 4.28431105519017 0 142
33.7840574170894 3.05246357747205 2 142
0.367485811825851 3.0024822725461 0 143
0.0538081219255025 3.02956958556576 0 144
4.4622102167243 3.29851373492307 0 146
0.00309451426709376 3.27127309754908 0 148
33.0109279327174 3.05137574032157 0 148
33.5579964012463 3.02349393215795 1 148
33.1363256817266 3.07283617180124 2 148
33.5884523534815 2.99683220822128 2 148
33.1612568635887 3.02565654083395 3 148
2.33831584067201 3.39666778380437 0 149
0.0618811978518643 3.16699612123153 0 152
0.882064930026986 3.05960419098182 0 157
1.22583195253742 3.25204938209606 0 166
0.0746255777415 3.30320771511285 0 168
0.0433225887198449 3.13237688585 0 168
22.6030002966788 3.21359695267695 0 168
33.2318913393278 3.11012165140642 1 168
32.5519325446054 3.13327717718113 0 171
33.0322451695424 3.0437017980165 1 173
27.0826453350517 3.04897797353017 0 174
29.8155800178239 3.01592293601865 0 174
31.9580124981887 3.15371281488899 0 175
1.18018194794899 3.35914447468649 0 179
0.531071791741987 3.01333301661762 0 181
1.16462425001558 3.45742453744826 0 181
29.828022851748 3.17363875542459 0 183
0.00810028754671966 3.30767931270047 0 186
4.60001664282587 2.99239189685227 0 186
28.4243387599264 3.10939313992347 0 187
0.01391136303967 3.22942889762249 0 190
33.2742723540027 3.02012619679371 1 191
33.3087290492135 3.12989066512984 2 191
0.178046532656084 3.01556976171435 0 193
33.1989108174198 3.51765568643203 1 195
31.200637784704 3.07705734836002 0 199
0.893671210138539 3.04314896927424 0 200
12.8436881555488 3.85771941811873 0 201
23.9704596129703 3.7307176882606 0 205
33.8493147631266 3.06476170457655 1 205
20.4508847009795 3.37927126007375 0 206
33.4440398548354 3.3092448107578 1 207
33.6042975535706 3.03153586321186 1 207
0.033561864955375 3.64574150674639 0 209
25.0145889706234 3.10118581155302 0 210
9.43239473780713 4.2225335151611 0 212
1.8693385001411 3.11284328165871 0 217
27.3252628632783 3.17647024273143 0 217
27.1793457520771 3.8834318551399 0 218
33.0673441633036 3.0051659958065 0 224
27.0805159554184 3.589943983482 0 224
28.2581718835336 3.05189718183248 0 225
31.2166546960369 3.20549713870407 0 226
0.255678833246919 3.52697042503421 0 227
0.00316888122952504 4.26145060103557 0 228
1.64562046323068 2.99728592737475 0 228
0.0545679387197524 3.18156540437178 0 231
0.171281405819774 3.29553697576866 0 232
0.976121094259116 3.1452536944446 0 233
31.0012543567447 3.1458831799474 0 234
33.7096519238871 3.40397984411702 1 234
33.0488776910674 3.16797314640112 1 235
32.2237137402772 3.20189039629571 0 236
13.8909173836243 3.21255179970938 0 237
7.87621859299415 3.10411086123169 0 238
0.0321714599889966 3.00163138703184 0 241
0.0205879367842114 3.48337616027674 0 241
33.4700707126818 3.6861166000153 0 241
33.7037679438103 3.08502870347514 1 241
0.174737354127909 5.15884374172467 0 243
0.0476200044086693 2.9988548434542 0 244
2.77325417272692 3.07186255970252 0 245
0.11143740669261 3.13641125351481 0 246
20.4051643431261 3.03187802047297 0 246
5.04808260694746 3.12042523599749 0 247
1.20704426587143 3.16337899927344 0 253
0.164335579274153 3.10315777218378 0 254
0.0224010200012263 3.02562733090658 0 258
27.7053834180059 3.12728543834424 0 258
28.7349098413542 3.04873211010895 0 258
0.530506928407862 3.14245477938581 0 261
27.6427738076106 3.11807260994065 0 261
27.2503694307098 3.88154877641441 0 263
0.7191429667404 3.26060900216276 0 269
17.167571554638 2.99419944853198 0 273
0.261948415507492 3.26001886744915 0 273
23.8568191939679 3.35431173709875 0 273
26.9200355604655 3.08064061854118 0 277
0.112339501137163 3.15494206661151 0 278
28.4913473207484 3.15394285032209 0 278
10.4531510208085 3.67505021684112 0 279
1.23875523203391 3.09987769810456 0 283
26.5135384975213 3.5001553120237 0 284
33.8152941592593 3.17577977439204 1 285
33.2475711835172 3.00583756840037 1 286
1.73360290560039 3.07810296585887 0 288
29.6823076594828 3.16188599924233 0 288
0.0121152369717843 3.47946756625208 0 302
0.299137408681478 3.03725127878189 0 302
2.22610822095092 2.99600693437191 0 302
22.291840929537 3.08700660322987 0 302
0.00915917171708792 3.26520302122843 0 303
0.234510116563658 3.19131398823381 0 303
0.18170254831075 3.05804061830782 0 304
29.7709497765075 3.27465069258557 0 304
22.5543978725641 3.46170621481799 0 307
33.3593753675554 3.1464246083279 1 308
33.4742689527661 2.99088184576666 1 312
0.0904436910138812 3.77035694454351 0 314
0.142774357928511 3.30659935041028 0 315
1.46930487584028 2.99042985203028 0 318
0.0336077204148811 3.07843519824448 0 319
8.84168905872651 4.26344569830104 0 321
33.8370543305386 3.13616440805991 1 325
0.0347813308541362 3.30837174529685 0 327
5.72817277103491 3.18267463044211 0 329
0.458090718167367 3.26872485148251 0 330
0.11824468410475 3.39741065404491 0 331
2.38793226066531 3.1228916229206 0 331
1.01979869181482 4.07507518828445 0 335
0.305442251357037 3.15740403306857 0 339
22.6534148699393 3.20784239827757 0 339
25.1767189177204 3.02990466616591 0 339
33.9552920466844 3.48553058596714 1 342
33.9698297999123 3.40384878923583 2 342
0.174561703239275 3.18302224877462 0 347
5.15686633460135 3.37349664956164 0 349
33.3256305504214 3.42840985481364 1 350
33.3287005051742 3.11483842588336 2 350
14.080983152371 2.99271325211878 0 355
0.0305113218138393 3.0942137823381 0 356
1.62296537913914 3.01288129645483 0 357
32.0819806995245 3.084738325046 0 361
23.9574711298709 3.23427350745725 0 363
0.180262925417376 3.5417187790291 0 364
11.4460519981831 3.19291589949685 0 374
13.5106110725526 3.66802725570354 0 377
13.7780301501818 3.06521225204623 0 377
11.2668900899084 3.59688625095215 0 380
0.295080860428081 3.35720230919866 0 387
33.9285575888675 3.38129463827596 1 388
33.3472989226315 3.08452399109518 1 389
2.67064160085044 3.04751606802177 0 390
4.68031290229933 3.01176121832447 0 390
1.89345172213482 3.11811244056254 0 391
1.63935576763613 3.1250900759457 0 392
27.8183292484541 3.20017120721641 0 393
33.2936028755825 3.15183891153212 1 393
0.0257020129565525 3.078649583825 0 396
24.3035969044944 3.99333357985602 0 397
0.0445946367323502 3.37391409997641 0 398
0.0632063772749985 3.4494247921738 0 398
32.8281782526006 3.12058009195809 0 399
31.3909061753325 3.23373851491313 0 399
33.0268802054668 3.04873814244615 2 399
1.94251097906886 3.22245897041926 0 400
31.422947736997 4.00363375234359 0 402
0.0191917853887349 3.0175724448548 0 404
0.605190246875827 3.10844543483337 0 404
0.758661548789198 3.17799890449602 0 405
15.5501545499382 3.4524986400154 0 405
33.4523713066332 3.21446787483031 1 405
33.6764348494983 3.10621528309524 2 405
21.0722507094772 3.56877338323304 0 407
2.45436987345053 3.00830426433488 0 408
0.0565130734044942 3.01455873479629 0 410
33.541434066286 3.09770552237779 1 413
0.0332062856396044 3.06418823267726 0 417
12.6885505896836 3.71261839166976 0 418
24.3391678192903 3.03415523165551 0 418
26.9795077242171 4.04570601293467 0 418
1.49371274544171 3.35819607807215 0 420
1.47460526314126 3.15489145484002 0 424
0.0314653955653871 3.3559635985347 0 427
33.3320175881122 3.03534094737415 1 429
0.0184700575784652 3.19062145565993 0 431
2.323308696901 3.22102924131237 0 432
0.0013376300506176 3.27123490074129 0 434
0.162439467120854 3.11256526085073 0 434
0.0882022531595922 3.35396896936989 0 436
0.00901252967832514 3.04379925481887 0 438
0.167350011652037 3.37422535630387 0 438
0.0759252806946785 2.99639610930328 0 441
0.04157632282233 3.36541745384828 0 445
0.478677717270686 3.10787063688175 0 445
33.6024678791032 3.51477907272006 1 448
32.7254695957332 3.17298662455678 0 450
2.7868658662746 3.21901193662409 0 453
25.0242134990777 3.77231835602253 0 453
33.0850028909367 3.5112843091077 1 453
33.1625664319974 3.20517800641385 2 453
27.1206377748018 3.15298833023115 0 459
0.7432651392408 3.4889633297524 0 461
19.7541436663425 3.00434621581225 0 461
0.0734343702042253 3.09749088435591 0 462
0.0485116866660671 3.22545354267655 0 467
0.071676544770429 3.4943532676578 0 470
13.0487297712638 3.08931195699419 0 471
33.4254964458846 3.3406338372212 1 471
31.9835204064906 3.46614750892164 0 477
0.826046918996116 3.23815892008771 0 481
0.091107688286171 3.42231945898873 0 483
0.0530619268425492 3.11931552345089 0 489
0.317057169205605 3.01280840823908 0 491
0.737600804557448 3.16260345956479 0 492
0.0462325582603132 3.21531039031752 0 496
11.5966335255972 3.4964912169806 0 497
33.2748690200128 3.32748701335574 1 497
1.89528245231867 3.70783781542621 0 500
1.36511554504716 3.16466962090923 0 501
0.245954946205709 3.19991271028097 0 504
0.0268781781845102 2.99333551214231 0 507
0.00536574816037057 3.53992862493954 0 511
1.69524098182842 3.05669222585308 0 512
28.1150345796329 3.28126926257697 0 512
31.3092123399697 3.57937495050681 0 512
32.3671255494602 3.21196561012884 0 514
11.5161424237011 3.28790412490573 0 518
22.2913443237051 3.23610745672431 0 526
33.200900913132 3.15047085373773 1 527
0.0631112973372443 3.13594642310887 0 528
32.2242709237466 3.24337860938957 0 529
0.090831037173528 3.25234496392169 0 531
0.689161676986075 3.13774995056593 0 533
0.125480931957472 3.12351192632885 0 540
2.15676793504179 3.07951229072306 0 541
20.436567703241 3.21651267806731 0 543
22.7722840025251 3.64183925433128 0 544
0.0441311273468369 3.35596596042979 0 546
0.158086046957899 3.16978180619319 0 546
26.6716837804437 3.00856654600028 0 547
33.6130947465167 3.06545590346175 1 547
1.86541879171187 3.41957455455679 0 548
0.0117886373561903 3.32417776093491 0 549
0.1498109118453 2.99142777131405 0 551
32.793566261309 3.22869910875682 0 553
31.9736740258543 3.00040975464096 0 555
0.0248531103201713 3.02937296715383 0 558
0.0216086722979453 3.07096326484205 0 559
2.70669091868365 3.20101364196413 0 562
29.8039220100084 3.01986706562178 0 562
0.115403901084756 5.03900603563343 0 564
33.3370131963488 3.15593305126028 1 565
33.6155998845674 3.89364946599645 1 567
33.1986287146896 3.45076862922852 1 567
33.6822090974112 3.08646214520898 2 567
33.3247174412651 3.07718223358968 2 567
1.27356672014103 3.6849765496033 0 569
0.161168617463665 3.00671681222851 0 570
33.3733778196942 3.38695560303688 1 572
33.4009482113424 3.15726572511537 2 572
0.0402452314284837 3.35598531760821 0 575
0.197054624167498 3.02963613830519 0 580
0.0655119346530069 3.00020790413031 0 581
32.2931832092634 3.335095431909 0 581
32.2299296209284 3.04498469771984 0 585
1.65091657170098 3.39015980305415 0 589
9.53855503472562 3.79847573966744 0 595
1.45850869452268 3.07797305896384 0 595
33.6378068063963 3.24890772940462 1 595
0.495640183636728 3.47990468832027 0 600
32.2638951170815 3.9368754617449 0 601
0.00269802597764076 3.87913968947398 0 608
0.0153496269779874 3.29606142342415 0 612
33.4388167254251 3.06336947065626 1 622
0.0409916929636018 3.03118146199685 0 623
12.9348948827564 3.05034326409596 0 623
28.29447113469 3.01203500814638 0 623
31.9601463771386 3.23398208577699 0 624
33.1293374068659 3.74095026971624 1 626
1.16300276366043 3.47665070053334 0 628
27.2058127889271 3.12419438267535 0 628
24.252692654744 3.13563307406844 0 630
29.8457944524345 3.1954148228257 0 630
33.9638895566199 3.03788643548335 1 633
28.8795409479612 4.29977525123371 0 634
0.0211338150081052 3.30694772084703 0 637
28.2462331998779 3.48254096617956 0 639
2.16943502477923 3.12068773582597 0 640
8.08014845045372 3.56182246716678 0 642
33.2022155436311 3.46357720083805 1 642
33.2172506524616 2.99993832507434 2 642
4.613533016656 3.31725806942536 0 644
33.730221287496 3.00466458867057 1 646
27.1261836612944 3.67206924953858 0 649
4.6216860459749 3.52602396192608 0 650
2.27799827661212 3.37926877820554 0 651
0.0637804772679581 3.02051961618402 0 662
0.990608062976153 4.35088961277367 0 666
18.4027634342702 3.22557692831368 0 667
32.1844642386632 3.20487210161472 0 667
28.2907462424316 3.47119377322676 0 671
0.0271420582699087 4.21616765521234 0 672
27.1437089636048 3.03573690881539 0 672
2.54014600241425 3.09924585526722 0 677
9.80803991892972 3.79094714004885 0 681
0.272225983818155 3.27258039405935 0 684
3.79704160649551 3.04842772135284 0 686
0.0665707801158022 3.16283390348068 0 687
0.64834942129343 3.09546575109236 0 687
0.0982000919451931 3.40262995018048 0 688
0.0974011429279781 3.25342122461693 0 693
2.75058378207138 3.08079271234523 0 693
0.232323282080979 3.29243246069094 0 695
4.65381274257624 3.67246596550774 0 695
0.0153303354090026 2.99677972229891 0 697
33.1856714667842 3.05391650454543 1 705
0.158457053973345 3.76374394731615 0 706
1.29069185863999 3.15500989886724 0 707
24.7915729263443 3.12718518898569 0 713
33.2438484354966 3.09643804760323 1 714
33.2466731807382 3.44059528572713 2 714
33.2873907278667 3.08121934948971 3 714
0.636491171100831 4.19562547925185 0 716
33.3344156301204 3.23052595129344 1 717
33.4037543712149 3.36724920164958 2 717
33.4050008986948 3.83460000137544 3 717
33.0815739258282 3.38123695938002 1 721
33.2128215100706 3.02796105660065 1 723
31.7512996155592 3.07314023088029 0 727
0.264004025428209 3.06515383316456 0 728
0.110978603715196 3.38449384789611 0 728
0.186515919632109 3.05780936996465 0 730
28.4337264418691 3.27675306013404 0 731
33.835077612111 3.04793062861896 1 731
33.8767215169037 3.04956158422022 2 731
0.537440379022275 2.99241940281111 0 734
12.5750475761603 3.09207745471913 0 735
31.9638531358407 3.7926257312539 0 738
33.871921420246 3.14283726051381 1 738
0.442832111326721 3.10202244775135 0 742
0.418659437931168 3.73258723042265 0 744
33.7572880719412 3.57442669970747 1 751
0.482206721643751 3.25766252925339 0 754
33.4906377502807 3.70233066804065 1 755
24.3906782112574 3.28549962395821 0 757
22.51074004032 3.1974789621989 0 760
30.175110042412 3.52434976438772 0 760
0.123542261225529 3.28512137895172 0 762
15.2305669414194 3.24556812955494 0 765
31.9608284904621 3.18856997329957 0 769
31.6566375811125 3.75051025501528 0 770
33.9978981149938 3.00385868386618 1 770
0.120663263268926 3.6495253899231 0 771
33.6538122314118 3.12055324494253 1 772
33.7225592002105 2.99387119028329 2 772
0.214499683849534 3.37378104342246 0 773
22.5804117993312 3.07915315133533 0 775
28.0596468297408 3.02377975872809 0 775
0.108352988369136 3.18133797434462 0 782
0.0629645209159915 3.06378517222401 0 784
22.849830643763 3.0723001519684 0 784
33.2219753967688 4.01357616880598 1 784
33.5027357590474 3.20373026318712 1 785
24.382646752762 3.48524794577475 0 790
25.0267079593668 3.2720731843601 0 792
33.0220141598579 3.64626072436148 1 792
2.3343521165748 3.31742551554749 0 795
2.29344959670997 3.6563779298475 0 801
0.103180116522717 3.42171032545759 0 805
33.6312012604062 3.07455618834944 1 805
0.116396901743798 3.04167137509579 0 806
1.97910697533847 3.44062136291516 0 806
31.9685552189441 3.02280520476905 0 806
1.42001764373207 3.24103276363505 0 813
0.0015671873479092 3.20068326446599 0 813
33.9844825476498 3.34217164227182 1 813
0.517053709989603 3.46176739849749 0 814
2.53867483258606 3.27405134541992 0 814
0.276785820630968 3.15508655275146 0 817
33.3838135436267 3.11182399259362 1 817
16.7537480578084 3.18389321364568 0 819
5.06017599662353 3.07073201438191 0 823
0.210466516432383 3.42644085564061 0 824
31.9620332033533 3.1379988395024 0 826
0.00579496202558095 3.75968467613976 0 827
0.129638598694311 3.04508237356405 0 827
2.27884585562088 3.13842895619224 0 829
0.0502327191858735 3.13218996348523 0 830
3.00247959194322 3.00789151776729 0 830
0.141643808061551 3.16410268337914 0 831
29.834795165584 3.29676031169533 0 833
0.716436999388906 3.0492928602564 0 840
7.81305137415087 3.41227031158846 0 842
0.960476219314067 3.55761087496452 0 849
0.48908520060785 3.61688569698944 0 851
0.0820598820286075 3.00380024837597 0 852
0.0294741419028291 3.04258750720507 0 854
0.0944774472589878 3.08514179561341 0 856
22.7811052695217 3.03213724057972 0 857
33.6957560336773 3.14499434126043 1 862
33.7976860186516 3.13651302995547 2 862
33.6959363958044 3.60070726823366 2 862
33.7159599776174 3.00461446574122 2 862
0.0750561763591671 3.04152933291235 0 863
26.9530716409582 3.4420311134279 0 864
0.125071006088274 3.21922346164592 0 865
0.0182076444311581 3.20352515398779 0 866
0.105090112496002 3.13327919854645 0 866
0.964042024828178 5.07750775978606 0 872
26.0734925279569 3.38257206814415 0 872
33.8134114287418 3.06702430335119 1 873
33.3227815748282 3.69826448627322 1 876
33.3339491538713 3.72451699623709 2 876
6.41376105414101 3.63276190193959 0 877
31.9950646646418 3.35729968617043 0 882
33.9003297473859 2.99722320948977 1 882
31.6258485139237 3.11756763080227 0 884
33.2725471818444 3.14094571671513 1 885
3.34560025972951 3.01746031671038 0 886
27.0403882875565 3.11424073403127 0 887
0.227657190245336 3.06657839057091 0 888
0.00847297886700011 3.66701848291877 0 891
0.521045030908592 3.05612334118346 0 892
15.8179378486903 2.99700793829114 0 894
0.0871945025912866 3.42241269234337 0 897
13.8811732395029 3.35907749893545 0 899
0.271711655497561 3.40160915645249 0 900
33.945134482728 3.32874968274983 1 900
0.418605251563909 3.41727278357354 0 903
27.3932758449461 3.93288702662623 0 905
26.9183808908157 3.15839866680894 0 906
4.29513470944985 3.40821332686951 0 907
1.45822974746989 3.27603873288763 0 907
4.63270531550736 3.14082843465739 0 914
1.04674037183222 3.12345887781263 0 914
28.3067335680291 3.44411161904803 0 916
22.8900545845071 3.11623649429574 0 917
0.577188249449335 3.28766647572386 0 918
3.14640006748262 3.61277611647818 0 918
19.1229789768943 3.13470025669104 0 919
0.0572399599444077 3.16381474485792 0 920
0.295704385279246 3.34315954409498 0 922
33.458492815876 3.08803654778652 1 923
33.669546118772 3.04480936579741 2 923
16.3384898125054 3.14432464834351 0 924
5.23924329374714 3.85817077154401 0 925
0.131122772943139 2.99889183622703 0 927
21.5649569914859 3.70125233659192 0 929
34.006550046764 3.18604615797171 1 932
0.0506631452963006 3.59616802519511 0 934
22.6927252439754 3.07588249893317 0 936
0.00287013012141434 3.17230357076838 0 937
8.67706696029166 3.02309411597426 0 937
33.8253974438735 3.5884714650494 1 938
33.7432246035055 3.41591519742096 1 938
33.8880589394285 3.39587620266831 2 938
8.22070120564325 3.47460073733996 0 939
33.7892945454546 4.19246299748604 1 941
4.51932487231533 4.28937298052213 0 943
1.53733167945428 3.25379597626223 0 944
5.33816744311145 3.08217275140798 0 945
0.11835016406711 3.14950507682327 0 947
33.659193729432 3.18903523360918 1 952
0.269011692869327 3.14115898969152 0 953
4.83102247606317 3.1957635089493 0 954
33.2536940990571 3.02085576805458 1 954
33.0777625231162 3.70933571377994 1 954
0.122192620072123 2.99943998213925 0 955
0.196826618189961 3.34149364277418 0 961
24.9184435924725 3.11414736388129 0 962
0.442890286293701 3.34485502363762 0 964
33.6178370180164 3.62552243476207 1 971
33.9316535105996 3.14761071001074 2 971
33.2209749749486 3.02133743784609 1 974
0.127914040017473 3.25700437367473 0 978
21.0430071636612 3.0943894172317 0 980
0.993355937155601 3.36347830435143 0 982
33.4253374644645 3.19163220209344 1 982
29.2936129092867 4.0153866601818 0 984
0.325911736901347 3.38758090476392 0 988
32.1486419865104 3.36851390103654 0 989
0.246630044711582 3.26016812123972 0 991
2.15821747036769 3.19671931769092 0 993
1.01644723505561 3.18724317540077 0 995
3.33491544857849 4.44696015686217 0 995
12.9580011272547 3.23100486369599 0 995
33.5197020959199 3.00312664746976 1 995
33.8246052866417 3.37647004643902 2 995
0.0170766653453354 3.65305772157803 0 997
2.76386115908974 3.04886865650615 0 997
0.0726003266685022 3.16535945122937 0 998
29.9364959047666 3.43565750349153 0 999
