"ts" "magnitudes" "gen" "cat.idx"
2.18241131532392 3.07598761023277 0 2
74.2963033017299 3.19653865074288 0 2
67.258243934914 3.34734136538676 0 5
115.972675325351 3.01516136745121 0 5
112.317717937374 3.17797207399192 0 6
116.994784712806 3.69122665937522 0 8
63.6598004690812 2.99482680952191 0 9
115.648266558032 3.08992908030309 0 9
67.6862822335855 3.3638554540981 0 10
69.6876145622376 3.04927928390408 0 11
116.861847829287 3.13095698062893 1 11
67.7954639966635 3.24713240021719 0 12
67.3089484654824 3.56038831040223 0 12
70.2996977764099 3.54181822890753 0 13
63.8096392284193 3.06464444864952 0 14
67.9890459725646 3.51390657553428 0 15
116.79606285923 3.4923916544058 0 15
116.894073704402 3.56918795156624 2 15
74.7016787982524 3.49166649354271 0 16
115.973680684625 3.02253533791143 0 16
3.47046473354608 3.10855208304886 0 17
69.5971323878668 3.05868827548094 0 17
112.55771385289 3.3229151426339 0 17
113.70426037277 3.08665730118366 0 17
115.229637544458 3.16638991216585 0 17
67.4571444975071 3.18094216857883 0 18
114.327636021113 3.52298947206916 0 19
68.8732472086503 3.42527125888646 0 21
68.3430046615166 3.21207014579982 0 21
107.832186148049 2.99984894997931 0 21
99.8188611692181 3.74227828249438 0 22
114.224829732848 3.62206428706001 0 23
116.26077798415 3.36872561390792 0 24
117.068446298809 4.50760695272539 1 24
117.156402238448 3.49506661996122 2 24
117.070396048157 3.08783126726194 2 24
117.172156270219 3.34267917474611 3 24
68.8880531120703 4.09260872677793 0 25
67.8960820872497 3.46265294669367 0 26
109.248573021767 3.03446813327583 0 26
116.683493701592 3.09662807402157 0 26
116.280754750808 3.25138545373661 1 26
0.00766228796996664 3.20199992433306 0 27
67.2537605954168 3.50878439393577 0 27
67.2779592559967 3.03474349895238 0 28
70.0596622183532 3.19258119009043 0 29
67.2843991688461 3.43001054438069 0 30
67.3380428351554 3.52017171244439 0 30
82.8214002621141 3.18327007840297 0 31
104.468543851064 3.62793662601349 0 31
63.9905005244078 3.39578239610875 0 32
65.8052871902583 3.35022799140557 0 34
78.3139406957857 3.31787363602715 0 35
101.449957661856 3.21146694397006 0 35
4.2147129988513 3.07075444462871 0 39
76.6071266857179 3.20167657738102 0 39
67.2650653583179 3.12309266980357 0 39
112.667129979384 3.89680502569886 0 39
114.186050108996 4.56530934158003 0 41
114.778029966989 3.07031655258151 2 41
83.8949111016096 3.07383517126696 0 43
112.634085255976 3.06791221624343 0 44
67.260338472035 3.07804435792864 0 45
73.3589320136311 3.13255704851708 0 45
112.545406172039 3.18704251081174 0 45
67.3276160864788 3.11959410724975 0 46
67.6089134609631 3.14454913562565 0 48
70.1314873496007 3.12424045901918 0 48
115.984308586968 3.81200162668699 0 50
116.629788396493 3.13695872211302 0 50
97.724579147473 3.1192645828938 0 52
68.6131373248251 3.18155987624965 0 53
83.9970792041827 3.12034916369472 0 53
112.570028542898 3.34361335060704 0 53
66.7684121998033 3.08556207747068 0 54
116.645630633206 3.00225558746851 1 54
116.379769694972 2.99113961991701 1 54
73.4384874615518 3.04546033131152 0 55
106.365613284771 3.13580114096058 0 55
71.0053576326312 3.4004895491049 0 56
68.9228319834015 3.1449237342772 0 58
109.681160520537 3.27796705179054 0 58
81.3648728247007 3.10272211517223 0 59
97.7249114515786 3.64504850745889 0 61
0.394968683746976 3.44031324679327 0 62
63.7849065153659 3.1860877182061 0 62
110.851379084081 3.40565020140921 0 62
115.051729109012 3.24406195659709 0 62
73.7387167196928 3.52558104358072 0 63
67.2608948489841 3.15273780075314 0 64
67.4266652560744 3.20065762975458 0 64
67.2926607031973 2.99078083117063 0 64
0.524776395349189 3.3462065896933 0 65
70.5891246409048 3.21431103663464 0 66
109.667443009253 3.40340419490232 0 66
75.0689199862656 3.10027754940983 0 67
67.6653871209048 3.13800881863034 0 67
116.37086647584 3.14724820640765 1 67
116.883906461967 3.11373662757617 2 67
117.096620249218 3.73226981810079 2 67
117.101155684666 3.09693841525102 3 67
67.4273841263342 3.22207950937064 0 69
67.2779858812845 3.6645657554661 0 70
64.2970526630527 3.05163280420262 0 71
65.5687711874741 3.22533749279453 0 72
67.2607154386532 3.35114219689213 0 74
82.4820983090108 3.76818242094127 0 74
116.299256040695 4.45878507919795 1 74
116.306154111504 3.06957092536509 2 74
116.312056986092 3.30452001353281 2 74
116.463192824473 3.69164710336175 2 74
116.301469225903 3.30265377800351 2 74
116.324792176858 3.39897768600101 2 74
116.559204460387 4.01251143091311 3 74
116.517777678072 3.04670357641414 1 75
0.000928029687649023 3.2455479243254 0 77
73.2359254415359 3.49753888062714 0 77
63.7926209810981 4.05667916907974 0 78
63.6962792008088 3.32756886457031 0 82
69.2849807897863 3.08390113532137 0 83
71.4011358519751 3.30711939150108 0 83
67.5969483495458 2.99259667385329 0 84
67.2793798145295 3.00198062745199 0 84
67.5812664191557 3.15080281755421 0 84
69.4433873927291 3.01700841027164 0 84
106.369344350992 3.12272738179336 0 84
1.95050193499202 3.68692107247375 0 85
67.7722000934654 4.24399876041468 0 85
67.2539938364287 3.08004647377321 0 86
67.4011444755765 3.3315793772765 0 86
104.319560492833 3.01980549123495 0 86
63.9533325370636 3.04551282727771 0 87
67.5211429489992 3.2191893283968 0 87
66.4512650498701 3.11469598884042 0 88
0.0502466553320253 3.02579557953253 0 89
67.3676708310308 3.18543724287648 0 89
70.1931632595227 3.15442338372511 0 90
67.3455709972967 3.00944507073806 0 91
73.4568543102205 3.06012460371472 0 91
73.8875808530326 3.02578830621066 0 92
82.5578860094714 3.37316896262144 0 93
89.4704688013381 3.17751686400641 0 94
65.2651239963378 3.66632718084045 0 95
74.8816632627982 3.03725010692321 0 96
116.618852641647 3.53127801918972 1 98
116.441261928509 3.11147810190434 1 99
1.88929446836454 3.94114870801311 0 100
116.93636853991 3.1003212639704 1 101
112.164739937685 3.26479329714728 0 102
67.5319938142224 3.06239309792146 0 104
67.3477979965889 3.68547350881202 0 105
69.2568175056587 3.02465098566164 0 105
67.7266736549635 3.446853216479 0 106
114.757189712255 3.1595363218707 0 106
115.979773954164 3.09397560175669 0 106
70.0480634202286 3.03856007434815 0 110
69.8258579612653 3.11443453515797 0 110
112.547724115071 3.09506484373327 0 110
117.126723793083 3.11043588997023 1 111
7.91837710307454 3.00247327718266 0 114
64.8359746407578 3.13906517090702 0 114
67.309227172571 3.87902813022503 0 114
68.3699647571547 3.06000531314216 0 116
116.306950513254 3.10711695002727 1 116
112.680171127281 3.354994602596 0 118
67.2834858384605 3.08567260375017 0 119
111.052651988877 3.29049958221339 0 119
107.27724494805 3.1950255183779 0 120
116.034961921519 3.10220215173331 0 122
67.2869476018572 3.20345311633906 0 123
68.8736669843732 3.17650374855819 0 124
116.841212099166 3.16331379799798 1 129
116.562250784579 3.03698303887353 1 130
115.058372950581 3.61871662800404 0 131
116.332001563608 3.9412943928915 1 131
116.292615628782 3.1870345395673 1 131
115.446007490611 3.22495630159862 2 131
0.00684202091592161 3.99602301773675 0 132
63.9092942668235 3.05701334643657 0 132
71.5834760447595 3.06168657965694 0 132
109.742499021425 3.29322363865688 0 132
74.7664838243857 3.56763205408528 0 133
63.7423381657273 3.03049324950171 0 134
67.9070749928741 3.23467274074123 0 136
67.2619683809484 3.17007841595355 0 137
0.00664059390251262 3.41539131933484 0 140
69.0209732659135 3.60692562842004 0 140
67.5534773940338 3.04124920036956 0 141
84.8671230555979 3.40916251876024 0 141
116.459316230537 3.95466256040105 0 142
116.469988409211 3.31350669617701 2 142
116.465427274087 3.09504462485389 2 142
107.313280569259 3.05398063023814 0 143
109.543469493321 3.93670395350254 0 146
116.946101581754 3.61088819217162 0 146
107.012849714292 4.07816793781628 0 147
105.27117712063 3.11034429334442 0 150
63.7758972655263 3.44036571685618 0 152
70.5007963692486 3.15610626432831 0 152
113.665395899329 3.45049526939906 0 153
115.28159717733 4.88081501397142 0 154
116.747192123482 3.6667617780061 2 154
115.882524285372 3.23485780473447 2 154
116.781085408365 3.84260546481973 3 154
100.640860852129 3.02947227581404 0 155
112.676161272503 2.99483655270503 0 161
97.6790802417658 3.01625864192342 0 162
74.4409863386026 3.14945968138749 0 163
68.7561015192058 3.11135986187941 0 164
116.270616017149 4.24209457578998 0 164
117.197435914985 3.54240564211559 1 164
0.493013791259252 3.08068055035253 0 165
116.0048178736 3.02322725720621 0 165
109.631049853214 3.45481419559651 0 167
69.0025277313568 3.5030386521075 0 169
108.34681939229 3.21159250190096 0 169
67.3517578562855 3.15249204944705 0 171
67.2803955252149 3.42725690826862 0 171
112.140085539427 3.41461482996438 0 172
116.36466463793 3.43307846038526 1 172
67.2856350299849 3.10900366808892 0 173
64.2840471986188 3.12576422263872 0 176
67.3714330361421 3.0686213235888 0 176
67.4233381527579 3.14614069299624 0 176
63.8225096407306 4.30582325553171 0 177
111.99868046529 3.5043746915722 0 177
113.038267699839 3.16183842020485 2 177
67.3290239077685 3.58008693766153 0 178
0.289505004566377 3.50863119026066 0 179
67.7335838462092 3.61431632111129 0 179
77.2956458987323 3.11109926193029 0 180
66.7211125598712 3.19729482027181 0 181
1.08358323414832 3.51268207555142 0 182
67.2664164131901 3.01437295946371 0 182
70.144018017559 3.73904825799446 0 183
64.6651347002046 3.31346825958993 0 184
109.572509917712 3.1291937311178 0 184
67.3124612700339 3.13125997867548 0 185
109.915776696224 3.51772235452617 0 185
68.2817107693601 2.99045947251539 0 185
105.223566388478 3.03008667818485 0 185
0.0489760889445034 3.29761448000848 0 188
84.6784489631633 3.48029095087382 0 188
67.3407804300011 3.45518819427784 0 190
76.951645830408 3.38029575660854 0 191
67.3406094507052 3.26417795145902 0 192
116.261928085684 3.03641068797089 1 193
82.1074725503862 3.49051001172222 0 195
67.2681803307494 4.29714563430637 0 197
68.0453214471483 3.02941574125357 0 197
69.3278162713628 3.19891453800008 0 198
75.4456861222617 3.15842548811638 0 200
67.2881056617017 3.09611197949467 0 201
116.318980090531 3.02361448030214 0 201
97.7027623378902 3.0614849423471 0 202
67.2660160066161 3.12658761103463 0 203
77.6062984259227 4.24684279494659 0 203
67.3251771871527 3.0247311217255 0 204
69.4795726683639 3.27411645818124 0 205
84.7213452617119 4.32586268666535 0 206
115.982308162663 3.2900707306741 0 206
67.4254564685857 2.99528438813121 0 207
71.9305473474158 3.58178465306689 0 207
109.599290564736 3.00259486933537 0 207
96.8182093085519 3.37103296274818 0 208
32.0469685229283 3.58702048670957 0 209
67.262878506816 3.164312674818 0 210
116.736687567886 3.39134233227919 0 211
116.603186614094 4.3203262979341 1 211
116.804959420694 3.51325464348653 2 211
116.615351517056 3.56525709283275 2 211
116.629608629289 3.05165116145354 2 211
116.856152012504 3.74594008509847 2 211
116.927637688257 3.24114881379628 3 211
96.9334152465241 3.13307196739828 0 214
112.470255256085 3.18360897111459 0 214
70.9423295536232 3.05428904608404 0 215
85.6545532030948 3.30056183661164 0 215
116.729948131581 3.28959591329236 1 215
107.339047073539 3.0413969269702 0 217
24.0107362886926 3.51426471401639 0 219
99.5549401618345 3.47194711176882 0 219
64.3366264057332 3.04614786879237 0 220
63.7595866543265 3.05668589824997 0 221
71.3769735381432 3.0266496269816 0 222
113.9404068498 3.26262670447138 0 222
105.239208362084 3.13655604225063 0 224
67.372212306203 3.00452045487677 0 228
116.023275647483 3.40107871256464 0 230
67.2571144552315 3.77526534791832 0 231
88.5090270484698 2.99095307798978 0 233
67.3780632890073 3.05131740955987 0 234
113.233368964286 3.01940092323705 0 234
2.98559068893704 2.9924849488168 0 236
67.2778952748713 3.27010071687344 0 237
116.882466757884 3.36605617196348 1 237
68.4102025250097 3.11695743768177 0 239
67.2846516277949 4.26422572233415 0 240
82.0807862905369 3.33997314160554 0 240
63.7420796180121 3.29335206224131 0 241
99.6205705581203 4.03470497697512 0 241
110.743133272127 3.474887430724 0 241
116.11338339895 3.434268380465 0 242
63.7825548050121 4.16869559013733 0 244
71.8527479738138 3.25384949676353 0 244
67.5358720155493 3.07808539069729 0 244
116.012560770237 3.32663569939205 0 244
63.7412027120603 3.61742750166539 0 246
96.8397315814262 3.33692498420461 0 246
112.607758886148 3.01174194701506 0 247
93.649836304479 3.07048792566888 0 248
82.1102520288068 2.99708670534132 0 248
109.642886663544 3.30085817019584 0 248
98.2562675390082 3.42104332030554 0 249
90.0601697208951 3.52871627268644 0 252
81.4633219236028 3.02688715406961 0 252
7.45910015168217 3.56452745629882 0 253
69.7581265692769 3.47525064857627 0 253
80.0460488192633 3.37677440764458 0 254
67.3129958280611 3.20623572959552 0 255
64.6798543067556 3.80630433461021 0 256
67.4613698769081 3.22639826890474 0 257
109.804850631596 3.66033330308882 0 257
63.889092876311 3.08942052557149 0 258
112.551904801034 3.06367513550915 0 259
73.2168667979607 3.11561907067335 0 260
79.0847138547886 3.04094666966299 0 261
67.3938469576905 3.75377435784948 0 262
116.689540763599 3.04115578478302 1 262
99.2606388590591 4.13985638817476 0 265
115.991335512623 3.16201503896893 0 270
63.8779366504783 3.63716644848856 0 271
67.3066347324568 3.49381783279221 0 271
71.4224739035244 3.18256343474807 0 271
70.4892709332335 3.23486813363253 0 271
112.181312716146 3.36723059690882 0 272
67.3065621888701 3.56662469382691 0 273
115.990926823742 3.21813779064754 0 276
116.739335548473 3.10229909804399 0 278
83.8656560656449 4.58163239428457 0 279
112.581774276574 3.22601260518028 0 279
112.664585380468 3.06080177243255 0 279
67.2904669012559 3.31669061927586 0 280
116.231294347863 3.24897980632862 0 281
67.3565554836734 3.03670221744107 0 282
63.7793886346799 3.05865124817039 0 283
67.4029858815485 3.08239281249887 0 283
63.9338116871767 3.81959181104823 0 284
80.5999191089131 3.05057721916708 0 285
112.152128046729 3.09441573997077 0 286
64.29383570618 3.13373590436993 0 287
67.3584344624698 3.30527670976192 0 287
67.4731896217798 3.03866238809584 0 288
74.8629425246047 3.48096275006246 0 288
65.9282251235338 3.05944792104929 0 289
67.3332092600323 3.38909849537251 0 290
0.00905616452573817 3.95435938711117 0 291
112.145694159933 3.37463247551898 0 291
112.653969556088 3.00924021189192 0 291
116.540988093456 3.16616700225758 1 292
116.898112618067 3.70738203753763 2 292
22.9012241344489 4.27629364654327 0 293
64.3375792301379 3.5429473825635 0 293
117.139291233131 3.25397285541598 1 293
67.2653624699005 3.20707633020871 0 294
115.972344185565 3.043287447068 0 295
80.7674679223198 3.38686838166867 0 296
67.2552076091667 3.44818513420008 0 299
63.6901971660938 3.33913876035656 0 300
67.4895627137695 3.8545041336151 0 300
67.318546173845 3.17363730696122 0 301
64.3140578447809 3.69708245834034 0 302
64.9008014760735 3.66621852821304 0 303
110.704809942975 3.20589721301175 0 303
66.6568711536307 3.22604741087344 0 304
116.602210673251 3.09743361061649 1 305
117.110484256623 3.92346769710446 1 305
117.126339058885 3.04018431939756 2 305
79.6150151211459 3.13282987512092 0 306
67.6138808402561 3.24988460657314 0 308
63.8069723368375 3.18402263858901 0 309
78.9396970924369 3.51271783377721 0 309
116.026920571343 3.8027693084726 0 312
64.2091628291904 3.64969599776112 0 313
91.6872989243209 3.44033193109213 0 313
116.508914528162 4.36920246963478 1 313
116.603979277098 3.50974113837685 2 313
116.647064674275 3.07452614112479 2 313
116.609195301952 3.75853081502817 3 313
67.7793085464234 3.05345469729957 0 315
100.337599613556 3.09657820913258 0 315
116.436168188676 3.63848241366278 1 315
116.157592581944 3.72952872554213 0 316
53.6703522828989 3.25373525759505 0 317
67.4749321248777 3.05788743126385 0 317
0.733152193009805 3.05900677723874 0 318
67.5797132808709 3.43739177040495 0 318
67.3385301811526 3.09649241744405 0 318
68.6815015959459 3.135514705133 0 318
116.096314656181 3.63837876839838 0 322
116.28870719972 3.29741116709132 1 322
116.046195982515 4.1116586552399 0 324
68.2365728842183 3.17233038975991 0 326
70.3793136643819 3.06320331560852 0 326
63.9012639502555 3.65810206781807 0 327
68.8070898531033 3.17136215365097 0 329
68.0189580995417 3.01412493702402 0 330
80.5683666990123 3.44722117065955 0 331
110.518417570131 3.05973138072546 0 332
69.3323011069909 3.03986412885958 0 332
112.592778778069 3.11772833329068 0 332
114.102461439181 2.99532121345377 0 332
95.6666911168788 3.26042923878691 0 334
2.55562645493577 3.26831339184679 0 336
5.91784022883255 3.3103878154102 0 336
67.2995739680243 3.07471337040746 0 336
97.134360662211 3.85284983878492 0 337
69.5709726971533 3.45110375657161 0 338
116.486399607946 3.33937880778901 1 338
116.742949820467 3.08836055534813 2 338
79.4165528105852 3.22463075000491 0 340
67.7937183603081 3.19313974646791 0 340
116.578560500386 3.49959972649327 1 340
63.7523828001783 3.05584376094118 0 341
67.2582394917813 3.01898102185624 0 342
67.380402949727 3.69618672139125 0 343
67.5848250839883 3.01117466880372 0 343
112.552953669626 3.2640343816971 0 343
68.0727082645679 3.01835573073573 0 344
67.2550341114194 3.03814860498568 0 346
68.5442288758402 3.92990708595391 0 346
67.3426879380859 3.050364413317 0 347
67.28236825647 3.36772686887655 0 348
116.084616839591 3.01562050004276 0 348
110.466208960288 3.55147054153963 0 349
67.2758809498876 3.00610729317768 0 352
101.516135402827 3.06816511312764 0 352
116.546602415367 3.06339743867494 1 352
83.0733801762562 3.46903135129246 0 353
116.165134075459 3.66029015881537 0 353
67.8426243977427 3.34459383851657 0 354
68.0026379116529 3.11979763089521 0 355
95.8906949166619 3.0182314953435 0 355
67.2966473474616 3.69084687537024 0 358
67.2587253821578 3.22670470891085 0 359
114.13890857356 3.42873834788548 0 359
116.807015987327 3.09156622848667 1 359
116.824357102858 3.04916388127377 2 359
116.826946815055 3.3215329265448 3 359
0.00541035591640507 3.51731155686335 0 360
75.9190863573524 3.03659767357186 0 360
113.150998185954 3.05156044729159 0 360
112.575853362652 3.00698036060799 0 361
67.2770038632478 3.70148963159795 0 362
67.2679644179282 3.05945684110645 0 362
67.3026810040441 3.35655813654791 0 363
99.4918901191883 3.03341897085468 0 363
116.013465979564 3.1882823487989 0 363
115.995798475692 3.30758162267949 0 364
63.7643686883269 3.18880018763197 0 368
72.0163518869524 3.09652330639967 0 370
68.4050775414245 3.03170404993691 0 371
69.8458654151852 3.10393402933354 0 371
117.131910022794 3.35302721539456 1 371
67.50935560748 3.07579404271937 0 372
106.073744395175 3.10111392144699 0 372
67.5202583527975 3.01233475132577 0 373
102.834734235134 3.20989332030892 0 373
67.2605629650479 3.04180075967828 0 374
67.5981626649123 3.57833152548545 0 374
96.7221076514056 3.18703308428727 0 374
67.2567416873669 3.13371001127059 0 375
115.075542240419 3.32025003668773 0 377
81.5235532391098 3.04477436051784 0 378
68.2241848941654 3.14873867701055 0 379
98.8950049534623 3.19894032828269 0 379
63.7474240767033 4.73996255630271 0 380
67.3698105273159 3.13785009967041 0 380
67.8772715081434 3.09704989572973 0 380
63.9162961929483 3.24341905507655 0 382
116.701181195537 5.44658711907148 0 382
116.772518214233 3.27123555488367 2 382
116.728354926533 4.37574823222826 2 382
116.708213549784 4.09061389369569 2 382
117.22100064943 3.00316870335069 2 382
116.969544508177 3.29570190645404 2 382
116.742013349605 3.26598289851055 2 382
116.941616268423 3.44578233311847 2 382
116.703268118982 3.36205849698722 2 382
116.70718766895 3.47266756486009 2 382
116.702093808792 3.84648411757974 2 382
116.701782825939 3.22916316630559 2 382
116.957273923835 3.14442127699808 2 382
116.703102124916 3.10981801175563 2 382
116.761876710774 3.06155937164118 2 382
116.732625826964 3.3755439303124 2 382
116.737970750077 3.43181091830183 2 382
116.710296657627 3.01800276920351 2 382
116.709865856018 3.54044838904088 2 382
116.728531582783 3.16458883416002 3 382
116.791328021212 3.01222300015013 3 382
117.155898729949 3.09678423555065 3 382
116.708117044059 3.10151127101523 3 382
116.799280248871 3.20561835715263 3 382
117.171463538648 3.96591457770709 3 382
63.8724001899838 3.1279402346755 0 384
67.2909095210799 3.14942890419184 0 385
116.495587606611 3.8451143536432 0 385
116.528020072197 3.33555437369724 2 385
117.088542491814 3.46558565086957 2 385
116.528745226285 3.74113279488433 3 385
116.777506733715 3.24555386526117 4 385
56.1453296789136 3.12168553153322 0 386
74.9369525122911 3.04744056263242 0 387
67.3283327846116 3.21580868275848 0 388
109.552380972337 3.09037414574317 0 388
112.050193275175 3.73823109819218 0 388
116.936422741487 3.38382137219237 1 388
7.84327753638554 3.70619399685208 0 393
64.4065439392922 3.2050485590513 0 394
66.0623869488694 3.0900929697077 0 397
67.4451013525797 3.00579287871615 0 397
67.2616215610711 3.78097511428491 0 398
67.4432700018589 4.1902974268757 0 398
67.6315645099609 3.50436268517118 0 400
116.478813717588 3.09075906359798 1 400
12.1201798467504 3.50933984343355 0 403
115.063496230745 3.31180041377107 0 403
117.23658117976 3.13165514360806 1 406
116.667003675112 3.67326433088625 1 406
117.045740219048 4.44132384137642 2 406
117.08340972351 3.28575861770138 3 406
117.250725639604 3.06346294861902 3 406
117.215208443667 4.36056217508325 3 406
56.0750845346766 3.16952222025931 0 408
67.3283757824196 3.03392541662758 0 409
116.318547547077 3.09555319862203 1 409
63.7887820574299 3.06609060269032 0 410
116.888634017396 3.06464870410589 0 411
99.8479053570668 3.29670855420005 0 412
100.664716558394 3.26504961123842 0 412
2.70930142786833 3.06359858235691 0 415
63.7465006574262 3.57408551796322 0 415
64.0653495767104 3.62623191035826 0 417
67.3047243615531 3.20089233611091 0 417
83.1680394387294 3.29482024054848 0 417
112.584645694593 3.00142061217309 0 417
104.824696553999 3.35205025042363 0 418
104.470906462421 3.11616046084929 0 418
113.172754609987 3.12155003071587 0 418
116.889779465487 3.02714521784048 1 418
78.165646740015 3.45996652552292 0 419
73.4537339102366 3.39284110991616 0 419
1.10148788808239 3.32555948717079 0 420
0.406388584371069 3.10819992070946 0 420
116.030658372574 3.00171098665673 0 420
116.35810900757 3.2918711261608 1 420
0.0242163355246676 3.58077975274788 0 421
115.983574018179 3.12331285254933 0 421
63.7463073363938 3.20641645016791 0 422
68.8094073220948 3.06490784749098 0 423
67.2725666161647 3.34036603449182 0 424
116.222719145959 2.9984413882313 0 424
115.040535463304 3.15546073298646 0 425
69.3504111716479 3.35891158140881 0 426
116.759148439373 3.3070594452105 1 428
116.762260536599 3.13240002793249 2 428
115.973267651782 3.11345961054751 0 429
82.9045049913044 3.2198714064947 0 430
51.2308719527168 3.06854798302839 0 431
64.7054792911559 3.07386782802263 0 431
112.382951589082 3.16848020492213 0 433
67.4205888496516 4.48246624822065 0 435
67.1425868982555 3.51787380120247 0 437
63.7631697145748 3.06184232279491 0 437
115.204053603007 3.14050062294805 0 437
71.2729517513448 3.01929310883455 0 438
106.788259106178 3.44221334711443 0 439
70.0028161907768 3.23428092125083 0 441
114.495989029215 2.99822974204021 0 441
116.905069908806 3.04074927464448 1 441
67.3678302001125 3.03119343733023 0 442
112.831439279264 3.14450294764017 0 442
4.56569026624061 3.06789554252406 0 448
69.5826644363783 3.60188701725876 0 448
92.0382988020655 3.12839075449966 0 448
112.20532444745 3.24021126414575 0 448
65.5259348484794 3.2576506322218 0 449
64.8506836582084 3.66060686483099 0 453
96.5134205466724 3.04131026244693 0 454
63.7685853589635 3.89999218471676 0 455
64.8231032831536 3.876479283081 0 456
68.4645530164017 3.1076234471589 0 456
81.6178484163053 4.31001513408387 0 456
68.4709683660213 3.55860750925665 0 457
111.994713658784 3.52826270218104 0 457
109.631633550611 3.02523573117177 0 458
64.1104424934563 3.11161941192313 0 463
67.4719400438283 3.48007459510324 0 463
115.109931981368 3.74576968453121 0 463
65.8563506022814 3.36093383047005 0 465
109.535633691873 3.38206771295689 0 467
114.529426901897 3.15170116648311 0 467
116.257380603411 3.32588713445233 0 468
114.625636563168 3.32970657412768 0 469
70.6982361640531 3.38898943101916 0 471
112.024923285348 3.07508716802635 0 471
63.7554515043383 4.09653739085159 0 472
67.2762662406478 3.47873569809691 0 473
70.6643498668749 3.70991615828396 0 473
19.2020024795431 3.31657021245401 0 474
63.7685129372233 3.76479161926483 0 474
68.0373458517516 3.20991051615337 0 474
9.06403511656768 3.5098216934772 0 475
63.7602721412592 3.15103138067566 0 479
67.3442614832934 3.06426341386415 0 479
67.2616988174613 2.998802552365 0 480
115.040266030261 3.33866384776968 0 480
67.2663711171632 3.2309361690226 0 481
67.3659402555666 3.08429192460197 0 484
67.3015496381845 3.38262058666811 0 484
116.97321750245 3.30852475541066 1 484
0.682045613798411 3.06896227886863 0 487
63.6955017678383 3.31825258448609 0 487
67.2643108434808 3.19612368568038 0 487
65.8161989459582 3.49868316244672 0 488
67.5729013053565 4.04516453667 0 488
67.254995700463 3.35406636510162 0 488
67.2651683995299 3.03339416352708 0 489
67.2691735620743 3.66530560728717 0 490
72.6355567728841 3.36465598353723 0 491
67.2566633929232 3.40158738951093 0 492
67.7371073438392 3.38591351165613 0 493
98.399160810081 4.5368618138055 0 495
111.90436204081 3.13300828930915 0 495
116.176597662552 3.43211144491194 0 497
109.900839739624 2.99714382436269 0 499
95.1195246891509 3.12358238115038 0 500
63.7841811641384 3.418378055042 0 502
67.6212367071134 3.23758245171055 0 502
116.732029970949 3.23155293908827 1 502
68.9258059640273 3.09666778118627 0 505
67.4721572227826 3.29618403127813 0 505
63.7403668083474 3.51820519619807 0 506
67.2831810192881 3.49081001148868 0 506
67.6984600693945 2.99838157452333 0 509
0.0935872591782277 3.28024837984577 0 511
67.3138587533516 3.7505179674379 0 511
115.976185590313 3.16951879648091 0 513
0.0468803269334587 3.35520752701412 0 514
67.5237299379018 3.07586942485841 0 514
67.3631496637155 4.04451817966013 0 515
0.13579738521605 3.07960673119844 0 516
68.519782344326 3.28714509102036 0 518
67.2947221985838 3.30547561459368 0 518
67.2899816495059 2.997706694888 0 518
64.9921904024011 3.44325634196086 0 519
68.5033431269503 3.35246089115191 0 520
31.2748681151104 3.07073225183664 0 521
68.1937771705175 3.17544054250998 0 522
0.0512809694955519 2.99598568579906 0 523
75.1870674064227 4.05510194183201 0 523
116.38329357891 3.24705772270534 0 523
73.1072087118333 3.03395954125268 0 524
63.8083351171359 3.02630302296729 0 526
67.8799861652407 3.11429001726639 0 526
114.072564190921 3.12682344075391 0 526
75.908377236274 3.00628149112048 0 527
67.2990960481964 3.31801020142569 0 528
64.202014067908 3.50681810603933 0 530
68.1004221520612 3.15526508924227 0 530
116.298528011403 3.02865801942114 1 531
67.2538212720235 3.16165583096021 0 533
116.778985702181 3.02845220328811 1 534
0.125105810209107 3.33283713276461 0 535
113.074537596538 3.25409998583448 0 535
115.041490122563 3.02285157485368 0 536
116.45113958789 3.62297672915692 1 536
67.6956022140209 3.31987429420154 0 537
116.594785419739 3.02210701999973 1 537
75.161130187933 3.17243733686034 0 540
112.403641962294 3.33493392815496 0 541
115.989367243871 3.33602540362334 0 543
116.013119357334 3.00704024688817 2 543
64.3858371504486 3.02693055676702 0 544
67.3220137044833 3.22605817193554 0 545
112.648716662751 2.99777780717514 0 545
69.1273456817699 3.91722922324248 0 546
63.7754442436741 3.13233698145676 0 548
78.8465569229108 3.24528107067016 0 548
116.005253540064 3.06129400730491 0 549
63.740732919097 3.58701904884989 0 550
109.602723127631 3.1980976360169 0 550
116.335683934371 5.06100550828653 1 552
116.350037500873 3.4530722561596 2 552
116.691198479664 3.0343797290869 2 552
116.399382564365 3.62000034888704 2 552
116.337675743818 3.20104833101066 2 552
116.335763951968 3.13834611866848 2 552
116.349463212046 3.20050020956809 2 552
116.387027968359 3.49262118714725 2 552
116.682558040614 3.6975059653014 2 552
116.349723730147 3.81701760716082 2 552
116.463363005766 3.61435822687433 2 552
116.465484539161 3.00630262693333 3 552
116.875140644696 3.56715017857821 3 552
116.484066570485 3.10486035831611 3 552
67.5879562378706 3.18059571788696 0 553
115.125756949151 3.02506311698911 0 554
14.6340939980801 3.15917596419325 0 555
67.591174712938 3.08137412378474 0 555
63.6638711818951 3.39947162715777 0 557
103.325467311585 3.07240815389662 0 559
115.242914262611 3.41255911506742 0 560
69.7803463837425 3.42161693244175 0 562
94.2757966511152 3.40293508575801 0 563
67.5701357155628 3.40630012706194 0 565
82.6751438490528 3.95113682972327 0 567
63.9225549289527 3.04308926736765 0 568
116.473710733198 3.53851695361124 0 568
67.8502139271564 3.8855194238095 0 569
68.638095627 3.84808500053395 0 569
67.6634574756252 3.24801003995646 0 571
97.7312984084142 3.81209395751656 0 572
8.18022124822251 3.01997678925732 0 576
67.2794689693452 3.47741010295895 0 577
101.571932098688 4.14284210956371 0 577
100.703268279481 3.03250414080449 0 577
64.3003480240496 3.26170236266336 0 578
112.521654589796 3.03777386708266 0 578
89.8262562549234 3.0152760832657 0 579
67.4086133215647 3.24627939374702 0 579
70.3582566503399 3.48261975398267 0 579
67.2546525954288 3.38148900715425 0 580
86.2383462184396 3.1111988882466 0 580
91.317591953543 3.05135286282913 0 583
2.28194351723044 2.99387021195372 0 584
69.1248796523953 3.21006004947046 0 584
0.0274258808824675 3.02095981928864 0 587
116.847915359986 3.49540006586284 1 587
112.103507964872 3.04865878127348 0 588
64.8436305985282 3.07495781954925 0 592
112.684457171803 3.22298383327716 0 592
116.614979207962 3.75045964471253 1 592
113.137258638955 3.33750941767027 0 594
116.281305090165 3.11669959845604 0 594
67.2952581337981 3.40939198280618 0 595
64.2207532015332 3.05196210588118 0 596
0.141816082626404 3.04365921331465 0 597
95.8854542966247 3.03159296396144 0 597
106.637186624008 3.43647087187243 0 597
115.039988043691 3.01578248269194 0 598
73.8765796631137 3.19738162703595 0 599
92.7901562585735 3.04035388504483 0 599
116.341393301379 3.72916562870768 0 600
67.4423079603062 3.26560906131417 0 601
63.7728369826045 3.65205768865338 0 602
63.7537774897015 3.47014167923848 0 604
44.2683426329352 3.53812246144844 0 606
72.8224553695789 2.99057738034202 0 606
72.6352923583544 3.52245823400555 0 607
80.4195934295059 3.07329547715988 0 609
115.942932665979 3.44377083457391 0 609
67.374678630409 2.99046263710943 0 610
68.3083404246635 3.20478245594115 0 610
113.289582497262 3.94875097572783 0 612
60.841601422804 3.07710001161901 0 613
67.4496809269124 3.11050335047658 0 613
112.188451029488 3.19745013002203 0 613
116.006307572704 3.30997845405567 0 613
67.5554069203196 3.65478391121016 0 618
63.6544285688807 3.12281278114553 0 620
74.2909973837927 4.02311807469594 0 620
112.20217240891 3.06692610777494 0 624
65.6573092722375 3.07849610396357 0 625
0.114287685028759 3.0083974879185 0 628
116.220376121096 3.15402158540973 0 628
63.6708178259157 3.19156633851602 0 630
63.8483567859832 3.07007261359667 0 632
102.467814215628 3.08741644216808 0 632
115.126479004828 3.07648883348267 0 632
69.888817610896 3.6748290457857 0 633
67.8151178683997 3.65640651011112 0 634
70.6745618732709 3.15792616139519 0 637
4.1788735226857 3.04553338252105 0 639
67.2693617375728 3.26548701294145 0 639
71.411477711558 3.16389162460365 0 639
112.693347401696 4.38846237772007 0 640
82.8296765855505 2.99756064967493 0 640
68.2375381305011 3.47796288698935 0 641
67.3247879824951 3.73163782393372 0 643
68.4944962562535 3.09919694834542 0 645
67.7945902994448 3.51478909775736 0 645
116.280079605038 3.46314200814356 1 646
116.811515469318 3.30143906681125 1 646
106.998675683326 3.03036736994382 0 647
63.65331132606 3.01202306070167 0 648
89.5923878447271 3.43999588456103 0 648
73.465185427325 3.0487014242755 0 649
100.340513139878 3.15051914736054 0 649
67.5238454838165 3.06756864579192 0 650
74.0387777262266 3.17585571525722 0 650
82.4394170685739 3.0662672473542 0 652
67.2631892988789 3.19461204601129 0 654
53.401475624781 3.2435668527192 0 656
67.3697055333191 3.48027442927694 0 656
67.5881453450306 2.99012015256731 0 656
68.1692286012734 3.16037521281038 0 656
110.978590347316 3.28113693495062 0 656
115.997791627415 3.38394120776893 0 657
73.3288766667015 3.04941386708571 0 658
116.504184321947 3.23568705834436 1 658
0.384544613368372 3.28781368290897 0 659
115.04499364443 3.3093275401021 0 659
0.66043807057312 3.03402593565395 0 660
115.977756260085 3.09965746517231 0 660
64.3993441591968 3.31089047449137 0 661
67.7856085472954 3.1016409174144 0 662
65.3766673521928 3.02795956147057 0 664
68.5625243623785 3.00645850491432 0 664
70.6551614887423 3.00774321424549 0 664
2.32326595836168 3.74376860256871 0 665
67.4340737170547 3.43618256040445 0 665
67.6689326867684 3.97354045225419 0 666
85.1959104804282 3.02121923253394 0 667
67.7000075018683 3.18759244396963 0 668
67.2541460827045 3.01286467745038 0 668
67.3156708040752 3.02119732835039 0 669
116.041442825531 3.01912642291729 0 669
116.16402845682 3.13131419542367 0 672
116.232055819411 3.07598121332819 0 672
75.4349687397624 3.53729043308443 0 674
72.2051439145981 3.16721481553823 0 675
66.286386754386 3.19772480583419 0 677
72.737323084769 3.20161848675914 0 677
67.2808165489166 3.05061724778612 0 677
69.5731002353029 3.93974292841525 0 677
70.4738667875084 3.0931209733806 0 678
67.6353169207841 4.09950347542781 0 679
112.5736374257 3.07309925899892 0 679
115.074674906173 3.26411531821891 0 679
107.833793069108 3.23049640094414 0 680
67.7378884455053 3.43887464697261 0 681
116.340308038033 3.23586652154454 1 681
91.4368960786182 3.10125054991852 0 682
0.0682123586171646 3.04749001522222 0 683
116.035099718086 3.16496158595261 0 684
115.978095420734 3.2032573860991 0 684
63.727524031832 3.31443290986094 0 685
67.33802774988 3.21773492060257 0 685
99.2131920670182 3.2526345741896 0 685
85.3791671748815 3.02372347997301 0 686
109.522760899258 3.04365793208654 0 686
64.2785827854491 4.06083849905131 0 687
81.1592480438996 2.99146375948717 0 688
112.238946537605 3.47440167225975 0 688
87.8935539051212 3.77551413338134 0 689
116.377792911585 3.36404873988571 1 690
67.2565874349665 3.15232311850607 0 691
77.2453005125884 3.76640463531359 0 692
67.2731246741486 4.04461971039874 0 693
113.722814436485 3.80463819182618 0 693
64.3661221956733 3.17968438703595 0 696
112.574292627098 3.15328143017179 0 696
64.428478722488 3.86813344377252 0 697
106.281512300022 3.27834692819906 0 697
81.4531427605665 3.04357937527103 0 698
71.4762851109179 3.25841633291669 0 698
67.2531998327778 3.24184142950881 0 699
111.898432483838 3.57794407834881 0 699
116.270159014016 3.34632059983879 1 699
63.7573240078053 3.48411128770171 0 700
67.2761865886012 3.27023609321046 0 700
64.3678156800864 3.23088819256199 0 701
80.8940900156958 3.45803035580939 0 702
77.5003610120915 3.14914436881084 0 703
68.1967558249463 3.21155056402389 0 703
0.132657803264663 3.29496419379038 0 704
91.0464725660828 3.35193628292634 0 704
116.423914554277 3.08287709475898 1 705
67.4155645974218 3.25880634373172 0 706
67.2700020094015 3.53085089324971 0 708
96.9326354053369 3.41107138685943 0 710
107.804999325176 3.01605307934082 0 710
0.76067085996479 3.05309311821071 0 711
75.0767725329202 3.18322358487987 0 711
97.0172893889541 3.45629296066106 0 711
117.221743308072 3.01538073254759 0 711
80.7091481340709 3.15918144516433 0 712
115.990388344873 3.4907844892261 0 712
115.978025450481 3.18680113897903 0 712
67.5492013774947 3.14018782166369 0 713
80.9268337554588 3.56178811329721 0 713
67.2606121431232 3.31722640351463 0 714
67.41093789132 3.10562125905779 0 714
63.8021543606874 3.00587904275955 0 716
68.3934608441785 3.07580109141395 0 716
71.2907580738257 3.39004546442789 0 716
67.5270369714585 3.17856458882203 0 717
67.5658356141492 3.24268749962169 0 718
72.433066445416 3.02237994021896 0 718
114.880521004527 3.17757624858081 0 719
65.0584024476171 3.49502673919904 0 721
67.5591867718342 3.39951980472101 0 721
67.267692438883 3.03216747841637 0 721
67.5472197112884 3.00885347151222 0 721
69.080040620842 3.02745119708477 0 725
68.8451765831734 3.14944297755402 0 727
68.0239558849187 3.21297266723738 0 727
111.140508390951 3.44079083827963 0 728
68.1785911316751 3.1773846771061 0 729
99.8932078677567 3.09364282873807 0 731
112.143337274896 3.25817734541172 0 732
67.5785006029126 3.27127115283326 0 733
69.0983049026315 4.14801572032716 0 739
71.0466884513596 3.07502328779247 0 739
97.7188920520469 3.10692343338229 0 739
116.72413929061 3.62737475189446 1 739
67.4227409753451 3.37916264137813 0 740
75.3174332495292 3.42133983300731 0 740
68.772023861552 3.38054610509486 0 741
115.197003215213 3.01247113622497 0 741
114.535635279767 3.02526161991717 0 741
63.6503492322071 3.24094362855338 0 742
67.2584004613913 3.13125066604446 0 742
116.417676471154 3.2700746759694 1 742
69.3292418221723 3.19002397391229 0 743
4.42971485858625 3.06328365365343 0 744
67.5708683270696 3.10311988627772 0 748
91.4894641795351 3.16628784730495 0 749
115.977305148033 3.05013782307411 0 750
116.778672746635 3.63573174446177 0 751
116.499479944333 3.25981965658166 1 751
116.781290526924 3.32845986495266 2 751
116.910070990245 3.44787440680612 2 751
69.9373502747685 3.15775491521533 0 752
116.310554620791 3.13724003495775 1 752
116.810501040202 3.44131365295396 2 752
116.835712259738 3.08808763740112 3 752
116.046564338444 3.86964470882857 0 753
116.161000036811 3.06699430810156 2 753
0.00703474189592672 3.35917654538023 0 754
24.1189887087816 3.43122359988328 0 754
90.0180363422715 3.28945265154435 0 756
70.136392079746 3.33740815625889 0 756
67.6486484815567 3.1981199082998 0 757
112.250559983309 3.3729261280138 0 758
67.3553033718231 3.3856320868271 0 759
0.0342847727667495 3.78462205286424 0 760
66.9651741398879 3.19648937689618 0 762
67.2635569435107 3.11564291701067 0 762
69.8816163119026 3.58486446670897 0 763
80.7924462871882 3.07631360553087 0 765
116.522711707725 3.01216507918721 1 765
69.2409658229285 3.14258246770705 0 766
67.42129232191 3.19557800778128 0 769
116.7039557178 3.54517185692471 0 769
116.982653305021 3.08106439465997 2 769
116.502398145366 3.77587163268197 1 770
116.399855536622 3.31803374564466 1 770
67.2636254675766 4.18907954673487 0 772
104.912097600912 4.15102433946626 0 773
116.585630704164 3.50541274325194 1 776
80.8895978710255 3.25064885997348 0 777
106.686265354497 3.19596597722514 0 777
116.768797131469 3.00876631685014 1 777
94.0206985453958 3.15457675345542 0 779
116.007727998802 3.10780281333775 0 779
66.6189886732844 3.44869468417337 0 780
97.8712298834469 3.05360736609795 0 780
0.145029107120782 3.70216219151898 0 783
13.8583535586428 3.25360717477527 0 783
67.8930870074751 3.07432775575416 0 784
67.2737709541808 4.15991533179144 0 786
66.027050256099 3.42620008200721 0 787
67.2570600998837 3.31471718261913 0 787
67.513438789403 4.30477950221418 0 788
69.1583227783325 3.2016156317927 0 788
67.2951521496026 3.49922978089191 0 789
67.4994250010619 3.0384591605951 0 790
1.15388058531398 3.01472777694636 0 791
90.6472121062856 3.53494231767555 0 791
64.2904313216555 3.15007097413186 0 793
67.3893844753776 3.01401559354167 0 793
67.4257773885138 3.0564327971567 0 793
108.44685719663 3.39528279319015 0 795
116.001927128549 3.24442187687048 0 795
115.980582048257 3.52390309950341 0 796
63.8577295707407 3.08241794080858 0 797
63.7413240393148 3.50751148378159 0 798
68.5523312366491 3.17843053582465 0 798
70.4070867112162 3.22455463121532 0 799
109.573291722228 3.04298613668493 0 799
111.927486562846 3.05790155618087 0 799
63.7434346891082 3.34680269961407 0 800
71.3982153600408 3.10371632931867 0 800
68.9622607677394 3.25209278435881 0 801
100.655444597629 3.07502774633905 0 801
116.531578167322 3.20366251275971 1 801
68.597810636745 3.30985376160376 0 802
65.7539509044691 3.13842324032972 0 804
80.511933830523 3.20904249653156 0 804
46.2010269621425 3.34692672858857 0 806
112.071201479627 4.36206404696808 0 806
109.520040309388 3.25926710007211 0 806
112.65720184452 3.42317143356887 0 806
63.8503808301618 3.04703608722222 0 807
73.7188263402823 3.14010217306601 0 807
109.692950282453 3.01233257709368 0 807
115.058288498956 3.14388618369732 0 810
115.53087829465 4.21279183074522 0 811
116.083146117371 3.37408702608293 2 811
67.3470478430142 3.31431910301608 0 812
67.8329178017638 3.41169379438639 0 812
116.848080533537 3.29698747566774 1 812
65.1910274811097 3.78958425023599 0 813
67.2677662575623 3.40401376469935 0 813
67.2952334392058 3.64997557997266 0 813
64.7901032355932 3.34620713153949 0 815
115.340585232049 3.08345812852492 0 815
67.312554903409 3.16316556802526 0 816
67.3563509011817 3.12979809708069 0 817
68.1308203122869 3.04011887663496 0 818
82.8487634626282 3.04395502319844 0 819
66.0729490708414 3.51753400520836 0 820
109.527370155594 3.47921796277872 0 820
116.327505195727 3.19390557686275 1 820
68.3738304738379 3.21293328393951 0 825
67.8426970875771 3.9270594702698 0 825
115.150230856505 3.00647843018053 0 825
75.9295881052682 3.00447206649976 0 827
116.813614877387 3.63103085339604 1 827
116.935414454257 3.47423808852357 2 827
64.0784559180626 3.10346384936854 0 828
63.7883448227682 3.10994753556644 0 831
64.2211657040489 3.93958239468388 0 831
117.070854280851 3.42862007014173 0 832
117.089836038025 3.15228975762124 2 832
117.090393128215 3.07032957587593 3 832
112.144302890245 3.09416799456599 0 833
68.6038485304641 3.55734731158841 0 834
117.00723761193 3.07074393216303 0 834
117.03087676808 3.00451864803344 2 834
67.2551498951696 3.01239676132321 0 835
67.772903450437 3.07985029817848 0 835
71.137983066967 3.13679216756965 0 835
67.5334186292658 3.42923280438133 0 836
76.4670268941398 3.51510743509514 0 837
67.3135407535818 3.15102157101083 0 837
116.881153933219 3.10493167865822 1 838
63.7456821127932 3.4702372497971 0 839
13.4038812627597 3.09844948398742 0 840
67.2707186181415 3.03410512121547 0 840
98.2905804250646 3.20681993462068 0 840
74.6227443143539 3.97878743673199 0 841
84.2534330016344 3.11599428223102 0 841
67.634411282911 3.16676213968195 0 842
68.3653108633705 3.22031206575493 0 843
82.074498751755 3.71913310303806 0 844
68.9169772775042 4.15832570005005 0 846
67.5356387328136 3.15059846289814 0 848
78.9498534616132 3.34592013486649 0 849
0.0176459417214393 3.19596886112449 0 850
68.7064989265272 3.25027659588012 0 850
67.3701331461004 3.08008586525106 0 851
116.557846219958 2.99338940250181 1 852
69.8045471223319 3.37128336542067 0 853
66.6995279249579 3.73207053668673 0 853
67.2545262866632 3.05586889846582 0 853
106.569551122789 3.59197819963146 0 853
116.974801319865 3.01354798964244 1 853
63.7961814675285 3.6705183121585 0 855
67.4338384976981 3.01832925575519 0 855
83.710787989808 3.50114505997984 0 855
109.43576426883 3.35910867452525 0 856
85.7729908529382 4.10467651993038 0 857
95.8779737823441 3.67049185626744 0 857
112.575895116142 3.75851313874666 0 859
67.2713052681977 3.06679047150944 0 860
67.7766310218006 3.46950894705494 0 860
64.807436822886 3.3957141738922 0 861
67.2673034357772 3.08653628738622 0 862
67.2576043153164 3.1448513470493 0 862
65.854346100235 3.73853438551077 0 864
64.9753330754048 3.21411003121288 0 866
74.2160933066919 3.23672574306915 0 866
8.94712232166121 3.85466918996959 0 867
116.404210170395 3.09793093076894 0 869
68.0623084689774 3.33709324590159 0 870
1.18460378526452 3.90276054961896 0 872
63.7965249219001 4.3617078249168 0 872
65.4891842972428 3.03350240821558 0 872
72.1958425590625 3.14339464912261 0 872
71.3289383226939 3.03008661393673 0 873
63.7541278681559 4.0189432580102 0 875
66.3101336828974 3.00065520737019 0 876
70.4939795780321 4.01157104906179 0 876
74.4591408730196 3.30339884077835 0 876
80.9740620388244 4.0109992915781 0 876
98.7361611958613 3.44392031762985 0 877
115.170805361006 3.05168170915516 0 877
115.985779734575 3.2533466558686 0 877
71.9452111124818 3.06330489054844 0 878
0.118353929788958 3.01169930338702 0 881
67.5040680864074 3.0391057453242 0 881
72.0956224810827 2.994646096107 0 881
19.4224682481903 3.23525561687618 0 882
67.4391986563691 3.09458076267698 0 882
68.1479494219545 3.22801356089353 0 883
113.076052636282 3.51956350152914 0 884
113.004652041362 3.22395147596079 0 884
100.403591593638 4.57552575755277 0 886
63.8893442295356 3.19475801649022 0 887
114.024254764353 3.40337126228046 0 887
67.4829959015832 3.20217146347759 0 888
67.2723322347418 3.10057392697155 0 889
107.90407230583 4.50512183774037 0 889
116.360581126278 3.11146392553508 1 890
80.5216078708758 3.22869146333864 0 891
71.6269213692625 3.12828535452008 0 892
67.3330232678361 3.02158835635145 0 894
96.7937117688577 3.10405352377441 0 894
68.2168717145039 3.03762929368994 0 898
117.024277499392 3.14214760638595 1 898
68.6438279072573 3.16136987699437 0 899
67.2981362827071 3.24170490836725 0 899
67.7615123536574 3.24299305792588 0 900
109.91185153286 3.07829343136923 0 901
116.295994547387 3.00402593372304 0 903
63.6622181398667 3.18849296464332 0 904
103.20005822929 3.01549106373834 0 905
67.2932525587836 3.26728016682004 0 906
109.52541861095 3.18200630547511 0 910
115.04578170288 3.39907899209251 0 910
116.421776376412 3.0242683089714 1 910
64.2036494027497 3.36520884906846 0 911
67.2978532526171 3.00058578899052 0 911
68.843825298625 3.23578011033402 0 911
109.581235971811 3.5494845234522 0 911
115.983565031773 3.38324048233358 0 912
67.8280714108205 3.47661925140483 0 913
67.2785462086061 3.07553611850513 0 913
107.286400183399 3.15605773135754 0 913
63.9620939545218 3.8320846558167 0 914
71.4826949173381 3.02860386173515 0 915
69.5432456827132 3.33865861762359 0 917
63.8257988269571 3.1046899817899 0 919
112.229229738415 3.30289446281102 0 919
67.2738300554903 3.52694776396959 0 921
117.114188462011 2.9965949797488 1 921
67.2973510428921 3.0750016050365 0 922
115.9815555286 3.72879656879689 0 922
63.7452589520739 3.04221615979482 0 923
67.2697540572004 3.90320989631685 0 924
67.2724211167393 3.14376693055398 0 924
0.00939825369695193 3.17835306813155 0 925
67.2735405979681 3.3481777428597 0 925
111.635685435864 3.41468594918251 0 927
66.0298992052886 4.13052985110517 0 929
67.2682571250792 3.97046714567111 0 929
116.739312417164 3.43785320460206 0 930
67.611598654566 3.13841044213639 0 931
92.8820718610151 3.35231252196795 0 937
67.2643567830738 3.17737371125942 0 939
67.2574664234563 3.11355024569637 0 940
67.2865885136386 4.02865151832309 0 940
67.3648685569185 3.25859208779604 0 941
88.7033213766479 3.2940747442727 0 946
116.433870573276 3.44403704734205 1 946
63.7465155912433 2.99028202242241 0 947
116.475128127941 3.27777349424563 1 947
117.201613695341 3.01452498578226 1 948
95.8042184470788 3.40453016415793 0 950
116.427272615935 3.64436534596734 1 950
109.556900552346 3.48278851068674 0 952
116.009289051104 3.29880204336428 0 952
101.088650949931 3.00959322695153 0 953
18.7761664786681 3.07176181219372 0 954
100.077984989341 4.17933006463737 0 956
21.1044170419121 3.37600279657514 0 957
0.0750679123828408 3.48100350093273 0 958
69.6405714061396 3.07889870108693 0 958
117.007348568858 3.05101639980662 1 959
67.4619957724583 3.13475270478917 0 960
116.861113258152 3.65642204360073 1 960
7.85386763456934 3.16856999904728 0 961
27.0208999748801 3.08859160525092 0 961
64.3801520571446 3.06297263683471 0 961
67.6138175575455 3.044544629495 0 961
67.3410363573327 3.16407923575351 0 961
113.812230245127 3.39658922716638 0 961
117.174135260963 3.03315372209199 1 961
110.063491370348 3.1078617935698 0 962
18.6594636201301 3.0464745315167 0 963
3.16182392665403 3.16912575317378 0 964
65.7621544228755 3.00849246183173 0 965
116.688344749603 3.05341385002974 1 965
64.0263402546566 3.20960885464601 0 966
64.0023124171952 3.8374152130862 0 966
88.620453891451 3.0421803878091 0 967
116.531671628802 3.23676603414462 1 967
71.1615878408847 3.08444396841722 0 970
85.5365549563342 3.23257127328301 0 970
87.7124622411192 3.51038626354148 0 971
109.512941944069 2.99393606196171 0 971
68.4679235295925 3.31042809232482 0 972
68.4681170709526 3.61207377746494 0 972
64.1407746584657 3.42050414508137 0 974
63.7804501221623 3.9963708571488 0 975
67.2687136843042 3.10832467914742 0 975
67.2806994046461 3.21095541811658 0 976
71.4898641837782 3.53324791876862 0 976
78.3111378925395 3.70446505728517 0 977
67.3738770676371 3.02002634815479 0 977
115.221433387179 3.20108962130553 0 978
64.0870729197244 3.16452165602864 0 979
115.676597859804 3.26640880945409 0 979
65.2654100067188 3.0247226424866 0 980
76.3463019464505 3.1109538592241 0 981
67.5266850460183 3.17584230553423 0 981
115.058655985985 3.13217067532523 0 981
109.52198347071 3.08272313819044 0 983
64.0469150547346 3.95884634393341 0 984
0.952930927712128 3.03748098202578 0 985
67.3457097862676 3.22564458380276 0 985
66.6608560190837 3.13921076631847 0 986
67.4856710029262 3.11794719621986 0 986
67.2823669329447 3.068022040881 0 988
69.4252814365371 3.44179822017209 0 988
67.6291082011379 3.05095276489038 0 989
67.4993758426127 4.7653472013071 0 989
72.6328840590611 3.3425527888189 0 992
67.2635243472157 3.16084842575832 0 993
67.2919783494321 3.28500941307336 0 993
67.4208178638221 3.51117773072971 0 993
113.540724120216 3.04361219263693 0 993
63.7555108877301 3.98063365986126 0 995
109.54361756076 3.15524084543137 0 998
63.7572847001626 3.83427590186473 0 999
68.5641510567083 3.11112607334776 0 999
114.908899938343 3.11108194126531 0 1000
