"ts" "magnitudes" "gen" "cat.idx"
74.8684870309758 3.44553114565246 0 1
95.1977461233949 3.13619354865253 0 3
63.8250217008243 3.15502786132965 0 4
67.2973010840997 3.67214904620658 0 4
68.8047721414852 2.9912562985418 0 5
91.4513964073284 3.15499151432124 0 6
67.3980949235122 3.21464097968466 0 7
67.7476621144174 3.69089600012202 0 7
95.1306109590628 3.19763849812351 0 7
77.7123242505902 4.96466206180111 0 8
67.346644726211 3.03394633027547 0 9
16.2353280281361 3.22982262704639 0 10
64.2084966975754 3.07871558179164 0 10
67.3607530698092 3.15904804111247 0 10
67.4856267097452 4.52830720720973 0 10
63.6494887768685 3.05511306561387 0 12
70.2641903427559 3.21142732814853 0 12
67.4691420940975 3.21909123188926 0 13
67.4584546064605 3.36368895958096 0 14
67.3615417035927 3.19512037076375 0 14
78.5840093951554 2.9931586279544 0 15
0.0647184724945578 3.46706683781577 0 16
67.4810590031584 3.02578616436915 0 16
67.3061683039543 3.30919219098333 0 17
73.5882154900707 3.13295009197569 0 17
95.2740864421977 3.49653419570974 0 17
95.4389199847162 3.04134801944248 1 17
95.293618939879 3.04109348268043 2 17
66.5581410752627 3.06554982611389 0 18
63.7616472432699 2.99930289898197 0 18
67.4945623632604 3.51129557715639 0 18
94.8391822991375 3.76445655251422 0 18
96.1224040142067 3.01902021050475 1 18
67.5461400484157 3.08892065895473 0 19
67.9877697903311 3.45344580519782 0 19
95.1909553282255 3.05751065931133 0 19
76.1343456913624 3.01978767371159 0 20
67.6889841009932 3.19037616319044 0 20
95.1783346623533 3.99565913562369 0 20
87.4640317234333 3.00409409784564 0 21
95.3137924626742 4.07996817967501 1 21
95.4173936916617 3.07060662956304 2 21
95.3341538134254 3.14025970325524 2 21
95.3278550168991 3.13115612798212 2 21
95.49443443583 3.14928272694105 2 21
95.3264299204829 3.52889803003728 2 21
95.3503430041656 3.47406888363917 3 21
74.3945257921957 3.49660037088868 0 22
69.9345385851571 3.60157707518231 0 22
73.4795432200217 3.03695081458203 0 22
67.2775385900049 3.48632609331999 0 23
67.3257166856355 3.4217619569205 0 23
68.175040712933 3.63918972125984 0 24
67.254593425925 3.01512141431414 0 24
68.1687794673975 3.0544344303207 0 24
95.2675650497841 3.57547321191598 0 25
83.0480124518587 3.10850651356118 0 26
80.9233566260858 3.06804782873991 0 26
67.7318423171459 3.80002198451756 0 27
67.3283827255019 3.39385942573639 0 27
67.257039080613 3.2506161968876 0 27
68.0736470396016 3.72733418205103 0 27
67.8451805829526 3.33089432969879 0 28
90.3809096071865 3.61128156585928 0 29
94.4456209387904 3.18678104938895 0 30
67.9736898263668 3.52454126031613 0 31
72.5851402509046 3.58750720251538 0 33
96.2227637129642 3.31825215459162 1 33
78.5173556172189 3.32676341138581 0 34
91.8669234215031 3.08598860717514 0 34
94.1705542289804 3.13009310217861 0 34
42.685513212982 3.10521536272114 0 35
68.2519757323943 3.46940368942449 0 35
67.7672639111043 2.99371555681772 0 35
93.8166608615448 3.11781321032866 0 36
92.6680635913665 3.30980214074337 0 36
67.5387659915383 3.11738483872428 0 37
80.6975727316755 2.99049587499135 0 37
94.8318393432613 3.09714439349807 0 38
63.8688081532739 3.47923043867552 0 39
67.357018467109 3.26822404398529 0 39
89.2086968510476 3.20491809267462 0 39
69.9865641795577 3.5718290750066 0 39
71.6932389202424 3.13146026211734 0 40
67.865667742088 3.11324044262004 0 41
67.7597452934588 3.63483967946945 0 41
69.4788806396622 3.31298449686662 0 42
67.8776164916764 3.13510660671393 0 45
94.8251750508855 3.51724428163251 0 45
93.6177699886968 3.57714799609516 0 46
81.6280322810379 3.03309335410154 0 47
72.108695963857 3.34900585369531 0 48
64.2366026982464 3.05592132004993 0 50
72.0692338351492 3.13023496178229 0 50
82.8205943419061 2.99917827478904 0 50
63.7882349263474 3.05152217656314 0 52
67.2616702932433 2.99473452996145 0 55
93.6902421884407 3.24044367204249 0 56
0.0339051741991601 3.17512719907835 0 57
68.6343151803832 3.22199759439093 0 57
35.3888021627545 3.02836735396422 0 58
64.4645498096654 3.12444915728747 0 58
63.6494130941201 3.30330893046605 0 59
68.1028302458179 3.38027573412463 0 59
67.9803650552297 3.60047558135237 0 60
95.7290607476414 3.22567249440821 1 60
70.6933210213482 3.7077355619712 0 62
68.6547683325862 3.01426912055629 0 62
70.0412299862034 3.07355271825851 0 63
77.8481203791759 3.10942006995073 0 63
1.90990638848856 3.11105302531933 0 64
95.4077297618885 3.1510403962381 1 65
63.7374701468897 3.14771509087786 0 66
76.3464910035985 3.23729792004132 0 66
67.3105862347775 3.17845409069898 0 70
67.7242498937459 3.32840118940245 0 71
63.8915578250996 3.54927660579117 0 73
70.3649034354499 3.68566787687314 0 73
67.2905664599228 2.99339547004436 0 74
68.6876336013986 3.2668094527252 0 74
67.3455343605907 3.13417040464028 0 74
70.9097770117735 3.64336006815714 0 75
63.7849702096008 3.15420266029668 0 75
67.253229709576 3.56649085897405 0 76
76.3992091802996 3.18785166589415 0 77
95.3889130469124 3.31785525381538 0 77
96.2093437304527 3.35937850286142 1 77
96.2176994218579 3.26983150757065 2 77
67.457839619981 3.37238557030343 0 79
71.5363844908259 3.16377107797428 0 79
77.2521460854073 3.17548698513938 0 79
95.340035042939 3.46484879134117 1 79
95.3500142737295 3.14247648209934 2 79
0.0973939980865655 3.24235926230718 0 80
68.199923829155 3.12734417669979 0 80
67.7666797454742 3.00769568145196 0 82
63.8188104181966 3.00760684429722 0 83
71.0441848632086 3.01130613950085 0 83
71.2535896406047 3.35736460556544 0 83
95.4144396098553 3.53099233930638 0 83
68.5723477852486 3.16374835064181 0 84
69.6090066747579 3.14528476006049 0 84
68.4220211596337 3.13441793184947 0 84
63.9402460668771 3.82090514904769 0 85
67.3394149378681 3.13880710372379 0 85
67.3251486446222 4.83151157737444 0 85
71.9769338699744 3.14418179065204 0 85
70.5764590633391 3.8393618169736 0 85
69.3369541117176 3.32775137512752 0 85
63.7507196261424 3.51735526949432 0 86
73.6547503689001 3.23598203180094 0 86
88.4820777484348 3.23244499555958 0 86
80.7428065742391 3.44770338359163 0 87
67.3017983644521 3.23547134610219 0 87
85.4991798455597 3.07279181517315 0 87
71.8079214917336 3.20186753732607 0 88
80.9270716167949 3.11672822370957 0 88
95.8502224695193 3.0614581775815 0 88
3.34735530857592 3.18952923808509 0 90
67.2945820844483 3.91654865837191 0 90
67.2651198347189 3.40299814549138 0 90
96.1411886978701 3.01629643278363 1 90
67.5339727977803 4.34097690051204 0 91
67.3043871499536 3.32333033313536 0 92
63.8546828644253 4.04984777350911 0 93
63.8340570729967 3.17383512355194 0 93
67.2528099209015 4.59398918953326 0 93
95.3597979762542 3.31652559201275 0 93
95.6262896749929 3.73330050112836 1 93
95.4451674134747 3.06400142725599 2 93
95.8868261756566 3.72961697946629 2 93
63.7448756841292 3.1227163989509 0 95
67.3020739549686 4.24855285061758 0 95
80.6217074773859 3.7863991626035 0 95
67.2592051671396 3.03619688946238 0 96
89.8570930286533 3.14683176286752 0 96
67.4180838935251 3.31231364625334 0 97
63.7483355624236 3.15103801793216 0 99
71.4075352496877 3.22663263394358 0 99
65.1401992065494 3.33832731609004 0 102
67.3070794382297 3.30003873266007 0 102
94.3415236168641 3.13546796772515 0 102
67.4435705404254 3.29658520940969 0 103
95.1947356653616 3.09065801063159 0 103
95.1952810375357 3.21669583915354 2 103
66.0112081472509 3.35140057173371 0 105
67.5645882729882 3.34174027721574 0 105
67.530413256478 3.29462316125763 0 105
67.6116563830977 3.18809441817516 0 105
79.4478358133594 3.20632213281371 0 105
78.9951381239078 3.66299957786403 0 105
87.3815691568477 3.45730494782288 0 106
64.5378949921567 3.05169483281054 0 107
69.5348419128956 3.05725133589439 0 107
67.2917513159964 3.30437804079459 0 109
80.4268401741707 3.01175275836306 0 109
69.0392305037927 3.10585507016015 0 109
96.0039539148372 3.56106805194178 1 109
67.374473920785 3.54116967115296 0 112
63.7821167038706 3.03985842438002 0 113
82.250478507711 3.20047244866637 0 113
92.0978489284772 4.30470816304532 0 113
67.3825312639676 3.20577738182815 0 115
0.0102387879325726 3.10518764044712 0 116
67.252779735157 3.1941213370092 0 116
66.5414380513282 3.0340609698949 0 117
67.259676711839 3.0258370375171 0 117
0.172004831458253 3.19907813968047 0 118
95.2052813178447 3.14319504437592 0 118
95.2829650641537 3.2018626102481 0 118
94.9486905562992 3.21499597727304 0 119
67.3293533039458 3.06571878947185 0 120
80.6119378686023 3.07211960807167 0 120
82.03990804611 3.35534730539546 0 120
64.9186290997303 3.32594508350996 0 121
68.7715245945906 3.01169907196369 0 123
63.7662853807243 2.99698867167544 0 124
68.3339243713463 3.16945459359205 0 124
82.0767251380728 3.14291486075853 0 124
67.4040928227708 3.05635310756812 0 125
70.3063864808669 4.08215580559578 0 125
64.5921923503621 3.12824209938165 0 126
70.5940450923902 4.03905292408328 0 126
68.218062228739 3.21440062626016 0 126
95.8961653036338 3.5069236841382 1 126
95.9603915333257 3.15064628705832 2 126
63.7477354909552 3.13560177289926 0 127
68.1605367299013 3.03525474037665 0 127
70.4874107848756 3.71178662407764 0 128
67.2269609256037 3.27098756940355 0 129
81.8579019116545 3.0088559819133 0 129
69.201043601717 3.60778490023897 0 130
67.3511726872332 3.61201713015607 0 130
67.3384023365219 3.42401930967328 0 130
83.3754184453038 3.1244878644039 0 130
94.9337319199642 3.11340493522109 0 131
95.150489369482 3.00439219060709 0 132
67.3276467545542 3.24704512613351 0 133
70.1880314839656 3.69435515362616 0 133
1.52246727048542 3.00931944171721 0 134
68.6830870262395 3.17263388584219 0 134
77.945374326894 3.72588291809792 0 134
67.4520526907509 3.65768164988631 0 134
67.4411742437237 3.17676750083138 0 135
72.8215332875403 3.45759625958209 0 135
66.1702254295426 3.52042180688693 0 137
69.513046062544 3.451482868 0 137
2.41868236631185 3.10666310640231 0 138
65.2839984595797 3.32477106807084 0 138
67.2707589622482 3.15226252677787 0 138
67.5145075117275 3.34396113026705 0 138
69.1065902402417 3.12979633474824 0 138
69.7341800785908 3.5071636279575 0 138
64.6589086351179 3.12043124106387 0 139
67.2597226813544 3.46131018570454 0 139
67.2833385289166 3.39466846930669 0 139
74.7522915616855 3.00487905987529 0 139
67.4647680813001 3.20811883604207 0 139
67.4659182546562 3.2293600242001 0 140
67.4129610523629 2.9940166256075 0 140
94.3336636490645 3.14189915371538 0 140
96.0232567970913 3.04869405797489 1 140
0.155468299704862 3.15108899484475 0 141
7.50965824075559 3.40757746538705 0 141
67.8674839192676 3.22244867242337 0 141
95.2056663113819 3.19136400081699 0 141
67.8391877706325 3.13487170797646 0 142
67.3214259020417 3.02266822199662 0 142
83.1011898350923 3.32723130807447 0 142
64.8885037972224 4.02600376758595 0 143
67.2962081322193 3.13774769849472 0 143
67.503786670117 3.04072355086212 0 143
82.9237628147957 3.08981510508025 0 143
67.4383837895664 3.18072866641136 0 144
68.3450512311776 3.09728024563783 0 144
95.3767843913099 3.11135890527555 0 146
0.109312010483203 3.04805853603395 0 147
67.300314012792 3.22975099976027 0 148
0.182099303425998 4.11307699202448 0 149
67.2658820888099 3.43801189965445 0 149
53.5372419030367 3.18355498048326 0 150
69.3216334081282 3.17668042049217 0 150
71.3116803079332 3.300942508968 0 150
95.360745052322 2.99091454389559 1 150
95.3888122396532 3.42257201089243 2 150
70.6017421111581 3.32455374825178 0 151
64.140603682474 3.74548110675926 0 152
66.7351270577526 3.10671017470762 0 152
63.9558231836934 3.35264794542936 0 153
67.273153318939 3.58906750991743 0 153
63.7787285228064 3.64766984624085 0 154
67.4062033844951 3.10377855406108 0 154
94.8300089657127 3.24497870695374 0 154
95.4035311741561 3.06996178940018 1 154
95.6267554985632 4.05972058465777 1 154
95.6293981897915 3.08190971771323 2 154
64.6665256337065 3.30962524966921 0 155
67.2527858555042 3.11736139495928 0 156
95.9730140296549 3.70930873315795 1 156
69.7753739898817 3.11566748303668 0 157
64.8381362235765 3.16262745434057 0 158
69.0600811025951 3.33877996040407 0 158
67.4456162260239 3.01740090929518 0 159
91.607954944918 3.78759686639394 0 160
63.74274566297 4.47030243761492 0 160
67.426255862067 4.09895757591169 0 161
67.2978002737515 3.70841016192614 0 161
76.319946198934 3.12228558211056 0 162
67.3938932959347 3.036596733455 0 164
69.2734747550118 3.31718458710029 0 164
96.0539242853217 3.1547624742712 1 165
95.586387131325 3.02756404363297 0 166
64.8869973729373 4.88433825857129 0 167
70.8049215102991 3.31969708368021 0 168
67.4877216887529 3.04524023888126 0 168
95.1534149534035 3.23990192829712 0 168
95.2301984609836 3.89703269539998 2 168
95.2828030376057 3.0215100526823 3 168
95.4484203836684 3.76207743704087 4 168
95.7729489375549 3.47165665255466 5 168
95.4596822349546 3.02735825095041 5 168
67.3444671129765 3.75156764020561 0 170
81.3361918890565 2.99573236588323 0 172
95.177455887719 3.60860583683854 0 172
95.1536607230816 3.04798281185585 0 172
95.1982491463308 3.65771984435961 2 172
67.6690655606844 3.11094330584959 0 173
67.3433571149485 3.10781798099287 0 173
75.6652998339673 3.2175366734178 0 173
87.5879650464193 3.12791324435871 0 173
89.2519471045313 3.42157087248275 0 174
67.2835436709106 3.0648008787548 0 178
69.6062697321471 3.02499641084647 0 178
67.8147170755697 3.00668698408925 0 178
96.1415840468642 2.99196518472459 1 178
0.238828653730167 3.10955619142409 0 181
69.5675923436151 3.05685845542957 0 182
63.7741477731448 3.24288043492583 0 183
67.4604078773149 3.33000249597422 0 184
67.353399836038 3.38439015203698 0 184
68.0380095957953 3.19040891312595 0 184
68.8043879422243 3.35570296965266 0 185
68.0346421768504 3.04656166078434 0 185
29.6599736624583 3.37191389446144 0 186
84.9263235061555 3.02650458780917 0 186
67.2743799511546 4.25088504084637 0 186
67.5597124008449 3.01729569519048 0 186
67.2665854838973 3.07286615855929 0 188
67.2558755825839 3.09742330055783 0 188
89.9722104046474 3.23925050295952 0 188
63.8550021755216 3.3304308033882 0 190
73.6064011062068 4.62597547353242 0 190
94.3524840199792 3.40956931459233 0 190
64.3399969214306 3.733658214792 0 192
67.3025344952484 3.1256759341688 0 194
1.72500171361022 3.01989515266256 0 195
68.5424837174818 3.37789767296053 0 195
67.6463271852936 3.02956094558394 0 196
95.0709521066719 3.09756737040197 0 196
96.1457114790259 3.12358750712318 0 200
63.8325938879409 3.12979697263564 0 201
68.1697161269798 3.44673782487121 0 201
89.1406934958161 3.21807620805537 0 201
67.6655989529309 3.42273241707662 0 202
75.6773821034092 3.40844474502313 0 202
65.0079333934043 3.88965432289087 0 204
95.1850898066774 3.13840716862735 0 204
67.4622260636013 3.04723877666064 0 205
72.014899265318 3.60197803323139 0 207
67.2781979781066 3.01121175428306 0 207
70.5865012682538 3.12333354140323 0 207
95.6863648276583 3.36911256782172 1 207
67.2859252347547 3.04864217765947 0 209
92.488835993832 3.03334913952324 0 209
94.095065844551 3.00333524643352 0 210
67.6617466260182 2.99491098611773 0 211
95.6586091127053 2.99380835663312 1 211
95.266846579713 3.08401256022042 1 211
79.2211839896187 3.1337412194303 0 213
44.2605126437993 3.12975130907812 0 214
67.2651629856063 3.03286063199763 0 216
82.9794212752044 3.29280220876253 0 216
94.8565815358045 3.29871149882444 0 216
95.1357987293078 4.129587876587 2 216
72.9654588028428 3.21654316691057 0 217
67.3626904681763 3.17436846103395 0 217
67.4800668936004 3.40227655117336 0 219
87.817635749628 3.42922880921579 0 220
0.698795934110476 4.13895564452073 0 222
95.4893773740572 3.11070627936712 0 222
0.0701093548130623 3.10769355130141 0 223
93.579412148963 4.47136826843053 0 223
95.1849895916114 3.07364509867997 0 224
67.2587813059776 3.04482156744899 0 226
67.8479583151197 3.88108501364808 0 227
67.2602865075356 3.8484301695634 0 229
67.27091761109 3.09393734851212 0 229
96.2122437795431 3.35827882074679 1 229
96.0223930855088 4.01040204598968 1 231
96.1425525451863 3.01616078899768 2 231
95.4692705378209 3.00039728491088 1 232
95.4982540029113 3.12669119804999 0 233
67.3326435911748 3.44938042145148 0 233
71.2251749645394 3.0362167610583 0 233
87.2332524934674 3.97669551994562 0 233
67.2565536780965 3.05183245992676 0 234
67.869620784788 3.32741775842378 0 234
67.2684499312272 2.99525735563912 0 234
63.6753803447246 3.52876218498284 0 235
67.284249129846 3.04535775198932 0 235
73.3570986761742 4.27583366232434 0 235
95.2577877398387 3.14302637405434 1 235
95.7582058578071 3.09783416017647 1 236
67.7556375923197 3.71710912497025 0 237
69.755860837208 3.70092858709221 0 237
89.8954723624316 3.75306433510314 0 237
95.9645458867114 3.19858786876205 1 237
68.9069953717135 3.84482373148079 0 238
67.3022160828641 3.17545363624715 0 240
83.6490432912424 3.31040865334655 0 240
67.2625847105321 3.11485523806962 0 240
95.8468242134537 3.28909216449768 0 240
67.4022808195175 3.26629649764647 0 241
69.8675569036591 3.12314974428946 0 241
73.8988366131169 3.31446279021867 0 241
67.3117637009945 3.02006557645091 0 242
2.34942704571175 3.20002215863921 0 243
67.3435583529492 3.30869303286169 0 243
81.448372733095 3.28420853952275 0 243
67.3589123472417 4.36527087046112 0 244
67.272982484631 3.18688201828327 0 245
67.7746974049267 3.0598312759305 0 245
63.7474036151634 3.16848918669775 0 246
90.9774006856115 3.11559016413234 0 246
68.5472446725566 3.59479677301332 0 247
67.3666566133294 3.08764643605823 0 248
75.8184697823063 3.4473100907381 0 248
91.7100698498586 3.93729985151409 0 248
67.2689206304612 3.11376147473675 0 249
67.3566546932001 3.29449894061773 0 251
74.1187351800234 2.99599557534593 0 251
63.7390004803668 3.31196019854653 0 252
67.2896455908452 3.36123615819179 0 252
84.5012884848085 3.26930621729527 0 252
67.8963281398443 3.36763497885732 0 253
86.8179190695537 4.37668739636557 0 253
71.009297268884 3.3645559968471 0 254
90.9806554520247 3.16135563111514 0 255
82.8020645186316 3.15289579778009 0 255
0.0831500733194229 2.9913634546863 0 257
68.8231481201834 3.39146901065142 0 258
67.4635771808647 3.15202890245185 0 259
68.8955115836685 3.07815606227622 0 259
74.2075152295546 3.10486862555484 0 259
63.6560456513884 3.21161631247558 0 260
67.2694896741197 3.49835205385795 0 260
72.319968318207 3.01195859565435 0 260
67.6254159734074 3.05517998071357 0 260
69.4255543020571 3.39631324687515 0 261
67.4800550758651 3.04618789714778 0 261
88.0547909138099 3.22681582219911 0 261
70.5947978602354 3.35808406528844 0 262
89.5491634839382 3.21430341485735 0 263
1.81753456434754 3.422659455241 0 264
74.8442646708984 3.38879141530364 0 266
67.4773841334078 3.01642065489352 0 266
81.6266943270103 3.02804137289469 0 267
67.3397656277516 3.04195647888222 0 269
70.1858995729554 3.53379071535067 0 269
95.1414288795209 3.15633286365694 0 269
67.2597336083573 3.03766447166566 0 270
68.1788992456129 3.21523009133782 0 270
90.7883429798189 3.10056647275788 0 270
83.8794403018427 3.04137577435056 0 272
67.2575982828181 3.22387786829026 0 274
67.682479269506 3.34459892919424 0 275
67.5806150904755 3.21694026651382 0 275
78.5526504175225 3.01265314287286 0 275
67.3095398770797 3.3659638221611 0 276
93.4824897885911 3.49193189195536 0 276
1.45820350935921 3.76843340466145 0 278
67.4736945889841 3.61491381876445 0 278
67.316025650733 3.6824213811223 0 278
10.3680450049655 3.23313581325271 0 279
74.3092431367109 2.99618024387738 0 280
95.507053443677 3.04954716903923 1 280
69.3736543387728 3.10473918925042 0 282
64.1726318506842 3.26624805746017 0 284
65.7442351669612 3.03095944234665 0 285
86.7415444933691 3.14514111905967 0 286
71.5692251173047 3.27907273134939 0 287
67.6068371528542 3.58527028245762 0 288
77.0711732646718 3.80665214759609 0 288
71.5127120798241 3.06967276363267 0 288
95.6521524862964 3.61563685510669 0 289
95.3103595094096 4.20304060850299 1 289
95.4463404908599 3.24800468236888 2 289
95.3342975852083 3.23918538670822 2 289
67.3654390757955 3.03069159642817 0 290
95.2081908525683 3.32148095000768 0 290
72.0333486999313 3.15812827535647 0 291
67.2778326331234 3.05160964439129 0 291
67.6718769543174 3.32019594210679 0 291
0.109977615287692 3.4444283957365 0 292
67.3638145394479 3.01872513601339 0 292
95.1651828569251 3.23475981638452 0 292
71.2781892973745 3.06741938089954 0 293
67.415946201315 3.60581867581306 0 294
92.0480168541352 3.13991846382817 0 294
95.2319238734789 3.18878239025562 0 294
83.7287831571007 3.27352723223496 0 296
95.1678020129729 3.0015426285618 0 296
63.8630428614034 3.80570635464086 0 297
67.3227431851491 3.01472635612226 0 297
67.2544607193895 3.04098661177505 0 298
81.1431386311352 3.05756653973496 0 299
67.7445044699643 3.18529820326901 0 299
68.7424055814418 3.16894679033703 0 299
63.755249467468 3.32736904842757 0 300
63.6594702026265 3.72391228928999 0 301
95.5460648168616 3.17997886575859 1 302
78.2962039881309 3.29409353188175 0 303
67.4308439485248 3.01019999781806 0 305
95.2675060075432 4.14508008090109 0 305
95.2976049991354 3.13677798456924 2 305
95.2769915354399 3.11542564886874 2 305
78.6831137617171 3.02699302710152 0 307
67.511784475708 4.04660012534708 0 308
67.3878758862808 3.24289798161376 0 308
95.2855934379427 3.70978126608306 0 308
95.390804425207 3.05754556580938 2 308
64.9555407743121 3.00695910612737 0 310
95.2312654308077 3.29879169809734 0 310
95.6850173263322 3.00610818752172 2 310
2.28828782915393 3.76178447421935 0 311
67.3985546923221 3.34327911912385 0 311
95.6849625661782 3.21517642366443 0 312
63.863720513138 5.00896402982457 0 313
67.3902318485372 3.85715311832455 0 313
69.0841861580342 4.11313678953668 0 313
81.0139729842125 3.04845028372226 0 313
18.3340191292499 3.2886942415262 0 314
63.900425887025 3.02059693670547 0 314
70.6969947337795 3.38323858518286 0 315
67.303780412465 3.18080616829045 0 316
72.5069397670357 3.17859295610305 0 316
47.372043150775 3.9178723785454 0 317
63.7385885727893 3.01167764157342 0 317
95.7196056446798 3.27605140403497 1 321
70.8610902807225 3.46271874957098 0 322
67.3034473685902 3.79530939425471 0 322
93.6196850337084 3.08193581624689 0 322
68.4403479259231 3.06834039231003 0 323
67.7994231231633 3.03794114793077 0 324
84.4905446575654 3.28286997789583 0 324
95.2883339535659 3.03262467001352 0 324
69.3084146513187 3.08026295451579 0 325
74.2466576645239 3.23141487305057 0 325
95.4133723508701 3.13116676817407 0 325
67.3080568790592 3.62430377081901 0 326
69.3519141582239 3.07754260094717 0 326
67.329302310959 3.09420580609478 0 327
67.2822583442736 3.144240610353 0 329
68.4146047678642 3.32513695637907 0 330
74.9719189620159 3.20045198825027 0 330
67.749175480788 3.36188805062817 0 330
95.2637342811329 3.18080889900267 0 330
67.9464345083179 3.06221510942818 0 331
67.258744186041 2.99103596820712 0 331
71.3574831753219 3.56796706145525 0 332
55.6919681653087 3.08855022021854 0 333
67.3068204703977 3.18231353891597 0 333
67.3831993388688 3.32461544594432 0 333
67.3051655675838 2.99592718284532 0 333
67.4049738710976 3.07143236805136 0 333
90.3411299420557 3.53753239027123 0 334
63.7401486613501 3.11291000223081 0 335
71.2206340036553 3.29600476248197 0 335
64.2991459254469 3.18890157658515 0 335
68.2840368129624 3.26657553270786 0 335
0.64352240232885 3.1914935033187 0 336
69.812293261378 3.29274758160714 0 336
72.6121210599328 4.05497067924685 0 337
63.7455359341813 3.04972379143886 0 338
67.2836308256568 3.40713075940541 0 339
67.48051613235 3.42745945864728 0 339
89.6927548437975 3.75820054076321 0 339
92.4180748156669 3.52196766584074 0 340
95.8006276271578 3.19983015135304 1 340
95.0916395215955 3.3271124061762 0 341
96.0693135901627 3.48383894726805 1 341
67.3327268887045 3.11744586888987 0 342
89.2184531531532 3.85771894792104 0 343
67.9172640603583 3.14787034526259 0 344
67.4510237611417 3.34636348689714 0 344
83.9858068204676 3.0659787401964 0 344
89.2641487475535 3.0400594005659 0 344
68.5345642238729 3.06942625128497 0 345
67.2871565832312 3.22635440655839 0 345
67.2764399865665 3.66036726941848 0 345
76.9850172127528 3.12045400187368 0 345
63.7775388876048 3.61359810686682 0 346
68.333078506244 3.20582285997266 0 347
67.3866008762423 5.0995933823301 0 347
67.7898611813936 3.14240928902518 0 347
63.6626627709485 3.11623219916329 0 349
63.7953111027234 3.13017495598343 0 349
87.0557858137449 3.39705627071285 0 349
88.1352831311225 3.20335793266379 0 349
82.8195110589295 3.23431582910794 0 349
93.7851676629986 3.49105015062023 0 349
63.7564560772485 3.10849136089534 0 350
63.7728517303726 3.53764470310346 0 351
69.7943904018959 2.99571787110267 0 351
87.0368739516997 3.35255452481553 0 352
91.2566316110674 4.38838405622947 0 352
94.449668745604 3.37150034287015 0 353
90.4368121027001 3.14068117825443 0 353
95.7233761745343 3.67726756492009 0 353
69.5175257736074 3.62338638435053 0 354
67.3331761990864 3.15819541864718 0 354
67.3113761405448 3.23623833150507 0 354
67.3225626410992 3.45794559124219 0 354
21.0817011059592 3.25701785788873 0 355
0.515571808537694 3.49902068682855 0 357
69.3981276892499 3.19070713570168 0 358
51.1427332579696 3.69347898606568 0 360
65.349392106543 3.05991804799587 0 360
63.8831764225734 3.03634378122808 0 361
73.8099741341975 3.32869222501646 0 361
67.0587927906157 3.06204887954872 0 362
70.1284405470801 3.8605715985168 0 362
91.0408416411229 3.16712822387742 0 362
96.1737795504548 3.0489856271871 1 362
67.3049044960019 3.0836927822069 0 363
67.3374679440755 3.09931138831262 0 363
82.1453029771311 3.30297516236494 0 363
95.902257947237 2.99157956990471 0 363
95.5543851586395 3.05042552664797 0 363
63.7557212509449 3.01246390178515 0 364
95.1951134021512 3.65266890747492 0 364
67.2794074872112 3.02936267382199 0 365
68.2727968737957 3.29517445728949 0 365
67.5111565896454 3.101595821665 0 366
64.0800161532366 3.20174868471111 0 367
67.5462905468774 3.19402174083764 0 368
67.3132538047862 3.16715376161698 0 368
1.16986470488954 3.4623238337607 0 369
67.3166541966706 3.90889268124499 0 369
1.33744563838035 3.26361099654849 0 370
0.456290572711231 3.28212106204483 0 370
67.2690599264013 3.08719325974511 0 370
95.139358139465 3.45066026158883 0 370
82.9658671991927 3.15501607920022 0 371
79.6224597604677 3.50705396799322 0 373
68.2930548904435 3.29019633712141 0 373
95.1902126040665 4.44943148705947 0 373
95.1954835982934 3.3052873731305 2 373
95.4893750017352 3.16761450387177 3 373
64.3219855417236 3.23480305669706 0 374
64.0453083357916 3.35704167185415 0 374
64.5053422176445 3.02411843239788 0 374
67.8869738341487 3.00695070101104 0 374
63.6891152641489 3.27010657041026 0 375
69.180910084147 3.09274946858137 0 376
67.2527330648022 3.04773165173773 0 377
67.9163878290187 3.92852523554046 0 377
93.109072028366 3.5923024142679 0 377
67.3909203018744 3.10294742870259 0 378
95.7369351857148 3.40015546758811 1 378
67.2925586333189 3.16700855674797 0 379
27.2465969226001 3.03781793849543 0 380
67.8177662073821 3.02868584908432 0 380
67.6420367976088 3.11247490918802 0 381
67.4146271937771 3.21902721017193 0 381
70.764625649902 3.12846753699446 0 381
95.1913830733252 3.55510969620623 0 381
95.7773039370935 3.06423554722854 0 381
72.7710972821608 3.03358681265875 0 382
67.3535075121041 3.26063534807846 0 383
67.3069955527663 3.16948757847492 0 383
67.3219686622904 3.06371293916092 0 384
95.4452203309436 3.15027222434726 1 384
95.4870696922625 3.79564889758711 2 384
95.4907927148258 3.46451433876263 3 384
95.5693521008383 3.09416182791725 4 384
67.2677174520123 3.0086847506059 0 385
67.4394993965734 3.13925841655211 0 385
65.8753338265824 3.88773662283097 0 386
68.2595292573208 3.40314589186284 0 386
67.2723817944763 3.07589822919688 0 387
68.3153248430642 3.28839533334324 0 387
74.2008773126009 3.08754693263027 0 387
73.8780785752639 3.0307847064771 0 388
67.3779655891497 3.48671528309652 0 388
67.2576995134333 3.17276823075794 0 388
68.8519372226702 4.08459321346398 0 389
85.09240449142 3.02695047094485 0 389
82.134204609527 3.11765261888295 0 389
63.7448657765105 3.00518283604848 0 390
67.2584707720696 3.04213438250996 0 391
67.333059489729 3.01581975288109 0 391
96.1430220117133 3.14752142290314 1 391
0.15560268492053 3.67857412189908 0 392
82.1119205056174 3.96432452720374 0 392
96.2317604324587 3.74510034152937 1 392
67.268763435908 3.01535349242713 0 393
67.3294750781361 3.73435556172473 0 394
74.9307413013801 3.36503298452935 0 394
67.7252066439103 3.47834035843051 0 395
75.2392728867757 3.06366030678662 0 395
1.93517254274189 3.32522973892561 0 396
67.5786496307429 3.03789771213828 0 396
67.2955483151939 3.11325074082705 0 398
82.9302330269304 3.08242172587157 0 398
67.7311646343917 3.30818228668201 0 399
63.7377781259901 2.99204373282848 0 401
65.0215987995211 3.16479617058764 0 402
72.4035175705504 3.14743950140816 0 402
67.5322000495397 3.02064869947476 0 402
63.7631808909446 3.37972942318553 0 403
95.9633760442764 3.21535442530051 1 403
63.7982404312091 3.0195866645028 0 404
67.2556270509691 3.13810956727097 0 404
67.4917749117479 3.04788603317115 0 404
74.4312475725435 3.40414651980569 0 405
63.8034006847539 3.32194837043941 0 406
69.0336912459279 3.20413795927208 0 406
72.4775109337104 3.04985000819409 0 406
95.5876919632791 3.07893445448278 0 406
67.2643907610868 3.07828808423386 0 409
67.4243285561334 3.08555132987199 0 411
67.3901052501512 3.01383674273498 0 411
67.2672139067206 3.02566012884937 0 412
94.1659088437584 3.82862633121776 0 412
94.2433883511831 3.66389069761358 2 412
67.2746637813512 3.12278967874558 0 413
68.7037805533714 3.15840501744672 0 415
95.1481099964902 4.03921503079557 0 415
96.127929884921 3.04104630446225 1 415
95.2755808352304 3.12994430736258 2 415
91.2604502277333 3.20822322114072 0 416
1.0515277365101 3.16362074589675 0 417
94.866588530464 3.52219889827839 0 417
94.8727985493301 3.58488127264078 2 417
63.7525651480675 3.5416415223981 0 418
65.0561144876688 3.03013996259069 0 418
63.9570730217488 3.0009663683566 0 418
67.2660441955184 3.22844157675672 0 418
95.8446378758915 3.51014231880035 1 418
67.7045860822117 3.34728088535656 0 419
94.1893584382379 3.79668659237711 0 420
67.2778783279125 3.10965978230674 0 421
67.7290730929448 3.23304998732943 0 422
76.9439152974626 3.20364052511001 0 422
95.1636365672352 3.67735459754272 0 423
67.9747059882392 3.03858630089876 0 424
67.9056390918589 3.03173016632514 0 424
73.3109562744351 3.0320769706261 0 424
67.356625653955 3.09287443255443 0 424
74.6160885641684 3.4606828075467 0 424
69.3515820118752 3.20590541268986 0 425
95.5552007032933 3.86629846093841 0 426
95.6985002686667 3.17054950601769 2 426
68.5370687825064 3.435429689076 0 427
0.29899724926717 3.17412983252603 0 428
65.3648798448224 3.13082336465485 0 428
67.354591515986 3.01521835317446 0 430
73.4098842506724 4.19278193691852 0 431
67.8035773696524 3.19455546065823 0 432
87.5309598874139 3.05327556237502 0 432
95.5860850279957 3.16093617400866 1 432
63.7290392054493 3.48881151680551 0 433
67.2963718703745 3.08963582070125 0 433
67.4657316129147 3.21286882928887 0 433
81.261745980072 3.29183379329984 0 433
82.7083279556989 3.02260733563745 0 433
67.2592898011103 3.22347633954026 0 434
95.5741786465321 3.06937266977295 1 434
69.2597591312453 3.0303722543294 0 435
95.1714987832231 4.04857326631947 0 435
95.4471712170441 3.17733837899377 1 435
0.139937487112005 3.37395186575788 0 437
65.4178311853857 3.53271111102548 0 437
67.5549199684605 3.16931031364347 0 437
67.2682860358288 3.04022303511772 0 437
95.7117685528744 3.30037816120209 1 437
80.9767592942119 3.52976226743512 0 439
68.2701642065639 3.3426219658015 0 440
68.7928378114882 3.44660608421966 0 440
65.3789107943007 3.02807688815331 0 441
67.6888930691317 3.01359389662997 0 441
93.7342987612099 3.50758104783343 0 441
95.1688999809735 3.21130862640885 0 441
95.4971728343323 3.06758015881863 1 441
95.3692671316482 3.0103556224895 1 442
67.3336945141455 3.08124615848348 0 443
94.427566260934 3.24175670518146 0 444
94.9331705621503 3.47679714915171 0 444
71.2446933489181 3.09571327775827 0 445
67.2622375872494 3.02532238024396 0 446
69.6391288030096 3.54284625612872 0 446
67.4010900544885 3.45856369738503 0 446
85.6352015479562 2.99785079476256 0 446
91.8484022856921 4.79747384068556 0 448
67.5273241631872 3.09292724273367 0 448
67.5164062417648 3.24523582087999 0 450
67.3348196440939 3.63468417058247 0 451
67.5031732185351 3.03375613682536 0 451
67.8696766240174 3.4888896832217 0 453
67.2644087969147 3.07229822709661 0 453
67.7663806207731 4.34209171499402 0 454
73.3624463808588 3.23066504922118 0 455
95.3998038653734 3.67620327608816 0 457
67.3771055972991 3.32092434927835 0 458
67.3128765650477 3.56235278532523 0 460
18.1926054485634 3.19370178418665 0 461
95.7646558524382 4.73231747151397 1 461
95.9340482901381 3.01625678613815 2 461
95.7938405022224 3.24639552500197 2 461
95.7754618133581 3.03729428349146 2 461
95.7782722294643 3.19595496590421 2 461
95.8544858334404 3.03338119446294 2 461
95.7857247133851 3.09570907900198 2 461
95.8106965059262 4.08642215886282 3 461
95.8741014969061 3.49303546228979 3 461
67.2540059624445 3.59300366877364 0 462
70.61795350441 3.00083719901936 0 463
67.2737919657349 3.11343873310364 0 463
67.3038103961809 3.0987506357605 0 463
71.8821066817416 3.11581321734183 0 464
68.8643927157526 3.13499004116234 0 464
87.4882977496449 3.07449765843204 0 464
95.5533828107025 3.18382789055324 0 464
95.5570157707858 4.1364903294551 2 464
95.5754278010728 3.83618707611394 3 464
95.6065701115542 3.28438427409098 3 464
95.6721200066955 3.12771779223826 4 464
70.9503947085153 3.13487252733835 0 466
71.4539503020606 3.28863995655254 0 467
67.3131907029119 3.30240657217481 0 467
79.6960862505367 3.03954810879165 0 468
68.0018047721361 3.3411695623501 0 469
67.3877286202412 3.07736000094736 0 469
67.8980682319602 2.99100632244788 0 469
95.1799208914296 3.17903098748145 0 469
67.2719383745612 3.14564589300261 0 470
67.3569682541163 3.05084147914255 0 470
68.9329249531936 4.39207025790384 0 470
67.253347126304 3.34004526332635 0 471
76.0371101171004 3.60448923002264 0 471
86.9052073254861 3.16601002575956 0 471
67.2598105143339 3.11999265705103 0 471
95.1883274005024 3.16211938059247 0 471
63.7479867143789 3.10994008163034 0 472
67.393954993161 3.11912545000197 0 472
71.6778329380717 3.13949528712054 0 472
65.0236171556233 3.09008376428441 0 473
67.2613614263909 3.02360487655263 0 473
78.1074934460839 3.12766280137646 0 473
67.285294815 3.31739210485092 0 473
67.3111576251191 3.32247785242156 0 473
95.1915304907422 3.19158094569801 0 473
65.4144018137177 3.02419971740569 0 475
0.000364658604607196 3.43536137256329 0 476
75.6654734562945 3.06932832527222 0 476
67.2850614859114 3.0593219179151 0 477
69.9215422597445 3.39285506781562 0 478
95.7878680310484 3.14217231130567 1 478
63.7666629928684 3.31211666159744 0 479
67.6273833836172 3.40763708596919 0 479
68.5972379429284 3.71666850247417 0 479
80.4456001192518 3.61318587134432 0 480
77.640791391465 3.23656376435342 0 482
46.5881657154618 3.86092277923303 0 483
63.7378936197981 3.02063294446086 0 483
94.8360676068311 3.43996858128405 0 483
95.2500529830471 3.08632423413656 0 484
96.0469424749997 3.08496805221483 1 484
67.3606585034348 3.19055032235404 0 485
69.7592826309553 3.63489493799855 0 485
96.2323732562326 3.17681950624532 0 485
63.9814332392523 2.99825093269235 0 486
63.7793349021168 3.57859185355835 0 486
70.5761370111283 4.08327954656274 0 486
67.8879353778045 3.17868780712558 0 487
67.3204507507232 3.40515779475716 0 487
67.2799077567176 3.13312594727445 0 489
67.3251080684942 3.15875746727256 0 489
67.780413514045 3.31832656882912 0 490
67.3608464493855 3.12721844471697 0 492
63.7967222240272 3.25293964267646 0 493
67.3448988384852 2.99216022557354 0 494
14.1042732211872 3.1944440383483 0 495
65.4175073447871 3.31250427475749 0 495
75.9778487890557 3.41613143715693 0 495
7.92544616078186 3.46292190764841 0 496
70.8717548721091 3.05489215550029 0 497
67.2725825119667 3.06198728228822 0 497
68.1605174201161 3.0497500926676 0 498
67.4101139541174 3.14924816377541 0 498
67.283207353088 3.06006002736726 0 499
74.2551688397867 3.09041474859037 0 499
91.3422409100991 3.87623450640505 0 499
68.3844544082321 4.11760001201727 0 500
71.2132929471175 3.56834016938017 0 501
71.1090783246684 3.08214699514698 0 501
69.9106516726787 3.12028170002124 0 502
86.0189073696002 3.19745905696145 0 502
67.2661212535088 3.12950710727337 0 503
67.2572286108904 3.04298798324093 0 503
95.5377683931559 3.42209900777204 0 503
75.7818831621824 3.01739314762813 0 504
90.8154626609465 3.02645695894606 0 504
0.234379756391056 3.46939190358011 0 505
25.1259947295871 3.42351241687273 0 506
65.961392374314 3.1898129449786 0 506
70.6449850151483 3.06240771158107 0 506
84.9739162362597 3.000200036362 0 506
70.3173312752681 3.15813333694975 0 507
95.1858327080411 3.0327066814678 0 507
63.8702166482936 3.13705773882925 0 508
91.5925925536519 3.32573805958809 0 508
2.63908240149832 3.54081766515498 0 509
67.2543454928324 3.47389348295941 0 509
95.2945936149165 3.15334205113586 0 509
63.6541385576567 3.33988729214735 0 510
68.0583234129287 3.23238522020171 0 510
63.7363988596788 3.45515470718787 0 511
86.8446567725953 3.0306412480172 0 511
68.2644650981088 3.05816976500282 0 512
90.9536955179267 3.00443073030608 0 512
95.1525736284715 3.22415040632238 0 512
71.6211435556549 3.24029008133622 0 513
68.2553283080398 3.15301689383183 0 513
67.3496334651536 3.13834921098655 0 514
67.2795520164365 3.63382587993207 0 514
63.7372811223837 3.52970639389229 0 515
67.7946103294774 3.13884553617408 0 516
0.637972990318034 3.55978766728103 0 517
69.5970505995992 2.9970808610446 0 517
67.2824071999993 3.18113321956409 0 517
65.6513434306477 3.93991754477652 0 518
70.9451497024709 3.15379951728257 0 519
67.2990115588166 3.56975097391287 0 519
67.855054544469 3.01040605786425 0 520
67.291385810829 3.24183705324108 0 520
68.5011335309156 3.28554208288001 0 520
67.4281056072787 3.10200897928521 0 521
79.0172432610551 3.15165958837393 0 521
82.1997357427905 3.26591635409315 0 521
65.9846750831744 3.3482238831286 0 523
77.4515806697068 3.31269899419202 0 524
67.270365753584 3.02199804568023 0 524
82.141332511758 3.50290307581503 0 525
95.1514034449013 3.2519617648171 0 527
0.872275887128904 3.67571377200902 0 529
67.4791658157508 3.46236659751334 0 530
67.3601562459141 3.02842654825357 0 530
1.61033901781224 3.33147702626758 0 531
74.4985010218892 3.29592054456615 0 531
95.2065208251955 3.06261452039962 0 531
4.67388274828673 3.0093254801767 0 532
95.9488142141879 3.27386579360484 1 534
67.5114713295895 3.45994452863287 0 535
67.3237037700509 3.0812823740062 0 535
68.4843785292426 3.23757929513233 0 536
96.0514272150856 3.33071456133088 1 536
67.2537605256397 3.85848701463304 0 538
67.7139800398574 3.69911344583985 0 538
71.9727898557771 3.14617127144854 0 538
67.2910776436622 3.48536501276664 0 539
67.2765862419145 3.15786094691478 0 540
91.9059567388773 3.0667085583324 0 540
0.043404938758211 3.72366758378971 0 541
67.2929729950666 3.15078622029262 0 541
69.2342824652222 3.63145844729587 0 541
96.0990482282029 3.36630532796133 0 541
69.9032918905836 3.07830540459587 0 542
95.207722499699 2.99406524362621 0 542
94.8684855304459 3.19557135578673 0 543
95.0886335634549 3.28908051467102 2 543
64.2555508582181 3.08711473021747 0 544
67.2971501551566 3.04553915380382 0 545
67.4967571948743 3.16762696456496 0 545
67.2761660811902 3.11072203704893 0 545
85.0638198817253 3.4803084997524 0 545
65.8237977894822 3.09839234648534 0 546
67.2721353974114 3.08694127152082 0 546
67.2526472727433 3.24579808824425 0 546
82.0933734867385 3.20913267561827 0 546
92.1169931308645 3.11843778057068 0 546
95.1575624233226 3.46254220919578 0 547
67.3919437598672 3.01401590272465 0 549
95.8033596288298 3.10289217259719 0 549
72.6504564743668 3.04600276327117 0 550
63.6952138663408 3.14588932052526 0 551
67.2996456195202 3.23802610097735 0 551
68.2116445474721 3.4624415080033 0 551
87.8016168190447 3.53675037665544 0 553
64.1299270595946 3.53086985256377 0 553
68.5719128648296 3.18856129085082 0 553
0.00718643746303631 3.1027908704442 0 554
81.2349715816424 3.39160775441607 0 554
0.425555273319914 3.0324161280984 0 556
68.074563542663 3.14675205112206 0 556
82.0752909276825 3.21614364005643 0 556
67.2815975272676 3.11859792891607 0 558
69.6694523419335 3.34891056958799 0 559
69.7204656800389 3.45227685073251 0 560
0.323453756163574 3.03468064502434 0 561
63.7445115052447 3.11593921426529 0 561
95.1474617153702 3.40762590089931 0 563
63.7739382077826 3.04141438457419 0 564
67.2681751426955 3.08093272082654 0 564
85.3296687945966 3.25577912878181 0 564
69.4828921439873 3.45368451709085 0 564
0.0018835959111953 3.60759490150796 0 565
67.4670354169949 3.1389109159205 0 566
67.3188540630497 3.2124290291843 0 567
67.3691246788978 3.17035400875584 0 567
0.158858947105368 3.63322979294597 0 568
67.2814290364011 3.04131847499579 0 568
67.3354139846562 3.03474612682875 0 568
64.6669730012164 3.52560861558537 0 569
67.6769686759219 3.35724337878541 0 569
67.2527080074363 3.86633057495578 0 570
67.3325502383914 3.67717642655064 0 571
67.7773010062333 3.47366759504928 0 572
70.5155378230056 3.08543936298709 0 572
95.1998514729287 3.18350194357764 0 572
0.0243670781909386 3.06651021654537 0 573
67.2533778399697 3.10212643309108 0 573
63.9830739572788 2.99923460091014 0 574
85.2968281845183 3.48794689565375 0 574
71.2247963145509 3.15913086513253 0 575
0.0410847654773732 3.1430149370712 0 576
68.2410859346355 3.17963999198211 0 576
67.7888346006762 3.14636620201917 0 577
70.244940909575 3.12227052672186 0 577
0.0662043253758752 3.07295223648296 0 578
95.1740156187547 3.38522454631335 0 578
67.5224346786563 3.01486506463149 0 579
70.8360302056982 3.71629386112643 0 579
67.5662972195633 3.65434172482202 0 580
0.188522543804067 3.21228120578716 0 582
94.2287767289827 3.42194422002609 0 582
64.3572347578644 3.38082450542161 0 584
67.7572970171453 3.54597258722792 0 585
88.0562924733844 3.68711059634182 0 585
67.284440971045 3.86695616449713 0 587
81.5706667855973 3.46781170535053 0 587
67.7374849392722 3.62739531880185 0 587
75.818415471229 3.72486568760518 0 587
87.4637674560535 3.34450116564242 0 587
1.68458251825377 3.66770532782751 0 588
68.1010675781529 3.79679858801702 0 588
95.9314659449544 3.18800693020001 1 588
67.9876451166679 3.01922479451471 0 590
67.8465890708734 3.50929386851318 0 590
71.0890902850737 3.05350742497452 0 590
68.5053510443094 3.25953524277004 0 592
67.3260159052517 3.19920353325425 0 592
68.0590975568192 3.40885487192713 0 593
70.1909060649044 3.36674879588054 0 593
74.9689202633378 3.50505734166317 0 593
67.9133651279076 3.0075086347417 0 593
67.3204999569454 3.41679307589462 0 594
95.253192025287 3.19717621472271 0 594
95.2589341282799 4.08629736015577 2 594
67.3576896274774 3.68933213715291 0 595
95.1424563030288 3.10580943629932 0 595
93.7737394895774 3.20650930072953 0 596
63.6913528804512 3.81196613160892 0 597
67.2729492865834 4.0666033013793 0 597
67.3028802757222 3.16883829999837 0 598
70.6023319119912 4.30922113984728 0 600
67.2835485853596 3.03990565940365 0 600
95.6292608144965 3.0281804811536 1 600
71.5547734608966 3.20473946612427 0 601
64.5875732171639 3.59898421789821 0 602
72.8200162956101 3.00119522730186 0 602
95.5089173984986 3.62437905819422 1 602
95.6226048557431 3.06680556356927 2 602
95.6627236267653 3.27284534621524 3 602
1.114627364964 3.62952609173147 0 603
68.0924125063528 3.00382307765529 0 604
63.6597248819506 3.27031928426949 0 605
67.2962248841932 3.29300136505311 0 605
95.9248387308132 3.3428449124631 1 605
96.0446740561548 3.01659615467834 2 605
72.239809747333 3.32887161095792 0 606
67.7640295526737 3.27483953004899 0 606
95.8169686246936 3.09811106303684 1 606
64.7666042012521 3.00358887800362 0 609
67.3265216439139 2.99585419162234 0 609
90.3989456065927 3.02040636252623 0 609
64.1801414451571 3.08029841105799 0 610
89.7324421897414 3.26494127096527 0 610
70.2158666774658 4.64730954964207 0 611
67.3105181092552 3.03025908276324 0 611
67.2542721369152 3.86783962596241 0 612
80.5078599510061 3.62139329802608 0 612
65.2120781656879 3.42838117820798 0 613
64.6139261032266 3.0706561109016 0 613
63.9196923402942 3.01888164120456 0 613
94.8927702349332 3.05481631114208 0 615
0.0982118029281466 3.55595128980442 0 616
73.8215460025996 3.74631177399184 0 616
78.5987874668422 3.67863550087515 0 616
94.9618150230908 3.42388676754953 0 616
63.7445238896365 3.09483070336698 0 617
77.862016787675 3.22376162090075 0 617
67.674085835615 3.18226341605447 0 618
79.5892316990656 3.06501361669954 0 618
94.8250538984261 3.05074934597121 0 618
73.7286792996297 3.18136003359769 0 620
91.3339596119392 3.05166621580807 0 620
67.4966005437212 3.24782168926072 0 621
67.282691876398 3.21016287158595 0 621
67.2727949500539 3.00706282864719 0 621
67.2818878885043 3.57968950245956 0 621
92.1583340618856 3.19404527066092 0 621
95.1433334440357 3.11155101026709 0 621
67.2875153244272 3.03217027810374 0 623
70.4269873556562 3.3358058970435 0 623
67.3903389764459 3.03533393424839 0 624
66.9089571669881 3.84348686209308 0 625
67.2769525205033 3.11205739893817 0 626
67.2624969655641 3.60502604951407 0 627
70.1644662423731 3.23484575646246 0 627
67.3385292206762 3.08058871532097 0 628
67.3943626022037 3.03973668210942 0 629
67.7890266133476 3.08101147606119 0 629
95.1133330094344 3.20375905052555 0 629
0.290852702347475 3.46043702556773 0 631
67.5179265523161 3.41841962936415 0 631
72.2713909746481 3.57992155531947 0 632
67.2529842871321 3.45926363693584 0 633
69.5678035666206 3.08501022443333 0 634
64.0631463543827 3.09452563641044 0 635
67.6577254265944 3.02111723886921 0 635
67.3203396460194 2.99466298216772 0 635
74.7420018961014 3.00734103116783 0 635
80.5084188566078 3.29314144185245 0 635
0.110839183545814 3.14309508169155 0 636
77.4226001122329 3.60679125246471 0 636
82.8168373713619 3.39326582355218 0 636
95.9856812131863 3.69052166318866 1 637
95.168752246508 3.74200984833675 0 638
95.9701733151257 3.16911895833245 1 638
67.886802507999 2.99660176378425 0 639
94.9449971813937 3.15873323118721 0 639
95.5643087841843 3.04359688379396 1 639
0.0772266419124525 3.7384902826642 0 640
92.2432850137806 3.27514663609415 0 640
68.013363420012 3.2484959983562 0 641
69.1272244911137 3.51727987002301 0 641
2.14069251630058 3.11328722432004 0 642
76.040721336246 3.28251772559258 0 642
67.3901161330921 3.08594823352637 0 642
74.6844567708374 3.11306928420744 0 643
70.6318759593555 3.32314185456916 0 643
68.5578662111649 3.46308838671446 0 643
95.5979213574708 3.4261011096353 1 643
80.9916467843806 3.08573867456639 0 644
67.3733089932249 3.15477958937617 0 645
70.19983020318 3.02660837652629 0 645
71.0788736896994 3.40636690053858 0 645
71.7242026937664 4.24155287705719 0 645
86.3251167782198 3.07511517781171 0 646
67.2534468569487 3.23299289586966 0 647
71.9577166346984 3.7029786520819 0 647
67.4219761671879 3.03665627848141 0 647
67.3086664353404 3.41343101821311 0 647
68.4402364210092 3.06832176946455 0 647
70.498229638042 3.14090652807062 0 647
70.1441409373623 3.23627340429795 0 649
95.7780792233709 3.0620436097567 0 649
67.4182438658296 3.6732337971209 0 650
67.5063560595301 3.0176225075853 0 650
69.731058852104 3.39911818664479 0 651
67.2537708659466 4.11660622073823 0 652
68.658973503728 3.11024618168876 0 653
85.1412307891806 3.71074145847352 0 655
89.1393959297449 3.00816268004732 0 655
67.4224049925777 3.39588450595957 0 656
64.0061286767521 3.10011445172949 0 657
63.7446719438118 3.10918278811081 0 657
73.4566033982102 3.09066802581206 0 657
67.4841911578159 3.08212888238674 0 657
72.0318349265097 3.06319049123159 0 657
67.7488016945366 3.27898457625097 0 658
67.3595887864116 3.32909396864712 0 658
63.6584661420056 3.00639919217525 0 659
67.3289023678505 3.7472073527424 0 659
67.3319914541076 3.64269629686692 0 660
67.3721426754097 3.63234091565032 0 661
67.3310437229356 3.33681745496188 0 663
69.4754483220655 3.04173079815581 0 664
93.5474242976369 3.16439848574463 0 664
67.4589426505045 3.06545607954469 0 666
67.3068730553601 2.99789301454617 0 668
67.2539396615615 3.98127017505053 0 669
68.4429412680128 3.3823179465921 0 670
67.6651950938498 4.21890889804037 0 670
80.675537731818 3.39534524041174 0 671
94.608001378614 3.44562119456902 0 671
67.389455086604 3.12718549831033 0 672
94.8658678802896 3.42850909409545 0 672
63.7612782756008 3.12769463103654 0 673
67.8438041354337 3.42243514700964 0 673
89.432645000745 3.50399892558997 0 673
64.0296366794129 3.43347068130088 0 674
67.2834252106416 3.85112808168659 0 674
68.8797120928953 3.3167754648197 0 674
81.9325983631919 3.20186100030576 0 676
67.5107645270353 3.02904023738448 0 677
63.8212749585827 3.43343280827071 0 680
67.2570118646848 3.95619095175786 0 680
68.2498807029865 3.18112175788952 0 681
82.9220416632335 3.00235543281672 0 681
1.11078688221374 3.41698354958497 0 682
4.60837078274715 3.20930438482841 0 682
94.8273346144737 3.51141112605488 0 682
95.6139674458043 3.22140497675626 0 682
95.687768536 3.16171054854989 2 682
70.0149824269122 3.15971918559931 0 684
67.4438636001802 2.99908965734423 0 684
69.5930461610429 3.99545254793026 0 684
84.6811802988131 3.22713069438315 0 684
67.2692519437052 3.71064969091471 0 686
86.6609099394242 3.05995647272062 0 686
82.8370068688365 3.27281610996977 0 686
95.3620958316552 3.15167844778508 0 686
23.5268068402314 3.0982170127364 0 688
84.1455896687855 3.74251506102678 0 688
96.0531563608997 3.2797675674981 0 688
63.7478601162681 3.0387508631623 0 689
63.7716958054563 3.00621552680806 0 690
67.5213863061692 3.46826608974422 0 690
70.7079405781703 3.70847172575371 0 690
67.3470124280667 3.42399391142405 0 691
91.354023095712 3.06127303245861 0 691
95.6672447738044 3.7054107361531 1 691
95.9370251941075 3.00214807267568 2 691
74.5443861442613 3.24009293065691 0 692
95.3079752102301 4.43928800692339 1 692
95.652519667246 3.20608704911767 2 692
95.5581359622782 3.57650891927245 2 692
95.3774129400437 3.57474580760922 2 692
95.8301518559031 3.27826872935491 2 692
95.3905714964643 3.02092381659702 2 692
63.8868934501853 3.18010267514184 0 693
84.6032456411933 3.57653276544516 0 693
68.0106729473333 3.15142006885351 0 694
68.5539913675046 3.52642578341808 0 694
95.8859923495718 3.02398547415523 1 695
74.5347925542521 3.38607533206893 0 696
95.9829075073634 3.57583123170605 0 696
95.149146871241 3.1650770113051 0 697
95.7930906181962 3.15217027850556 1 697
63.6886519564117 3.42970871321436 0 699
94.2537133002477 3.09566585641274 0 699
76.2335998797492 3.66734982444336 0 700
82.5320699097526 3.11882528737315 0 700
80.938707136807 3.13236133577838 0 701
93.6400573785795 3.01449440262348 0 701
96.2145450818159 2.99775421281926 1 701
67.2544141187353 3.1461433430086 0 702
89.1923539803278 3.26750940378858 0 702
95.036873164983 3.37626820131965 0 702
67.3776740351513 3.51116410960594 0 704
70.048253709589 3.3005779748798 0 705
67.4990147863577 3.24388716230149 0 705
88.7667281939665 3.09013137210331 0 705
67.4443470884023 3.07196687936129 0 706
67.8155189309222 3.17416515688477 0 706
67.650038805357 2.99246215867488 0 707
4.21102681505234 3.05534597155567 0 708
67.2921530773405 3.24157882819902 0 708
76.8339904445524 3.07221971604968 0 709
67.3147960542672 3.20254531684156 0 709
95.5910989723441 3.27758543873069 1 709
64.7956927642798 3.18086504540278 0 710
67.269487637471 3.37005607135233 0 711
69.1968247206055 3.59543444045482 0 711
71.5834417569909 3.04234188195208 0 711
1.17542359172203 3.05742942917661 0 713
69.4861868046088 3.03207648085885 0 713
63.6581165932136 3.33113006397417 0 714
63.7443537813451 3.34437210892631 0 715
67.9580661438948 3.13590241599843 0 715
67.7897054558506 3.3581922362056 0 716
93.0687491365258 3.4991065557454 0 717
94.1695916636913 3.01956108659685 0 718
63.8559161261134 3.0837639216824 0 719
82.041524845351 3.01988128804148 0 719
95.7888907508266 3.18681494861243 1 719
95.8358631262527 3.2070105867559 2 719
67.2835515841645 3.03465065810879 0 720
95.1440687364319 3.16271069205582 0 720
89.4163188829412 4.30197232991441 0 721
95.3950124613354 3.42627463530447 0 721
95.1501715308452 3.63580313392238 0 721
65.6668471638103 3.24282352837148 0 722
71.8585608026398 3.20429913513231 0 722
80.6411239660833 3.03816980193749 0 722
82.4673829889265 3.64794906599832 0 722
72.6957191691302 3.50038586279588 0 723
67.3161664436744 3.20652797896914 0 723
63.7443833524086 3.42763972644232 0 724
67.5916881626543 3.48220960890092 0 724
78.7482804195624 3.28033988897349 0 726
64.3744240754252 3.08899938404462 0 726
67.2691331134763 3.45536332953952 0 726
67.2555028270474 3.18289368120779 0 726
0.350554025539868 3.16845485484392 0 727
71.8269968876736 3.03202775313933 0 728
95.4852046943574 3.9013719976766 0 728
95.5808298096333 3.00687019298924 1 728
67.2916181589684 3.03041600377736 0 729
68.1946497316373 3.01049423772665 0 729
67.2563262763476 3.13178362800453 0 729
89.1479871732616 4.67372806683883 0 731
94.6015898898666 3.03982597392287 0 731
0.44825977232586 3.22741922923204 0 732
2.99287059970897 3.01029786324009 0 732
67.6300242565543 3.30220095733775 0 732
67.5309641673257 3.01164162888404 0 734
64.3779485680988 2.99948334421893 0 735
66.4421388425729 3.28890895766412 0 735
15.4863600449965 3.25509688054722 0 736
67.5872926098424 3.06899921135194 0 738
91.9389693263273 3.42647549303204 0 738
82.0445688159181 3.1280717845973 0 738
68.6008011400969 3.6873435038938 0 739
69.3390464983814 3.72884024342442 0 739
67.7548126800094 3.6011344919134 0 740
67.9737626723504 3.34316815489311 0 740
64.6847189715082 4.76211681715606 0 741
63.7664905754688 3.33659012104475 0 742
72.0442450278063 3.10247742233505 0 742
67.9480822396667 3.32756250750969 0 744
96.0074931147781 3.20111440029956 1 744
67.2795604654616 3.44356150268427 0 746
92.1494269253801 3.32743507424136 0 746
96.137071719141 2.99050151900449 1 746
64.8858577359693 3.0862169549966 0 747
67.8406714856153 3.04775762057157 0 748
96.2339747275498 3.33289191443085 1 749
83.9932462255428 2.99316963336756 0 750
90.2554502274026 3.47117748564761 0 751
63.8231007541011 3.15897587924914 0 754
65.0431848411019 3.05842290765533 0 754
67.8681770760926 3.05648511433979 0 755
67.5255369446323 3.1035164400105 0 756
63.7079624149848 3.07921300004818 0 757
94.2965313569757 3.1718696046598 0 759
95.3806787074816 3.59139690137932 1 760
95.4058091385271 4.04068781841142 2 760
95.4238675629732 3.22120223500564 3 760
95.4111375875068 3.28938091283747 3 760
67.3095122709986 3.12379217460329 0 761
92.7852973809732 3.3484518260002 0 761
67.3348399296535 3.14938004059367 0 764
67.2787190942106 3.00563501216334 0 764
80.8215548100005 4.2131477838985 0 764
82.8482527863752 3.35964399065488 0 764
93.6607027102492 3.44051978567229 0 764
95.2012107379151 3.1414079495212 0 764
63.7846192507492 3.64939850683454 0 765
67.4199616174923 3.12328214659605 0 765
67.2812272903621 3.30278542244959 0 766
67.3232673861734 3.28386036479973 0 766
93.7820928907113 3.4491076395346 0 766
70.2173193681548 3.28539483374815 0 767
92.3002400641142 4.60412197880066 0 767
92.3094058368059 3.10664235862291 2 767
63.6750517225714 3.79280705648709 0 768
68.0361661696275 3.59788029612737 0 768
91.8512538905617 3.38341623295882 0 768
80.1220749636187 3.09022414874209 0 769
95.3225897956705 3.20601963528152 0 769
67.2599822485605 3.12160554555118 0 770
67.5438366435406 3.17883914140282 0 770
71.5508202394797 3.13622485482059 0 770
95.2586821421258 3.36860230032268 0 770
67.8737520452435 3.36290361098318 0 771
0.033174540846139 3.5022086446354 0 772
67.3421497159685 3.31346314310455 0 772
67.8472504743971 3.06586099200706 0 772
67.5084347439837 3.15213056164606 0 773
64.9715598078397 3.37836271607135 0 774
68.1296996205726 4.2254186929344 0 774
67.5326466037912 4.10439471415152 0 774
91.5452009945306 3.63180658505747 0 774
65.1720238299689 4.01439693037901 0 776
89.7222758556449 4.86695719258489 0 776
67.2852310499104 3.06248367810839 0 778
91.4256311846451 3.04670873556133 0 779
71.4756336661262 4.37056384071626 0 781
67.5150253796278 3.19021989623043 0 781
67.6580415682012 3.66409843470901 0 781
65.0557068788897 3.06214800505264 0 782
71.0492449037806 3.25584325138563 0 782
89.4432087812023 3.07846729219432 0 782
78.2384907632069 3.19543221059685 0 783
94.539404109357 3.05832508580779 0 783
95.1447491602836 3.04309038726827 0 783
95.6826859898672 3.36690475881775 1 783
2.16677843276379 3.14032435668076 0 785
67.6536794234604 4.56696853834229 0 785
71.9593453669066 3.5723268919617 0 785
95.144118972177 3.18748428426209 0 785
66.1774719578112 3.03756568784617 0 786
0.0299977078707284 3.00166881930563 0 787
67.8276090987154 3.17256106323188 0 787
94.8479283302463 4.31279274694546 0 787
95.0059971575403 3.15369075180165 2 787
0.864556373009068 3.01958849286231 0 788
67.3582375021599 3.36445650550055 0 788
67.2996081104569 3.22171824937306 0 790
67.619997519308 3.08644675835318 0 790
68.0863014993491 3.24013579982776 0 791
72.5083793786913 3.49006815476136 0 791
95.1509400011835 3.21230621351782 0 791
67.6656560343263 4.15176709975819 0 793
95.8134117194138 3.39974548580311 0 793
88.1591302070802 3.03742842042581 0 794
0.171024064923832 3.28747310904528 0 795
67.2744314305975 3.55879754728703 0 795
2.52675377464757 3.35142847093778 0 797
75.6602987718219 3.33158826861783 0 797
63.9065434884111 3.1043148505304 0 798
67.6531161054726 3.50263990326044 0 798
72.7259698362155 3.0457344138461 0 798
67.2749652954568 3.27557961098548 0 799
67.5556479932529 3.13042206303008 0 799
66.3446320527916 3.60216219379067 0 800
67.3894489624198 3.33340791458495 0 801
63.7376183525748 3.42712519111156 0 802
94.240733444216 3.27707605262004 0 802
95.6988873382951 3.27753200186091 0 803
63.7944354984774 3.33204646020808 0 804
64.5931042349615 3.03913308233851 0 804
67.3078077942979 3.29180116485227 0 804
68.2238760931599 3.09458332575858 0 804
74.2090260779576 3.1672549447296 0 804
67.2722607783297 4.54478370009701 0 805
67.2779952395649 3.01765306957915 0 805
96.1113420259014 3.28657771873735 1 805
0.0949223099796334 2.99684142817144 0 806
67.2645028333767 3.67076337931561 0 806
67.4340138626906 3.06415728053767 0 806
67.6030077423977 3.49460421446066 0 807
63.6545684356237 3.12197090884755 0 808
70.3412148574347 3.09430617300275 0 808
67.7885100194415 3.86342170422817 0 809
67.3635662247077 3.42439133087197 0 811
67.6719397855419 3.18943389202195 0 813
67.3629557859444 3.02863038897387 0 813
5.25356967204314 3.08765235370895 0 814
65.0990938671638 3.29090374240415 0 814
86.096755356285 3.8681067697485 0 814
63.7732719190152 3.16843584334564 0 815
83.6342839807843 3.7226126249111 0 815
95.1526174059732 3.9394029827577 0 815
77.2625285911273 3.75392612506003 0 816
71.5230893652078 3.16559730898124 0 816
85.9469274022012 2.99968615597047 0 816
0.39215570287783 3.07648539377526 0 817
77.2578764409909 3.13980888974053 0 817
86.4887356476382 3.50610324915866 0 818
0.0571281311006703 3.34507347770545 0 819
79.5114233678401 3.01014060079774 0 819
95.4207124260526 3.2174618110227 1 819
63.7729320328748 3.15412599565427 0 820
67.2529761881941 4.00074847784354 0 820
67.5862234648197 3.63587908781494 0 820
91.8665049553413 3.4838812646099 0 820
95.1599434654901 3.11547618361347 0 821
70.7691154032183 3.17621073980925 0 822
70.0240675355937 3.10438644797472 0 822
66.1496259180506 3.05559887307802 0 825
67.7294562854213 3.39235236395912 0 825
53.4216339233062 3.50295770115265 0 826
64.6919502920743 3.90905692808388 0 827
65.1683273994183 3.42232293851221 0 827
65.5485929548835 3.08255773857952 0 827
63.7410784127161 3.13949887616495 0 828
67.2760734421173 3.24286526339013 0 828
95.2755198112151 3.9259849222421 0 829
95.2851481994263 3.30223401325875 2 829
0.0626375722181486 3.19813713201679 0 830
90.0292803921564 3.35273857045643 0 830
80.059714959633 3.19115945633963 0 831
67.7479029682195 3.50817850861596 0 831
8.28069954579806 3.00508031659246 0 832
67.3470109931326 3.65210662072106 0 832
68.9033768025145 4.41032649981704 0 833
95.2237866632465 3.29910096911807 0 833
95.1753670761378 3.06359718297345 0 833
67.3712591760298 3.00282870103917 0 834
67.8906733208807 3.07684108537273 0 834
74.1987837565642 3.00354652976395 0 835
86.1629062250616 3.13344756749213 0 835
91.9113309502095 3.13288868756542 0 836
67.3019965561815 4.67785223377915 0 837
89.2439307029225 3.32387128720937 0 838
82.0545438934655 3.42684107476432 0 839
68.6816766994412 3.16889150522629 0 840
81.771231178572 3.13209863629474 0 840
16.44624618726 3.38339986147514 0 841
67.2737564937824 3.41762330534649 0 841
73.5909356012621 3.28813275762278 0 841
94.8349277431572 3.13351755802373 0 841
67.5084606022813 3.08447631844232 0 842
0.231119070209879 3.15189872919132 0 843
0.131593380348377 3.18910046248031 0 843
87.3381496171768 3.07744215023825 0 843
95.4612398494797 3.0168276004362 0 843
69.8884600214658 3.62931362478661 0 845
78.6450766328055 3.15835709439541 0 848
68.8877866426923 3.22137592578933 0 849
95.2623274687019 3.03347810214591 1 849
96.2043102199484 3.25537644596763 1 851
0.00896529573336244 3.02810196847604 0 852
96.0968021822434 3.18711374136856 1 853
64.0762539977211 3.15384063280821 0 854
67.263204365771 3.85727701541542 0 854
68.4622254483776 3.26846035086184 0 854
68.1651063525934 3.30100525757426 0 854
68.7348299632804 3.05445899757602 0 854
67.2976099333384 4.02729734306638 0 854
70.3659019208416 4.59834841482766 0 854
68.6358545026868 3.03695904213269 0 854
63.8947370696131 3.40968545251246 0 855
67.2935408780699 3.3852324481794 0 855
80.990789231842 3.58012139054885 0 855
89.2879399543801 3.19029426544553 0 857
67.4051622384706 3.88911249761348 0 857
2.11826228349215 3.0866865263028 0 859
67.3759020253211 4.14369556672431 0 859
68.3053791684661 3.81162959488462 0 860
79.2832424227652 3.05733972605062 0 861
67.5286296682272 3.18071083010434 0 862
95.4217619847463 3.3903993818428 0 862
64.4116378338158 3.11180704760205 0 863
88.0559510163874 3.75673953232657 0 863
67.3515638191851 3.00251788639858 0 864
67.2976281308309 3.13878945116348 0 865
67.3068569861356 3.37682475787939 0 865
95.6704980542224 3.30012974816696 1 866
95.9963796767757 3.01295534966874 2 866
63.7538281339819 3.02133007209564 0 867
75.8873216558479 3.18611646206943 0 867
67.4574663811003 3.10574505298996 0 871
85.9523896111148 3.8701253623562 0 871
95.1966484361423 3.18450334089358 0 871
82.9828691031766 3.02242716524483 0 874
67.5546403069805 3.43179892356828 0 874
95.6983129551906 3.36053166373943 1 874
63.9620429370534 3.66246740133405 0 875
68.0045407369134 3.09363416598188 0 875
68.2058920160645 3.08758596843024 0 875
78.1135063758024 3.23370195671827 0 878
94.2034074124476 3.14464625280714 0 878
67.742903051395 3.25082047516158 0 881
69.9306099782551 3.20684917049498 0 882
64.1478066955743 3.34952236312925 0 883
67.6983803041713 3.4248202423554 0 883
67.3353000876683 3.52648240467218 0 883
67.6190954206477 3.23946641714087 0 883
67.2684773956223 3.57913155291583 0 884
80.9452764284478 3.23748100861271 0 884
71.0572682266967 3.04534046498427 0 884
95.1510423217213 3.11790103218065 0 884
53.5224584937068 3.28358640124884 0 885
67.3536841857853 3.3676010556392 0 885
86.1080890804987 3.25473792674277 0 885
67.6628318314771 3.10041385031645 0 886
67.8247907680628 3.45793578430397 0 887
71.2302413752201 3.10970732509051 0 887
67.2802275084423 3.09523421129933 0 887
69.6418069178173 4.4238384636012 0 887
67.2713254825662 4.1710850018057 0 888
67.4127662934325 3.04572798755855 0 888
67.3539854973943 3.81640189783018 0 888
72.8043610154357 3.32175308509978 0 888
73.624800546814 3.12465906900378 0 889
95.6508224764645 3.43255570235124 1 889
86.4138529237471 3.03718081093297 0 891
0.199551250826023 3.20548914776707 0 892
63.672189272889 3.0185384959987 0 892
67.5200789614522 3.48631956690337 0 892
68.1419024343682 3.27788387375888 0 892
94.6339956155302 3.73894832307619 0 893
67.5440433079693 3.60475531344024 0 893
67.2989693449143 3.34582861612229 0 894
67.3438913694098 3.04936776787135 0 894
65.5976350480993 3.3540083213888 0 895
67.2567805412538 3.0606078538107 0 895
72.8293232052375 3.40207961711219 0 895
70.9221818923472 3.03192397957034 0 896
65.694641475591 3.70327399080269 0 898
77.3123522616109 3.0430815674622 0 899
69.0718131725981 3.15612595683004 0 901
73.0010993113463 3.32921863705887 0 901
69.6074192990785 3.34668143717945 0 902
92.594823555932 3.0188434955461 0 902
67.2541987188486 4.4638161623001 0 903
69.2766359738983 3.02650876597233 0 903
83.7566275252745 3.91726700639818 0 903
67.3308852289952 3.42953053616304 0 904
95.1568264158656 3.03153504125263 0 904
95.2751583782593 3.29176638718923 0 904
55.9769766930882 3.48249780675799 0 905
67.2532408974972 4.30931434563234 0 905
73.6393905268766 3.44027184182711 0 906
69.5676720555937 2.99378214856532 0 906
74.1899047238372 3.87372861690961 0 906
80.5009160132168 3.1504707544145 0 906
67.2908856337991 3.06334316123746 0 909
70.786166453434 3.23267136094389 0 909
76.3122684666849 3.52399750744338 0 909
80.40804467776 3.07437148669454 0 909
87.0354767563769 3.15535791704913 0 909
67.2682400448123 3.08538336866075 0 910
69.4199251442484 3.27653928662446 0 910
68.6656200190971 3.11056564451099 0 911
67.3556770226699 3.01721427252313 0 911
67.6873275573863 3.2536992535401 0 911
71.0243684132458 3.00180058622411 0 912
84.2304253193572 3.00212895765654 0 912
67.8420308099944 3.5515899335792 0 914
0.25256941008499 3.07874315757954 0 916
69.7762329076 4.33799829025719 0 916
69.3488544673444 3.04060513148344 0 916
67.257850770995 3.72735390797385 0 917
71.3308021837561 3.10992176519405 0 917
83.8527860840296 2.99256634004315 0 917
65.0307816845041 3.15842581157593 0 918
74.6843054408268 3.09905774847083 0 918
79.0374765860868 3.01553115551385 0 918
63.7916789292415 3.6595861807754 0 919
67.2832972271276 3.27887538768302 0 919
67.5707741695325 3.21702696193926 0 919
83.6824642257918 3.10088849785945 0 921
75.7784025850062 3.04893844329552 0 921
95.8154132242587 3.09674346074635 1 922
96.1685436931245 3.26044817092229 1 922
0.0426200538002528 3.25448834585875 0 924
6.8030439203976 3.06412642288862 0 924
85.2121271720779 3.15642506163748 0 924
67.3237417266312 3.49507695958656 0 925
64.0797068173142 3.54154656793582 0 926
72.1806197026651 3.00781689702688 0 926
67.8636253582695 2.99808010597398 0 927
74.4363141330601 3.6430767098219 0 927
95.1431982126085 3.15900041011694 0 929
79.5180173607228 3.50087762003392 0 930
67.2553605111188 3.04202715111228 0 930
94.7055189326193 3.48301568346137 0 930
0.0424476689278281 3.65723184278126 0 932
70.5801348954997 3.11834784827689 0 932
80.6008453480512 3.0542390125921 0 933
94.0874567685297 3.26951043207478 0 933
70.9578548699064 3.00997018132621 0 934
67.4459917901758 3.16886033142613 0 935
95.1537774013653 3.06178947721007 0 936
95.2916017394928 3.21468647343174 2 936
19.5047461647158 3.05301913098041 0 937
96.1401926390633 3.00204805290346 1 937
69.2668072550992 3.27343761751957 0 938
71.3335458265503 3.02206314937386 0 938
89.619060855426 3.02574671729769 0 940
71.2325241245083 3.0674338826506 0 940
63.6703416971322 3.26929777422048 0 941
67.2788470732696 3.28911503496124 0 941
83.2040883735579 3.27086253559104 0 941
71.4657952999392 3.19043422881792 0 942
63.7845155815898 3.43698842652675 0 944
67.2554178762435 3.09695017777015 0 944
67.3077567992432 3.69549408391741 0 944
64.3255047785489 3.3015916701981 0 945
64.1427132167647 3.59818984859414 0 946
70.4915346406721 3.28908773488402 0 946
74.2793851697789 3.04885242105259 0 947
78.6544608326707 3.3585323184992 0 947
95.142231086921 2.99258616900224 0 947
95.9084536842808 3.44607147355149 1 947
64.035068905688 3.27260152533542 0 949
63.9805844826494 3.049320559004 0 951
67.3397916803129 3.08992925632426 0 951
72.2389892835588 3.28421981002803 0 951
65.5180394147094 4.22488844082176 0 952
5.06745034923079 3.07319014621252 0 955
67.2797818684722 3.31203611479448 0 955
68.0380746496903 3.57761194245673 0 955
67.3045831866824 3.09213862606127 0 955
81.7548015220192 3.54738574759646 0 955
95.1573139425182 3.60323382513714 0 956
67.4632931693562 3.33983080369814 0 957
92.0273073266506 3.51321978145399 0 957
82.7848084971684 3.23261528142016 0 958
1.22613819859739 3.0695990039455 0 959
67.3090892932914 3.00666745813417 0 959
88.6609921554937 3.33453514788574 0 959
68.8369929656338 3.40896091228964 0 960
68.4002896207773 3.02816306715903 0 961
67.4087514131915 3.05511720144515 0 961
67.254328512849 3.08937464512351 0 961
68.0602591447594 3.15178843905198 0 961
95.3397541685185 3.19318860809682 0 961
68.1088758660059 3.38285679465771 0 965
89.8090159003756 3.03392513850807 0 965
64.3025237779409 3.02848945645715 0 966
81.1437370186261 3.78508495521728 0 966
69.9022260580344 3.56468437811212 0 966
95.6390093855832 3.01927508054464 1 966
67.3781013988644 3.25047062122905 0 967
64.1387319494341 3.79490825645839 0 968
67.2987657477722 3.03385865396586 0 968
0.461325810179411 3.37352069599251 0 970
95.1430434667573 3.52614169615524 0 970
66.7173771339331 4.6072538444175 0 972
74.769442324715 3.52452164819793 0 972
66.7213973120354 3.00411646735961 2 972
67.2689627237171 3.30374627657601 0 974
67.4205068134442 3.14465501357167 0 975
67.4902335647734 3.10034787640327 0 975
67.6002661860349 3.0209469512816 0 975
68.1958859972781 3.22097826188646 0 975
94.8507593526574 3.07581821242668 0 975
64.211621141181 3.37865740768468 0 976
67.2706918397074 3.00744183131207 0 976
64.0840630397872 3.39825595678646 0 977
68.9307528707673 3.11886748534346 0 977
68.4510755978086 3.04578905645258 0 977
67.3220660423379 3.4136427438089 0 977
86.2702211280673 3.10500397553438 0 978
84.4979162243159 3.35092514430797 0 979
95.8776470466789 3.20512788824827 1 981
67.2878533554743 3.2243152721135 0 982
70.9649845844254 3.00167157389603 0 984
95.1663102786994 3.15304552075166 0 984
63.660459603611 3.15170002325439 0 987
67.5812783597404 3.41227029341071 0 987
67.5900014281197 3.03927778098939 0 987
67.4346475604834 3.80088578614496 0 987
92.4069401071886 3.02689696361599 0 987
71.3552939180847 3.42116983897116 0 988
64.2802572707929 3.0574768809123 0 989
81.096224155335 3.01558435706926 0 989
68.7499249926441 3.9076337798384 0 990
67.396880462475 3.24757256978444 0 991
95.1571952529241 3.05902823463119 0 991
66.728817226659 3.08986151165313 0 992
67.2595056344586 2.99983814179469 0 992
67.4840661353447 3.27780140751141 0 992
67.2570371163078 3.17189784681734 0 993
91.860355368825 3.03345657908909 0 994
96.0776286229492 3.81888376482877 0 994
67.7808260199293 2.99476972938375 0 995
69.8308591508348 3.75134980528302 0 995
67.2964376320224 3.23206880836261 0 995
69.4948529734305 3.53538956125475 0 996
67.2597149455061 3.31849018641504 0 996
95.195157505478 3.56286616788395 0 996
64.3525031433253 3.04946728004169 0 997
67.4111935856421 3.41896774868599 0 997
68.9412263995317 3.01572043212352 0 997
96.072396252139 3.13983994157163 0 997
67.5667130197564 3.13300973558297 0 998
91.0547568639005 3.14011354179002 0 998
67.3640176614942 3.30598440581006 0 1000
69.614835717608 3.39827961815209 0 1000
96.1325839491183 3.30381913722217 0 1000
