"ts" "magnitudes" "gen" "cat.idx"
5.86256126418378 3.09496744333813 0 1
0.130775276533408 3.28307317904214 0 5
19.3221056772601 3.92379561394177 0 5
3.22569685624571 3.08416225446843 0 7
4.27462811290191 4.05699125188871 0 7
18.747554133159 3.34164303324448 0 8
19.077711291527 4.20944047386955 1 9
19.0976599378421 3.46515658760197 2 9
19.9335133260808 2.99775182798205 2 9
0.00706717928831075 3.54755829681772 0 10
0.276489899135067 3.54966796583361 0 11
1.04484577509205 3.29650736881513 0 12
5.79770436279046 3.1541550232419 0 13
0.102494735236422 3.19018726399582 0 16
0.460763599713387 3.70916691523354 0 16
0.786155715116093 3.02751735928125 0 17
8.07633780483346 3.39215252236753 0 17
8.35019885645292 3.53423702535463 0 17
10.3731026668216 3.05264191403309 0 19
0.158804314190794 3.15640914106876 0 20
3.20988024115157 3.3256802149717 0 20
17.5333292341756 3.32444020520485 0 21
17.9634697462198 3.27140050003399 2 21
8.03249976176697 3.01430091056333 0 23
0.060478655053803 5.08194460486715 0 24
11.9168313920721 3.22525454804394 0 25
0.932145199296915 3.66887899700261 0 26
15.8626102033341 3.62469216562212 0 26
15.6744750410408 3.00697629333739 0 26
0.000601152348255492 3.19481000802397 0 27
17.664716425501 3.35022970011367 0 29
5.0906208624538 3.13191937531929 0 29
10.6034367624555 3.13118769454638 0 31
12.6433149214906 3.03441550925261 0 32
0.0176795646452474 3.78149951727834 0 35
3.83590431960422 3.07519257586603 0 35
1.78906593554601 3.28732122367938 0 38
19.4360341792085 3.39087862093302 1 39
0.347363981721171 3.16308091577843 0 43
8.03363810764733 3.12181260916113 0 43
0.00684224552240922 3.12509052236084 0 45
19.2359542561785 3.37303027253251 1 46
2.96306168502469 3.18933403030383 0 47
0.602656489314435 3.10099562749474 0 47
8.90836821326703 3.65076928700086 0 47
13.3072524252621 3.33303815560671 0 49
7.49752362714073 3.14471753289832 0 50
19.7358993911256 3.08240581185926 0 52
19.4480251058593 3.074339250891 0 52
2.00610982620646 3.42194643589329 0 53
2.65504478276313 3.07037016360093 0 53
19.1624252185651 3.08829271494088 0 54
10.694401017551 3.04885221511181 0 55
2.13139063757782 3.15854672478985 0 56
19.9493144109469 3.08145785984228 1 57
2.6166731210411 3.17692057653666 0 58
0.0206076757858277 3.48123763975222 0 60
15.3935353862403 3.02526941527753 0 60
1.7260394002011 3.57079546540808 0 61
17.8715473178845 3.12851528971305 0 61
19.6936391642202 3.58945493146864 0 62
1.32699480538243 3.02165894296163 0 62
10.0623833531641 3.07185317710761 0 62
19.2053202336278 3.12347535374813 1 62
12.6815739901989 3.94273096443715 0 63
0.0606463649072703 3.23022694927495 0 63
0.219060390701009 3.29865631934243 0 65
19.9356368127369 3.08090798121763 1 66
0.635857594102136 3.4118855029516 0 67
0.0189438432239499 3.57430504029709 0 68
0.107847123848399 3.16575435485766 0 70
10.1754292479604 4.05433759428677 0 70
0.0779507700809831 3.55101747213516 0 71
0.800455354043621 3.20613777926736 0 71
19.7325043120977 3.08781778088945 1 71
19.7342466882675 3.14011551680209 2 71
18.7431124831702 3.66200530425515 0 73
0.202606600086236 3.34186667556442 0 74
4.64874760633474 3.00519004004058 0 75
0.0557460083011187 3.2446548261962 0 77
19.4721017501981 3.26439758822523 0 77
1.17046058340157 4.38379074253487 0 78
5.58391617942616 3.02250335922159 0 78
10.4822055205113 3.32826574783615 0 80
0.0348054776678406 3.30361077238859 0 81
2.60405041062031 3.51663403855496 0 81
17.5938858005997 3.55134286478777 0 81
0.142764392403816 3.2151417540075 0 82
0.00867909881159826 3.51661771412845 0 82
2.70158782515732 3.06481513246893 0 82
19.255526328608 3.02361867853679 1 82
0.538311756795983 3.00626219256529 0 84
13.426040188483 3.08954633802147 0 87
17.8016512209701 3.36946293508383 0 89
18.7182295788885 3.32682273264107 0 90
4.11669563327668 3.84580889379762 0 91
10.6225590276858 3.39742437127476 0 91
0.00495877361263625 3.03897917045693 0 93
13.7156297928836 3.08056121405805 0 93
0.553848289743305 3.58252761449433 0 94
7.71877683435151 3.32332571056423 0 99
0.232925640173327 3.86540151522138 0 100
19.8973007047639 2.99326561550031 1 101
1.07389138704213 3.21608833980174 0 103
0.474383875294256 3.10016321383525 0 105
1.68202311210559 2.9966720992893 0 105
0.0497822546214901 3.36800271344061 0 106
1.95162354343515 3.03634359395566 0 108
19.6544019802563 3.30051652258682 1 111
19.6622163625109 3.10716409098108 2 111
0.149886396386187 3.09578737903558 0 112
6.99449965083165 3.07175991360821 0 113
17.1832102378423 3.00610764929799 0 114
0.303739401067064 3.30037239548278 0 117
11.6791735919107 3.00952312441795 0 118
18.226030509348 3.59105285785197 0 119
0.160914721236387 3.00746381941621 0 120
0.985218467136175 3.36431780899803 0 123
0.0984346918343821 3.35096016343206 0 124
9.3469192649302 3.38586381558525 0 125
0.718485494452952 3.16665455848116 0 126
4.03986671225544 3.0634747532811 0 126
1.94684783722349 3.1053155410074 0 127
5.84757954856107 3.20558513777684 0 128
0.00677746480570716 3.03420640731144 0 130
6.23691229153043 3.21086204842884 0 134
0.629589347328411 3.02161303396194 0 134
0.940110844796316 3.41978248736595 0 134
18.7612164600868 3.09039593161989 0 137
0.0364628402309152 3.13541157800507 0 139
1.63739923175418 4.05245747489829 0 139
0.336385284877448 3.76764701348834 0 140
12.5339796803077 3.01860155864849 0 140
0.0152652432494992 3.54945747739033 0 141
0.0704514341171139 3.23495199302668 0 141
0.0113827700040448 3.03793827264427 0 141
8.3795237876406 3.32815993426964 0 143
10.145441496213 3.07913033006765 0 143
13.8351548007669 3.16276710093326 0 143
19.3404818451122 3.13105667405143 1 143
18.730471558585 3.63871402965086 0 146
2.30707158783848 3.55354164420128 0 147
0.321643719058952 3.29693374249141 0 148
0.088937373183957 3.45197912591044 0 148
1.49211734147556 3.07728241586221 0 148
10.6246802340595 3.1249404677969 0 148
0.0506397660140976 3.22584541207492 0 152
13.0000053119425 3.36069938541881 0 152
0.0135258129444418 4.3994908887363 0 153
1.09062951438889 3.20588097892152 0 154
4.54334610184862 3.21642168390798 0 156
17.0406203566157 3.08222955528676 0 158
2.05095069540843 3.226508214121 0 159
19.2414934746079 3.97431252655319 1 160
19.3124924130673 3.07381141202558 2 160
1.67944793219827 3.47412975969761 0 161
0.00512040764887792 3.82796823865529 0 162
19.3556459249553 3.42397874906342 1 162
2.16915975775418 3.0279300568669 0 166
1.3776341840661 3.45185094918322 0 166
10.629899119896 4.05728825443986 0 166
17.641697105466 3.10207682917953 0 167
19.0782767039813 3.04269391659967 1 170
0.0511403427139564 3.14062647384362 0 172
19.9442432792016 3.25741863092085 1 175
0.00537154701171003 3.07349298336559 0 176
0.249928752333297 3.39189395665962 0 176
7.71445954703946 3.34035855434948 0 177
0.114700977993682 3.04904020912104 0 178
2.92032280656778 3.28036814108264 0 178
19.5584041421857 3.56883992336187 1 179
0.0445458939959865 3.50639859571718 0 180
0.114392593625211 3.26793416377786 0 180
5.66379794090149 3.20369956476169 0 181
2.22807798343474 3.10290572711002 0 182
0.0279485267904336 3.38578775589076 0 183
18.7751566976225 3.50148340599576 0 183
19.6858872623738 3.42933760362962 1 183
0.0239327969777111 3.23160034119569 0 184
7.20288091680641 3.1772294897527 0 186
5.52873057083571 3.27870848477253 0 186
4.35662989160235 3.44498835263607 0 187
1.65825088373753 3.31901341748477 0 190
5.01437388041758 3.00366381015539 0 190
0.0469235618552935 4.46661530245998 0 192
5.34538118507965 3.25191058063385 0 192
10.3980029437414 3.18327826636855 0 193
0.174197017453605 3.48672392782644 0 194
6.48077468953538 3.20454087567029 0 196
0.0266342940232094 3.10749295880299 0 197
11.2494839041645 3.32622916228985 0 197
3.91583104383766 3.06231811210927 0 198
0.324053771237074 3.04228195510794 0 199
4.65633858334439 3.51555275574955 0 199
5.77191544951565 3.99284496458507 0 200
0.0810594563878057 3.29081997548282 0 201
0.442844069704485 3.0823533517941 0 203
2.21886350425681 3.18850308055879 0 204
0.0111510864866283 3.24113287191332 0 207
0.0522406845267313 3.16231626012041 0 208
0.674086952073051 3.25809236302455 0 208
6.51887847392164 3.72783642468128 0 209
0.0489197404474167 3.04815602828293 0 209
7.51392239192738 3.0295110359182 0 209
1.52838749896911 3.31139746090731 0 210
9.10967773291498 3.02953424056797 0 211
0.145725889334688 3.259744727611 0 214
2.60174350957303 3.71974497322882 0 214
10.7374373344991 3.75096868218411 0 216
0.0277345831873096 3.05394374570709 0 221
0.0517074058525531 3.30663290380215 0 222
17.754277420768 3.02259201482747 0 222
0.0573402420183065 3.23244980576352 0 224
1.06391307142357 3.07218066691937 0 226
0.0721006171326606 3.39363700524198 0 226
1.08386127188008 3.2432539494881 0 228
19.684115881534 3.47632486912252 0 229
19.7049654893992 3.25965291353377 2 229
0.242799186292704 3.15092257682562 0 232
1.04482259934995 3.35661987150483 0 232
19.3415466851179 3.17058834655837 1 232
18.7158793886631 3.33492067173096 0 233
19.0593741924126 3.16251470338891 1 233
1.54262231819931 3.75447494271026 0 235
19.0560779042166 3.16612439134948 1 235
0.0905150291841912 4.0189043181301 0 237
19.5908726709053 3.25464911861333 1 237
0.272586126231886 2.9901796689898 0 241
0.242355717064041 3.07861176216325 0 241
19.7064702277161 4.07330481158219 1 241
1.5882526725314 3.03614462686512 0 242
1.58706269588846 3.31749837589069 0 244
1.50126846652657 3.31619296592746 0 247
9.87900761757176 3.25433284795472 0 248
14.9162038348583 3.20012204535173 0 248
18.7128679617911 3.82760659053285 0 248
18.7503841090007 3.15348886994996 2 248
1.59821119045154 3.5491072497939 0 250
19.8551911529243 3.1175571455756 1 250
0.639226045128884 3.26166665611751 0 253
19.6823588569774 3.03400487579543 0 253
4.29568470053473 3.740276669113 0 254
19.0129996040608 3.45541159576445 0 257
12.843947129733 3.03144455879683 0 259
10.7534031777594 3.61631758366217 0 261
18.7358356827542 3.45163122567139 0 261
0.0390671684954315 3.27309332126555 0 263
0.332706038988857 3.21113630501534 0 268
11.2430784605922 3.27117415244379 0 268
13.564927576289 3.03401897848753 0 273
17.1034590156392 3.18159746752476 0 274
8.86411223534488 3.2199463754564 0 278
5.8289343752661 3.35569478603156 0 278
12.8274809607754 3.44000743106509 0 279
0.0791850263578956 3.05751880157807 0 279
19.0624390811749 3.22892709434773 1 281
2.55838301749673 3.02854021294649 0 283
2.56245279831304 3.62269514696893 2 283
0.115357101457888 2.99862379887809 0 284
10.6806218835305 3.10090152857645 0 284
0.182041692534734 3.23580354164165 0 285
5.14668931492124 3.21828845295411 0 285
0.154682522727524 3.36341648244429 0 285
19.5558123883415 3.45173998558383 1 285
19.8838278284852 3.23775803315586 1 288
12.3364381764912 3.15365709313034 0 290
19.9116691045087 3.33659160010733 1 291
3.73292954832195 3.0770915232177 0 293
0.419729846798072 3.26231274164513 0 293
0.026427282713202 3.31171511019265 0 294
2.12166512353579 3.70110882842735 0 296
9.34747043796981 2.99594529662935 0 296
0.15714292512082 3.50176114861944 0 297
0.34198006171953 3.19468776783462 0 298
10.6260029886161 3.3373348805542 0 298
5.51953038644361 3.02226403633731 0 299
18.8255397090951 3.2646831091297 0 301
10.7621820637262 3.30777852620239 0 302
0.419906870583575 3.07184802917003 0 303
0.685268027781922 3.25845744177513 0 303
3.72002755246462 3.17363936047745 0 303
17.051735087052 4.65194518745095 0 304
17.2894024667544 3.55796245680301 2 304
0.0469505738878926 3.35318624803858 0 305
4.73467469113308 3.06005518508619 0 306
17.2392000261401 3.69188820692122 0 310
17.9380016024571 3.23147598012194 0 310
17.9559366589348 3.05898409496381 2 310
8.89679308605668 3.29694087521579 0 311
10.6583758219493 3.15079517127835 0 312
2.12225548861103 2.99207183874345 0 313
0.0622506341308176 4.40790220186103 0 314
4.41844352866753 3.5239558045162 0 316
0.503483218099847 3.10684446457268 0 317
2.9736084169802 3.67111806917226 0 317
0.205963870739318 3.48650042214256 0 318
19.786991069242 3.05568321154221 1 318
19.529790810458 3.57928348614979 1 318
0.483080236062361 3.99773773418173 0 319
0.373056435506886 3.56938835515313 0 321
0.510367150260523 3.17060603562566 0 322
0.789825374048402 3.00102801665568 0 323
10.003362181595 4.03494176513777 0 323
19.1650142662273 3.1812446388444 0 323
2.12957572972289 4.09812489458489 0 325
2.61399778938215 4.23680456388853 0 325
1.42926799576981 3.37387473485629 0 326
19.0099373921108 3.05440486309437 0 326
0.0524795977219121 3.06823495393803 0 327
18.7121927619898 3.40611976681493 0 327
17.6064157967299 3.63697744780153 0 328
17.7532705007789 3.13473904163811 0 328
0.417485984287191 3.4996040428015 0 330
0.0844023121636407 3.39339107518806 0 331
19.257025554692 3.13998085894022 1 332
19.2137325049002 3.01298638720204 1 333
0.0729524682274225 3.34284230789511 0 334
18.7174006138382 4.54884585911126 0 334
18.743685910531 3.47274042974774 2 334
3.46543654685888 3.55555759982399 0 336
13.3828904731189 4.45985487765589 0 337
14.5989062872947 3.25392800455865 2 337
1.51723391865571 3.64215564768967 0 338
19.1065085389683 3.22784744471316 0 342
0.0199888579491861 3.17358158308183 0 344
0.330070069241807 3.1226735558221 0 344
0.705211665635064 3.21603839886918 0 344
0.0285701152006775 3.93269189720279 0 344
0.103329128077036 3.54295586975296 0 344
0.368206548316034 4.73548150446957 0 344
2.19930611631604 3.19098884365421 0 344
10.4097896667625 3.29808908793878 0 344
0.233141069103091 3.30341150218414 0 345
0.0252511926689264 3.94368768171396 0 346
1.49586202588971 3.3393188545491 0 346
19.255239401627 3.12007980797994 1 346
0.0521727001964801 2.99537624612438 0 348
11.9631873999823 3.11303451245217 0 348
1.30103614960671 3.27504492330143 0 348
19.7743232959505 3.12094112455803 1 348
0.201715362508334 3.34666513982462 0 349
0.0116185032243534 4.00855583873186 0 351
0.169365557533405 3.17840203099868 0 352
0.573202868026581 3.15277889094132 0 352
0.108299360284783 3.24948004109022 0 353
19.6089234116111 3.15187280818042 1 353
0.00714619146646922 3.61951424809496 0 356
10.0468822577407 3.11750543276728 0 358
0.132736474785271 3.05811405473408 0 359
0.0697546203262781 3.01169440161812 0 359
10.8076571471961 3.56637517604715 0 359
18.7773699898308 3.21621506019947 0 359
0.432353508953286 3.0929997826531 0 360
14.0560246287206 3.03034914012098 0 360
2.1474904150282 3.05423078152802 0 362
10.0550634013966 3.03215315655939 0 362
8.94298543894687 3.01243950876525 0 363
19.3082909669351 3.20034485001416 1 363
0.0729909305120399 3.626372870899 0 364
10.1812463789758 3.19808965704691 0 365
13.9414092244098 3.20782047409851 0 366
0.222160493660602 2.99177899915104 0 367
19.799081756882 3.34929849328453 1 367
1.96583939795121 3.71651078386969 0 370
19.55014391561 3.24663275246014 1 371
19.9421243891978 3.60882924133297 2 371
1.17207727109031 4.02670671733671 0 375
19.926796882562 3.00065069688526 1 375
4.15119725492232 3.03504494615398 0 376
19.3444840329789 3.25605972667676 1 378
0.0621279211085093 3.4679917660197 0 380
0.107618945636054 3.07702554406012 0 380
10.0103138764045 3.15699393312823 0 381
2.21955983307558 3.97003432139596 0 385
19.6738869903233 3.43367197983878 1 385
9.59299902221373 3.19073984958977 0 386
4.54228493773879 3.11055355100827 0 388
6.5335213130987 3.07782858626962 0 389
9.38951989991385 3.28030937751993 0 391
1.5055918399053 3.12098970534077 0 392
18.7433732534756 3.05715905050919 0 393
0.364421777191417 3.13426555105118 0 394
0.398594013107013 3.08062643565808 0 395
0.106588650599864 3.29757874503992 0 395
15.1147421821581 3.96761947574569 0 395
19.3179629746914 3.3605288943442 1 396
0.0515282713381045 3.68990546082802 0 397
0.440074390607972 3.02465579964576 0 397
19.9283686214216 3.36313816328312 1 397
17.8033454997792 3.23904647025498 0 399
19.98050390874 4.07712463458581 1 399
19.9808664713732 4.0148802427049 2 399
0.388710785688723 3.624817820501 0 402
0.000763517136096535 3.02238594160991 0 402
0.270606095018229 3.09791254928102 0 404
0.00721151773088579 4.14137268846637 0 404
0.0108226753038626 3.06575318282242 0 406
0.00638836525753226 3.32896449019805 0 407
2.23961167295878 3.30132877939857 0 407
1.10222187402464 3.92738123681511 0 408
0.030290664001114 3.05905935870796 0 409
2.16010651922744 3.04172548044028 0 409
0.234086030714461 3.05653125994581 0 412
2.24576813085997 3.34735681980769 0 412
18.729152631193 3.61659963562342 0 416
19.1830269633054 3.12411595994196 2 416
0.224770998173432 3.71458081625514 0 417
0.228410091136356 3.94541931008953 0 417
12.7959518125321 3.28336878367233 0 417
0.0680766300495089 3.57989727166901 0 418
6.64953998945263 3.11430035506786 0 420
0.370246777777662 3.86750967564129 0 422
19.2675919564531 3.07970420172007 1 424
0.000757691881773346 3.34387105287202 0 427
1.87296606842228 3.18197462423956 0 427
13.5348322122794 3.36207745910263 0 427
0.238159222716736 3.14814259464636 0 429
0.900100862363797 2.99903437914053 0 430
7.77213617261664 3.30137300858048 0 432
0.19199572186032 3.32183725336987 0 436
2.15000763187371 3.84285070321043 0 437
1.70061310436168 3.1320014466292 0 441
0.177932596843113 3.09565464468217 0 443
12.6712592882687 3.56671424576953 0 443
8.00563425654415 3.09520529403404 0 444
18.0056765702274 3.25172429539907 0 445
0.121156842176539 3.22748833911167 0 447
2.88558109818926 3.06400648265998 0 447
0.0316116270320602 3.23392227190483 0 448
0.0613826599145548 3.10558398740805 0 448
0.90943404461773 3.27273249846708 0 450
15.2250353117113 3.22230032127242 0 450
1.86320132889193 3.48059282977148 0 451
0.0623809968207838 3.00110616498245 0 452
11.6671567450176 3.15941884334183 0 452
0.250998696620074 3.01540349237196 0 455
1.97300614396677 3.73224333433718 0 455
12.7971600004813 3.45427011870235 0 455
1.25807477801437 3.65718097660144 0 457
0.0387241527299813 3.14348625662938 0 458
2.9935087322132 2.99478181278469 0 458
0.0661491610715157 3.01770067612616 0 459
0.0551066278144541 3.45385754567971 0 459
18.035433674732 3.02716754367602 0 459
15.5578580385134 3.22609571897299 0 460
0.0930357061979952 3.50757132583922 0 462
2.04898731426323 4.67808872867418 0 462
19.2146155190744 3.177683624979 1 463
0.465265969612533 3.00442657956933 0 464
19.258941877782 3.29566884212935 1 464
2.12130536878587 4.06250149241698 0 468
0.767848447131079 3.16748295819145 0 470
18.3700203000867 2.99598387065983 0 470
0.513879036415579 3.6309622708704 0 471
0.0296922135119144 3.10123889279687 0 472
10.9498028043025 3.55410616772329 0 472
0.0137840326085546 3.07944320150468 0 473
19.8900925576777 3.21487198459752 1 474
7.87229138376119 3.03835620820576 0 478
18.7195547093514 3.01293888325019 0 478
19.2245003434907 3.44556813494122 2 478
0.110031837039437 3.83837320452064 0 479
3.26398146484879 3.20504164984165 0 480
7.45735978208657 3.14302256430181 0 480
3.32376803676555 3.60737408976598 0 482
12.961650312481 2.99204411113301 0 482
0.136991555907141 3.04393180709186 0 485
0.0208072822959134 4.10121104195949 0 485
5.40556849773793 3.78697161859421 0 487
17.9595342131807 3.15442109644131 0 489
19.4538556909278 3.60853903362316 1 489
9.09269220339796 3.60304819771665 0 490
0.656263388843789 3.07886214001768 0 493
0.522644828062555 3.26218328067718 0 493
2.24972066998789 3.01352800035667 0 494
10.376200056202 3.05436418681547 0 494
0.0392269841671025 3.774812754759 0 498
0.171100865931775 3.06139393770262 0 498
4.43941200162612 3.29654081344539 0 499
0.0898819825312591 3.06223664278571 0 502
0.309001515709435 3.04368598861362 0 502
14.0132426669111 3.32996369470481 0 502
0.00920177682904779 3.1555276679905 0 504
3.10203437640372 3.46229769113279 0 504
10.4093884155468 3.3488903365452 0 504
5.16562810305022 3.21869824114612 0 505
12.1000384764662 3.571811186893 0 507
0.00271089559967389 3.13590784017941 0 508
0.76204215790094 4.18549317697591 0 510
19.4303352238763 3.06787604031383 0 513
0.0179297077987451 4.00722225414042 0 515
10.9456029182447 3.41715461519922 0 515
0.064852044572722 3.36393044335829 0 517
19.7136979132515 3.04308957941895 1 518
0.0646740421751334 3.51910607482372 0 519
2.6882608081103 3.09528324192318 0 521
0.265728159305265 3.02168824826044 0 525
7.43298510931312 3.08357132589172 0 525
19.6533155191314 3.03612720122367 1 525
0.0267634367400181 3.45380902685278 0 527
0.045487954158469 3.59371265044307 0 528
9.14829065164747 3.3031227783843 0 529
0.00509720372649192 3.10064639482693 0 530
19.9858828507453 3.09394414774641 1 531
0.0372584915104027 3.13083307959955 0 532
11.526854177976 3.01753776398825 0 537
0.0140477135045131 3.50394411106876 0 537
15.5117599781907 3.41144639526766 0 538
0.815869581560825 2.99819756710765 0 541
14.1894095018047 3.32622905473819 0 542
18.8063976569438 3.25975323970713 0 542
19.1010940202136 3.01195248551305 1 542
1.51754124322543 3.20712274284084 0 543
0.0452438763951113 3.04077909376144 0 544
0.20548087840524 2.99758842620874 0 548
0.214269373585314 3.22406942779795 0 548
11.175541390171 3.28091108585236 0 548
4.6690118573313 3.39814273548563 0 549
19.484374440191 3.42970025692707 1 550
2.39748864073317 3.31645497598191 0 552
19.6001251960729 3.40516214014726 1 552
0.252449532923002 3.53713070268863 0 553
8.45000931537235 3.07296104526704 0 556
0.00861232438691706 3.09007436775322 0 557
0.674875438542895 3.01711207178359 0 560
19.0904640456751 3.28235058213538 1 560
0.179022294019421 3.03964242698751 0 561
0.502365320073138 3.22574930053408 0 561
0.27377384884275 3.29522337358559 0 561
10.0114883141178 3.53785230694666 0 561
17.7314337070498 3.16796083718915 0 561
7.66314486294447 2.99388971325466 0 562
19.5583998033867 3.48293529116924 1 562
17.4977014393057 3.01203820200642 0 563
0.0118860571507502 3.82873532065926 0 565
0.693229802262334 3.17093091753684 0 565
0.733747677878244 3.01067702559758 0 565
19.090475342618 3.57802158401492 1 565
5.92460030371054 3.47483604526781 0 566
7.44465361977652 3.20216422525074 0 566
0.495896047971432 3.05214027626734 0 567
0.0205250786781389 3.62786441310099 0 568
8.0136971806303 3.51442861729588 0 568
9.29000332171775 3.47220508793501 0 570
5.09606434283532 3.21096962235853 0 572
18.762332372569 3.30304847443876 0 572
18.8403684424941 3.14053277425553 0 573
2.20477399790293 3.35265863472868 0 575
0.615909099492429 3.33990546827554 0 578
0.0489074534111331 3.21588373574521 0 579
0.338062301417099 3.155075808315 0 581
0.0983972633729079 3.10460619904524 0 581
8.20226755382388 3.10497452561712 0 581
2.59203574937165 3.0826214639996 0 582
7.42909202607045 3.50205139813806 0 585
19.938364580888 3.50040153568444 1 585
19.9563080989803 3.00650987572317 2 585
19.3822109265343 3.07906503350129 1 587
0.0428837883655758 3.36527444437264 0 588
18.4538743251936 3.08808059867503 0 589
13.0244939823561 3.05688727685127 0 591
13.5706842963827 3.12165533151846 0 592
19.1809556453113 3.21951556439855 1 592
0.172679832108433 3.17188650602477 0 594
0.165210742306916 3.1699156533276 0 594
13.3755042252913 3.04041977603123 0 599
10.3692075032178 3.81617095199499 0 599
0.00668008647917726 3.11957282957596 0 600
1.09918526852378 3.06989587046652 0 601
1.76380927605665 3.03038859052503 0 602
1.07698552154218 3.91672216506996 0 602
12.8435144323503 3.61720001323743 0 603
12.432682463064 3.03294612799482 0 605
1.01234562226121 3.0703508444443 0 607
18.7523775993112 3.68932951834568 0 607
2.02140390080301 3.32325655007519 0 608
0.274227066026424 3.09993569029866 0 608
0.20242770521986 3.11089174331297 0 608
19.5622451506987 3.10446209478298 0 608
3.38048573139277 3.54030352276649 0 609
18.7801494523178 3.02577059210035 0 609
19.4333457757343 3.38287157740643 1 609
13.4847132423948 3.15668174882685 0 611
0.0664616320871827 3.47237017269926 0 612
0.376907892038727 3.19136342124986 0 612
0.0449639527252918 3.19175138418004 0 613
2.31148938472454 3.35799862715708 0 613
0.715656627633417 3.16397671947859 0 615
0.338204521580554 4.04413508250882 0 615
0.9298024157494 3.05818559506999 0 616
2.54529069877042 3.19454075728568 0 616
18.7871912564033 3.04353987263137 0 616
0.711768995391652 3.36705111840536 0 617
0.145887862876657 3.32867867593076 0 621
0.0672490275402152 4.85017650603027 0 621
5.39161268070095 3.47675592406512 0 622
14.8756789341196 3.04732329359401 0 623
4.62693871160265 3.67004388632655 0 625
19.0476018829827 3.56071274454645 1 625
19.2674650459423 3.23408582405086 2 625
0.397848630960114 3.21056540155558 0 626
9.95182897601725 4.13202556602495 0 628
1.47530235678357 3.68220426376205 0 630
10.7551036562608 3.08213726293342 0 632
0.0500024179845939 3.05818032200893 0 633
2.16611536953292 3.35507382848278 0 633
10.4360029720504 3.68674586860215 0 635
19.4260885682047 3.01650590819313 1 635
0.88016549890372 3.25278715657595 0 636
2.31527935631473 3.09034652738527 0 637
9.17709636192953 3.42120987272937 0 637
0.647525091120644 3.12250169493147 0 638
19.249655685769 3.73932322254268 1 638
2.1974030485918 3.17991453350477 0 639
1.18696229510892 3.36833626284651 0 640
0.110982480479943 3.48618378487762 0 642
0.489770344854825 3.16460498887395 0 643
2.59745871834731 3.31512863740745 0 643
3.66416808356935 3.2507539340087 0 643
0.043558395335913 3.22321392219071 0 645
0.0353473124690953 3.02556094700518 0 646
0.46021071112491 3.54552740211768 0 646
3.49735788357888 3.20043270438876 0 648
16.6902584089858 2.99257167218188 0 648
0.0438368323944117 3.09078751309388 0 650
15.2138338067429 3.9386747144021 0 651
20.001266535753 3.13511257355895 1 651
6.73456772155816 3.13465982115313 0 655
0.0465964668939485 3.58132630969247 0 658
10.8323852961422 3.14650397706147 0 659
5.119005909262 3.11592175166242 0 662
8.54937271136641 3.42928427739489 0 662
0.110674651744729 4.18106030603574 0 665
5.55269797512397 3.44026227578845 0 666
18.7437889157866 3.22553848358919 0 666
5.20283431033391 3.7137956794281 0 667
0.61712102076733 3.36652610728632 0 669
0.0108551655633959 3.22689997999058 0 669
0.507848391217574 3.50775840440214 0 672
14.1557928514983 3.00141666826156 0 672
17.2277162836 3.71496374954181 0 672
10.7113096393078 3.06886471830163 0 676
0.0968374304864999 3.54759818574866 0 677
0.272714941026023 3.08830244090352 0 677
7.17480865790153 3.46009536249246 0 677
2.45677595879799 3.28510057270401 0 678
3.47840434793285 4.26589265554498 0 681
0.410792418642812 3.04971844288978 0 682
18.7676243709447 3.12140924631039 0 682
0.0059186457522973 3.20567495507863 0 683
0.302772517115856 3.12068172949048 0 683
0.00165242371819468 3.01555604448323 0 684
0.155848516119222 3.83010999882033 0 686
1.50620735699513 3.02503121935833 0 687
2.08220891953106 3.13223151372187 0 689
17.892306778983 3.75724753487849 0 689
3.11120381825285 3.41148565101835 0 690
3.06243330327382 3.07066780116133 0 692
7.98048180199304 3.07140957194642 0 692
0.737766371834158 3.69383677642885 0 695
19.6939144079954 3.10961855805768 0 696
19.7118190370838 3.02980698703824 2 696
0.0108064270750955 3.35808993315399 0 698
4.80569118120043 3.37675801222687 0 699
0.108589780273101 3.05885891331225 0 701
0.256084909127386 3.15900090288533 0 702
1.14924428779818 3.06491017396552 0 703
0.242995779532762 3.2702705224667 0 704
19.1738575928934 3.05721318472776 1 704
0.0450675560102034 3.24393401853045 0 705
13.8411541144803 3.27391441045329 0 707
11.9311980818427 3.20377548138987 0 709
1.52693653703103 3.21706571022788 0 709
0.416769073041106 3.54860398012102 0 710
1.27292707251227 3.63808554318278 0 710
8.68027227182841 3.75926749808821 0 716
18.7966592383397 3.19711625951857 0 716
7.78138075225562 3.13909111857862 0 717
10.0021566436639 3.41811699231777 0 717
18.91595983507 3.34294327194203 0 717
10.0055063651105 3.60027521290912 0 718
10.4021898745893 3.16181001747722 0 718
0.172573191923127 3.38117878211089 0 720
0.476156673270662 3.61729130248217 0 720
0.603450435366149 3.21755013415594 0 721
0.124279512109495 3.03811568093936 0 723
2.88964442540487 3.05565734792861 0 723
13.2822494747857 3.3843567092264 0 723
0.0340050625314548 3.57477122009768 0 726
0.157886283095084 3.05644632155097 0 728
5.75525638998376 3.05733487354245 0 730
0.0806873864594107 3.0947362704326 0 731
11.3427793556321 3.08438374177484 0 731
0.000977539907919944 3.34544238366143 0 732
0.0248520171383355 3.28713798827314 0 732
7.02931135710112 3.19230247738106 0 732
19.9355648408235 3.64601116330286 0 732
2.29519033695902 3.41176192245647 0 733
17.6547592139483 3.77580207008479 0 733
1.07942162780992 3.2207611375942 0 735
19.4194627169109 3.05772814331399 0 736
0.10093454830844 2.99791806135898 0 737
4.45712882578384 3.08705312482735 0 738
0.0108365464804419 3.30118958603767 0 738
0.0187425483592001 3.4504843847009 0 738
0.32619407496616 3.44001451372073 0 740
2.36528841551478 3.31310410613024 0 740
19.8206525271848 3.6258929978026 1 740
4.23728729763385 3.83618281525035 0 741
0.321028718046414 3.31314996676482 0 742
0.109778482454259 3.35428464650139 0 743
0.0836989846970863 3.00474539435493 0 743
18.8136701155801 3.49240625622694 0 744
0.342611595639572 4.25695900126253 0 745
2.04663947751993 3.22015137861888 0 745
0.472815035948223 3.30109269956208 0 746
7.85209390198763 3.11460150214502 0 750
0.734998984324786 3.09153017477942 0 751
0.0297951979564696 3.20050986846474 0 752
12.7813941549476 4.35691079758366 0 753
1.13293117673401 3.11781323365677 0 754
19.0898724011235 3.04399099730172 1 754
0.59620244770422 3.72678472696785 0 756
6.84570078774922 3.3214682695048 0 756
0.00781322208530427 3.44112488918355 0 757
2.08069828088388 3.00731818946705 0 761
0.0077991294256976 3.74321357688417 0 762
1.48702780973106 3.08908594843881 0 763
10.0025193751966 3.20651346176699 0 765
0.577504141057708 3.06050335782093 0 766
10.3801558974657 3.07801106584187 0 767
10.5812090633002 3.01275402354488 0 769
17.7520577456503 3.67047415084112 0 771
0.0350008214001233 3.06056703805219 0 772
0.0300313019493313 3.48367309072834 0 774
0.0216961671896593 3.34046771474192 0 777
0.039048989472535 3.78769335058685 0 778
18.9220980137118 3.49461093569484 0 779
0.00179376878127151 2.99386946688152 0 780
0.00246712022611763 3.17228633735658 0 781
0.3516499765475 3.42229485662179 0 782
1.14761400817671 3.32618831568346 0 782
18.7631898593506 3.0019865394606 0 782
1.03660741132802 3.05201022041769 0 785
0.484870804178055 4.01789539941136 0 786
0.00552137424174675 3.60151497091419 0 789
1.68245669533446 3.03785730247035 0 790
19.7074225632564 3.38265245225629 1 790
0.828400510050916 3.31207719074343 0 791
11.9612409447808 3.58753831736266 0 792
17.8306436559149 3.15921289736028 0 793
19.2136641590946 3.84649976083556 1 794
19.3445965625661 3.35240321417632 2 794
13.7368439448176 3.1980621000389 0 795
0.0399651384912413 3.06818399853578 0 798
4.63980488709446 3.13334490185674 0 798
0.447973379431008 3.21370053280444 0 800
0.0637475293712394 3.42513836744703 0 802
10.4294315957678 3.44332360204358 0 802
19.3462472778369 4.21722602498911 1 802
19.3574588254639 3.39989308243288 2 802
19.4020678262391 3.5703083187436 2 802
10.5501355410918 3.65751264471953 0 805
1.32801399232294 3.12156650899381 0 806
0.319013753867891 3.18011556755648 0 809
11.3104352984805 3.00174306955786 0 810
16.8032370474507 3.33515102860719 0 812
2.6510477048151 3.02146853971004 0 812
0.0125040900453064 3.25149519960419 0 815
3.95424884442454 3.56123503150177 0 816
0.214233571038147 3.1208810701337 0 817
0.833966742753004 3.10027589768073 0 818
1.45589641148382 3.31848050223257 0 818
0.0679325076726389 4.08800321070825 0 819
3.47330635438137 3.17343198765745 0 820
1.64690074209483 3.3821007201075 0 820
19.3937366289642 3.4299683108123 1 824
8.490191344983 3.5675093827804 0 832
19.8731136459953 3.0919476130757 0 832
9.07691445304727 3.66099793418642 0 834
14.8869108433136 2.99494625269665 0 835
0.20736677821813 3.07768671578123 0 836
19.0219472756509 3.00061208643223 0 837
0.322359576038171 3.67299919443818 0 839
10.3787539410797 3.51415627952193 0 839
18.7193350023906 2.99901877267028 0 839
0.0616680954075263 3.60616245489353 0 841
0.47424582456411 3.09687411299048 0 841
2.58487177604418 3.07158565984151 0 841
3.99034084423216 3.04728028781512 0 842
18.9689650635953 3.0072526527861 0 842
6.32094034453292 3.4665713276166 0 843
19.9658857173376 3.27603315230766 1 844
10.4038588324102 3.10459409372698 0 845
0.291784188992983 3.06900532558818 0 846
0.874190516277109 3.25648096760408 0 847
0.38499170929307 3.02642223553571 0 847
16.0505480383869 3.40389854021095 0 847
0.458574357158154 3.19334631246207 0 848
1.61648053923177 3.22826865761833 0 848
0.0655650584029248 3.25592442168352 0 849
0.00628384483410119 3.03661767436878 0 849
0.0620685195949084 3.02723472236744 0 850
0.908506826635125 3.02969967400978 0 850
0.208127032968982 3.28158219731629 0 853
19.1859859276187 3.25490667121487 1 854
10.806069695108 3.13516391754867 0 855
18.1965925115474 3.00860805851809 0 856
19.3818719283767 3.38524606361388 1 856
18.3010966970703 3.0431798644292 2 856
10.0878428383922 3.04839834793359 0 857
2.15226677569632 3.11977593521908 0 858
4.67361921470837 3.25467506128604 0 859
19.8300767235082 3.44240588219285 1 861
19.2457196511418 3.64500343210292 1 863
19.6810149897049 3.01086725873577 2 863
19.2591752478291 3.43879981525289 2 863
0.785784360319289 3.51508950770905 0 864
0.330335342423667 3.21405330861785 0 866
10.6289800258945 3.10621315297213 0 866
0.0354695072928916 3.12113133739773 0 867
0.0114498921294659 2.99246663435067 0 869
0.159904388004901 3.05094538965913 0 869
0.686879721408228 3.11114961034731 0 869
18.774396508028 3.14289313409672 0 869
18.9327756233484 3.16966330531761 2 869
0.595458450031441 3.35124120016621 0 870
8.63837389398441 3.64037284104492 0 870
3.44976073615159 3.0941910504612 0 870
3.57750447552855 3.21673556855843 0 871
1.13066255345464 3.21289209256187 0 873
1.77704687741377 3.18989232810288 0 876
2.02202999920937 3.04849130877353 0 876
1.04151984163117 3.22601308551345 0 876
6.27264236242881 3.43413271510157 0 877
4.87064831088088 3.22312391538593 0 879
18.7280047253759 4.22543436942227 0 879
18.7476435325766 3.59166830421123 2 879
18.9226384049846 3.01470262356046 2 879
18.7474801774917 3.13640356114728 2 879
10.3745014522295 3.58624267749494 0 880
1.8923585965644 3.63387704968024 0 881
0.0982048736364719 3.23973071301943 0 882
19.7565134599895 3.21933858526067 1 883
19.7703492963944 3.10877167248892 2 883
0.474385884455833 3.0942058583558 0 884
19.9717209948316 3.00518481681684 1 884
0.28326965402236 3.28169713641408 0 885
12.8367996484474 3.04862488354471 0 885
3.07965620670873 3.15534989493262 0 886
2.35430895495282 3.16023065298104 0 887
19.6099811751951 3.24000786789599 1 887
0.00421999278325705 3.27235563914834 0 888
8.71537111830783 3.42723501983912 0 892
0.0943487431351149 4.26906301435607 0 893
19.0424972622745 3.72876373814025 1 894
19.1734264829507 3.07212953581098 2 894
19.0555802732844 3.20604706247013 2 894
2.36674109074888 3.23006410242017 0 895
0.246541139723066 3.25071152199544 0 896
0.0808890661185745 3.52850591987671 0 898
10.1256648595365 3.02446838369258 0 898
0.426766687185358 3.27929871573512 0 898
0.0171277593483018 3.45982289285357 0 900
17.2446228810907 3.22668798356705 0 902
0.652834587317391 3.43617819744253 0 904
12.1676239727534 3.51209332866984 0 906
0.566505077859842 3.61872927426171 0 909
19.2248194791932 3.75102190056035 1 909
19.4902943196308 3.31330104473585 2 909
0.319893561060787 3.40281608393406 0 910
1.10102753044056 3.31788126534324 0 910
17.6474822122719 3.31837793265536 0 910
19.1326771228664 3.1965725681441 1 910
19.1884746168735 2.99807114705838 2 910
15.0967168558616 3.51372641825129 0 912
18.7544368454518 3.60276189390926 0 913
0.981651164649362 3.87833030474605 0 914
2.10057546488588 3.4760966956469 0 915
4.07939834997227 2.99526771695048 0 916
19.7788264666774 3.38361185004232 1 916
19.7832214055511 3.21307305656457 2 916
0.0289771054160698 3.34208656084728 0 917
0.158003880197432 3.29898727758567 0 917
0.0581833147155969 3.43547642012163 0 918
0.295359829430749 3.36282264760688 0 919
5.09479410467333 3.41196496484612 0 920
0.078682414574826 3.21759674316528 0 922
0.0329197509875754 4.56177761403218 0 924
0.138381085024126 3.02662771173992 0 924
19.0320086974275 3.22973973985867 1 926
0.2421854619445 3.06182255877271 0 928
19.3537937634714 3.75240287276477 1 929
1.92563643079594 3.08933863470636 0 931
19.1917652410079 3.21930258332646 1 933
19.9969609288018 3.85444005342602 0 934
0.235390511783602 3.08362131969122 0 935
0.54855818563493 3.18531957423869 0 935
19.4461386859507 3.03273911028368 1 935
13.9048390488657 4.37362203706093 0 936
17.7102084682673 3.13162273738343 0 938
18.9139217539893 3.02016093145143 0 938
0.0116033672520948 3.23460717603774 0 939
0.1742320075293 3.31407349410233 0 940
0.194967081991173 3.71115253341056 0 941
18.8556633276993 3.09911400465521 0 941
19.9894729521215 3.08806645199594 1 941
0.0464669556090325 3.24281728062929 0 942
1.88167619806265 3.63258149447887 0 942
1.55600484910505 3.0905513749932 0 944
19.2232534597821 3.22691992584567 0 944
2.81175943049044 3.01413050437414 0 946
0.67887248954084 3.10901106691681 0 947
0.155208810751022 3.38874654240505 0 948
0.0525770855178674 3.48804324721599 0 949
0.0452638433844781 3.55329070417625 0 950
2.13650256663696 4.16728719937066 0 950
0.0130116424933477 3.30882086522556 0 951
0.0556456949102751 3.3459316243051 0 954
0.00842185156433288 3.61321469337195 0 955
19.911947582997 3.05360567735622 1 955
19.9666122775334 4.08716382300514 2 955
20.0141706229234 3.12061608328861 3 955
2.4309981907459 3.12016740824707 0 956
19.2799104996115 3.0464787713244 1 956
16.9136552910002 3.17154453445747 0 957
5.73994155233786 3.1838378348405 0 958
0.0325089088552529 3.05295684203129 0 962
8.14063167699683 3.1215502385481 0 962
0.00628644177718951 3.50395592357383 0 963
1.80576378600838 3.32895364523636 0 963
19.5358585409444 3.07691790469055 1 964
19.3232744298034 3.04022808368362 1 964
19.47681161846 3.46201052657671 1 969
19.7924854475163 3.37539979371459 1 969
19.4768387454449 3.10239290605115 2 969
4.3233536703539 3.08464935119162 0 970
19.3001506914474 3.06567450924077 1 973
2.37131785282861 3.05953866618041 0 974
19.6152904160876 3.04830681776257 1 976
2.24882238066528 3.56093895904528 0 977
0.226277330605864 3.13028194898266 0 978
19.3006290433096 3.12249657895643 0 978
5.98088282390918 3.26640886671399 0 981
2.061737261677 3.10826913083476 0 982
0.307083798677531 3.20855816049563 0 983
0.718700496120715 3.54823224764553 0 983
0.768466988507793 3.04247105575176 0 985
0.557675838700607 3.13081898290926 0 988
0.061652574919793 3.06759662709881 0 989
6.31003448093825 3.96301920213787 0 989
0.142362974460339 3.16411350440643 0 990
19.6311232758776 3.95227996207163 1 991
7.75689163877564 3.06955165546244 0 992
0.326763867721112 3.20920259763258 0 993
13.9340622766914 3.21281454969178 0 993
13.9365437316208 3.42689650416423 2 993
0.217392492453381 3.35458597293231 0 994
12.8489228765412 3.20098386272671 0 994
0.132643334001353 3.01881202943078 0 995
19.890592173589 3.33552714404013 1 995
12.5296502695877 3.33774597390835 0 998
2.89488346739361 3.27319781573364 0 1000
