"ts" "magnitudes" "gen" "cat.idx"
26.849970793733 3.13502521873578 1 4
26.2056463478688 3.02623952716489 1 8
24.362275346069 4.22785050205693 0 9
7.7300139860893 3.36109948911384 0 11
24.535940662456 3.08913064554619 0 11
10.0022011394639 3.22601935598788 0 22
26.0555413362194 3.1434233020972 1 22
26.3042592411448 3.39320883995502 2 22
25.2525827238461 3.0071332037896 0 24
26.4466623665389 3.02923198055832 1 24
2.37739737352671 3.09056278332973 0 25
1.90164836018171 3.62889046019749 0 28
0.0647042289981884 3.00322618651444 0 29
0.0673962095038218 3.91363197259382 0 31
0.193751603232173 3.40430425295237 0 32
1.10674854431526 3.15802648058658 0 36
13.9782528420453 3.2845671791744 0 36
0.102646158142738 3.32702253060607 0 37
0.151586296186379 3.01886009576642 0 39
17.7612338044336 3.53667282527042 0 39
26.5877373373691 3.07536899806762 1 41
24.3513181951981 3.06351468445612 0 42
26.5387842444793 3.50385812306058 1 44
26.6133960057931 3.54894594264016 2 44
0.0670531898937294 3.19332010575761 0 45
0.145761274312107 3.58072151098052 0 45
26.1595927317716 3.56786128939461 1 46
25.1488971879762 3.03945569002364 0 48
25.2253122202603 3.12563917866463 2 48
0.384539577034891 3.18306427786475 0 49
0.00179278834622688 3.14199590082826 0 51
16.7896430621538 3.48183975439552 0 52
25.0166416333399 3.19387165506857 0 52
26.6713703835007 3.13346842933344 1 52
19.332543449654 3.23978313884983 0 54
26.5431708466817 3.14647713034887 1 54
26.698983165817 3.07928034465742 1 54
10.6738865983407 3.04281570384043 0 55
20.4249393674299 3.55128166751093 0 58
0.497112080457378 3.20067291390612 0 59
26.8961056106814 3.13915108453792 1 59
0.0267877052863012 3.06671838150204 0 61
0.0247070727616753 3.44857483952117 0 61
9.37144313276259 3.07892839201093 0 61
24.2582336271663 3.28479520559461 0 63
11.0649023164056 4.2150316139708 0 64
25.8762167770824 3.12665419007067 0 64
25.8967832203883 4.45630863699588 2 64
25.9102036084099 3.05900658068103 3 64
24.2627855189926 3.166424858276 0 65
26.5958855544772 3.38395895581841 1 65
0.299793991121841 3.78966810011173 0 69
0.352465489503784 3.68972474221553 0 71
26.2726367513273 3.15753089328347 1 71
26.2756127150003 3.50825998172689 2 71
0.46496259441978 3.2291765178598 0 72
1.30908943010208 3.0692548890755 0 72
10.6291868417704 3.15009223633802 0 72
2.43727386155749 3.41262018896032 0 73
0.0201402708544128 3.01750263700953 0 75
0.134681088877494 3.33008257867638 0 76
19.2601665893183 3.15707729127104 0 76
23.8496754082586 3.90833157059128 0 76
22.612047009048 3.37169491564216 0 80
2.71428591120968 2.99283330435976 0 81
13.5498273731982 3.1473033775111 0 82
26.2806967452444 3.07902100024922 0 85
0.0434140059994852 3.02027092484963 0 86
0.0112648183005455 3.19708825776172 0 87
0.533648391983775 3.47431624761426 0 87
0.627333486706993 3.10374793905508 0 89
25.1550607220296 3.09986270039924 0 91
25.2392873149104 3.26106190781164 2 91
14.4153519375217 3.03933472110322 0 92
26.3903731050991 3.05533067589156 1 92
1.7404283959198 3.18708032461275 0 93
1.57849237800475 3.19535561200025 0 96
23.964627186414 2.99540156681523 0 97
3.57358959312395 3.25725558769636 0 99
0.15610403751612 3.17209644883816 0 99
1.02281297737159 3.02204543572298 0 101
1.40392599032471 3.26698263362483 2 101
0.0873659303125678 3.16138143425359 0 102
0.0405643931152056 3.05824956543519 0 103
22.5243177194811 3.40396115618261 0 106
26.9314657693542 3.02136789730863 0 106
26.2563135606792 3.46074536881015 1 107
6.37664260076277 3.16771800125915 0 110
1.45742322314063 3.48410554535626 0 113
17.1089358912664 3.05764703872687 0 113
24.6352534865055 3.33124820303245 0 114
0.00277182518564471 3.09610503074842 0 115
0.0462235207512957 3.19343395828065 0 116
3.60578966698172 3.05827623294551 0 116
0.651340411277714 3.10702364153795 0 117
1.60088534661732 3.16213032738241 0 117
26.5178128657021 3.83349470597295 1 120
26.8679336857179 3.00159962878694 2 120
26.2771364663817 3.35545527666038 1 121
22.5523764698806 3.24195952307595 0 123
1.3240451195258 3.00364326632903 0 126
26.5725307277493 3.08565478593636 1 127
0.00235437613992089 3.23938494129285 0 129
0.164285234266429 3.33711083270765 0 129
7.19061513794569 3.30515205662229 0 129
22.8480146874535 3.05635777032917 0 129
0.000705675831564578 3.02457670972649 0 130
10.2066833923073 3.19604680684353 0 131
26.6591884093647 4.30520550131978 0 134
1.5113616754214 3.0780395886941 0 134
26.682575853475 3.15451429063126 2 134
26.8952092581377 3.00121286925849 2 134
0.317577952722481 3.01602641895012 0 135
4.25928449407462 3.57677557044163 0 138
22.6825535260338 3.09395624427876 0 139
26.190474814884 3.27133965627378 1 141
8.10696741573549 3.60081831453115 0 142
26.3904579814157 3.0463871173129 0 142
26.2431480068803 3.13523614269299 1 142
0.455521631906638 3.00568732344624 0 143
0.520316473409976 3.28835664413043 0 143
26.3597057060428 3.4794787389005 1 145
26.4016644430113 3.38981071914089 2 145
26.6508111716064 3.1853010642947 3 145
23.463718496253 3.23723321588621 0 149
26.3744532390587 3.31880891834041 1 151
22.6641462914155 3.05534352664887 0 152
26.6063079996124 3.32742069079712 1 154
10.4073889933746 3.45174209831671 0 157
13.9396356952572 3.00111273608603 0 159
25.0766297941823 3.19115702824725 0 160
23.0733197970998 3.7635223169697 0 162
22.6261124038111 3.20088469585292 0 167
0.000470014554935562 3.32229306079155 0 169
0.351251901058547 3.05130929672836 0 169
7.83027563831722 3.16006245731256 0 169
22.5659245126794 3.16378279322841 0 170
12.1689717605021 3.53058333863575 0 174
24.4569445769641 3.29692880497645 0 174
0.0126055634066249 3.18516106961992 0 175
12.1430773093872 3.04774032777914 0 175
0.0212799558511292 3.09589221387907 0 177
26.2956993287488 3.27469739704366 0 178
2.2000119221567 3.71422313154151 0 178
5.1541944748236 3.30452718253274 0 178
5.49894062721853 3.47355905524164 0 186
2.54380384105438 3.22334927590099 0 187
2.12691805959109 3.63923466270641 0 187
10.4845370641984 3.40642024919253 0 187
17.9082127723291 3.02306205679309 0 188
0.501644280300916 3.17437437470906 0 189
0.719229402431431 3.22806311349107 0 195
25.0554164136912 3.48515161099374 0 199
7.11405167724257 3.66164971180004 0 203
0.701069284230326 3.24310631748102 0 203
0.751371155458767 3.08677870565115 0 204
0.0692013494451937 3.14127146752255 0 205
18.7294262566819 3.38912569806596 0 205
0.00707593795636034 3.04721555707951 0 206
5.02248833083541 3.19672959272934 0 207
12.3605231243182 3.3369182845865 0 207
23.820850770728 3.67064617684533 0 208
2.1347107621268 3.10748506558582 0 213
22.7183480824096 3.10350737264799 0 213
6.04669791661445 3.27109333551101 0 214
22.5264540126444 3.16863551064951 0 214
26.374903741907 3.66659696665365 1 214
0.108842165590238 3.43011958449705 0 216
23.6669414696146 2.99580491893523 0 216
0.000577151608497048 3.6213777239395 0 217
0.0787125568993546 3.12303137104206 0 217
7.16506975444388 3.00910835900769 0 221
0.129249940111553 3.49532225359874 0 223
11.6317382249075 3.26783800101186 0 224
19.0581810730892 3.11878527860935 0 224
13.3066035304764 3.17988517447624 0 228
9.87318019446588 3.30365106955645 0 229
25.0178737651441 3.29640281754506 0 230
25.126482105631 3.24432485127591 0 230
0.636153096494866 3.80547837177821 0 231
26.1084985515658 3.0318629970206 1 231
12.907782515171 3.06268910596237 0 232
0.347200907167735 2.99981576756255 0 233
13.0612130910302 3.42033336879624 0 233
2.23734312824508 3.28099356109684 0 234
0.0677862006280934 3.22398309077737 0 236
25.1097764274883 3.08511624674094 0 237
1.19432470348466 3.03957927388994 0 239
0.0540771325118632 3.3043865961506 0 240
1.12732828262751 3.41701883834563 0 243
0.0964154031906399 3.18231723945055 0 246
3.4920364036805 3.11746567031193 0 248
22.6513970857405 3.10438223058624 0 248
5.91800696290761 3.11205789122333 0 249
25.3674389481857 3.10316097766547 0 249
8.21861537680894 3.19472833526114 0 250
10.3915601851108 3.33774828914722 0 252
26.1163405330476 3.05179880706138 1 252
26.6068640688058 3.11363413765899 1 253
26.4295298040224 3.78863134025104 0 254
4.76897961881225 3.89792754996871 0 255
0.0569750830068062 3.34188158603947 0 256
21.0416590904564 3.15564491869162 0 256
7.43437635980445 3.63854963981371 0 257
0.666131838477223 3.29511395667068 0 261
7.35692800995447 3.12377543820136 0 262
0.212671502097006 3.22559668131349 0 262
1.25817023382443 3.14307127399506 0 263
3.89880275449933 2.99553070003583 0 265
9.42857904002796 3.37477726841235 0 265
11.6038142348326 3.14066865000063 0 267
25.4925305107737 3.03193922782082 0 269
12.4720774604273 3.03756391237655 0 270
0.468127783524183 3.35737328907455 0 271
0.119045593259858 3.74308074271305 0 275
4.18797383828179 3.10671534500193 0 278
25.0934294759343 3.08965014612818 0 278
19.2847906595499 3.08625164606733 0 280
0.670279925224463 3.6787511774528 0 281
0.958996328970588 3.21263616838338 0 281
0.402857365756951 3.04436758218571 0 281
10.6031958981513 3.19855973203544 0 283
3.24528151754082 3.17838508297749 0 284
5.8899980141348 3.76253670263292 0 287
3.59035926414567 3.04063434115149 0 288
12.7895674392373 3.58840829094065 0 288
11.5680747964134 3.0247710929955 0 289
0.386525880452963 3.58384744243951 0 289
0.276249949273297 3.20858740894287 0 290
23.1718449102294 3.4284458458412 0 290
2.12011632581863 3.05790554991433 0 293
0.184232082811893 3.58363330556575 0 295
0.496905415395606 4.06285360395553 0 296
26.0563293927439 4.38553907075583 1 296
26.0662524452539 3.79683709441656 2 296
26.9254613787038 3.19948004297233 2 296
26.0981826560046 3.22149671903012 2 296
26.9582038970668 3.1222588753928 2 296
26.105164718429 3.18191033753212 3 296
26.1125433370608 2.99688064772679 3 296
26.1515088219358 3.64009118354075 4 296
26.1090551050423 4.03262554224078 4 296
26.1546555802512 3.73218504132454 5 296
26.3561657966255 3.72866146918127 5 296
26.2901883440395 3.55101418643551 5 296
26.1791665169783 3.21333991132451 6 296
26.3215495341986 3.10511991546855 6 296
26.3296898519024 3.17759826311262 7 296
26.3262577511722 3.12495995221953 7 296
26.5677433392588 3.19806789601311 1 297
0.302858227828911 3.19965977210017 0 298
5.51495372259211 3.03372013196762 0 303
0.256196271169126 3.62351534987924 0 304
0.0409432256400312 3.62713601144192 0 311
0.0164041822015119 3.99914460929173 0 312
0.960478995411464 3.11049493853362 0 317
8.06854197761473 3.00519363196312 0 321
0.527062610794726 3.08568128830396 0 324
0.00833860842367867 3.0202762395202 0 326
5.00194228498707 3.29492223107039 0 328
25.4286136081059 3.01826308482239 0 329
26.0395470316612 3.02072709703325 1 331
26.7730401552213 3.04814336705983 2 331
1.01303878345845e-05 3.64218425158435 0 334
0.0449131659529003 3.13509164658072 0 334
0.550484952450795 3.09493854663757 0 334
2.26961191820547 4.220001613231 0 335
1.72991074574863 3.26959962459788 0 337
0.0882876422307358 3.68243590035158 0 338
26.7971037785445 3.32597394340789 0 341
4.79626759507198 3.14138234525752 0 342
1.47316690032436 3.33183441892544 0 347
22.6880450681507 3.1015336374148 0 348
19.2133051843162 3.07093490465341 0 349
0.0174999272533283 3.41098469628139 0 351
8.01480451746823 3.62840172981201 0 352
26.7741608318497 3.48008723772536 1 354
8.94802085648426 3.40708770147625 0 355
0.0608003906033558 3.87822662615578 0 357
10.8624783097365 3.22832704450537 0 357
0.205942367506826 3.72167366406073 0 358
3.15725489980868 3.18839510171981 0 360
1.81544816238553 3.74083754944056 0 360
0.564946090618021 3.10012453437798 0 360
17.6771281246061 3.05821466405459 0 360
0.643946083636706 3.07919298513833 0 361
1.23316156339119 3.12390077769635 0 365
0.0153248147916681 3.00465725425315 0 366
2.16572979274471 3.29663792366031 0 367
0.35280282544459 3.02918179755878 0 368
22.5744168236607 3.56515420073294 0 370
7.18170573670349 3.24799547806736 0 372
0.476159084397735 3.13823643460548 0 376
26.5153642002583 3.12034288207173 1 381
4.29362943791342 4.33999812343134 0 385
0.312997522173773 3.09217806947508 0 386
10.3912447468668 3.06334837432202 0 386
0.996625276499084 3.12891344239788 0 392
26.6307888994083 3.45601818585733 1 393
26.7235425602884 3.03129896883871 2 393
26.7720474566455 3.31027279923753 2 393
6.83756827971315 3.06661148462602 0 394
0.0181000140060284 3.14246404624908 0 395
0.0706048214217689 3.48432971755307 0 395
4.17082422807867 3.07954906339369 0 398
23.6169377381342 3.98072733835208 0 401
26.3616539597601 3.43083793022721 1 401
23.6937528468683 3.29992714281191 2 401
26.3746315906101 3.09641016163003 2 401
0.581160522117315 3.03505487924822 0 402
26.0954990539789 3.83627413804362 1 402
26.8641130504069 3.09262874320416 2 402
0.349758611547254 3.28029026658764 0 403
0.0539367841338024 3.48299505944974 0 407
24.2834204565329 3.59542644951782 0 408
2.67388542739834 3.09524568524389 0 409
23.7728709740848 3.14301906205614 0 409
10.8918867510101 3.56931256970768 0 410
5.76486542659828 3.0684334579505 0 411
26.3016323583756 3.1616124646153 1 412
0.115596409452637 3.5371650325732 0 413
25.704072178314 3.02419124320673 0 415
23.108998861849 3.21839925653074 0 416
13.8057796339592 3.4976016877681 0 417
0.00946988540427465 3.34806544741205 0 418
0.233671127327748 3.44974677674907 0 421
5.19720962787652 3.19766351797267 0 422
4.62903026340806 3.22541746760443 0 423
26.2426981899511 3.22699401699972 1 433
24.093358106029 3.26501645442437 0 434
26.6322385244161 3.61297243916117 1 434
26.6387966246999 3.03518428635518 2 434
1.61713643126432 3.09096564867878 0 436
26.5727320999462 3.51608898409905 1 437
26.5907499616664 3.52323130273847 2 437
26.7349105015418 4.16513671230852 3 437
26.9926811853501 3.10204113977575 4 437
0.312595480641564 3.04099599558182 0 439
0.542952228018 3.13847346517356 0 441
18.7278512762305 3.0046779037178 0 442
0.10900252787376 3.04591599740696 0 443
26.8851293769289 3.07468081975725 1 443
14.1719829407049 3.04917151297839 0 444
0.156343130164815 3.04440172411284 0 447
2.55671901471582 3.23869947090343 0 448
0.0397542567401918 3.18934763028723 0 454
26.5659286365003 3.4740718048029 1 454
2.15114662885438 3.22411928952019 0 455
26.2120148932185 3.14020095008606 1 456
0.26445124223283 3.17121008681058 0 459
1.41436801206908 3.37376313288964 0 459
26.6313663701617 3.25085918436805 1 463
26.6432740691697 2.99007915999245 2 463
0.79049754814455 3.08013321040154 0 464
0.0981301626865305 3.04926708391006 0 467
0.437625946601956 3.17565579141133 0 470
0.0818675837105704 3.21248247433179 0 470
1.20657140705222 4.41798521803705 0 470
2.97117773413205 3.10431538660764 0 470
0.283341094468949 3.07613889833812 0 472
2.18626759748484 3.08683509816862 0 477
24.3643305630306 3.13040285507696 0 477
21.7605946414299 3.11941493425348 0 478
25.4615403879897 2.99446262065939 0 478
22.9897527391237 3.27595173420669 0 479
0.00347300496118327 4.40230975131223 0 481
22.6600289471823 3.17735481803808 0 483
26.3005645420958 3.41073196471329 1 483
0.0241321971016086 3.64714397860047 0 484
1.41766159913 3.08651688295141 0 492
4.37499973732842 3.17653612342621 0 493
0.00992798788002832 3.00061750476378 0 494
26.3255072023344 3.0660414968702 1 498
26.3477992881648 3.30318125679809 2 498
2.90084678134949 3.09468292389939 0 499
3.21298679725395 3.24071218131537 0 500
25.1416371876495 3.04394179061275 0 500
6.77072670505156 3.03969515312057 0 502
2.29673634235043 3.11452464532717 0 502
0.0242786655409673 3.23557577357937 0 503
0.013617569867649 3.1259451416515 0 503
0.0574790936012688 3.0396883629022 0 504
2.31407426978367 3.71653944896278 0 504
26.7610659940724 2.99297602174386 1 504
26.6804991889835 3.04269544953708 1 506
10.4048294765932 3.4616835594945 0 507
0.0774769384893535 3.04919260067015 0 511
0.0166782542711398 3.40404836512937 0 516
26.5346333722143 3.79703251487744 0 516
26.5923160162378 3.08044876091846 1 516
10.1079727525686 3.28978562610585 0 518
0.00573848386568853 3.11055732849531 0 520
1.99159942467689 3.31600687670936 0 522
2.34836289346298 3.10919381019973 0 524
25.1975963520443 4.29813295048021 0 524
25.2790217299533 3.03360398000513 2 524
0.453343040053189 3.23467016212624 0 525
1.56839922177143 3.22912574720274 0 525
26.7788714858793 3.61036335278572 1 525
17.7711782821323 3.11756287944251 0 526
0.0435241444860701 3.03921251605751 0 529
0.806118015020577 3.0170096584971 0 530
0.00398884263732333 3.3842667042394 0 532
25.4493561349633 3.04013387916791 0 534
22.6927440412177 3.31940299029741 0 534
1.33849146269916 3.00017808411965 0 537
0.0358782304223301 3.05378072207901 0 537
0.19874779592077 3.4728058471491 0 537
5.50556056197121 3.18069975788796 0 539
0.911672186187773 3.31183475899667 0 540
10.7214921216834 3.20636871297544 0 543
4.64030588495839 3.14113334770902 0 544
0.00686114951941355 3.24472872388276 0 546
7.63751078871326 3.42340691081309 0 550
6.04437828860951 3.03845068972035 0 551
26.051217019241 3.17732422659609 1 551
26.4324503863264 3.01229983154528 0 552
26.6778480316602 3.06231296144503 1 552
0.0268565387814814 3.10706408531584 0 553
25.1407880062991 3.02952140472473 0 553
0.444096761837047 3.02628175727706 0 554
0.43740924778931 3.91076894381546 0 555
1.82928132621327 3.10971970615427 0 558
0.124154028631739 3.09285941440391 0 561
0.65802098056314 3.02940896181694 0 561
18.4768208267672 3.07812179314308 0 561
0.530581125382198 3.35988439285633 0 564
16.3087163122662 3.76288997688395 0 566
23.5695138532725 3.23939537481449 0 567
10.1703549803964 2.99207363966902 0 569
22.5929077745084 3.07957930882551 0 569
1.49877603902904 3.1346447380687 0 571
26.517176652243 3.03793233332122 1 571
9.95002573627451 3.06109286762362 0 572
0.266676958682467 3.1987017438558 0 573
9.99932976135845 3.00258084382241 0 573
25.2171233159163 3.02269940501045 0 574
19.7850833898803 3.11840524680481 0 576
25.0443362003665 3.57303540110774 0 578
4.32332275099397 3.00632680233269 0 580
5.81077075385267 3.03275918139306 0 581
2.98521651337373 3.02383442375379 0 583
26.6982975086753 3.66102709492604 1 583
2.42301732084483 3.24256516072363 0 589
24.2561414994075 3.38751345654153 0 591
0.0682457553555777 2.99968381333977 0 594
0.250360319918275 3.0107683472593 0 596
0.159410976500956 3.25796553833764 0 596
26.7009076433346 3.27785323894989 1 599
26.5200556683444 3.26837441302423 1 599
0.100976887143875 3.27309164073296 0 600
0.155482499645554 3.10085363349147 0 600
15.1189730210152 3.2546332458058 0 600
22.9652763603634 3.24045397461795 0 600
0.365794946406175 3.44441538318564 0 601
0.249190576715586 3.11871010832911 0 602
0.0345983793433942 3.1972650417918 0 605
9.65911142460519 3.08477623746128 0 606
3.26226884887821 3.45557040860055 0 609
1.93369828248578 3.0196514057559 0 610
1.09804182223671 3.30888731973863 0 616
0.0830494028064904 3.3921968945477 0 616
0.476238803035686 3.00610945042165 0 617
25.7633476832728 3.19882183452673 0 617
10.2303710869006 3.01515598941367 0 621
3.00773732784909 3.12604476145412 0 621
2.61850865206713 3.14821116483337 0 621
3.39231114824844 3.11869338082456 0 621
22.0144869905327 3.02422348386239 0 622
0.0626828293124734 3.23537710513292 0 623
12.7187167737112 3.06018711505125 0 624
26.1448593129494 3.13722055765473 1 624
24.2865474051769 3.09664391786413 0 627
26.4227824051954 3.22400686150286 1 629
26.6552244517111 3.98108552066249 1 631
26.9167030588949 3.02727122093961 2 631
26.051898677982 4.00640255175506 1 632
26.0581911051759 3.43981303279944 2 632
26.1498971833318 3.6042664956811 2 632
26.0683420509988 3.3665772955152 3 632
26.6325496998816 3.15618290316283 4 632
2.02798168013893 3.24573488498917 0 634
17.2803804770247 3.04107625941788 0 636
25.0157256994188 3.17762134923414 0 636
0.0519071587541112 3.1360402258814 0 637
0.129146120719058 3.13359799318505 0 637
2.05719159040633 3.53382634474297 0 638
0.0467847567512278 3.18914756192826 0 639
2.45381152618354 3.03903723561758 0 640
26.8435236643158 3.0316621318529 1 640
0.0326189733390623 3.25415973318321 0 641
24.313998292357 3.20943059321965 0 643
26.2677201401998 3.50395690870211 1 643
26.2913498050974 3.16937870847196 2 643
26.3952639455997 3.11900043866878 1 646
26.735740750961 3.48188463867619 2 646
0.0156047479237919 3.17905663025288 0 647
1.32917998739131 3.03904190882542 0 647
10.4747737212449 3.09938256403324 0 647
26.3757784361109 3.32129287941531 1 647
0.0385645719014856 3.06401466035188 0 648
22.5623765413151 4.332394304549 0 648
7.95915133108363 3.09391916925163 0 650
0.0091976102680135 3.02325462042682 0 653
22.9148794624151 3.0672052196687 0 655
0.0401964260563675 3.47084467874346 0 656
26.1975888220217 3.16611682592321 1 656
0.180366203913676 3.02403124135651 0 657
0.801208448616206 3.44463327590002 0 658
26.2702035460711 3.16464697855773 1 658
26.3935141323917 3.83007162923474 2 658
26.4616986898828 3.43448406335603 3 658
26.404724878865 3.2099209686601 3 658
2.18215558703259 3.35283443625161 0 659
22.5486648322202 3.20211487994231 0 659
0.810323290726162 3.033291384584 0 660
26.9258283485282 3.01680950214634 1 661
14.0901941987332 3.01138216764922 0 664
0.0852870103150804 3.24237254236225 0 665
24.2499516387804 3.57436853691451 0 665
0.0289941424709679 3.37367175487691 0 666
0.0841318791124618 3.08248129440739 0 666
3.39280964868527 3.0855342617262 0 666
0.362950762084932 3.11766415084481 0 673
0.0407623255681681 3.10444266007806 0 674
22.5555146164875 3.22533360236427 0 678
26.351653555324 3.00319614886853 1 678
0.189084876891272 3.43829325601397 0 680
25.1044026847556 3.12351356868818 0 684
15.6979822408581 3.02971887235355 0 686
0.237160519432547 4.08659769529362 0 687
0.175832289172063 3.40438365758699 0 689
0.0709774923403921 3.17533799215579 0 690
26.6595571673565 3.03573663902734 1 692
26.7838756996677 3.36156243024607 2 692
0.562075213708879 3.36800742026489 0 696
14.012888935911 3.07177121274344 0 697
0.111580970129339 3.22926476085775 0 698
3.43349418162053 3.24758559431454 0 700
0.952572114069385 3.17203651347806 0 702
1.38070183527148 3.57908785240336 0 703
1.19365056777201 3.25421716877389 0 708
26.7984283493456 3.67544607360883 1 708
26.8116763585534 3.02216992015015 2 708
0.674320954135088 3.1306203312026 0 710
26.6922186651822 3.19806754169855 1 710
23.8476120565194 4.31498857499725 0 711
0.12005424001942 3.8848701038271 0 713
26.9651448472027 3.19462964237207 1 714
0.432851364830481 3.10455976247908 0 715
0.177294665314702 3.03545403718929 0 716
25.1498082536443 3.33415370465586 0 716
26.7035941839308 3.33326423950085 1 716
17.6514507581072 3.37001909411962 0 717
26.0492695678581 3.14894375258105 1 717
24.2713105998307 3.79584693549205 0 719
23.7650652593974 3.8572693116868 0 720
0.034207271105671 3.00951459919531 0 722
25.1395392505138 3.06833526661573 0 722
22.5508956667512 3.41853178514612 0 723
22.4315509175163 3.7767769889475 0 725
0.00791348862379243 3.51957302293703 0 726
17.5450438913369 3.04638617267605 0 726
0.118842170501161 3.18686319234947 0 728
0.130488673568441 3.02331930476591 0 728
22.5805333015917 3.01478237614742 0 729
0.273185028040954 3.69413330862057 0 730
15.4000880254179 3.18361045850864 0 730
7.61664420168158 3.28479989746493 0 730
4.62608583600038 3.17069228322353 0 730
22.5500672614612 3.10131128192777 0 730
26.8212943993599 4.0483222098383 1 734
26.8222352310105 3.08360955459977 2 734
0.95979171984814 3.23786815848363 0 735
26.2312337825164 3.99400810915219 1 735
26.3162286923675 3.37996364858901 2 735
26.2528089687995 3.3677432164262 2 735
26.1190855462659 3.1395448875978 1 737
0.125391360677568 3.04313771030249 0 738
0.154801962915072 3.13380080108177 0 738
22.6067142963202 3.21038081533409 0 740
1.60679133243272 3.07501300615655 0 741
26.6606590407059 3.39627101270084 1 741
2.38397382874527 3.13297181135216 0 742
26.1212930743672 3.20359933964014 1 743
10.91353259885 3.05118239723196 0 744
10.454741129722 3.41943058438729 0 744
2.20693478171466 2.99543007235848 0 745
1.06384898994979 3.02741789861281 0 745
0.176525453074527 3.28265957626204 0 746
0.121542111912991 3.08923603542393 0 748
10.3685042166144 3.26950548083455 0 751
4.60744307214135 3.7917180122232 0 753
7.28631011563908 3.33555551255498 0 754
26.4760400996633 4.08884618063911 1 754
26.5324641696487 3.25298975400988 2 754
26.5354199156443 3.27865124214249 2 754
26.6998729770069 3.11794608010628 2 754
26.8885411153402 3.29310113516697 3 754
26.6877280025027 3.18256990935812 3 754
26.0639231276322 3.77802623603025 1 756
26.9021549168133 3.06998001808025 1 756
26.1367971117002 3.03982515183432 2 756
26.2253158000253 3.22271027629004 3 756
0.184028670361873 3.3651746231 0 761
12.8657021752559 3.07620651634107 0 764
0.800592040034273 3.81816891831419 0 765
9.97878609424922 3.33423642442208 0 766
25.4791581943226 3.16877399485969 0 767
26.6944432080813 3.03624681185062 1 768
26.7738885673616 3.78301972336157 2 768
26.7750741721968 3.16585762717531 3 768
0.577599585474606 3.04205062852369 0 769
26.5481691480704 3.66008345542775 1 769
26.5522301583265 3.23932922993646 2 769
0.322645658192109 3.03470714149176 0 770
21.798125175772 3.39483261374427 0 770
0.110756718451515 3.27673810257601 0 773
23.9179394080584 3.07761861028185 0 773
17.2535699568826 3.52945027066748 0 774
4.61133102842465 3.25319532955433 0 777
1.4707012955039 3.03508655569908 0 779
9.97267320982613 3.1730640067657 0 782
25.4765394187531 3.23502989769431 0 783
0.138366666232143 3.11886602582196 0 785
0.664887861958381 3.05443372669046 0 787
3.1297323945224 3.04583998034674 0 787
12.5118142871555 3.12066536755011 0 788
0.15501370876646 2.99256961164019 0 789
26.2945872190498 2.99199066723438 1 789
10.0239342421227 3.50301679837763 0 791
18.7228300645211 3.04571004460875 0 791
1.45294852326743 3.07794692824141 0 793
7.85424189441228 3.01442202142591 0 793
11.4785229131358 3.15657993406143 0 796
2.34852742428781 3.06055446634284 0 797
22.5587084452436 3.34825426632833 0 803
26.6939658756923 3.65441777142108 1 803
26.6942926474323 3.1420410432904 2 803
17.9952590783967 3.02031100631386 0 805
0.12065085283655 3.06926836544522 0 806
1.15794209768673 3.24993104648196 0 806
25.0226657901586 3.07267114673038 0 807
0.00135004678705734 3.23571257590853 0 810
0.104939832551538 3.00080009143324 0 812
0.045401001432214 3.08752508858477 0 814
0.510794270172859 3.12045921434226 0 815
25.1046166049077 3.03686511969001 0 817
1.08586903891308 3.08258125937059 0 820
22.5967825000095 3.1696490265469 0 822
23.2857538139604 3.02497344569118 0 825
26.3760414390449 3.38206510990371 1 825
0.0902133977817038 3.76451516120185 0 827
26.3334295609124 3.05757675616981 1 834
3.47455084343385 3.10136903269029 0 837
0.0851103229534411 3.41483226791675 0 838
4.89062147186265 3.49777982029144 0 839
10.1741828243981 3.62003527924315 0 840
0.0843900750670688 3.56322477178559 0 843
26.8090813110207 3.09501258783723 1 843
26.7674737362281 3.98530568064221 1 843
0.480442714277122 3.61695536562347 0 845
5.35367224809296 3.1398026544708 0 845
26.3027282395955 3.27520968643637 1 845
0.477861890845817 3.17571783841955 0 847
1.02162330830668 3.51922644664378 0 847
1.91729351178417 3.28968129554043 0 852
9.98666715089676 4.43752218405093 0 853
0.834895621443614 3.68079539086068 0 857
26.5628099843484 3.07010231005013 1 859
0.0935873049313392 3.28005235036267 0 861
4.29664834478222 3.0872569689567 0 861
1.24990766701945 3.59081926897256 0 862
26.7900641652845 3.20409068789295 1 862
25.3620356534958 3.42401878433643 0 864
9.89344172603564 3.08895501979623 0 865
15.2052782616084 3.52719289894292 0 865
26.7343665549156 3.93192787104619 1 865
23.9375751934701 3.0281281448285 0 866
26.8180315628737 3.17689352577886 1 866
2.51962195336818 4.07493060734269 0 867
8.25046288822108 3.13248745101621 0 867
0.0974363911325759 2.99183225253671 0 868
0.0413667992174485 3.0524735079888 0 873
24.9966759394815 3.43113883432851 0 874
25.162356026546 3.11745573378741 0 874
25.1631723885619 3.02912320300765 2 874
7.93600508016797 3.63625469699767 0 876
0.0297937714758897 3.01454264236882 0 877
26.6490305747461 3.32534018002373 1 877
26.6643849128649 3.18618337813151 2 877
27.0014536216945 3.02396437024694 1 880
0.0968029766394328 3.21922811546461 0 881
0.0818147847304486 3.02506242833147 0 882
26.6625446769499 3.4377887896395 1 882
0.057731682876682 3.09265614206578 0 883
22.6299451445347 3.13048908303138 0 887
10.3742094183937 3.1619296585519 0 892
26.7113026533366 3.36690398050727 1 892
22.60632225013 3.09805732928303 0 893
26.2859419455376 3.80517667022855 1 893
26.9987928887453 3.14051740106968 1 893
26.4973054430891 3.48597471810189 2 893
26.2887681244568 3.77099007542561 2 893
19.2624172155158 3.1595416841542 0 894
10.1077383887864 3.5391147448551 0 896
7.41932233382553 3.14018625928862 0 897
0.0435810609343581 3.03184633078634 0 899
26.6826081032954 3.2726238721974 1 901
0.0139573102674151 3.83015197487065 0 902
0.0828335766472288 3.03567458808061 0 902
26.3086710699458 3.4023276897164 1 903
0.485806949566106 3.03665628359837 0 904
0.723843501767744 3.01119213383029 0 904
0.0265219585208764 3.98689669990281 0 912
0.177680232377946 4.41311724682781 0 912
0.0407321979819757 3.25979219212867 0 913
0.0739476456233856 3.26558584988864 0 913
2.14016351830229 3.50921851243445 0 914
26.2829277153682 3.10848694935459 1 915
5.34661300637677 4.22731943509367 0 919
0.126222834492282 3.10312764102646 0 920
11.5794371242342 3.50192871107913 0 920
7.38226724777059 3.43634694236458 0 921
26.7728451391772 3.412148298015 1 922
26.8011221806263 3.30098876830114 2 922
0.494444541391611 3.22086330487815 0 927
0.139419508513506 3.14074849287039 0 928
0.0520156229077718 3.24523603961886 0 929
0.437139634200151 3.62303315063731 0 933
3.38710458032913 3.99418502224426 0 942
0.0223297012138759 3.21531588651041 0 943
8.11529334547992 3.08431086905406 0 943
25.4799517869362 3.24058746562002 0 944
0.237525992101168 3.01683476193024 0 945
22.5784765060542 3.0040237921321 0 946
26.6457291884903 3.10857821507309 1 951
21.1931956252955 3.1250656717162 0 955
1.7126828829095 3.22248030685122 0 962
17.7316562598939 3.10581217660989 0 963
0.000958603206152735 3.26146013996067 0 964
26.1057450174444 3.1487779338216 1 964
3.64305504498538 2.9925196852995 0 965
9.45492333910075 3.17664161570106 0 966
25.0278281419708 3.04535030899356 0 966
0.534122568815035 3.1259505949752 0 967
0.0271469985469904 3.06830416589469 0 973
0.824061803828715 3.54935760522 0 974
6.65628440218074 3.27882969344584 0 975
25.4340080387938 3.12722073435552 0 975
1.46760703797407 3.44325224348513 0 978
0.075275640136649 3.30889155386679 0 979
9.78354849524545 3.11292048693757 0 980
22.8604503072445 3.86203554447715 0 980
19.2271593311185 3.17203678523536 0 981
12.8513470536307 3.65652975340906 0 981
10.4769412348438 3.45045879523911 0 982
5.65864978308593 3.16967922447839 0 982
2.14518632973009 4.06231819663422 0 982
23.8488289457947 3.9980674809121 0 984
10.2588721636222 3.18960907565301 0 985
0.0241486838799757 3.1800514647967 0 988
0.0318812331765529 3.07368423311091 0 988
6.57325234734758 3.0772753202549 0 989
0.00715798682557236 3.41978237981429 0 996
24.2830446662526 3.04635924874594 0 996
0.0480890680397359 3.71427790108925 0 997
0.544822344001292 3.15855506867808 0 997
5.95333388348381 3.40272177809242 0 998
24.1565861362471 3.4006935167418 0 998
7.77289621449007 3.11998436633216 0 1000
