"ts" "magnitudes" "gen" "cat.idx"
64.7709153221274 3.39487595464034 0 1
84.5784238736451 3.21014524402004 0 1
70.1604981710392 3.39223390140828 0 2
70.4628633315972 3.17968238733244 0 3
91.1595536611043 3.29707401235179 0 4
64.3543249112073 3.00623835366368 0 5
79.5757057484874 3.00869238170697 0 5
71.5633001446641 3.0311523821342 0 5
64.1123506462417 3.45241264636129 0 6
78.9833311405703 3.05044637614935 0 6
63.7841014072023 3.50606995116412 0 7
92.0092794653215 3.11247484359665 0 7
89.1429911419471 3.21746943314638 0 7
91.8078560691599 3.53511361398643 1 7
14.3915999661177 3.11265574943057 0 8
91.2555462180529 3.12199182219248 0 9
67.2611143806984 3.25007559355827 0 10
67.6074358347551 3.13161968215882 0 10
66.3406857131514 3.03326085335479 0 11
69.8221370900662 3.16501264447086 0 11
0.0673183106916195 3.2409578282133 0 13
86.3494788523154 3.36258172885448 0 13
0.44768553011644 3.67795825381612 0 14
63.9575499612752 3.97023529939962 0 14
63.7508915231096 3.74164432270707 0 14
71.8360051706896 3.2518284959936 0 14
70.178008709964 3.16659730373263 0 14
67.9888269140973 3.35297446518288 0 14
63.9447238253982 3.80500897996997 0 15
68.1068914960675 3.07369813416142 0 15
67.2917278333407 3.23553824107897 0 17
84.4829849174702 3.04302682756864 0 17
68.1944151357289 3.0611203284786 0 18
63.9422044736384 3.47489171747521 0 19
73.6919002853458 3.23786169205357 0 19
67.289344781442 3.71639204319934 0 19
67.3181726242236 3.30359147852933 0 19
70.5285054135034 3.06352323696439 0 20
64.804055823462 3.1923529063861 0 21
66.8155892412111 3.14819036939756 0 22
69.9724363604165 3.21122399885346 0 22
67.2565770190053 3.31676555926505 0 22
67.2925133830416 3.04756606273016 0 22
67.6680801781111 3.49924796594499 0 22
80.5510839855595 3.01751638059712 0 22
92.0485787489258 3.18420189252029 1 22
67.260491276663 3.92275683818182 0 23
68.2796182493043 4.01514584865371 0 23
75.0580787857798 3.22826890169543 0 23
77.2427847434364 3.1613315385684 0 23
90.168412932049 3.58152672782156 0 24
69.8686404954503 3.27499513246092 0 25
67.2939465065785 3.22207566956539 0 25
67.3694962599064 3.06256418996265 0 26
70.2576094241989 3.16019538058036 0 27
67.457590638518 2.99229619511124 0 27
64.5202899828492 3.22070053282546 0 28
85.9450861752948 3.47244723906986 0 28
67.2761422428555 3.12352478435726 0 29
90.0855309045006 3.35591803389441 0 29
67.2637807256699 3.07051987522156 0 30
74.8847913072313 3.27263878299624 0 31
67.321116039112 3.07316491294278 0 31
74.595229008061 3.17515589325583 0 31
91.6539028074732 3.34895861579353 0 31
91.6818743029533 3.07006187388156 2 31
63.8202188681469 3.41176895875886 0 32
67.2646432592984 3.11654607466933 0 32
68.0879534828446 3.2346613695812 0 32
67.2834413655899 3.04310838803465 0 33
68.2959643590068 3.36853803199394 0 33
75.275620655578 4.07722667960267 0 33
91.267363254117 3.14100488660629 0 33
70.5372507064998 3.07773397186753 0 34
71.1813665486381 3.17623170905074 0 35
69.1701095892093 3.36223118011788 0 37
70.55618056121 3.08680932333709 0 37
67.2965107217259 2.99404025225552 0 37
68.2420016243153 3.35660991918907 0 37
0.0143337335517852 3.96185744445374 0 38
64.4238567521469 3.73343181958686 0 38
67.6428472840568 3.46320097967122 0 39
81.3195294236007 4.67565994917592 0 39
69.3126280181978 3.67802901735636 0 39
64.209479083464 3.04510364910056 0 41
86.8090790071609 3.37399821779752 0 41
67.2579971023373 3.83587696256076 0 41
82.8147064744678 3.49429764617971 0 41
64.942690424885 3.03243796926577 0 43
67.8509638040139 3.01184819227593 0 43
67.330911203494 3.65103576911701 0 43
70.5138712913758 3.54697118592844 0 43
71.5211524040999 3.09224817800461 0 43
91.0065984962248 3.14703629492342 0 43
67.2866462893271 3.21466152447579 0 44
67.3901794222744 3.09698950456266 0 45
91.3335718984988 3.28472385861731 1 45
91.3676544681884 3.00430421137836 0 46
91.4000910043057 3.4106471264552 1 46
67.2959570445652 3.05005231232905 0 47
71.003846753813 3.33419705687825 0 47
67.9714256393474 3.44888422655723 0 48
70.0682550981572 3.0289086326974 0 48
63.8326484546851 3.12848525438873 0 49
64.3246694446311 3.52937740699169 0 49
73.5296761469879 3.49276194659791 0 50
91.329445250676 3.0031008253761 0 50
67.5426280160153 3.00535461226111 0 51
80.5119160784516 3.63735133009842 0 51
88.4787597087452 3.75146260257965 0 51
75.2117154659734 3.28140083848816 0 52
68.4210110324656 3.33532633624067 0 52
69.5306267253352 3.40490057056688 0 52
68.0361186825197 3.23485410950173 0 53
91.35796364334 3.53599493168957 0 53
66.7276512404754 3.21436395447602 0 54
67.2859002996223 3.4743311091332 0 54
71.2683216849059 3.6048090353439 0 54
67.3953352324918 3.15123510014196 0 55
72.0249633895867 3.06885872509888 0 55
68.6702537962258 3.03967701790069 0 55
84.4777468994418 3.21168717160047 0 55
91.3115299092412 3.52008180531424 1 55
63.7575514420957 3.05554638862439 0 56
67.3354872376706 3.03182836053806 0 56
67.3080557876239 3.00769850562554 0 56
63.924583268781 3.13785005593842 0 57
69.1216352483973 3.22520294561437 0 57
67.2767989617514 3.25342426908637 0 57
90.9870953344882 3.18631542976589 0 57
1.45976048022841 3.62303653775726 0 58
91.5632881628056 3.29732893187874 0 58
67.2906956541608 3.22908028042258 0 59
63.6656888446666 3.31704900232487 0 60
67.7862270617502 3.08445953052164 0 60
90.9781289060603 3.49362927894945 0 60
91.0885881776632 3.42187815967458 0 60
91.2165518070987 3.30351820706611 2 60
1.232728732637 3.42181069388037 0 61
63.9371776344872 3.47655137074587 0 61
67.3092524876264 3.08466914902888 0 61
82.9442483846829 3.2479696216168 0 61
78.8105103619909 3.08935259763874 0 62
67.3181044413898 3.29904311184001 0 63
69.9650474948162 3.92631310811005 0 63
71.5566479407222 3.33587207221777 0 63
90.9857721227228 3.19692251959028 0 63
53.3541780723838 3.14149634744401 0 64
68.7589257346444 4.37150757259881 0 64
91.2749305753356 3.12515536525783 0 64
92.2116022365906 3.00618445102049 1 64
91.0903042245023 3.43592124682733 0 65
69.3945667666458 3.0394782188236 0 65
67.3335532582973 3.21353847895909 0 66
67.2704431659759 3.57217790701788 0 66
68.4235989850104 3.11339780424294 0 67
91.240807075582 3.96390062462116 0 68
67.2750541422126 3.22810310516253 0 70
83.7839038523062 3.08286273081235 0 70
90.9824958392219 3.02190229192714 0 70
71.3528210784287 3.11827618327195 0 71
68.0863435876836 3.04216689844624 0 71
67.434151950542 3.26090880258585 0 72
91.0560821232956 3.91077584417754 0 72
91.8816382463362 3.09243085556875 1 73
67.8330981014497 3.35838270807818 0 75
68.0777709839163 3.43325847853926 0 75
71.0303200977037 3.19822863666782 0 76
67.4792303808234 3.93404826726419 0 76
71.6207276092385 3.08525465558063 0 77
67.7027803641244 3.06401485333895 0 77
91.2624365288523 3.08669455846838 0 77
89.428021695126 3.86214890695847 0 78
67.3571163845501 3.41429226162578 0 78
69.9208280807059 3.10863400545274 0 78
75.4649341315898 3.42454758495608 0 78
67.3129010909677 3.15163656535014 0 79
67.2534450399835 3.01320161045001 0 80
67.2940341310349 3.37268852727814 0 81
84.2737240791717 3.59406498484023 0 81
77.3815903660856 3.10403059421452 0 82
67.3604026036967 3.33013071218506 0 82
67.8331182154291 3.86147749616766 0 82
67.2839039177646 3.20530400061065 0 82
91.3370619153757 3.08372722869089 0 82
63.7475970532473 3.13548064670276 0 83
68.1690260603363 4.40258814392536 0 83
68.070855241871 3.03257397230682 0 83
11.5117973062202 3.78225118645188 0 84
72.246757948784 3.5789624344411 0 84
68.4780002892868 4.47177273124405 0 85
67.2587303486923 3.09092897371353 0 87
67.2669130068995 3.17099747135454 0 87
89.3652055910623 3.02746611390625 0 88
91.2633601669746 3.0709690443422 0 88
64.1559523688411 3.0632313082765 0 89
63.6693771023134 3.08827896226442 0 90
64.1876018110067 2.99917748656322 0 90
67.2660549273944 4.90237554602421 0 90
67.8113344036435 3.66504766871149 0 91
67.5267072019917 3.35291200856946 0 91
67.7426092764109 3.12814397493909 0 91
91.64769669271 3.53887679452857 1 91
67.2526997154361 3.27303083374995 0 92
69.647477630584 3.16843254590257 0 92
74.7936799144284 3.46986102999327 0 92
67.3059212930887 4.03490911305913 0 93
67.8994303914037 3.42102187939241 0 93
90.3841798076184 3.64614510541599 0 94
87.897564182887 3.16946862862949 0 95
30.4518403036268 3.19312467014861 0 96
85.7600975687568 4.01770489472492 0 97
67.5475645947467 3.36494987102869 0 97
84.151003148883 3.30309512912423 0 97
91.570162755551 3.03334713997122 0 97
85.7624051219839 3.18977542383929 2 97
10.3168985254846 3.13019686607474 0 98
67.2611626334878 3.03521033361164 0 98
71.1060404064458 4.38083468389562 0 98
90.9972339419944 3.03829690237 0 98
63.8226722845912 3.49177837483383 0 101
86.5788434116763 4.0448020603026 0 101
71.7446241233112 2.99283646422212 0 101
91.3499544524009 3.34473318760015 0 101
85.0256375115585 3.36758522879108 0 102
88.9633406508573 3.24644344456921 0 102
67.5581004201995 3.18577817619154 0 102
88.5904651233643 3.07222778500354 0 102
87.2846058894952 3.08270723891186 0 104
67.2852097994774 3.05021174166508 0 105
63.8038975678159 3.14095345876849 0 106
64.0902271319254 3.04731961847933 0 108
69.3258688610586 2.99739223279257 0 108
69.8379329224253 3.8384489293736 0 108
90.9569683409342 3.14437535471064 0 108
68.0948189969415 3.21062307514968 0 109
68.8043065771534 3.9017369971151 0 110
67.2623778197246 3.86755752673902 0 111
80.6358587151636 3.7118551479452 0 111
67.3320889485823 3.19656084122592 0 112
67.7586866280303 3.30728730039936 0 112
63.7438853009951 3.24242425683686 0 114
84.503801904806 3.19408696183174 0 114
91.9680212419287 3.03689652691669 1 114
89.2891811253206 3.1624396320253 0 115
67.8506629710221 3.02250326425639 0 115
67.6336358281538 3.00180519110153 0 116
74.5270979095958 3.33124251183795 0 117
68.64928811924 3.71081481876834 0 117
77.8852504629811 3.0955942900884 0 117
91.8685731091343 4.25394746372557 1 117
91.8917133027162 3.33762518036459 2 117
91.8728023869105 3.05612313289679 2 117
73.5370346008043 3.76522016204298 0 118
64.1828418916193 3.1684250998435 0 119
87.9631151064166 3.07590023268742 0 119
91.0973189716115 4.31375129098336 0 119
91.5723965269978 3.30413666249013 0 119
91.1856161242002 3.42226609851924 2 119
0.00123161396492207 3.47789256214264 0 120
67.4732349308091 3.20589465388812 0 120
78.6439753860932 3.06568852791824 0 121
89.83593605724 3.21334948781537 0 121
0.909547310096546 3.07269241711653 0 122
67.2565144213452 3.89564327143014 0 123
64.7994842492151 3.03908762258789 0 124
81.1112812635861 3.24672806959036 0 124
67.7400873037804 3.3377433351056 0 125
68.576594686563 3.17063442396257 0 125
73.855482716038 3.09943636478502 0 125
65.5980496965884 3.15819880520802 0 126
67.2598919629526 3.65267165801888 0 126
68.7995386940328 3.18778929804872 0 126
90.6033348144601 3.49802075024595 0 126
63.9208623120092 3.25905676534095 0 128
67.3123539314379 3.48650447445049 0 129
81.8208916511771 3.154162166793 0 130
91.1486048458867 3.07386924216242 0 130
91.0698929045246 3.84881515967474 0 132
91.047142483891 3.15459950866043 0 132
67.3251874909961 3.47141083981074 0 133
67.3085754920528 3.14886806287172 0 133
67.3096865582837 3.452870968144 0 133
67.8866930979929 3.03684392807409 0 133
67.3466280193773 3.55293360345561 0 133
68.6186325176933 3.13093412393151 0 133
72.8085237842468 3.56077840774209 0 133
0.044876567502859 3.44948418062976 0 134
91.2641176697446 3.05356572431822 0 135
67.3207840544591 3.3741484768611 0 136
67.2781720884085 3.0941945161999 0 136
68.0053550462364 4.13580754011774 0 136
91.0004742844323 3.01192983067962 0 136
63.7806116330557 3.39969940249115 0 138
67.9022346090921 3.6146036791565 0 138
67.2815453543723 3.00714345776476 0 138
90.4361378528538 3.45900544205395 0 138
67.2660635328936 3.36197771387356 0 139
67.2839734593662 4.05635958734476 0 139
70.5366827002304 3.05351755861329 0 139
91.0752295132838 2.99011550143651 0 140
68.5428704697399 3.1549008693261 0 141
67.688046610605 3.07383756949865 0 142
67.2764944075378 3.19969549758117 0 142
91.3078989549347 3.10220460133602 1 142
71.4080506133284 3.09056564965726 0 143
64.2205872384614 3.40758103761704 0 144
63.7875106680878 3.03723845468527 0 145
67.3031501477698 3.04188695469855 0 145
67.8558767349471 2.99348110313205 0 146
67.628477138046 3.04958098442414 0 146
91.4025048329035 3.76986745057224 0 147
63.7814805406424 3.06164387846604 0 148
71.1932295077901 3.1939655634235 0 149
70.1567556949127 3.03757648261287 0 149
63.8492984060828 3.02416775010821 0 150
67.2599342527226 3.16982080382677 0 150
84.3253787488638 3.26088321618303 0 150
67.3571387046314 3.0024855607943 0 151
73.2751260480761 3.78245567276046 0 151
83.951365871544 3.46710687271425 0 151
87.8443479697417 3.04148896618148 0 151
90.9769143230897 3.54770712701912 0 151
91.3254952485802 3.57099410813124 0 151
67.293083156409 3.10523341913037 0 153
67.305743029746 3.19884020844058 0 153
68.4364102405798 3.24050615474581 0 153
91.5131698059656 3.93195584634834 1 155
63.8689568644296 3.40601216789084 0 156
67.5227449984525 3.04456140236704 0 157
67.8914027518036 3.91754283055839 0 157
74.3496946086582 3.21315335478686 0 157
64.8107608938862 3.54706031505106 0 158
67.271066489925 3.12222958998414 0 158
82.8173093252209 3.61242415472481 0 158
75.5360708954514 3.03545032143996 0 160
91.5331165147032 3.81942223570616 0 161
91.5000569959739 3.37955586055495 0 161
91.5606602350591 4.62674201998702 2 161
91.9205740997457 3.65598135748253 2 161
91.9377461690565 3.29385129976497 3 161
91.7550789620156 3.08545075467735 3 161
91.6188752323052 3.56769774955962 3 161
91.6071379685278 3.05461889711514 3 161
92.0937246303735 3.11728379045381 3 161
91.5772061398028 3.81508946943934 3 161
91.9290886467869 3.16371300144015 3 161
91.6219350856328 3.12198015314012 4 161
91.9084652783241 3.49170573474431 4 161
91.6463516421772 3.42040848681546 5 161
65.6722097381665 3.68615375710857 0 162
67.7747008693346 3.72406999585272 0 162
78.7004373011913 3.28905905615762 0 163
80.9185855012651 3.21351867051814 0 163
0.138819783940191 3.02390833199383 0 164
90.9900758108365 3.00990210587546 0 164
5.67757799517465 3.05380854251285 0 165
67.2859301622329 3.01500516266137 0 165
72.4153935669362 3.57751472120765 0 165
89.6845442126745 3.2351024923306 0 165
63.8035549754574 3.39321251095076 0 166
67.3879137520623 3.31933133482744 0 166
67.7579897062217 3.01224175362459 0 166
88.6235695783346 3.03011049691938 0 166
89.4155608267061 3.19446337719749 0 166
63.7099102355896 3.98979937691525 0 167
64.4785544802434 3.44499750581395 0 167
91.9240529311162 3.09942212350377 1 167
0.218381280587984 3.09237729347777 0 168
81.1099191318723 3.51869874183923 0 168
79.1860707449286 3.53778140284794 0 169
91.4078480493729 3.11672977957312 0 169
91.0225194896431 3.4846354660236 0 170
91.8035031922434 3.15317198363133 1 170
67.6137182517554 3.09301237957404 0 171
79.4259564387521 3.07283686763296 0 171
91.0455317243404 3.1926135033056 0 171
91.3097836623276 4.31852606125494 0 171
91.3181529332817 3.0363212206348 2 171
91.4202704094337 3.5511293463635 2 171
67.2883533168609 3.17747267696363 0 172
68.2368123432955 3.1469286914549 0 172
70.5245278881955 5.59478226139917 0 174
91.2403009837009 4.0006939252169 0 174
66.0501571635171 3.32839213224855 0 175
67.5905792118199 3.23106142117048 0 175
68.3913447867834 3.0359601075092 0 175
67.4728982130939 3.06109307398821 0 175
72.9993653265838 3.12192836383379 0 176
68.4349935391713 3.99343914328864 0 176
63.7461304751098 3.01757997271373 0 177
67.2734650154979 3.08473090004282 0 177
77.5862080750887 3.792243196573 0 177
87.8134101346548 3.33241569233466 0 178
74.0585081143429 3.41854511185741 0 180
89.613042331052 3.32669881525171 0 180
91.2632054875464 3.02046583586863 0 180
91.6993974388849 2.99163616692182 1 180
71.9292856900308 3.37015729194598 0 181
67.3559386811336 3.09780057270133 0 181
81.2892661184331 3.06727937423601 0 181
67.4221051527363 3.42457965564983 0 182
67.3403146386272 4.12214578107592 0 182
67.2738818135995 4.0902353966751 0 183
91.2832428696128 3.60417901467408 0 183
0.353740078544086 3.47121118629528 0 184
67.2833840303479 3.03086571035894 0 184
67.4702589851116 3.32391944490508 0 184
91.1922958410902 2.99323152238088 0 184
89.717768392672 3.09153529878297 0 184
68.3337953105201 3.3853316883701 0 185
90.12784209487 3.71568066974222 0 185
70.9125531543786 3.35587851486938 0 185
67.2787808506954 3.12873371266411 0 185
80.9550048443379 3.5023161588217 0 185
67.3818910187364 3.23578384878087 0 186
67.4470322579696 3.94074438162776 0 186
68.1916753571607 3.30708775820471 0 187
67.3417761244287 3.34305695919907 0 187
91.0641347982847 3.01767852065255 0 187
78.0826031490686 3.13222724164867 0 188
81.2982619426878 3.5189336728422 0 188
67.4380613039562 3.01605851973114 0 189
68.9644152741289 2.99827807100629 0 189
71.2529670000829 3.32950242775173 0 189
42.5636544507756 3.19282382573091 0 190
70.0760101645498 3.01398422905335 0 190
91.4438305840611 3.25158896282903 0 190
63.754439958315 3.14802577581818 0 191
22.5575516639368 3.74744844796086 0 192
69.0494423255149 3.03495326877422 0 192
85.9516393618835 3.10710750047766 0 192
63.7384813059327 3.16432021388654 0 193
67.296941176212 3.4415571202263 0 193
67.3634508654342 3.13110027428333 0 193
67.7116385553768 3.08489877395044 0 194
67.4287073408014 3.2106550202655 0 194
91.1841672470465 3.14631576998452 0 194
63.9654450986605 3.265752810204 0 195
91.2676896951558 3.27570014966202 0 195
63.9528027771366 3.05756220003054 0 197
69.6938145207639 3.01705973965848 0 197
90.9922473454365 3.19338960912563 0 197
67.2895160620592 3.69952210148972 0 198
67.2708456469439 3.04899158184503 0 198
92.1108078211353 3.30275845485498 1 198
92.1273615587767 3.00906275998117 2 198
67.8110492394185 3.0278541633322 0 202
80.5928622264979 3.00625724882439 0 202
82.8605596308974 3.07716387518995 0 202
91.2575563748931 3.16228742597428 0 202
91.5954329416406 3.32587413980376 2 202
75.9479538233784 3.20194500875743 0 203
81.1151207561851 3.13730973540283 0 203
91.3204706829595 3.21619615634943 0 203
70.4811989885936 3.1081251079498 0 204
67.2707898985243 3.02133328834477 0 204
67.5397438184199 3.06965944934285 0 204
67.26489161717 3.12177023032226 0 205
67.8098612721561 3.20202978900588 0 205
67.3649711717992 3.23677537866822 0 206
88.9621355709077 3.75666342822215 0 206
91.6191476327174 3.23287807823768 1 206
91.1407372065451 3.23107015150374 0 207
75.3797863426666 3.17939040123318 0 208
0.429475936317118 3.05120193088599 0 210
67.2617085848324 3.38307715399194 0 210
76.4288324430156 3.19084871959273 0 210
65.1669083716433 3.04076866908728 0 211
67.4620128787593 4.02593037069629 0 211
69.7474202068976 3.09881373868325 0 211
84.9225962998366 3.02258967368531 0 211
91.3604052498376 3.62241432564106 0 211
91.8811873967306 3.15734107141678 2 211
91.4220903757395 3.30488285472192 2 211
67.3529301277866 3.71049232738219 0 212
91.7125570327521 3.30889696398124 0 212
67.3136175595759 3.07308992169689 0 213
67.3296609520276 3.63806105594157 0 214
83.5338786696667 3.00746112002098 0 214
67.2666538613284 3.01746241621341 0 215
91.0473337880827 3.26570244407018 0 215
67.4753984388609 3.15067200036618 0 216
72.0474660977312 3.34179422894748 0 216
67.3037867632581 3.13844919848635 0 216
67.2847996398104 3.25794180698769 0 217
67.3990292608322 3.05423818474165 0 218
67.9496203022365 3.03604654124195 0 218
91.2421628647903 3.06875469931367 0 219
63.7619967336719 3.072285403 0 220
63.897507520552 3.05874634137122 0 220
67.2829289625247 3.27580302661371 0 220
67.261355545392 3.1721364895645 0 221
76.0824807658962 3.51337223820702 0 221
91.0027910521293 3.03573955862935 0 221
67.688866807919 3.13893075177955 0 222
68.7123587425483 3.25555618624973 0 222
68.8415828254547 3.13773205033383 0 222
69.756319140193 3.14609887978821 0 223
92.1501858599756 3.23505966206972 1 223
67.2596948605218 3.0081364632641 0 224
79.6408877454631 3.01978843611654 0 224
67.2551414136592 3.30654395282143 0 224
92.2518107525345 3.11744224813514 1 224
67.294269694781 3.14632030093911 0 225
67.4206835458985 3.16769955269642 0 225
91.5956926179444 3.50801226032582 0 225
91.9542291492496 3.1315554071649 1 225
5.72207566809751 3.42260373530012 0 226
63.8690283069427 3.05484710559316 0 226
67.4657768991916 3.03375974586528 0 226
67.2998358091626 3.03457420414224 0 226
89.2583797598246 3.402968089879 0 226
91.2781693385721 3.25562906380046 1 227
68.2004372382104 2.99892769985889 0 230
25.5047153224494 3.81372020408515 0 231
67.5408163677722 3.35938231909825 0 231
75.3486746999912 3.02588829769956 0 231
68.4018997967989 4.18678114010921 0 232
91.6532355110508 3.47175625993582 0 232
91.3998728494645 3.00863485387487 0 233
67.2528067548952 3.48851063541542 0 234
89.4142443318567 3.83201680435132 0 234
64.6642940561756 3.36756235118926 0 235
67.316565086018 3.17311443107482 0 235
70.5300840279859 4.04077058774676 0 235
90.9796510826335 3.07155398353218 0 235
63.714322845411 3.21825516271993 0 236
63.8400034327852 3.06722553917588 0 236
0.13780377494821 3.21294133228789 0 238
67.266706509948 3.04587970116932 0 238
91.062495428577 3.23303387967455 0 238
63.759675176578 3.0294228356534 0 239
90.4323877731372 3.00469863271009 0 239
91.4070208333239 3.04295623853476 1 239
91.5456915869359 3.01630474492794 2 239
65.16317537594 3.50954238411741 0 240
0.0346749979116693 3.17883888615697 0 241
64.4778930061441 3.55333669617796 0 241
67.2670211866942 3.07752110443566 0 243
68.926868531269 3.24830551769771 0 245
80.6412952634642 3.05672602721969 0 245
91.2506701098579 3.06507528167214 0 245
82.6589172519501 4.09043993024582 0 246
63.9252182773461 3.1427983186322 0 248
67.5717804071672 3.32602278084908 0 248
87.2019566630852 3.57276725633379 0 248
69.2783675036907 3.32746316249398 0 249
72.2234783543355 3.09525810668609 0 250
67.3088852452812 3.16462527645012 0 251
67.3797383936107 3.03936625621335 0 251
90.8607448372645 4.06102669931161 0 251
91.2451805247944 3.30371437917677 0 251
27.0246440133279 3.45731228744735 0 252
90.2637209172866 3.08925865232239 0 252
91.9836045866639 3.4994596242476 1 252
68.0300980965903 4.45977964593033 0 253
64.0909777716891 3.76328400988711 0 254
67.2572865243422 3.30779970235561 0 254
73.7240619413848 3.59205703530263 0 254
91.0222802338577 2.99841879432745 0 254
67.2608521845148 3.02459911061694 0 255
67.7777934233943 3.32594617356878 0 255
90.9784084690205 3.28788441235239 0 255
69.8970604008299 3.40149859637363 0 256
80.5304204329411 3.60324721704858 0 257
91.0198633433846 4.43097289919799 0 257
91.032462466871 3.31735412638983 2 257
91.3261442676312 3.65995547440335 2 257
63.7633513423938 3.50980481392641 0 259
66.5618642509356 3.14629075755794 0 260
89.1626256860229 2.99375871942039 0 260
91.8384449051034 4.18064674000107 1 260
91.8558939796714 3.01181064965339 2 260
92.0425288216586 3.02279736594229 2 260
63.9027963451177 4.86449212887068 0 261
67.7811475570377 3.38193874033647 0 261
81.5386345927331 3.29885206824632 0 261
63.8946940784383 3.16583396111377 0 262
67.2587523898486 3.53604680673428 0 262
75.715026349158 3.04019391603543 0 263
68.8345181084572 3.14065877842436 0 263
0.476766413031342 3.29395271706594 0 264
67.8564815265567 3.72398324672618 0 264
67.34582604104 3.17315139006734 0 264
83.0225691395116 3.86577118876421 0 264
67.3596701955188 3.25566698723907 0 265
67.3742930481936 3.08840414740005 0 265
92.0291338875236 3.26338164231376 0 265
91.7066962530177 3.45666656534224 1 265
91.7115359613902 3.19278227004095 2 265
67.3038582632993 3.07908903191262 0 266
67.2640269482832 2.99792577541246 0 268
0.564249017652979 3.24499105511068 0 269
70.2056859598466 3.08125959516189 0 269
67.2919195652071 3.09277730589845 0 270
67.3387759961657 3.25599332230954 0 270
67.2782015297593 3.14615412119994 0 271
67.9195019113123 3.03850068992732 0 271
67.3891127234746 4.04078747123695 0 273
79.0787531294963 3.07978685890641 0 273
64.0031026761487 3.30621768285158 0 274
67.9197800278307 3.21385837850166 0 275
68.3526960791907 3.92166885405247 0 276
73.8940340063052 3.28885087179465 0 276
91.7248149786345 3.62726038297195 0 276
0.0679203921117409 3.04531724031143 0 277
67.4555797955936 3.5160868548791 0 278
67.3916961334678 3.69786538780752 0 278
92.213251958349 3.51852951308618 1 278
65.1529591789651 3.33956498698695 0 279
67.5232945952603 3.14023660437088 0 279
70.2613404922481 2.99199278049225 0 279
6.46588461012251 3.5731480819236 0 280
63.7476352943191 2.99220152729964 0 280
68.9051420129008 3.04808751191073 0 280
67.4091442266557 3.84080629820386 0 280
67.253210445421 3.02731454180351 0 280
68.0106840913929 3.56086630926096 0 281
91.1047542103713 3.00102383024671 0 281
67.2935073644825 3.187520578858 0 282
67.2858106164656 3.00652872095606 0 282
70.125085319123 3.32677758033264 0 282
91.2842153953195 3.1280522028471 1 282
67.261057707667 3.21782291301017 0 283
92.2228462332666 3.72388432585788 1 283
7.45294490778767 3.0407952026882 0 284
63.808900542564 3.27866781388434 0 284
66.503003329294 3.07489622642702 0 285
63.7501627232461 3.4087773244522 0 285
67.258388843741 3.57321592492141 0 286
89.407008256833 3.3628598065546 0 286
67.3090216902488 3.21530704197677 0 287
81.9695450938682 3.22725049640836 0 287
56.5951579039153 3.11819011967465 0 288
67.5087199774388 3.35866184069347 0 288
73.5743081067374 3.51741905702169 0 288
85.431597496177 3.01370610636331 0 289
67.2918399779121 3.00560379229966 0 290
91.9299211981513 3.0127078269852 1 290
1.26789112765614 3.1310153245274 0 292
65.4775423049743 3.05741308147547 0 292
67.2840311758477 3.34156490771724 0 292
67.3715729105831 3.00455255089247 0 292
73.4696464285211 2.99712379112362 0 292
76.2402256021088 4.04288443016572 0 293
90.4741458190515 3.01291521939889 0 293
91.5105430652557 3.33076944812508 0 293
69.349384423265 3.57529858013098 0 294
0.168019638025458 4.15020552654756 0 295
67.9370486106259 3.56146239935068 0 295
67.3365898784379 3.26651039608879 0 296
81.0192525805164 3.1038245649183 0 296
63.9881194905932 3.19609664304288 0 298
67.2548801547319 4.01298885553779 0 298
64.0042873378931 3.06353132187974 0 299
67.4995163219972 3.75418174294351 0 299
76.2127449984353 3.81836150607683 0 301
64.1676308924672 3.00736071312197 0 302
64.0925211787968 3.26644228225795 0 302
67.2612104198884 3.07215812212177 0 302
70.9229560725843 3.51452432838033 0 302
0.226325200992537 3.07412948849174 0 303
82.3687150660091 3.23400646698135 0 303
69.3456760976407 3.16905522109684 0 303
67.7577887724613 3.02553921236346 0 304
74.6527490554443 3.02631241495404 0 304
0.00234189799257467 3.40450408151658 0 305
3.62412992377933 3.32365676102889 0 305
63.820706942166 4.12709403226677 0 305
67.2655468657287 3.23081723542876 0 305
87.4622441535976 3.0540327362244 0 306
67.5770892752592 3.45301077478223 0 307
90.3518410654325 3.00773607614772 0 307
90.362712840326 3.298290085635 2 307
68.2914853403653 3.11451586648215 0 309
63.7577850672652 3.38765859826674 0 310
0.129800918646144 3.07716503174902 0 311
67.2579227485312 3.11069074178752 0 311
68.4481913989159 3.10132581639878 0 311
91.9131539914302 3.68377843472482 0 312
64.2792023425678 3.63481759896177 0 313
65.5238551844407 3.20552078113455 0 314
89.5028031982732 3.10145999381278 0 314
63.7494221912349 3.56203645619487 0 315
91.0897894189176 3.00205832113909 0 315
2.15266233007434 3.01092619156291 0 316
67.2926539710125 3.29785956239146 0 316
67.2582247035055 3.73379657907912 0 317
0.929012906197865 3.11893546193232 0 318
70.462362988903 3.73994494974992 0 318
91.0842575708733 2.99422243280385 0 318
92.0676469984271 3.07493248775445 1 318
92.0897929206399 3.01416470362025 2 318
67.5682070987086 3.05302680250055 0 319
91.5809432714984 3.05697177799848 1 320
91.7114269954192 3.08360110482618 2 320
0.0626183142887018 3.12815586575995 0 321
64.0526760557873 3.02677898651833 0 322
68.7570039466122 3.34169290717573 0 322
63.9212841163377 3.30235846355901 0 323
67.2963219422106 3.0603790821311 0 323
68.1106085222689 3.1854155437985 0 323
82.1002559789135 3.25877255586047 0 323
92.1523990952265 3.35538184634501 0 323
53.4153494631542 3.55553491399738 0 324
73.4990149301242 3.10828353881895 0 324
90.991720748866 3.37552076880994 0 324
75.0539975275784 3.5591301516441 0 325
89.2925748280933 3.07356508727187 0 325
82.8144408872381 2.9955242882604 0 326
63.8840347017291 3.35150190297108 0 327
86.6972338322977 3.35798178577867 0 328
67.974482135188 3.08783630035816 0 328
90.4186013448191 4.37539082381637 0 328
92.1052103930722 3.64803896051504 2 328
67.3048856130981 2.99034654735903 0 330
91.246590198423 3.11081109512687 0 330
67.8036759839007 3.47024336634332 0 331
67.3379788812631 3.13918571102271 0 331
67.3338085928984 3.01183490603722 0 332
67.3985271209049 3.18434035998321 0 333
67.8632909674544 3.13656052643568 0 333
83.8461228397311 3.15149701782616 0 333
91.2325557299021 3.24707200041569 0 333
67.2756389995761 3.29363261181188 0 334
67.3627747882932 4.0338285745344 0 334
67.4981730331142 3.32634380236373 0 335
66.4269048502128 3.54573891715458 0 336
77.0135954816143 3.24347948072999 0 336
80.6673509140767 3.22813578344776 0 336
67.2922592054844 3.03361867080475 0 337
91.1416586157899 3.2846904894266 0 337
91.1108804428883 3.40385065487846 0 338
64.0486338834313 3.35500340910785 0 339
74.4341627207769 3.03382777461321 0 339
68.6699314371912 3.06254687225196 0 339
63.7728728870013 3.19568321012108 0 340
67.6580411020468 3.04221077978803 0 340
76.3318409258527 3.1411993380762 0 340
67.3701790525784 3.09110688900532 0 341
69.0743894482854 3.50189504407636 0 341
69.8151156971994 3.24606364702546 0 342
71.8527817559781 3.1035986983997 0 342
67.658858583094 3.42929591448471 0 343
70.63759843466 3.19570995549274 0 343
63.8022498807952 3.22551706953227 0 344
67.2531903645947 3.12431727840432 0 344
89.2615227702469 3.25487361734401 0 346
67.368821344059 5.33326478780968 0 347
67.458990646934 2.99964442861674 0 347
89.5157671978932 3.15456561958619 0 347
91.0832097959227 3.29893845031967 0 347
67.4529999284278 3.03785946192769 0 348
87.1613066821481 2.99154880051615 0 348
68.5720320101456 3.04548889915367 0 348
74.1457193392216 4.36820728104328 0 348
77.7832308089798 3.47864948407876 0 348
91.0889159510456 3.00606415434236 0 348
91.6491198548854 3.30666474878888 1 348
81.093008414823 3.05016439274793 0 349
65.3496404389056 4.06892084587689 0 349
71.6477307868464 3.0856906666856 0 349
64.6448310939498 3.33766616209223 0 350
76.0558947888586 3.14424750471749 0 350
67.2576420613117 3.24180973936042 0 350
92.1297094765857 3.1718419984204 1 350
67.3290765668946 4.01368008007139 0 351
76.2774617647185 3.57913021147463 0 351
91.0387797293155 3.39060244358297 0 351
91.3781191280998 2.99407413579981 0 351
0.138244615257253 3.04685725365131 0 353
63.8090127833092 3.03336889158328 0 353
82.2077712484569 3.52887394827026 0 353
91.087826089818 3.27112705602555 0 353
76.3021348406007 3.27447186433954 0 354
77.3456539725621 3.18254476196178 0 354
84.5164003724625 3.06726457436992 0 354
91.7899136631556 3.38774312683981 1 354
91.8312678572167 3.0338076543744 2 354
67.3326488690069 3.0055355529357 0 356
67.3334602842486 3.07200235578056 0 356
92.1710731477749 3.85267079526105 1 356
92.2464010976994 3.60849791071502 2 356
72.4526737208291 3.55527847266202 0 357
72.6525224084385 3.24676467744943 0 357
67.3183322317165 3.30216539196584 0 357
63.9694674562592 3.09078604421997 0 359
87.1086066607195 3.05520137198172 0 360
67.5191553546993 3.34482752646469 0 360
91.9414121426914 3.88416835316689 1 361
92.1822374747685 3.68199754269398 2 361
92.2208056930075 3.32453455012864 2 361
92.1847361952437 3.05322088597177 3 361
92.2009458854795 3.06995931610079 3 361
67.3000651345947 3.09280682882441 0 362
67.5063991386367 3.67663999279262 0 362
68.5395403704771 3.78700227021781 0 362
91.4814614045673 3.05762015961761 0 362
82.3564427716097 3.14728338047604 0 363
67.4088936934638 3.48631394210293 0 364
91.0207427910182 3.41505679246328 0 364
63.8777738564032 4.53385650941152 0 365
91.6273657568055 3.3229479877035 0 365
67.3154649018841 3.39522881285953 0 366
67.2545535383725 3.19901551189327 0 367
68.4454746809321 3.18961201772115 0 367
90.992165545378 3.18204571967514 0 367
91.7649648517642 3.06706036633233 1 368
67.2708631530882 3.11888915321631 0 369
65.6348875012264 3.37450892939122 0 370
63.8610758180203 3.29993301604154 0 370
76.1522617921997 3.21698963588267 0 371
81.4271101097469 3.30302453629272 0 373
90.660840856675 3.35101576552055 0 373
91.5105846242519 3.02371357628272 0 373
0.00760014694288702 3.05669815837959 0 374
63.8107114638502 4.03157871495135 0 374
67.175704561085 3.69913070190525 0 374
76.740230863052 3.88712526888819 0 374
67.2823800094229 3.12778831840743 0 374
67.2822936352626 3.56660507628821 0 374
58.8394908543536 3.09579388606261 0 375
67.2998326523251 3.15183126597229 0 375
67.2871439971573 3.44358322448443 0 376
90.9964789941719 3.60930949434426 0 376
67.4918084588571 3.55889456130981 0 377
91.046780646172 3.2679789594995 0 377
64.0911668043827 3.19656087266301 0 378
69.8589813535729 3.01054559404568 0 378
75.4023942231768 3.1121575729667 0 378
66.7273383572434 3.16555679896611 0 380
67.7960246294431 3.26884064099584 0 380
67.4102810578899 3.38174565329221 0 381
91.3261460610596 3.40281190076177 0 381
70.8254452728732 3.40710392359946 0 382
69.8228226043435 3.31657379636467 0 382
67.2544264889643 3.0006857216946 0 383
91.2769019364581 3.18697449362591 0 383
91.4394126067416 3.34276453702505 2 383
53.6005516594144 3.00527943107422 0 384
80.3450926505402 3.42371500724243 0 385
67.3645386134528 3.0233217746671 0 385
63.7431025903812 3.58489622080698 0 386
67.2591262870778 3.16383025305016 0 386
67.6406876534519 4.24367131153897 0 386
75.7329605284616 3.30310110512793 0 386
67.2561384889825 3.27845767762944 0 387
69.8081766453742 3.07182726024103 0 387
82.0452977412523 3.19935062726935 0 387
67.3310574455629 3.07175431152995 0 389
68.0050090856871 3.30623766810741 0 389
67.2702725700077 3.32782956661382 0 389
66.4169068581995 3.86384155077279 0 390
67.3840893508834 3.96697846456874 0 390
87.1102317886819 3.01718355405812 0 390
91.1587122176537 3.29248645829041 0 391
67.4606638314709 3.35473828547523 0 391
64.5713116720268 3.3102490926018 0 392
64.1593388907754 3.14917759246483 0 392
0.0319742036209462 3.20232995387886 0 393
72.6727237556738 3.04282948784078 0 393
91.4795032408974 3.10766725241437 0 393
67.5736426522944 3.26711500154348 0 394
67.4992509691408 3.28137049807823 0 394
90.5424281560287 3.16770774912612 0 394
83.6144309590966 3.18925566710256 0 394
88.8934858764085 3.87544287527539 0 394
67.2536706051734 3.44371663035407 0 395
67.987304750439 2.99198713738212 0 395
89.7127153626086 3.22153731621655 0 395
91.2887461855814 4.11249518782509 1 395
67.2976910278111 3.31511519028252 0 396
68.0327527983149 3.4532258163018 0 396
91.2095262993787 3.0129099498778 0 396
63.7616167566932 3.06343597045477 0 397
89.6661323914273 3.1059182040593 0 397
67.3677480415858 3.50846688506972 0 398
74.1649018637514 3.21728217082346 0 398
91.9940413309086 4.23489916773875 0 398
92.0007659403556 3.07867606322104 2 398
92.0065816058411 3.3089903211064 2 398
92.01313712613 3.02755130406287 3 398
67.794735045468 3.14818852693156 0 400
65.6444318916196 4.48530200563143 0 402
69.3111817976417 3.1401998047366 0 402
68.0384578705027 3.21461247425277 0 403
67.4428952332926 3.25371867009915 0 404
67.8980301837313 3.45583443896187 0 404
72.9326034974183 3.01443053679087 0 404
67.2667590649784 3.19918298013166 0 404
68.7095794090367 3.5448550000338 0 404
91.1317342846044 3.49306429825369 0 404
91.1328416452743 3.88707202021184 2 404
81.0823331648511 3.72212787330882 0 405
67.3055320343123 3.14190382978897 0 405
67.492214021717 3.18370563385244 0 405
67.3022354538345 3.32184794691776 0 406
81.1249822036655 3.61547484095313 0 406
90.9029833135803 3.20486072431517 0 406
92.1584190488974 3.0558168382875 0 406
63.6912959251475 3.01561640111259 0 407
67.2828319363731 3.08796387649187 0 407
91.2654779222365 3.24535359297945 0 407
91.596177982488 3.04333358035961 2 407
92.1353765177399 3.31167268530728 3 407
73.0807499521531 3.15778524069401 0 408
75.5510806804435 3.06477307709902 0 409
80.6561794726616 2.99026182967362 0 409
83.1875308188514 3.90054602774758 0 409
91.0555340953722 3.05291279092222 0 409
92.1128187570528 3.52215037460406 1 409
92.188251522133 3.52229816436841 2 409
92.1942511782512 3.49950871991499 3 409
67.3114870952056 3.12189593579586 0 410
67.7804539477564 3.34451286150695 0 410
67.6865005200702 3.81374085885165 0 410
89.0525827264627 3.06605052893759 0 410
91.1630355498663 3.01795919002749 0 410
89.1258639978549 3.40793246797431 2 410
69.0419584228258 3.29528331805209 0 411
89.1928425239167 3.02245097475909 0 411
67.7510379951299 3.32122070401979 0 412
67.415725218902 3.52178506784525 0 412
68.394329437421 3.34547207539478 0 412
91.9834185472962 3.02834212603488 1 413
67.2843542432365 3.28665093839399 0 414
69.3319017673465 3.27743307596669 0 414
70.0775707374829 2.99506991327308 0 414
67.7086350454239 3.18344912071499 0 415
90.7368517166605 3.71815860395826 0 415
63.9745148760078 3.42114083576665 0 416
67.3187320662774 2.99655201504899 0 416
67.4266056060136 3.23594101675891 0 417
91.5601161149359 3.17429341330202 0 417
91.5436626028599 3.04974509242421 0 417
79.3147760048952 3.63817423725136 0 418
63.7550691404604 5.0056575609012 0 418
92.0872620725811 3.40720150082939 1 418
80.9613479930394 4.59708201345559 0 419
64.7211838377571 3.09583320376912 0 420
88.0886718584337 3.40611478247707 0 420
92.1714363402959 3.03163369187844 1 420
68.4206307396215 3.01954705049904 0 421
90.552941082778 3.13714331359668 0 421
91.4207391375056 3.02499991339565 0 421
76.0805767790813 3.18756911389342 0 422
67.2667928966648 3.07837037488856 0 422
68.2896066640723 3.27658499059685 0 424
91.3069332313996 2.99391258691798 1 424
67.5022931093009 3.91717265409792 0 425
67.3183662988652 3.89699718628402 0 426
91.4494126562654 3.0734396367813 0 429
67.330086530855 3.10162086726596 0 430
91.1006667425796 3.20982454374777 0 430
90.0701997265977 3.4435828250503 0 431
91.2485500557234 3.07752172219597 0 431
79.909279962925 3.1932142712867 0 432
76.8005308003953 3.47797092942313 0 432
74.6052707413904 3.46520203681357 0 432
90.9948863498143 3.42489415852267 0 432
91.1808796462931 3.09400619157353 2 432
63.8926357249616 3.16933501583652 0 433
67.264937677543 3.22506036368094 0 434
91.0179771058044 3.90183079587311 0 434
63.7425014342762 3.1131774778463 0 435
67.2535813765929 3.06657967664842 0 435
91.2476767369217 3.17511749806992 0 435
65.0817610603649 3.14145800709338 0 436
70.972533350978 3.54936091581179 0 436
89.5112525122246 3.545133996316 0 436
67.3479699229258 3.32034442463219 0 438
90.8149537802838 3.01446504481735 0 439
64.9721103399836 3.80872216747001 0 441
67.3252534060392 3.56645662591033 0 441
63.7492499182812 4.55307445841237 0 442
71.0065768352902 3.62718577665628 0 442
78.5566067486501 3.16410957759216 0 442
73.8088981117399 3.44294109561822 0 443
70.7177475097785 3.11169395778692 0 443
67.320619755123 3.00601106746314 0 445
71.4109605166197 3.34861871103591 0 445
68.4684871335023 3.46859929571239 0 446
67.3413948143456 3.22301737683034 0 446
70.1589151221006 3.68543498601916 0 447
67.3845204751869 3.14888905877391 0 449
70.1190943625421 3.99915920238597 0 449
83.3714190273498 3.18133843025583 0 449
82.8192803689484 3.77976091648739 0 449
0.0058152958060026 3.05473725273339 0 450
68.9049234931635 3.75693617069641 0 450
67.8565542577564 3.25429165051783 0 450
77.2016228946721 3.06897927354604 0 451
64.1564522379485 3.93508793494552 0 452
63.742542028292 2.99498116373981 0 453
71.7425833464849 3.3559616071688 0 454
81.4998549949281 3.38885318154417 0 455
67.9645362223663 3.07005372716879 0 456
91.0253783901046 3.04968820910761 0 456
91.0195737322952 3.59315239597046 0 457
91.8753835484192 3.0592926223572 1 457
91.1110086700404 3.39684226714256 2 457
67.9060414074703 3.04615281464161 0 458
67.9081578080294 4.39521681700681 0 458
67.3358278938592 3.25552251854958 0 459
67.9582149441492 3.2379493721069 0 459
67.7941572353806 3.25209743798854 0 459
68.3389090028089 3.09939554945735 0 459
69.0103127236232 3.21933071702345 0 459
48.2419188655783 3.08398876539984 0 460
72.1213868827077 3.1492167120339 0 460
91.3468156083761 3.0814224777692 0 460
0.635286553001371 3.61799027921838 0 461
67.2821555624598 3.06057220447048 0 461
67.3612544928308 3.08515935623877 0 463
67.5900305954007 3.161123136472 0 463
74.398501925007 3.47950936724254 0 463
38.1904470991622 3.05459501834591 0 465
91.0102505432938 3.34956994567364 0 465
63.7308509203278 3.32706698337425 0 466
67.3025091364359 3.14815041122849 0 466
70.0064789843106 5.50077350661957 0 466
67.311808978793 3.12013039675588 0 467
67.7821805062296 3.59140491655332 0 467
91.818097127815 3.49716162618802 1 467
67.3206390863664 3.18300997485778 0 470
67.4739989979772 3.23099552942359 0 471
67.5199218547693 3.00706644647303 0 471
89.8349860329539 2.99182378916158 0 471
49.2416422579226 3.45078987591088 0 472
91.9312376165569 3.04826154260518 1 472
73.5569879490098 3.38967904530745 0 473
68.3977740007093 3.16046118528351 0 473
83.7852128335897 3.82081767724454 0 473
92.0104606826608 3.42496859214976 0 474
92.0695587156881 3.15656934961457 2 474
63.8963479251434 3.0056495953909 0 475
89.7654041857437 4.54196958147469 0 475
92.2512146055984 3.04119918339343 2 475
63.6491130364895 3.20837906698296 0 477
67.3051694963061 3.32279049419621 0 477
69.3442075702986 3.40898880949583 0 477
91.9363996106938 3.22550809116837 1 477
64.227161840809 2.99016610839152 0 478
63.943298934447 4.22654960726982 0 478
67.3444686557363 3.14609842216347 0 479
67.2553053016196 3.02959045890251 0 479
64.1450781752595 3.01545958760836 0 480
66.4270494253016 3.08441443866936 0 480
67.3227287271076 3.0263192450905 0 480
67.2788584235831 3.27053597420763 0 480
68.4456726794036 3.26839473150243 0 480
84.82537683299 3.47241622177647 0 480
91.0706355048714 3.08426084753198 0 480
63.6600214609572 3.73580795512177 0 481
65.9734101097082 3.1584477728679 0 481
67.2666482419925 3.0684443308176 0 482
67.2784526032708 3.46344134343277 0 484
63.7394007235687 3.31488400969907 0 485
87.4143442101926 3.89338344559505 0 485
71.4654097624515 3.48400185706678 0 486
67.2759937967597 3.07291013227953 0 487
81.1304035589385 3.01798403443727 0 487
91.0929688783836 3.30622638567516 0 487
0.00441579823311773 3.40044149169769 0 488
69.7764419172652 3.65784346030135 0 489
79.5091999953997 3.04636192841071 0 489
63.749906422051 3.19401091099121 0 489
90.9499013946993 3.1636343607253 0 489
91.9893889345501 3.07426010968221 1 489
91.2203179427475 3.17789187665611 0 490
81.1996780899861 3.47299266081458 0 491
90.9782626429869 3.22372284786915 0 491
0.103685075700763 3.22516674980617 0 492
68.8933446084847 4.00862252518723 0 492
67.7719021451668 3.2046799133085 0 492
74.8388860967173 3.57672721824404 0 492
87.5793064150634 4.0171867441435 0 493
67.5394266000635 3.48022568186017 0 493
91.6408166028364 3.44209619218114 0 493
7.81779424248464 3.31714624629614 0 494
72.9385175252579 3.62398227723883 0 494
67.2858107265144 3.76103199247196 0 494
86.1873087894688 4.04287918715682 0 495
67.2793537739038 3.91437468322369 0 495
67.4902493686961 3.01863311965319 0 495
67.7077578319903 3.12853020386381 0 495
84.4717283874515 3.05132772002367 0 495
84.6249957239148 3.49474261046037 0 495
90.3797129865098 3.23649510385939 0 495
63.7620581779338 3.14665891537975 0 496
63.8083779228519 3.45536324671538 0 496
67.3112879961588 3.69284019121663 0 496
68.3089983544418 3.0963368266303 0 496
67.2891019399263 3.68003949128201 0 497
67.2859963301057 3.21873962203431 0 497
89.7324212672394 3.03622755750499 0 497
91.8376572814045 3.15674822226763 0 499
70.9048537083717 3.26214269098292 0 500
79.0931201912399 3.30875914305983 0 500
64.5621390568569 3.14228189629995 0 501
69.2613040012718 3.0361729686973 0 501
67.5796019365012 3.11280851051854 0 501
1.69717842489655 3.11472299356273 0 502
70.5410679738199 3.10600780382084 0 502
0.0766594630239076 3.1457918937487 0 503
67.2526846384913 3.41754883812578 0 504
68.2676595332595 3.38167939692401 0 505
67.5629007106329 3.16746232205714 0 505
67.5119578956814 3.35558215335075 0 506
68.2808294775337 3.43597454791618 0 507
63.7459437292682 3.35609998525167 0 508
65.2592102405029 3.36371348984284 0 508
72.2146518466871 3.00158578963321 0 508
64.0095150983926 3.0922807228405 0 509
67.3004018829243 3.26994748029487 0 510
67.3945030332106 3.63003884958167 0 511
67.5664455706776 3.07756375242057 0 512
67.6841371434627 3.40766404053641 0 512
88.2345433426676 3.06313299303009 0 513
62.9178555174256 3.39582727615917 0 514
67.6763318975277 3.56687597983804 0 515
67.2631403893433 3.07959850004529 0 515
0.0423901049159972 3.35812317329913 0 516
91.5518298263002 4.1396413133353 1 516
91.604579944879 3.16748989981808 2 516
91.5676671237683 2.99628015316061 2 516
91.8607096927906 3.28335651860776 3 516
91.8987357441637 3.01243631346979 4 516
78.6802013931887 3.0625468350824 0 517
63.6834495498368 3.67359196415072 0 518
68.7780316283832 3.24618875496261 0 518
87.1550234587421 3.05847173990216 0 518
73.3333265222225 3.92088873649007 0 519
90.9861778568337 3.3537740989908 0 519
67.9115602108762 4.00000838183475 0 520
80.8016352442324 3.00055601324115 0 520
90.7194797259925 3.00201248420552 0 520
67.3068902292064 3.68257278847136 0 520
67.5850048958164 3.05331446707623 0 521
91.2837879141399 3.17992626511887 0 521
65.0577505706629 3.0621355174113 0 522
91.8106292299582 3.07643115283221 0 522
91.2712577476162 3.11081088699168 0 522
91.2868633728452 3.1367761110154 2 522
89.0585854597367 3.29484985092264 0 523
91.3031814620844 3.18606493012967 0 523
67.2548292312444 3.26353154413189 0 524
91.4503644028421 3.12765051625001 0 524
67.8351711876031 4.01630034151896 0 525
91.2449319218362 3.07136614985642 0 525
68.0295066797899 3.56558306343941 0 526
89.6133966660962 3.13193425603783 0 526
89.6857330557425 3.07889841029282 0 527
72.1066958217553 3.10645910347029 0 527
90.9860612604197 3.10661373155505 0 527
70.0230885870094 3.30032587832862 0 529
67.9772445788872 3.12462244177398 0 529
91.5593103561357 3.22503710282047 1 529
91.8096616072387 3.35496505770001 1 529
91.5599216793068 3.16928258924872 2 529
64.1449475284356 3.07711608104915 0 530
67.6925675809013 4.24594054693869 0 532
67.5951599351645 3.69467194931866 0 532
91.2450802030012 3.32501150206132 0 533
67.2537834800773 3.16531034188416 0 535
91.5750267885038 3.23951724830851 0 535
91.7071432296076 3.61775455748347 0 535
91.6030929800508 3.62012771065624 2 535
3.84143639741434 3.22882882924785 0 536
67.5191342792718 3.00592717989348 0 536
67.3608729961087 3.06959059625586 0 537
70.7875963943431 3.01245711923984 0 538
67.2688702868775 3.04994118550906 0 541
67.7296881246067 3.39619495580105 0 541
0.138878160753639 3.21661363181351 0 542
67.4073652349801 3.06861060523254 0 542
75.270628476685 3.00671841989864 0 542
84.4952089281399 3.15316019854436 0 542
91.3961644302678 3.15410396437798 0 542
67.3167066682584 3.1358595465119 0 543
68.2747794824261 2.99635737767759 0 543
65.0993096304648 3.03854902303828 0 544
68.2053311167103 3.06485997218231 0 544
91.0488515613904 3.46165509196375 0 544
28.2312795430278 3.36745641688474 0 545
63.6564297739601 3.53541916553137 0 545
67.3017180020948 2.9958449374835 0 545
85.2936961748631 3.03130246623698 0 545
71.4085710904091 3.22544582432149 0 546
85.712489160613 3.12742765936016 0 546
63.8768207557708 3.27884410226789 0 546
67.2724884850314 3.16337861574909 0 547
91.9923790250711 3.13426164965251 1 548
82.8673918495083 3.30421169409075 0 549
91.4152556375873 3.26353321859987 1 549
0.18973024094525 3.55917576134072 0 550
67.4547949181324 3.17380989193205 0 550
63.7586551473613 3.37085831125488 0 551
67.3546833363176 3.08276088821786 0 551
72.4503679912707 3.30854839738669 0 551
63.7667893127437 3.46015686651573 0 552
64.0996890390574 4.14874188354965 0 552
69.2288258338305 3.87007994828823 0 552
67.3398457456924 3.2371229642231 0 552
85.9456844165796 3.76126935141583 0 552
0.812583362536761 3.25038769181832 0 553
67.3522613812894 3.58479675036997 0 553
68.2638972039777 3.45299336128019 0 553
74.5109477641306 3.07037590446932 0 553
63.7409831396352 3.9470627248981 0 554
68.73843814122 3.00635830589448 0 554
67.2631121881919 3.56195530137889 0 554
67.3026040481044 3.00354840419249 0 554
68.4069971462371 3.02775476707963 0 554
80.6136473875268 3.09183630392223 0 554
82.2666756958573 3.07004699009488 0 554
68.6761440027095 3.56146028588479 0 555
82.6131209060237 3.09246750349122 0 555
74.108791738594 3.23330374956804 0 555
63.7456911871879 3.09462041790308 0 556
67.4018437174232 3.42016385677332 0 556
89.4512038467489 3.07212918569256 0 556
67.2992766075091 3.50532769581523 0 557
67.553393998368 3.506600152985 0 557
67.5965935021271 3.38992992001116 0 558
92.0659884244788 3.9386679619755 0 558
92.081785662202 3.03507891441274 2 558
67.3281349829448 3.13839664325816 0 559
69.1428129872199 2.99834299646054 0 560
92.1904463879571 3.21579491166281 1 560
92.2103500775644 4.03887811507057 2 560
67.4408629398842 3.0733489848691 0 561
67.3617471333859 4.43901257499569 0 561
67.5020104705673 3.34963956656824 0 562
63.8628841930297 3.20998725623343 0 563
67.2527123236581 3.6956017309984 0 563
71.3451005924676 3.11611555549759 0 564
91.1705077058511 3.05403684651566 0 564
91.3490080659462 3.06442989898945 2 564
64.1841976580672 3.20252345340646 0 565
90.9804079135 4.00211024548356 0 566
81.5579556734723 3.01563387638219 0 567
67.3300100653012 3.34407329957597 0 567
67.2942672350064 3.22605829950905 0 567
68.9842141272638 3.60658764656495 0 567
67.7170720558249 3.28669534299114 0 568
91.2904017877161 3.09010322219783 0 568
63.8033682164596 3.54923656870038 0 569
63.6606565162451 3.10760209906288 0 570
63.7734842492837 3.1464037125548 0 570
67.4368024349686 3.11294948072075 0 570
80.7673383490868 3.09760187373253 0 570
63.7373995796491 3.15715178518766 0 571
91.035352260151 3.44712913370354 0 571
68.4358338969392 3.09342335061231 0 572
67.3733267048105 3.17696660395205 0 573
92.1478912475296 3.04662216804453 0 573
68.839748948037 3.11735703677115 0 575
91.0433189819549 3.12445474479897 0 576
67.4251470935603 3.16019433854108 0 577
67.2833479580706 3.26731473437156 0 577
91.0527107840025 3.02358771205681 0 577
67.4728697703873 3.0108404005106 0 578
67.5316478796553 3.06750204459467 0 579
67.2705183690703 3.27518729969975 0 579
74.9166849592047 3.12581483811713 0 579
68.0744629751966 3.09655076482659 0 580
67.3731478286725 3.05788607565847 0 580
67.3467349113081 3.35485643021848 0 580
89.2134311891426 3.23048442423343 0 580
67.8989762016204 3.84358995698367 0 581
73.6837384653656 3.0185352020397 0 582
71.0418401613281 3.01133740249676 0 582
65.6776853368528 4.06261887836109 0 583
64.2199661541588 3.96645784508563 0 583
68.3841537470258 3.29651308465926 0 583
91.7559377558339 3.04321579326351 0 583
67.2666073752731 3.45787057630663 0 584
71.8449445313713 3.06246756650464 0 584
63.6701527297149 3.13219217708021 0 585
63.8354291722281 3.39937512998889 0 585
86.3445589078122 3.51367499643838 0 585
63.8082972160888 3.40566014281833 0 586
91.1416457996921 3.11746526509968 0 587
67.4317638839046 3.4374736905366 0 588
67.3014365730516 3.0169871346227 0 588
69.4088840136764 3.33970249157091 0 589
90.4496520638959 3.37866181217335 0 589
67.3430960256112 3.47182270020221 0 590
91.4560961405048 3.04847353166978 0 590
91.2517755734996 3.42712376506741 0 590
69.22047385727 3.3369921034098 0 592
67.4740043597045 3.49368019360326 0 593
67.2626651354043 3.71315357378658 0 593
67.2805537079851 3.40655621236802 0 593
64.0214132418762 3.42436412726964 0 595
71.9737712055666 3.99696403600412 0 596
91.8846371912197 3.08569595413737 0 596
82.5929543333405 3.05549503164544 0 597
69.7409338773449 3.05555032213708 0 597
72.0733789026745 3.11065658898449 0 598
67.4923091232379 3.15669115762801 0 601
67.9085226041126 3.35067796120145 0 601
67.4746193672632 3.19455279065036 0 602
67.829579299916 3.1494350706891 0 602
67.4346053083394 3.83274292409738 0 603
67.562079655769 3.0308617753723 0 606
72.1402747164399 3.10417414659884 0 606
6.06693954960095 3.01522805768637 0 608
67.7569739448914 3.01499641689329 0 608
67.2706701507718 3.2465014026741 0 608
91.7990175115217 3.25227005671194 1 608
91.8810256177332 3.24849742169611 2 608
67.2544248136285 3.07862732292858 0 609
67.284119829059 3.13530207307362 0 609
91.8187470368596 3.047663494407 0 609
91.852920852815 3.43526945043004 1 609
71.6753156219562 3.07647644844186 0 610
91.0466366518948 3.68113055885786 0 610
67.7476846731729 3.04908245096877 0 611
91.2535027427505 3.1317523724312 0 611
67.3607013859143 3.33276470497998 0 612
67.331634232322 3.00007319443707 0 613
67.5213716200219 3.05168361447877 0 613
67.7395489454978 3.4312783785199 0 613
91.2614777862153 3.30519726392442 0 613
79.927135266118 3.02723740482368 0 614
67.2882640031225 3.04739278624759 0 615
82.3982055865572 3.02460049810271 0 615
74.6609433223623 3.36069902337871 0 615
66.7810162114392 2.99809866461271 0 616
69.6526690972053 3.20039460065271 0 617
71.4213315106614 3.10508037115294 0 617
71.7310594705966 4.28368801416877 0 617
68.567420644744 3.46569398114496 0 618
67.2599117208345 3.60920387376483 0 618
74.621921742783 3.6898118691502 0 618
87.3347365877845 3.14420613035055 0 618
91.1160387307516 3.32834199620818 0 618
72.4855460472101 3.08623282955161 0 619
72.8425786192305 3.90640035690202 0 619
67.4383175167336 3.26221197080196 0 619
67.57835966453 3.13591803810455 0 620
67.3604002576526 3.05361622143226 0 620
91.0493774313503 3.1849245001744 0 621
37.7526843562104 3.54497753015819 0 622
90.63512629711 4.00997624417175 0 622
91.0542949760599 3.17522909019029 0 622
69.1226232542937 3.00631927942428 0 623
67.2617974469513 3.03162079128381 0 623
67.5096701107394 3.15776974704396 0 623
67.3973975311334 3.01899909644321 0 624
90.9824005888986 3.05679383884551 0 624
68.6316117746536 3.5192439499951 0 627
67.5433650960281 3.36403685769928 0 628
91.2654278834698 3.04513474486121 0 628
0.0655959739868716 3.08478825901043 0 629
92.1444033480838 3.18984530530442 0 629
91.1168203369869 3.22919804993766 0 629
67.2574846808182 3.09175191843382 0 630
0.378434914219384 3.62769173239404 0 631
63.7001056291051 3.3097333143449 0 631
91.4324479854938 3.47781472321786 1 631
80.9807925655731 3.17383226025404 0 632
67.3170433854683 4.13496804123499 0 633
78.3622271773016 3.27721486697494 0 633
68.5558231308106 3.06583663800238 0 633
67.5192460962382 2.99515110080784 0 633
80.7118637862015 3.04803665785336 0 633
67.9205796571484 3.54609260034046 0 634
91.8309289087153 3.7201943172427 0 634
91.8647729496522 3.03023773977582 2 634
91.9028342015682 3.28240172462039 2 634
0.0331552209517932 3.01820820876737 0 635
64.552266996808 3.02399666289697 0 635
70.2181579598728 3.41306292098379 0 635
91.7590083337661 3.0606748884351 1 635
72.8980377126439 3.08447432313177 0 636
82.603805174667 3.28825160030823 0 637
67.53738579962 3.22368788871249 0 638
73.7649135253558 3.30097296547793 0 638
90.3672591818024 3.15892331966083 0 638
64.4126201036966 3.10181044030138 0 639
63.7799966912875 3.16473541556269 0 639
71.887408654123 3.24849599539274 0 639
91.3276760787729 3.17379662020845 0 640
70.3971647425268 3.01571236449003 0 641
82.2211129878873 3.42477608012819 0 641
89.149491890976 3.13611826370102 0 641
91.1475078223527 3.14894524527693 0 641
63.6722961474217 3.4411063757555 0 642
63.9165026093308 3.53061203893568 0 642
68.7400952941253 3.21455669614311 0 642
91.7798942102441 3.13126699329563 0 642
73.8227201667118 4.25552631860106 0 643
90.9846723118563 3.30185065641785 0 643
91.0140628657445 3.18872461941059 0 644
91.6416926528134 3.25398104889217 1 644
63.7597646995253 3.09073470981172 0 645
69.3231487419624 3.1488591941816 0 645
5.75859586010193 3.20757476354087 0 646
69.3327840033807 3.98499405833614 0 647
71.0820912767654 4.94163183719664 0 647
88.4739659519569 3.88261992431572 0 647
67.3389414496679 3.59616861381615 0 648
67.2780099895864 3.61105826497051 0 648
70.1483441473237 3.10493305611997 0 649
90.9929515035996 4.11389764210734 0 649
91.2404107065342 4.12651642202792 0 649
91.2471657184399 3.19094707392129 2 649
91.6769792707699 3.39617639844345 2 649
0.0111990009353627 3.00733078149445 0 650
68.0769862163957 3.10657354570971 0 651
69.3987211261328 3.61310768704237 0 651
67.2763090575947 3.17037997384777 0 652
67.352744094815 3.76836870100297 0 652
67.4556736718818 3.38159284934423 0 652
91.2212815639719 3.00335351255253 0 652
67.5040630423569 3.73317217715049 0 653
69.6301601234639 3.02355102724766 0 653
65.6187669510552 3.01604979485781 0 654
75.8385257375874 3.61024773686986 0 654
91.0614398824742 2.99456448298991 0 655
91.2962469432842 3.11739971357357 0 655
46.657360186717 3.04793198347068 0 656
67.2782203669033 3.56233160946336 0 656
78.6601730457991 3.00904377927448 0 657
77.7563240517146 3.83356761933458 0 657
67.9195549604454 3.08563836279758 0 658
67.2650699703391 3.97295138665132 0 659
90.984475475138 2.99934037006257 0 659
69.0127566509231 3.11755750791866 0 660
67.4242730637893 3.02264016989728 0 660
76.8425954155487 3.40461952928829 0 661
88.0778002730863 3.14811074769037 0 661
3.62095498006213 3.58014476225662 0 662
67.3125641064474 3.40714876628028 0 662
85.6665572881939 3.602291538146 0 662
92.106322979768 3.06381812286853 1 662
67.2537257345835 3.17010844937645 0 663
67.3096126072902 3.22404956135526 0 664
91.2584897277218 2.99101587849152 1 664
67.2610869005266 3.57754294458152 0 665
69.6377995595729 3.62488022046045 0 665
67.2667220328919 3.09463009679525 0 666
67.2693694476584 3.07761042442728 0 666
67.5970123508463 3.01031018248403 0 666
3.36768893401298 3.15836649168401 0 667
63.9204504251446 3.0961662137078 0 668
67.5813425918039 3.32733329401366 0 668
71.8499647211732 3.3239336671733 0 669
67.2853422355692 3.32436059788837 0 670
69.7595943890653 3.36797771207216 0 670
92.0869801188512 3.25383114944499 0 670
65.8106948388061 3.07930270646571 0 671
63.8819945526275 3.49308015045977 0 671
68.918481711083 3.01289661514408 0 671
67.5884612677275 3.41882011630665 0 671
80.7157515181399 3.01341170777423 0 671
84.479824903494 3.67114890988536 0 671
90.3643927610858 3.06351254375401 0 671
91.3487481578425 4.47518186241904 0 671
91.3505931092223 4.1984084650009 2 671
91.3539815253093 3.01913454473406 3 671
92.001279564303 3.27569535649344 3 671
67.4309637805382 3.17820733264875 0 672
66.1689914951022 3.27357806387706 0 673
63.7394400000867 3.38468968682289 0 673
67.3181281086907 3.44276412859883 0 673
84.5346453345088 3.17977168990106 0 673
91.2462466278845 3.06728354405939 0 673
67.3195207054976 3.22979841216841 0 674
67.3015026954272 3.48084057107694 0 675
76.4808368606781 3.06133163493551 0 675
85.3911075484126 3.14092387872887 0 676
67.5746645570878 3.08515016671735 0 676
83.1157330193103 4.01258702556284 0 676
91.3269965888273 3.08455627537744 1 676
65.4237214388588 3.07547816557968 0 677
71.7848254375003 3.07889849481683 0 677
80.5314404636354 3.59389558218674 0 679
67.8905476827229 3.5564334199278 0 681
91.2406765040443 3.00290727782895 0 681
65.8529890815017 3.19974540874471 0 682
69.5344070694491 3.18503291391594 0 682
67.6012769159997 3.00862564609296 0 684
67.8118567912635 3.32269273783054 0 684
67.2661182664646 3.18328554539232 0 684
68.530211146546 3.03418698166352 0 686
67.2707158628077 3.26211820404468 0 686
67.2707648325172 3.2156836689481 0 687
63.9104450381153 3.01889035048557 0 688
58.1597238671313 3.10804416517494 0 689
67.4311328468429 3.00377804737837 0 689
68.2102455139009 4.21967898005844 0 689
67.7365867514318 3.10460415192811 0 689
71.497557025509 3.86597598716493 0 689
87.9797995862185 3.10395958527472 0 689
0.107351140770104 3.78287868950392 0 690
63.9467032031914 3.15719140540215 0 690
67.6422387158438 4.15188693029425 0 690
91.4029649846941 3.44442357318436 0 690
68.9346976995445 3.56144232324243 0 691
67.730644243384 3.47992704476266 0 691
67.7549480864624 3.01664529757072 0 691
79.9287805871327 3.82835389223422 0 691
67.4750387101671 3.41109175987087 0 692
67.4785290067383 3.06839498323696 0 693
67.4526357108652 3.66380720843951 0 693
69.3263177752979 2.99945981019158 0 693
0.216815563677639 3.21227996167195 0 695
70.6523886212337 3.25293070935931 0 696
70.7655356908715 3.54301958941755 0 696
91.1735142767724 2.99930444231625 0 696
67.3726827090461 3.05700611734774 0 697
77.9451301172958 3.42042682513123 0 697
81.3227282018024 3.08791579036433 0 697
91.8380413825896 3.15278521482757 1 697
78.3208236982405 3.32730550711591 2 697
80.5895751650334 3.1803722358107 0 698
91.0434534711574 3.14671988023197 0 698
67.2660979031627 3.16219271279966 0 699
77.260015625393 3.13280320806504 0 699
69.7685613402714 3.10517239219664 0 699
77.6712087550194 3.11561552860125 0 699
81.667375252855 3.45118534192978 0 700
91.0455886015307 3.18426466527501 0 700
67.2611930268854 3.12867393772262 0 701
67.5142063047535 3.01234453624431 0 701
68.5978297361149 3.14513341639142 0 703
78.8159643737811 4.30117296960729 0 703
67.4839538219954 3.66516798054499 0 703
89.5166423802431 4.00342311983509 0 703
89.1384154191544 3.12711612248949 0 703
63.8519087557606 3.41180745263766 0 704
68.896636451981 3.38037547390038 0 704
67.2585379050002 3.33728341602359 0 704
67.4429133876243 3.58273231651216 0 705
67.4345748140081 3.167917545373 0 705
64.1404621211852 3.56676116850651 0 706
66.640401732669 3.89221264225518 0 706
67.2719172622263 3.53907722078221 0 706
69.8119034778908 3.14118140209454 0 706
67.4309731696245 3.16973100073578 0 706
67.280253413314 3.17322440204324 0 706
67.2879887243982 4.01250270990727 0 707
67.9380277183171 3.82833835672026 0 707
91.1285240612305 3.80707035935544 0 707
67.3190614302886 4.06355301332209 0 708
92.1037413638945 3.42315142956567 0 708
71.7342736876508 3.08846164573038 0 709
87.6319627591853 3.84055859975825 0 709
67.2870863036854 3.07263852388761 0 710
70.1223088580641 3.44350892638648 0 710
67.5467153729281 3.0418309703342 0 710
72.6848531837657 3.12938180367943 0 710
82.1400976291361 3.56463067620397 0 710
91.5837615181435 3.87522303119542 0 711
78.8593038146153 3.11851395333583 0 712
91.6524282135046 3.01501589155844 0 712
90.9875394670973 4.62508089048756 0 712
1.17393087697044 3.32113704978156 0 714
82.8670493912886 3.17792350926618 0 714
91.6955050469648 3.31425829573011 1 714
63.7878333303508 3.2651451529378 0 715
67.4391067375975 3.37414297082193 0 715
78.0284190089577 3.37039527105393 0 716
70.3480647721323 3.14534608344296 0 718
91.0855027724748 3.17902658546889 0 719
67.2582167878742 3.25187361255246 0 720
70.3522329491307 3.62532024793832 0 720
92.2353104153016 3.07877016793728 0 720
91.6496370483462 3.51081729812249 1 720
91.6562038633151 3.27054545714568 2 720
63.7812533885603 3.16819607857713 0 721
67.2664526829373 3.16410231421942 0 721
91.0449769829432 3.01460596203446 0 721
80.8230229375671 3.12724121113159 0 722
67.6545819207913 3.08997694503413 0 722
70.9842301969816 3.21441682808488 0 722
91.0131839481867 3.18733443041075 0 722
74.369068163948 3.1899330229251 0 723
69.2347427041559 3.50195437555601 0 723
67.4087765816898 3.26058557529005 0 725
67.2681853430012 3.21618128988651 0 725
65.3304594745515 3.19974033162756 0 726
64.8936711281813 3.29503264603025 0 726
67.306615052646 3.09080675501215 0 726
82.8378987578636 3.06929367688349 0 727
72.0951713203774 3.39234798857573 0 727
68.494664547963 3.13835508408413 0 727
67.3231800804309 5.2865258866836 0 728
67.2586925125722 3.82086727075175 0 728
91.04548860222 3.13808934468038 0 728
82.061634926084 3.0678415961559 0 729
67.3900611567354 3.27259222262143 0 730
43.74287341705 3.10529511286546 0 731
85.9459512442935 3.17719309048327 0 731
67.2683953571326 3.55017467368104 0 733
67.3393182106769 3.6170897440025 0 733
67.2865983534601 3.31879135803216 0 735
67.583541624097 3.07668259089455 0 735
3.68205281317268 4.00225111816519 0 736
69.2425622539949 3.21849353367497 0 736
64.0802367678888 3.71709301585203 0 737
67.3055032313137 3.30999950834378 0 737
0.0703644828039422 3.33233850780872 0 738
67.8541043932703 3.22125538067477 0 739
63.6601903209953 3.59056328086899 0 741
70.9637933151178 3.00694772670709 0 741
85.6687795258191 3.13363932104726 0 741
67.2573561959046 3.08212594683229 0 742
69.9397710450686 3.06471787674431 0 742
75.789741490859 3.3547523090001 0 742
4.97343857593211 3.26681253052051 0 743
64.1158317258431 3.71128602276247 0 744
67.702547912553 3.01106720757606 0 744
89.9338319354558 3.37813307597896 0 744
66.6624362797861 3.54947513857321 0 745
67.6126439766856 3.03101027397178 0 745
74.1209621214023 3.34789417093595 0 747
70.1305063259686 3.37242178643208 0 747
69.0627861829001 3.23809290843421 0 747
84.7061469055713 3.10120430468259 0 747
67.2598113260864 3.12492347675505 0 748
67.2639749742214 3.26901645147136 0 748
67.2979880730769 3.07493848845739 0 749
70.7678303633684 3.04014398525211 0 749
68.0837314881341 3.17520671808128 0 749
0.257240725469157 3.20579639150866 0 751
21.7082978294999 4.72637093467134 0 751
66.6963793879763 3.02505426007983 0 751
67.5792753716534 3.17652992602679 0 751
67.4622448584907 3.67925175311446 0 751
67.7744037314275 3.25921264227271 0 752
91.4764736708992 3.32139445163754 1 752
91.8728928827471 3.03356077994462 2 752
67.3249901055432 3.02685481857713 0 753
81.8144948932996 3.12916235302003 0 754
76.7801027664925 3.03831051567136 0 754
71.1321927154282 3.19174818580568 0 755
67.7908441596811 3.08977042615062 0 755
78.6403317268525 3.00145016094469 0 755
67.8954599418422 3.26001237582953 0 757
67.5330732590515 3.23837218495665 0 757
67.8801691053579 3.52581419796703 0 757
92.0357808926881 3.30856927149799 1 757
89.4799745738008 3.23291592312244 0 758
91.0017558581585 3.52684003926745 0 758
87.2118564323815 3.01734694507221 0 759
63.7962381588008 3.01224051799898 0 759
70.1113728774579 3.05476605389775 0 759
84.4806337078677 3.45781065215614 0 759
67.4856939165674 3.39976793289533 0 760
67.7502395128079 3.09627853490726 0 760
91.2937896061289 3.22175879970812 0 760
68.8047179989237 3.08756953741443 0 761
67.3478360655141 3.37550049335241 0 761
67.4258177368573 3.26417668722125 0 761
82.8940136555748 3.40220560403789 0 761
67.48593628687 3.63779285663438 0 762
91.7743764950235 3.12423954156272 1 762
64.9998170239969 3.46590499326424 0 763
65.5223032963375 3.18430876645529 0 764
77.1275108278379 3.03974241217734 0 764
68.3781944177787 3.23347213894983 0 764
63.8054834107306 3.36459411012647 0 765
70.6155074401073 3.11421535411127 0 765
67.2721067596224 3.18103071980063 0 765
67.4392033454732 3.05415146140987 0 766
67.5815462124687 3.01394996991051 0 766
67.2836793661455 3.39636196596024 0 766
68.197395990338 3.88832390459106 0 766
72.211681580283 3.41262541589058 0 766
81.3539855254555 3.00917086921595 0 767
91.9984353661809 3.6377440827131 1 768
91.422501289732 3.25306254972917 1 768
67.2553653482546 3.08219960654186 0 769
67.8803995110615 3.52107487979784 0 769
91.0513481212923 3.58112991689868 0 769
91.3020260283489 3.14053329229555 0 769
91.3209982382846 3.9325748204021 2 769
72.113019181781 3.33102298465668 0 770
91.4217959069453 3.78328197136959 1 771
67.2808686037777 3.00292473124744 0 772
89.4121087684349 3.35555344830259 0 772
91.0011600552886 3.06026304055303 0 772
63.7545839183953 3.03392028247268 0 773
67.3818353276283 3.51454479672186 0 773
68.7640506020527 3.11720978160859 0 773
76.0791604989581 3.30250973966746 0 773
86.7968683055368 3.32368359574364 0 773
63.7415625057548 3.04353958102588 0 774
70.2804148805075 3.13516280291174 0 774
91.6939416294724 3.23979475049081 1 774
66.548340828499 3.17587046392266 0 775
63.738217686873 3.10128415677189 0 777
75.0668559473554 3.04477541575554 0 777
68.1888290507814 3.21148308050638 0 777
64.4093877560652 3.01181296928522 0 778
70.5884083432458 3.53499416256623 0 778
67.7144918615762 3.09950386564499 0 778
82.053309842809 3.30822676592636 0 778
83.5866170675044 4.01265716984788 0 778
65.2352594617427 3.16051515045501 0 779
73.677766025657 3.26478872666389 0 779
90.990709033977 3.36135625876756 0 780
91.6677468130764 3.20508942383544 0 780
63.7619120255094 3.00495824727392 0 781
67.6435662503051 3.33128769013229 0 781
67.9575042318123 3.10425108648262 0 781
65.6479170947636 3.04713810406357 0 783
85.2569363031577 3.37512452818883 0 783
67.4485739736503 3.01019421243798 0 784
71.1313639645879 3.19987870956508 0 784
92.1117045108501 3.2090214092862 1 784
72.6021021675331 3.52447702085724 0 785
68.931792757759 3.03826655058371 0 785
67.618185489161 3.28257365203585 0 785
63.9792376437875 3.23308195745928 0 786
67.5441337202856 3.18829109547568 0 787
67.2864389347008 3.8392481357758 0 787
67.2765802316692 3.10005544131369 0 788
79.577136482803 3.00358097690742 0 788
89.8885331086798 4.13858034632172 0 788
91.0479017486933 3.27342256265459 0 788
22.6811257733787 3.78465566715156 0 790
64.3952984503343 3.46327554763487 0 790
65.3538217848015 3.31767583271723 0 790
78.836748307651 3.42506052397781 0 790
67.2982892018939 3.05248810424985 0 790
91.1528243460273 2.9974473377279 0 790
91.7434922609814 3.00405903994236 0 792
91.341051409795 3.55914046971636 0 792
73.1205606737174 3.15257203167953 0 793
92.006438762163 2.99882523796573 1 793
67.7375703755424 3.53650705756014 0 795
67.292643938158 3.75157027976984 0 796
69.6517301465296 3.65704322322097 0 796
63.9091678587687 3.0051538080064 0 797
67.2599487232444 3.07656931583228 0 797
91.334903629919 3.27637246509864 0 798
0.0211838517559362 3.12859907784413 0 799
64.7816476320539 2.99413852456696 0 799
67.3494451026687 3.6184526035191 0 800
67.7798561886838 3.47534210445034 0 800
89.716919931163 3.55625565070703 0 801
91.310623803497 3.06419399547709 0 801
67.0795512183257 3.31114866270809 0 802
67.2725759732151 3.10406877886897 0 802
64.1786499224711 3.23943256739104 0 803
64.0640070942595 3.08320735743436 0 803
63.7437472161142 3.45325195892971 0 805
67.3643705036301 3.60782714220456 0 805
70.7153673423262 3.71237996947173 0 805
90.9995804362272 3.10519689564634 0 805
91.822481858059 3.01002108406835 1 805
92.0825919394654 3.02596902296469 1 805
6.86326506636304 3.49610099125338 0 806
63.9815609642997 3.05544801854178 0 806
91.0061026678087 3.20588182857965 0 806
67.3227970885544 3.00643420247503 0 807
82.807354891722 3.27528571311748 0 807
63.725837633072 2.99147570451547 0 808
91.4905401890842 3.00051566773062 0 808
81.274044680428 3.20543255362811 0 809
82.4641983848411 3.20103035882499 0 809
91.4051352834601 3.05146263442145 1 810
67.3056063116141 3.86167579840715 0 811
0.639174831612433 3.00265578297161 0 812
66.5959460168716 3.31377957691951 0 812
74.3363190974823 3.38781739420562 0 812
0.0256163989405166 3.07189866318894 0 813
67.2938494507483 3.11973430417369 0 813
67.3227282555545 4.12215988535155 0 815
68.0437511095584 3.05294264029544 0 815
90.4552963592381 3.39777258859459 0 815
0.357513201112039 3.01545124119552 0 816
64.9450467180378 3.1066209503923 0 816
80.6444911704223 3.978848034065 0 816
7.66155434885925 3.12807674969705 0 817
83.4569683436737 3.22945397539582 0 817
80.7258596982597 3.01420510517484 0 818
91.0533236969259 3.05805789761842 0 818
91.0995926957425 3.48322368595188 0 818
14.7354216855418 3.00011963857729 0 819
71.1703364740974 3.10847518709464 0 819
67.2539441623986 3.00507246573144 0 820
67.2800836167184 3.37712268416298 0 820
67.607140768584 3.14605910476727 0 820
63.7923537110951 3.2844177044801 0 822
67.2925404258079 3.31237616274911 0 822
67.3193841481833 3.16206708140037 0 822
68.5509987362541 3.10557585741129 0 822
67.2791462424459 3.01187476725832 0 823
80.6853204657706 2.99231726902585 0 823
67.2939902538784 3.38416055802015 0 824
90.9864975464847 3.02893764044099 0 824
69.1515363447547 3.38850621018792 0 826
67.5638292390276 3.4498704625729 0 828
67.4306599267527 3.05741072048927 0 828
91.8311259072144 3.05405187375506 0 828
91.7679020872565 3.41436783015013 0 829
86.0098413710128 3.20313758642359 0 830
85.4953774432527 3.49331848676043 0 830
71.0296914930966 3.1343755501951 0 830
92.1769105575073 3.14421623360056 0 830
64.1474703687473 3.44381986661919 0 831
66.1129439631809 3.18338023932883 0 831
67.4418143674283 3.24772808857874 0 831
67.3442025839222 3.11656014714407 0 831
91.0478511292222 3.01609763678252 0 831
92.0338366133899 3.38583298727238 1 831
0.12546037287931 3.23260043289505 0 832
72.0627551419141 3.17342251977861 0 832
68.4518043192634 3.03616260117153 0 832
67.5189681256582 3.24622656869186 0 833
91.2669852980074 3.73168237637654 0 833
67.2596080405823 3.18727234083631 0 834
75.0105205363429 3.1710950613685 0 834
71.0447145327227 3.26390224829095 0 835
63.7033885775699 3.15234620197086 0 836
63.7502737461287 3.12892917950731 0 836
64.0173329857355 3.85178269687307 0 837
69.4400363864263 4.172430971453 0 837
82.2124233159323 3.31531919912512 0 837
16.0083511015231 3.09276425911799 0 839
71.5643949149543 2.99058693691267 0 839
73.4392637596811 3.09210965253033 0 839
67.2765376482783 3.24468278781054 0 840
90.9973403742856 2.99234122675416 0 840
67.307990593175 3.43480462214484 0 841
83.7907032530301 3.11743509746443 0 841
68.4658553340238 3.71231985079482 0 843
67.3337096636486 2.99138185256667 0 843
91.1537365952763 3.12626468506174 0 843
91.3288988717129 3.70164069593369 0 843
91.4905904903815 3.29056872217798 1 843
91.3342908819048 3.73071295477562 2 843
91.5305532929621 3.04903229431327 2 843
91.4587213481677 3.05978655745471 3 843
63.7553064696976 2.99572354604339 0 844
68.2848888449814 3.84792051526031 0 844
65.4729553704292 3.00604942523319 0 845
91.4613832362086 3.06875500118841 0 846
67.2533683059071 3.19755296137787 0 847
80.6123840911587 3.65646956446941 0 847
89.5211906344759 3.00269121591119 0 847
67.7619329017129 3.2259772635009 0 848
67.2870436214264 3.68064732673114 0 848
91.4536388202637 3.02029931575116 0 848
67.2119497557545 3.06839070586192 0 849
84.5181712198793 3.09456649089386 0 849
63.7537342597593 3.08904167932885 0 850
63.9027187668594 3.27473517544106 0 850
63.9563508336604 3.0188148821081 0 850
68.6822034600925 3.17286590629918 0 850
68.2179955678993 3.3578355712635 0 850
76.6922024160364 3.48921869375337 0 851
67.7164723809686 3.13069074103421 0 851
70.0485149604839 3.19909362969497 0 851
90.9773785549798 3.06276170136493 0 851
67.4573837379782 3.17766161727433 0 852
69.960439713981 3.03950616269385 0 854
81.502116930037 3.03153812722792 0 854
91.0411243070916 3.32079852622965 0 854
91.2795843826413 3.02041310500524 1 854
67.518811115852 3.16649441890392 0 855
67.5408381079035 3.29190954420757 0 855
85.778764609032 3.73852468101828 0 855
63.9146635500165 3.06158742167786 0 856
67.3008265743282 3.56863424010379 0 856
67.8160181337417 3.09178219119704 0 857
68.0261844587194 3.16939277638083 0 859
69.1233539307136 3.18792722214853 0 859
68.1240592251827 3.29110560449426 0 860
67.2679389091497 3.54069099050457 0 860
67.4106054741666 3.00728901137356 0 861
72.6936331868338 3.47527109866795 0 861
75.743907826007 3.09881544760384 0 861
67.6326316646932 3.56533636997032 0 862
67.3223743613665 3.24128153114605 0 862
67.2823054425965 3.00615718136828 0 863
63.8705981090427 3.97865524331799 0 865
67.4545376038556 3.50050996226565 0 865
74.3325252415788 4.13618407469402 0 865
90.9814378932405 3.36102011242982 0 865
63.8159502303802 3.30936372260192 0 866
91.3073725612516 3.40971376192766 0 867
69.8656774080121 3.03053239573148 0 868
91.4189777389357 3.6122429892521 0 868
91.058136245941 3.08893307329466 0 868
91.8604578883194 3.04787606778979 1 868
64.1829312537798 4.88642376467268 0 869
67.2567441100376 3.03334194416557 0 869
67.3632649080039 3.06329172480437 0 869
67.3193297641581 3.03487328002804 0 871
91.2374745089579 3.59922376604858 0 872
63.6598395312147 3.3837888912875 0 873
67.3387832066908 3.29489827855787 0 873
63.7698683746409 3.23901339393515 0 874
64.0119003611167 3.6552763639125 0 874
67.3704560756337 3.14785709754786 0 874
68.5683557237148 3.11381981272744 0 875
77.8348879382355 3.02653149426997 0 875
70.035758725456 3.20804239256223 0 875
67.3182777195083 3.01039281867354 0 876
67.2673899714339 3.38334655402407 0 876
91.0443486819228 3.7568980810481 0 876
91.0842405141584 3.1095941145698 2 876
89.315161941849 3.84225125801711 0 877
91.3506736370522 3.51922360061473 0 877
91.3525819432131 3.02551371524809 2 877
91.7587659778654 3.288176621432 2 877
91.4116439695492 3.05068029956924 3 877
67.5093256305677 3.89786675942777 0 878
91.4051907034394 3.26889915481827 0 878
92.0278935595222 3.20752740551448 1 879
64.190943500397 3.24119012272334 0 880
82.5426271660691 3.03507292333073 0 880
67.2648597793094 3.01686737130268 0 881
75.8141575614123 4.04085259604048 0 881
77.4227996627689 3.50959152886471 0 882
66.8998917889995 3.42054905289912 0 883
67.4460683111313 3.30147710313816 0 883
91.2897778885308 3.02499988552523 0 884
91.3878358867802 3.21080868568714 0 886
91.1431179546653 3.09388814885331 0 886
91.0417372845007 3.04771207602835 0 887
63.8185760254584 3.08442279265726 0 888
67.2821594597262 3.43547139791346 0 888
67.8150135062922 3.37931081060688 0 888
70.8878622036233 3.21164037405458 0 888
71.717009528515 3.35695392999648 0 888
91.6759817979571 3.73230573247886 1 888
76.5474501152837 3.08437307445165 0 891
81.5239657127419 3.04527581608916 0 891
90.9863357267171 3.00254607087413 0 891
64.1562082992411 3.20261515316529 0 892
67.2532906536704 3.14082306243017 0 892
67.6961193594076 3.06261691425724 0 893
91.9841996093553 3.48325271641766 1 893
67.5534895272711 3.16813629575861 0 894
92.2510569202178 3.20193317701425 0 894
89.1506482529879 3.10093702278469 0 895
91.4234495089399 3.06425075349339 0 895
91.4341077797274 3.09665253278431 2 895
91.8587865168299 3.60897010916721 3 895
91.4367475774378 3.26588249897018 3 895
66.6536886092919 3.02095122609678 0 896
90.3555451116583 3.30680635403367 0 896
67.2676345919257 3.12102676491682 0 897
76.4102157424065 3.13162631930821 0 897
69.7967194627455 3.17087131664726 0 897
92.0190790528798 2.99519769642927 0 898
91.5572743953478 3.34070641368861 1 898
92.0396027576669 4.09708239844633 2 898
92.21648772978 3.39648938652581 3 898
92.0814607599352 3.21205526155869 3 898
92.1022154311004 3.23520278502164 3 898
65.0594401566383 3.19623779058803 0 899
80.5933735887661 3.23511934947193 0 899
91.1925667321149 3.30715487564867 0 899
91.3651801088451 3.44841862381162 0 899
91.259824916687 3.22830208540373 0 900
63.9700270701698 3.77291704167416 0 901
90.983348134839 3.4507821078914 0 901
91.5532922490043 3.25792492987572 0 901
91.8229029231847 3.00626057256091 2 901
68.585368263903 3.04191707275757 0 903
74.3141431887907 3.45659824620499 0 904
0.847063085835489 3.11121794248662 0 905
67.6267876023971 3.20925780496103 0 905
64.4914312247385 3.07486770810273 0 906
67.796151640427 3.38134042286697 0 907
68.2493448402914 3.11647982193668 0 908
67.2820418124987 3.23984214926563 0 909
63.9559917419755 3.47512143803201 0 910
81.1482982741719 4.30287978236845 0 910
90.9866178775312 3.16702016278415 0 910
91.3057942137341 3.25044288096902 0 910
67.2625031217002 3.10043715973377 0 911
67.933782302541 3.42248745680543 0 911
67.3875609800742 3.1189292628666 0 912
67.2579544111302 3.03993076377933 0 912
70.420510533845 3.09672925483216 0 913
68.1800811096264 3.20899513744481 0 913
68.3071869419989 3.01581387232614 0 913
90.0460073881139 3.16484726020225 0 913
64.0520491895153 4.80206401716158 0 914
81.0338440486832 3.07218334177465 0 914
63.7400645924403 3.45894877777918 0 915
67.54858380332 3.6936544265262 0 916
91.0558538765925 3.1617466625802 0 916
71.0043881336822 3.81725286830182 0 917
69.3943219162606 3.05494344916009 0 917
91.1662198907867 3.75455710006149 0 917
90.9886052333895 3.21315299713972 0 917
0.144368115052953 3.09351879292508 0 919
65.2085190351147 3.40800001678022 0 919
68.8767286721471 3.53228486106698 0 920
67.4337098614007 3.02907349957936 0 921
76.109946676272 3.04670594679218 0 921
63.7391897273027 3.28613900082977 0 922
67.3546571174073 2.99931730078141 0 922
74.4799710453134 4.05318899968705 0 922
59.5395263498441 3.05486702991724 0 923
89.645960424326 3.1215648786015 0 923
91.3991836108932 4.03743319215389 0 923
91.4228075050643 3.10194146044101 2 923
2.68429963815924 3.5726305190893 0 924
69.0550263956718 3.03619674094718 0 924
68.0291075505135 3.01888225595322 0 924
68.5320692953144 3.03229923065147 0 924
70.2342439451787 3.72227823614788 0 924
66.3210225108161 3.32441408893467 0 925
69.0495343049528 3.26253664455339 0 926
67.3791713715507 3.16046623929174 0 926
87.0565293581474 3.20734819990572 0 926
67.7769264107601 3.06487279294634 0 927
67.6386376404558 3.69080910565026 0 928
67.3082435745105 3.58473804048776 0 928
70.4118853975483 3.25061555137526 0 928
69.2040511065161 3.80234902074953 0 929
91.0733277084516 2.99684147437321 0 929
64.0674804637609 3.27363014917769 0 930
67.2548915201889 3.1967988660812 0 930
0.0278763542985506 3.01437964395036 0 931
89.7435164583937 3.31956887292931 0 931
1.98455100805631 2.99499205316291 0 932
63.7971944251874 3.58263690915954 0 932
64.6364408187115 3.35614156017974 0 932
68.197827849826 3.1459347694339 0 932
67.2544449640528 3.21495913507253 0 934
67.349998572442 3.30036035030257 0 934
69.3914102693059 3.75677579864765 0 936
89.1605792419431 3.01511018937158 0 937
91.0844619181257 3.58628395860387 0 937
63.7734842134237 3.13007363792492 0 938
65.4280544725326 3.44190275673009 0 938
69.0660176526785 3.11332912659902 0 938
77.1739869967485 3.58463290767783 0 938
83.7970239797759 3.58594610680508 0 938
91.631691878999 3.15779501880637 0 938
91.2407044789704 3.94469437407253 0 938
67.2604221355749 3.09609556243686 0 939
75.7882933626272 3.5990071054978 0 939
91.0571465245906 3.35760432074304 0 941
67.2612115520901 3.02257264871166 0 942
65.7203250184284 3.20063378449076 0 943
67.2604103177309 3.24346927422875 0 943
67.3030083807407 3.08027591207768 0 943
83.1340779934215 3.545804841173 0 943
90.9773678087052 3.08404143620888 0 943
0.0108239013922436 3.12296779490146 0 945
63.7379631523667 3.11515686941958 0 945
63.9409189137636 3.10743214819889 0 945
70.4551885200415 3.03643223803544 0 945
90.9787992266436 3.06375612698999 0 946
67.2634121745996 3.01396066491586 0 948
64.0308262881776 2.99156284834794 0 949
67.2586607291646 3.21544769925212 0 949
67.6389198785521 3.57170651458596 0 949
75.9187607884382 3.28506297143114 0 949
67.272580793962 3.16828684884723 0 950
67.4387988453049 3.34995392856142 0 950
68.1495126462856 3.2072732124633 0 951
84.4941404586165 3.20262444684073 0 951
87.6526665519955 3.1149998572924 0 951
69.3244661267611 3.02319414344158 0 952
63.842018919972 3.04182041724394 0 953
67.2757868957256 3.3347296505875 0 953
67.3363308084907 3.1842072473812 0 953
67.2550496430735 3.0660356502157 0 953
67.3304893136423 3.29020431715176 0 953
70.4750552090198 3.06594799592468 0 953
70.1195580199722 3.17368359265209 0 953
84.815897735369 4.31265768387135 0 953
89.2910917680134 3.50602674569226 0 954
68.6316206741637 3.11853173300331 0 954
73.7900396032108 4.36153864480209 0 955
90.0349888450815 3.20029202923863 0 955
73.054039855014 3.41767224529119 0 957
71.5330346246865 3.43919098488888 0 957
67.2781576411694 3.26034685119748 0 958
90.9830483399355 3.1936151751055 0 958
0.19485168036894 3.50857347369326 0 959
79.8944070099149 3.82234070670719 0 960
63.6612508184342 3.11990013596051 0 961
67.3842820925792 3.06749441139362 0 961
0.941987911913513 3.08804037067754 0 962
92.0376198126218 3.07347804759118 0 962
67.2630113920068 5.8145704321288 0 963
91.0441072403338 3.58162270629099 0 963
91.0681411445745 3.02806918455328 2 963
67.7855743112162 3.18389696735016 0 965
68.8569813425598 3.28922021612052 0 965
68.3343524090032 3.11907360795211 0 965
92.1940869302724 3.41293820892399 0 965
69.5593490189666 3.46455777933334 0 966
67.3896992172353 3.20016732960029 0 966
67.2740947467471 3.05266594773955 0 967
71.0762755368474 3.41545829887435 0 967
91.2039919755193 3.25731234225393 0 967
67.4018331082176 3.40234690874394 0 968
65.1173753035826 3.17980680521573 0 969
71.7970529324433 3.00469745777158 0 969
91.1797152746229 3.11724833809344 0 969
63.75325894394 3.06249845276678 0 970
63.8130773067529 3.03906431244253 0 971
67.2750159678422 3.08693798967907 0 971
67.3004321869562 3.10531942895184 0 971
67.5938273063363 4.19519894241287 0 971
75.6413925695649 3.01614882425399 0 971
67.2719222506652 3.17930376458245 0 972
67.2633115396756 3.30363040526282 0 972
63.6651462972947 3.12939055126509 0 973
70.6664115713644 3.53093422184287 0 973
87.030037062689 3.19109840668372 0 973
89.4744306863357 3.01904210227714 0 973
67.448478486233 4.1814959802895 0 974
15.1487128941536 3.40009500264969 0 976
88.4413959654878 3.06320737500209 0 976
21.1259202052409 3.04544571775922 0 977
84.7141003772277 3.05293422566549 0 977
83.1728518667831 3.40611098847858 0 977
90.9957519721985 3.00098571318031 0 977
68.5423771146323 3.13862090195516 0 978
67.2870922748969 3.51131940417979 0 979
68.4410843510153 3.05465325869971 0 979
90.7392852508852 3.04545052668994 0 979
86.0307721442396 3.11100728132529 0 979
68.5859977398222 3.03157946605374 0 980
68.3012815042122 3.02802047879854 0 981
91.4582769891519 3.17939102003394 1 981
67.4668703858765 3.12747880248169 0 982
69.7974112458179 3.00350725175407 0 982
67.275359656235 4.04491587722756 0 983
91.4911822874371 3.04745316600305 1 984
68.7828693264798 3.41379373028528 0 985
70.9800239629938 3.15967961544648 0 985
77.2425140424391 3.02493980777279 0 986
67.7469940654531 3.1481486008765 0 986
91.0107630343038 3.03002485364532 0 986
63.7566389867564 3.29514046096655 0 987
67.2684687705249 4.24602250841865 0 987
67.4377710461047 3.05813612008739 0 987
68.6953555143154 3.30564817951575 0 990
64.1887193509045 3.08378354122628 0 991
69.543392007746 3.093923658652 0 991
84.3868566827584 3.019049184767 0 992
67.3422826941631 3.67967441478596 0 992
67.5332425733207 3.98048167534053 0 993
63.8870575465126 3.15006622292358 0 994
84.0551937157223 3.40483302539652 0 994
92.0628754554589 3.23248134051854 1 994
67.4676970608072 3.2810754547851 0 996
63.7472987108986 2.99378260785211 0 997
70.1235856810097 3.14233311012916 0 997
70.616831181056 3.32692412961527 0 997
64.1873344643578 3.32381255854862 0 998
91.2500963090071 3.31862568272543 0 1000
