"ts" "magnitudes" "gen" "cat.idx"
102.860943210299 3.29722203461564 0 1
70.8953869659109 3.06415108175805 0 2
1.25642855927491 3.16678101106011 0 4
67.4223693487763 3.43465282463805 0 4
77.1293540242927 3.50239840766758 0 4
107.020236517516 3.07532674041505 1 4
106.038783363576 3.23540960535168 0 5
67.2883979343876 3.65003207701216 0 6
70.006898348579 3.53246693906253 0 7
91.9482017296368 3.38736368161191 0 7
106.188349684881 4.01272848962714 0 7
0.131776653474346 3.50077323529036 0 9
100.558489857965 4.31828842237379 0 9
68.635270927184 3.02689799092402 0 10
67.8746445973329 3.07110480674046 0 10
94.2016776197034 3.40719214807628 0 10
63.7550670330012 3.19236583046032 0 11
68.4870605544038 3.68950455132901 0 11
67.3535540397318 3.17529927067934 0 13
107.067796003753 3.92198862025014 1 14
106.833378097489 3.17801041828014 1 14
107.164630004952 3.52598119222097 2 14
0.73119141252023 3.17875382021495 0 15
70.588903890087 3.56474458851911 0 17
67.2577784769318 3.20333840567493 0 17
67.358460411386 3.25846410663955 0 17
69.3111209879715 3.68200045851302 0 17
106.115939698565 3.94197001602317 0 18
0.109315022011164 3.84100748343382 0 19
67.3548896221286 4.13511142630406 0 19
98.5829338441829 3.07200869575042 0 19
63.6756068961551 3.25702432618085 0 21
65.5366736948787 3.53282408026157 0 21
70.2711792587818 4.19942925591267 0 21
70.1576007520876 3.18687822928366 0 22
106.688781753862 3.34922390965865 1 23
106.846146644939 3.8136351698027 2 23
107.040447787994 3.0152738102732 3 23
106.860234754741 3.57817266047113 3 23
0.679232639540094 3.05768259760886 0 24
67.2664057232922 3.08330688286419 0 25
1.35169563737195 3.1108082968144 0 27
106.377400106265 4.36819999846852 1 27
106.39492914297 3.11951694302229 2 27
106.417558452485 3.52944324254507 2 27
106.480964984682 3.96701159981159 2 27
106.649756367456 3.3674954413311 2 27
106.491675699718 3.03687381562058 3 27
63.9646390402334 4.08858968780014 0 28
69.9998325381133 3.04278688102268 0 28
63.8505040543387 3.03128495818975 0 29
64.5290650794708 3.16074156669894 0 29
68.8485690692071 3.11774240437368 0 29
71.1081568870705 3.06536234947935 0 30
63.7389591832993 3.13852862096291 0 31
89.4029912449396 3.71694216042652 0 31
3.86150724960215 3.88683755140347 0 32
67.6295054501854 3.69722798669693 0 33
65.8188930180536 3.03778268608739 0 34
63.7754043933346 3.12305108154515 0 34
68.0059425175729 3.07222772501295 0 35
74.4327390469081 3.18142928947049 0 35
106.522733643632 3.64808628869962 1 35
67.331775651052 3.03607407433609 0 37
63.7583260208812 3.35806491504303 0 38
64.9010195892533 3.866891673491 0 38
67.3163041390034 3.12970366884223 0 38
63.8262377850152 3.12433186475297 0 39
63.8032684861086 3.17603717763311 0 39
66.7592211930667 3.60401132436424 0 39
91.8658245031068 3.69758027055911 0 39
106.114611027296 3.24457872566983 0 40
106.839993267068 4.03218984116696 1 42
107.052949716603 3.4949399792426 2 42
97.6543199169265 3.01700065327704 0 44
67.3696250402589 3.18212750877555 0 45
78.7315769850318 2.99622533130598 0 45
67.3123409874274 3.35404593907176 0 46
68.2342604313204 2.99340993937845 0 48
0.0448919311658129 3.46508545727069 0 50
0.213609576704617 3.61857510758873 0 51
68.4130190289878 3.1394164979541 0 51
106.369390617197 3.01013597350167 0 51
80.5523670246801 3.19592138165778 0 52
64.5418442395108 4.07505048836361 0 53
68.2622793702016 3.40253137559824 0 53
0.398771369155537 3.13343073844617 0 55
67.6246455684421 3.20928623086528 0 57
106.34687166932 3.2373917440063 0 57
78.6913052863406 3.3858585242784 0 58
73.6610215883708 3.0839781017283 0 58
67.2647695255805 5.13066515144739 0 60
66.3883964325928 3.12771793614541 0 61
74.0072486826981 3.09964085609699 0 61
67.280759944935 3.19922984326891 0 62
94.0679874983769 2.99549448599783 0 63
99.0764964781369 3.34111234941038 0 63
67.2566762888952 3.17018647235091 0 64
67.9788610760278 3.04616213911045 0 64
100.622169721093 3.39301743889667 0 64
63.6869239647883 2.99001640253734 0 67
67.2644998490807 3.03187857937554 0 68
67.329651938128 3.00701321518254 0 68
107.213867851979 3.1867975735657 1 68
0.143697456817771 3.06076063884273 0 69
67.5954320098591 3.04816899237871 0 69
67.664096762303 3.04095678303325 0 69
104.802492519744 3.12993688841044 0 69
0.0153007516309351 3.06692631593388 0 70
71.6113399744431 3.20019360659204 0 71
67.2859518204981 4.09670807745985 0 71
103.408120734719 3.2109263182724 0 71
97.3338237485733 3.14096759681316 0 72
106.98935872198 3.05426104128759 1 72
67.2551458214817 3.23675625365281 0 74
73.0386775372418 3.18375343950581 0 76
64.788095050618 3.15301984423144 0 78
67.4861229335435 3.07542412226522 0 78
67.3248352795131 3.63494511705958 0 78
68.6938143795858 3.29642755897175 0 79
70.8438662819304 2.99824012101175 0 79
63.783537353478 3.28545049739321 0 79
106.550799144525 3.63723704539946 0 79
67.2647515267232 4.23886460175638 0 81
67.4934875394407 3.12533966684612 0 81
69.1181164486793 3.5159732173633 0 82
68.7470538650369 3.10957995984226 0 83
74.5980740193353 3.3656828822611 0 83
64.0351157824286 3.18316445524835 0 84
74.9214989475636 3.36240418045019 0 85
67.7909341163034 3.12437678484069 0 85
100.189214965868 3.29525134157967 0 85
68.2378097781889 3.19987977966883 0 86
63.8762565435443 3.57717820872034 0 87
105.694968335588 2.99250605976032 0 87
0.0417257276469431 3.10931868342271 0 88
67.5407687283957 3.40065053485621 0 90
72.0670399465709 3.49261460809213 0 90
71.9343446157628 3.14950458979302 0 91
67.6177654257643 3.14726207388588 0 91
0.509355722343541 3.87912735284391 0 92
67.6446743167695 3.17649561022997 0 93
79.8954614825464 3.13255736870393 0 93
97.9846039972344 3.23461760063126 0 93
104.776440212816 3.056136915665 0 94
67.2770790183053 3.40338953364154 0 95
73.8717058048167 2.99798401014883 0 95
106.995410041699 3.01671090423599 0 95
67.2569057451782 3.3802142597154 0 97
106.396182789215 3.36353413850914 1 97
68.3088920487386 3.00602743978771 0 98
64.0840622792064 3.20434412974879 0 99
88.727755694731 3.04388350574936 0 99
103.419209442165 3.0619085977953 0 99
71.0016300816193 3.73269975450611 0 101
64.7424652485286 3.56637416144398 0 102
67.8804413539825 3.09633257155488 0 102
106.614085284974 3.40662777421426 1 102
67.2545263328067 3.09759788538365 0 103
69.4268899183844 3.03928054414999 0 103
68.173409636656 3.03022315753689 0 103
63.7672370652998 3.74765689081681 0 104
67.2607851824228 3.02383388705585 0 104
105.211263650266 3.22498408222738 0 104
64.1036722422253 3.74695981183725 0 105
102.841878314862 3.37595290926693 0 105
99.8759568806887 3.04259376625736 0 106
97.4377255012026 3.14058714386713 0 107
68.1073810105068 3.14416374854469 0 108
67.2834880760191 3.76457285251925 0 108
67.3225838065141 4.01723626953999 0 108
104.553345679173 3.27196039326592 0 108
67.7913907531904 3.335401779069 0 110
67.3961816347348 3.4303525014058 0 110
97.2176707963968 3.22311485802118 0 110
106.075591030301 4.10329390138111 0 110
63.6594957898222 3.40517139205309 0 111
72.4593424489746 3.01996797728751 0 111
68.4175970189196 3.62369866699112 0 111
77.2555185012351 3.11288711789835 0 112
94.8427434392905 3.00613363909339 0 112
67.2846244637754 4.47621269652456 0 114
105.241450892904 3.60914045113714 0 114
67.2911374344083 3.40012086685513 0 115
80.0129599852945 3.21069109597106 0 115
90.8746977793254 3.06362327193321 0 115
106.587589329548 3.28909272413874 0 116
64.1811658641925 3.0163174503887 0 117
67.266504610481 3.4135967874382 0 117
80.5271918232386 3.15787884866169 0 117
95.4549555873528 3.23819035278391 0 118
67.495036598587 3.05463438322717 0 119
106.078679208858 3.03862227420302 0 120
8.69348931724492 3.35409115772896 0 121
67.2547185688217 3.44724277343682 0 121
73.3018017135554 3.13046823315708 0 121
68.5050221890672 3.74906777109011 0 122
67.6929566860637 3.17422252433533 0 122
68.237325053245 3.15545973305896 0 122
99.6228179957732 3.06296130194991 0 122
105.256408295681 3.24058897790668 0 122
74.3330525483337 3.09563667885871 0 123
78.4967265478305 3.56722798764169 0 124
1.04994098050975 3.01081060854875 0 125
0.0391282388991497 3.16116014549727 0 126
91.3285203853922 3.60562095526143 0 129
67.2672933539132 2.99994513600577 0 130
72.0786404409265 3.1871034923011 0 130
70.0454483286013 3.82607505552691 0 130
106.076710624977 3.288858077851 0 130
67.549607032965 3.13580234927374 0 132
99.6900033572644 4.00831340773951 0 132
106.159892837676 3.11923662249132 0 133
0.371278623961422 3.49199657037368 0 134
103.919047319353 3.53973801552202 0 134
94.8876998980283 3.41575670383858 0 136
0.0501991302788223 3.11758564631157 0 136
92.5603219188803 3.17657565729641 0 137
91.1773512492493 3.13419456800493 0 137
64.1308334276918 3.19110957660548 0 138
86.7333101947363 3.04518175288282 0 138
106.085648851645 3.13978685210203 0 138
105.600440270533 3.02217056155733 0 139
106.991261553261 3.46957859347021 0 139
63.7011866237842 3.09430361478801 0 140
68.8444599501378 3.31398341015165 0 140
71.0734788612084 3.14601047610912 0 140
68.2200754844424 3.2840290612478 0 140
67.8158876251329 3.39904238332456 0 140
95.9138548893305 4.05661670792188 0 141
67.5003944756417 3.00680232409014 0 142
67.4304785255228 3.88690280963653 0 143
70.8697866684772 3.28039665716437 0 143
67.778549116651 3.20612105513541 0 144
68.7048817631682 3.45699371202485 0 145
69.3005788899668 3.18382110434633 0 146
63.7510821775371 3.16497277207801 0 147
69.4126594984097 3.69026879154946 0 148
67.2568180907995 3.39819775346256 0 148
64.2583463829027 3.19528279437475 0 149
104.623544693138 4.01566855008181 0 150
67.2658189332274 3.07990755500281 0 152
67.4094191058588 3.17664133818748 0 153
69.2410126597125 3.24926830428518 0 154
68.2944942834232 2.9966610563088 0 156
67.2533497905261 3.11591088424864 0 157
67.643419057806 3.03074994007307 0 158
105.898305866467 3.01834863777652 0 159
104.068415057327 3.04793797668016 0 161
64.033793129207 3.05080532055642 0 162
100.944175518299 3.68223549501602 0 162
99.6943222140937 3.37348890281235 0 162
67.2639418296286 3.78218897372321 0 163
103.752964261554 3.74010625286018 0 164
67.2537850938425 3.10080167170572 0 165
67.3134860472329 3.19472678322646 0 167
104.643021947161 3.35834243013226 0 169
107.184671602425 3.33306519530637 1 169
107.212653915638 3.16875674614829 2 169
0.0219096519451807 3.29720765568688 0 170
105.281684419288 3.05598873967261 0 170
67.5313402497948 3.27860782520285 0 171
97.9243132958204 3.21071179163748 0 171
9.73037320535043 3.07926359435717 0 172
63.763197470293 3.60258721311578 0 173
71.1867085040534 3.21191284967644 0 173
95.8822229817761 3.2456633924773 0 174
106.051916199045 3.92598329712342 0 175
63.7126177719177 3.41095262074024 0 176
72.3467405462387 3.11684466444064 0 176
67.2843594972955 3.37075553697615 0 177
106.408886860919 3.75058115930686 0 177
67.2881469709555 3.02723079420249 0 178
67.54632614414 3.03919949942827 0 178
85.7776425974526 3.79651263891681 0 179
97.841437252342 3.25510951121753 0 179
69.7579787067192 2.99508604507974 0 180
67.5554931409843 3.19670605369286 0 181
67.3329539100793 3.23078833447288 0 181
0.0414680597766254 3.3689852772487 0 182
67.3706432261968 3.56759878517514 0 183
97.8099490724376 3.09363700807242 0 184
0.158348838986443 3.71110244232431 0 185
67.7261903166676 3.16346464094792 0 186
73.0894426926245 3.22213556212743 0 187
71.9666508696802 3.41755719773284 0 187
96.2789539324893 3.23464585524944 0 188
67.7038934215272 4.03243358039898 0 189
101.130523731314 4.13200707277773 0 189
69.9324538966978 3.16008218381948 0 190
67.9069274033868 3.25583508972205 0 191
67.4464524174119 3.18505799269129 0 191
106.940136173065 3.00537409314395 0 191
67.2541622597685 3.69608129243486 0 193
0.0830299134548998 3.16770847887844 0 194
67.3083155187395 3.5039196298868 0 195
106.577212763653 3.0409018138033 0 197
88.473077104902 3.51247209987192 0 199
105.576745837453 3.09586001269682 0 199
106.790472337025 3.04241658658652 1 199
80.5901490364788 3.8095262854991 0 200
99.7379033286387 3.47902403859079 0 200
103.654631408887 3.01691948523293 0 201
67.4519004304663 3.22244147797459 0 202
92.1036575787582 3.24146663747893 0 202
98.7378326583756 3.37654082724812 0 204
106.144152609752 3.29816644146123 0 204
0.777386624245327 3.07224652261976 0 205
64.2638732076832 3.88544527193747 0 205
69.8236854626673 3.85117937303219 0 205
67.2552315055839 3.21504633447598 0 208
99.8321273106396 3.45871869417506 0 208
0.0337975172315627 3.21053248332445 0 209
79.0589433994866 3.04793146632054 0 210
104.495991119292 3.09693183227894 0 211
106.076646914143 3.04246874184329 0 211
106.480414491443 3.16051548765219 0 212
65.8371325328653 3.44551745974016 0 215
67.2630739403109 2.99382616461316 0 216
70.0906623688998 3.02497634882864 0 216
81.2863861639449 2.99263650273818 0 217
67.2543311422392 3.67310641162873 0 218
106.325452062282 3.14274446812098 1 218
67.2622448050516 3.78474698608662 0 219
106.113677298295 3.05275521193598 0 219
99.8762648701683 3.55217220252296 0 220
69.2572847437605 3.06795491854463 0 221
67.674280043628 3.10994510141481 0 222
67.2664840868263 4.43051404747088 0 222
63.7570323254666 2.99043094044056 0 224
77.4897672338632 3.37815716815716 0 224
78.7953190968966 3.25697457240566 0 224
106.660924271195 3.12586718578322 1 224
107.148107351017 3.04417968216457 1 224
106.124344623887 2.99498595399399 0 225
1.73711154205457 3.13468306114955 0 227
71.0332195353294 3.4145372264414 0 227
4.54824444904058 3.09719665195038 0 230
72.3446633815174 3.2268878958914 0 230
69.3716404751485 3.89232276974932 0 230
73.8737591453271 3.29878067831826 0 233
77.0255760121993 3.1358457312737 0 233
67.2613154888082 3.26213711969423 0 234
73.5774022541195 3.09237673420912 0 234
82.0455154955104 3.34555878393997 0 234
67.8412463932935 3.42047031962924 0 235
95.6684380395957 3.46840777085682 0 235
67.3056827085283 3.12145444518617 0 236
67.3232577196879 3.25429721128362 0 237
67.2660431151136 3.09850888597084 0 238
100.19940905175 3.91582914903307 0 239
63.9368855306935 3.20913954524354 0 240
68.5472068232315 3.0269769741011 0 240
69.6959625127319 3.56191867712727 0 241
84.59355557895 3.71185305138214 0 244
95.8883827717119 3.2576403472533 0 244
67.2647847735337 3.22460585064933 0 245
69.4484274253616 3.17994832335882 0 246
63.7411899281387 3.35121540079473 0 247
84.8005462382716 3.18977767257792 0 247
67.2594416979357 3.04700066743032 0 248
106.206601571836 3.02532213060292 0 249
0.59004994913849 3.52400468065913 0 250
106.688198110535 3.88102784584976 1 250
106.702267820036 3.3059858524024 2 250
106.736311139646 3.85100379782219 2 250
106.789377324832 3.14008650330221 2 250
106.773002185103 3.03301817836798 3 250
107.241313394373 3.31883817825441 1 251
68.4849018924943 3.01420329629837 0 253
101.08855732609 3.21001268780853 0 253
87.9727703610328 3.67414912538622 0 254
102.8642142454 3.73560124264528 0 254
0.0121051276860448 3.12852198358425 0 255
64.6148581213339 3.40144497323572 0 255
73.0528664220493 3.75626354078479 0 255
69.61206202803 3.35196573057138 0 255
75.8913533467011 3.64173286907468 0 255
0.0213295382013797 3.32812652690567 0 256
67.5699660260391 3.05765011730991 0 256
67.4368418966157 3.09273514118519 0 256
0.156198848073953 3.4441042249817 0 257
77.0515192618049 3.04999554358644 0 260
106.285258931045 3.26025363421331 0 260
73.7724473188522 3.08974753654319 0 261
97.6615226495616 5.3128276256329 0 261
67.9941669745825 3.07418852359898 0 262
67.3305119671557 3.0693419616733 0 262
67.5823779419175 3.20283521492377 0 264
68.4383897120091 3.03683830569735 0 264
107.095292278273 2.9983055287941 0 264
63.913010950317 3.05753999501176 0 265
102.252293412715 3.05755036374937 0 266
71.0882821171151 3.01664930515771 0 270
69.9434722521521 3.35253001021209 0 271
78.4600625804097 3.38724263963896 0 272
67.2680117049391 3.42361751847753 0 272
70.0711262364465 3.09893620539803 0 274
67.2709659899496 3.02014834518032 0 274
82.6854476662059 2.99041785108259 0 275
68.5025705747433 3.1070472011082 0 276
67.2555582352028 3.24662134687134 0 276
67.2863360503672 3.0666759373074 0 276
66.4610644019536 3.15041764828197 0 277
87.0379709980969 3.19132028409603 0 278
68.3978992176187 3.42788819956286 0 280
95.8812010394438 3.24403694553384 0 280
102.828392907631 3.12754511991886 0 280
70.0262510452998 3.26496813343191 0 281
105.98154438208 3.0556403890799 0 281
97.33519327383 3.14870363408441 0 282
106.097093812329 2.99203313177461 0 282
67.2540096028402 3.16917608644269 0 284
106.408488920423 3.71283585709657 0 284
96.6753219087993 3.47627977676338 0 285
4.66511351445213 3.74548119643614 0 286
67.2599293968583 3.97714202597205 0 287
106.795659007718 3.5448698482224 1 287
80.5218210993575 3.02123724502118 0 288
67.963691088474 3.37012111336937 0 289
67.6798627644679 3.07276522944019 0 290
67.6509227459402 3.05141513296918 0 292
76.9137463021523 3.00391742424537 0 293
71.1386547406981 3.13684301986635 0 293
67.2853922585121 3.91369831617569 0 294
67.5684291400044 3.11639851045655 0 295
99.3191737471634 4.22780313327538 0 296
98.2927370011178 3.00229096802678 0 296
68.2835662708645 3.10496784438669 0 296
106.468701995657 3.14712933862358 1 296
106.477368497136 3.15618483772941 2 296
64.8130512243562 3.14681302874147 0 297
103.551799258638 4.64357378106162 0 297
73.0247807070283 3.27070937354147 0 298
104.650346942227 3.53841952364115 0 298
67.9826417238185 3.13767207528565 0 299
67.6095118601233 2.99566102429304 0 299
81.2829392929725 3.15826451756036 0 299
80.9183582976645 3.11257486967189 0 299
94.395355040804 3.46720993242386 0 300
106.443437211196 3.32197438794385 1 300
65.3030095438091 3.2533467636196 0 301
72.3191095160669 3.01188060403322 0 301
106.399950763793 3.42722788931541 0 302
107.178949924369 3.53622638165424 2 302
106.466047562815 3.02181012606062 2 302
107.154796200844 3.0526665835062 0 305
67.8005988196177 3.06034955335578 0 307
63.8304455103465 3.74004619953475 0 308
73.1242831931345 3.14088862382366 0 308
67.8296367649581 3.18325741002904 0 309
104.648798872765 3.77314740301205 0 312
97.5955669298432 3.44717471385995 0 313
70.2922581497134 3.23398546143035 0 314
67.4136948147062 3.85301196910283 0 314
67.3108175541714 3.05289362211052 0 316
89.9643577761103 3.01086314714759 0 316
0.198540723538119 3.10031291525519 0 317
63.7586697088877 3.6428812742129 0 317
65.9613456435967 3.15153427629705 0 318
69.7951065760811 3.16902111767668 0 318
63.7395959319828 3.06060652489368 0 319
67.8186560839915 3.94148026039955 0 319
0.782379732832551 3.07585423505293 0 320
10.0090072805716 3.6183271335982 0 320
67.2587230138508 3.19456543766543 0 320
107.012288697976 3.52212169921025 1 320
71.102043627705 3.37449103344885 0 322
106.13002513034 3.11701066300828 0 322
106.133852291766 3.36649552686476 2 322
69.5938827923923 3.71524151487988 0 323
101.087721444297 3.06012397461455 0 325
65.1382310901929 3.10522168175998 0 326
10.6465906306059 3.86516187072895 0 327
67.2800142151996 3.47848544204248 0 327
67.7985105788031 3.03027721227197 0 327
80.4354337740034 3.18470674214222 0 328
71.9020286027381 3.01628282677969 0 328
91.4707526845167 3.0350602807086 0 328
107.167542861522 3.02559976385716 1 328
106.123267525026 3.06307049172971 0 329
106.366820131409 3.42345705594233 1 329
68.1169835967146 4.06787615871405 0 330
67.2725033435756 3.16795843030415 0 330
103.818375832458 3.31386232262482 0 330
71.0305199033497 3.20387930176656 0 331
106.361864819138 4.23303991882601 0 331
106.57400645364 3.15710152856825 2 331
106.637297500257 3.80242128698341 2 331
106.783175593816 3.45723572821953 2 331
106.401046636726 3.44105359152957 2 331
106.804709247525 3.02676642263316 3 331
106.30259026236 3.0624244810059 0 332
63.7832840336227 3.06504662036608 0 333
67.9799565739885 3.25719639219069 0 333
67.6065501886445 3.4161724976548 0 334
69.4418802058843 3.09928564514067 0 334
67.292713178061 2.99526531331849 0 334
106.89757901824 2.99117803209188 1 334
69.3015623159019 3.30408082639831 0 336
68.3098334893544 3.0629639049221 0 336
106.18925129157 3.02201286426255 0 336
67.3338374691359 3.05303822448704 0 337
0.00322750143126253 3.10068074639119 0 338
84.2043890600238 2.99934990829859 0 338
69.7320072445344 3.46522599023498 0 338
71.6489650824312 3.17607081100706 0 338
64.1914744398862 3.15157889554308 0 339
106.509042815095 3.69977126537899 0 340
66.4208509273115 3.6923183226803 0 341
67.3197914695654 3.10691897217691 0 341
106.994641351261 3.20790414747373 1 343
65.043579236242 3.59121297218142 0 344
68.2169592215746 3.12077018144269 0 345
96.0198042317307 3.25060492617994 0 345
0.00999460570562769 3.00639355328706 0 346
68.4302805220716 3.60717615532288 0 346
82.6152739336319 4.00112188609297 0 346
66.4668694601162 3.15370923508494 0 348
63.9156814407325 3.35161377121604 0 349
101.979119251094 3.39512894446964 0 349
84.669471464159 4.02921303912694 0 351
98.7107756845652 3.11181281452432 0 353
67.7775800383148 3.20082964742827 0 354
71.4063020692384 3.47235640545164 0 356
68.9222027028529 3.19180552235408 0 357
84.5878353956737 4.13534575266644 0 358
72.5351547119909 3.47201183904011 0 359
67.2947833443162 3.55386618421936 0 360
107.231101804394 3.10086568312233 1 360
97.6591878405289 3.46926537377279 0 361
106.952202755939 3.3685958614622 1 361
106.99849743138 3.02286180256667 1 361
78.6243691504 3.07076411397757 0 362
98.328234283637 3.05307789226663 0 362
80.2708328300769 3.31101036611598 0 363
67.3256315666592 3.28149523770761 0 363
96.4344667929579 3.23654669983812 0 363
105.235411277069 3.59061247045473 0 364
0.004846456089556 3.29452863658167 0 365
63.6583966518792 3.17700608647012 0 365
63.7766518233109 3.00588928671631 0 365
106.090023392353 3.02121867262761 0 366
67.3071909450216 3.38339125613033 0 367
67.5120794048818 4.51783437291311 0 367
67.3798799238399 3.22319911702278 0 368
90.3519691221167 3.71692204077098 0 371
67.2816074686531 3.33453930232359 0 373
0.243370599136378 3.9468546228882 0 375
101.152578245899 3.11606675868124 0 375
67.4229295765594 4.31099376534999 0 376
63.7589552380631 4.84859609888889 0 378
64.7571757412687 3.17817124773538 0 379
105.587008978062 3.23109077505467 0 379
67.3779929764469 3.15629878780636 0 380
67.4883781589531 3.14407483522015 0 380
80.8192976499613 3.07616635018828 0 380
68.6709742088098 3.20835104795724 0 381
67.2720675055178 3.98629731544835 0 381
84.5153253686944 3.23310207626561 0 382
67.3076569238832 3.10986412076965 0 383
68.5032563316421 3.2551275905085 0 383
74.2532999937327 3.15062387813932 0 384
67.3310596002794 3.15499581017699 0 385
103.339923628019 3.39782163197037 0 385
64.1654744798801 3.68417823969889 0 386
67.3301377786874 3.03227060133713 0 386
104.538331987848 3.32808698455252 0 386
67.9415031163446 3.12137684042611 0 387
83.7516571766645 2.99883970760277 0 388
105.757323488212 3.59880469508778 0 388
103.320580711381 3.11523672392232 0 389
69.4208391231278 3.13180608775893 0 389
67.3025749883914 3.08768622157582 0 390
106.035220216695 2.99348751548332 0 390
0.595859511986888 3.46729914484612 0 391
0.0400727497446212 2.99233133418944 0 391
106.30221979061 4.0533642002425 0 391
31.8575726221112 3.06964005490006 0 392
72.1698772665204 3.10335372813075 0 392
103.001411887611 3.01354649197143 0 392
67.3319885227615 3.41879128852274 0 393
68.1202657433168 3.92167538291293 0 393
69.8115193148865 3.09062586574513 0 393
64.1876346492556 3.05762937095026 0 394
68.8012682472907 3.06398954294882 0 394
67.3475833367629 3.03007105833087 0 395
71.3828326164066 3.21600767363157 0 395
67.6526947593459 4.10123987913524 0 395
69.3268755567907 3.27036472984555 0 395
82.0653081158006 3.17201501768786 0 395
67.6532670595615 3.04314471146886 0 397
97.6667045658928 3.34665156043786 0 397
64.0910409947924 3.0048749399858 0 398
106.074004891915 3.00332025355324 0 398
67.6034265236018 3.35441609281004 0 401
64.4081868548248 3.11708825833476 0 402
67.9079620116436 3.56309536683778 0 402
84.0688657038286 3.06177539066902 0 404
63.8166540648225 3.58967451414974 0 406
97.8624905969281 3.05754788160989 0 407
68.3750300098347 3.08192165320782 0 408
2.05056373551826 3.80418674599953 0 412
106.467467962745 3.32455456927996 1 412
106.399694446921 3.16508623984572 1 413
65.6014053659561 3.17029275747843 0 414
67.2814953531045 3.3912249771423 0 416
107.013892540223 3.37156651168221 1 417
67.5197350612147 3.78309245373389 0 418
2.13310310946816 3.1154712121457 0 419
67.6982643905988 3.08656643890891 0 419
73.1713402139945 3.31397095377931 0 419
67.3282526982759 3.08434770331756 0 420
67.5157552024684 3.35905961097188 0 421
66.6713241701069 3.06557315755343 0 422
63.8232624625477 3.92695536293301 0 424
68.2571141800343 3.0386643522002 0 424
106.07803763111 3.85552462983399 0 424
67.3440991771728 3.29241479373991 0 425
70.4421234187341 3.15188858555479 0 425
75.8484420420303 3.20959080081196 0 426
106.102132639256 3.0459576000561 0 426
67.6633335333768 3.96642839229023 0 427
68.8203492255833 3.22765694072657 0 428
106.118923405108 3.21048094547693 0 428
64.7998859794068 3.40437755774146 0 430
67.2692362271685 3.0118389103316 0 430
104.597993897042 3.83144839836234 0 430
66.6644693065925 3.01749549240296 0 431
67.4962538227241 3.01872245602462 0 432
101.108294495328 3.18505260808887 0 433
67.2751530227691 3.62465745945822 0 435
79.1652098798405 3.27932890516892 0 435
104.419974115007 3.00785721522013 0 435
104.93718896696 3.00122281718129 0 437
106.724946716781 3.03645119182638 1 437
67.2906944608311 3.20417635824502 0 438
67.6201545264905 3.97326757827394 0 438
96.750592763957 3.11071606424273 0 438
67.8563522857583 3.26665438393007 0 439
68.1723811261654 3.34912537261195 0 439
64.0845623371704 3.34300859821557 0 440
82.1979157836956 3.19535637985852 0 440
0.453744015537363 3.05767439565852 0 441
67.3014839020164 3.16400478925051 0 441
107.190661662705 3.01986808054592 1 441
81.0123285986717 3.43520837593121 0 444
63.7571478139699 3.18837027343166 0 445
67.2983163281668 3.51048200190734 0 445
63.7588684253884 3.47627696683862 0 446
67.7007405373922 3.19110417342205 0 446
96.0765214931364 3.09601748415004 0 446
67.2633704860655 3.02632746976301 0 449
101.931517896877 3.92507014779211 0 449
102.142928964291 3.41924173942295 2 449
0.0402656796360497 3.91298314320742 0 450
63.7394710975039 3.2073168732877 0 452
66.014099467263 3.54159660882407 0 452
106.095851524201 3.90436527786268 0 452
101.174678557236 3.37968460504467 0 453
104.676465125217 3.18526995838481 0 453
67.2875788326145 3.40910159301595 0 455
75.4186053731455 3.3755935303874 0 456
97.7851752854778 3.17306421596126 0 456
106.397329725306 3.10601129091839 1 456
63.746118696301 3.73160339407155 0 459
70.0710483405904 3.5328130448639 0 460
63.7499759056589 3.27886170636528 0 461
69.2280569941633 3.25703176541674 0 461
97.3526579088777 3.16458141794275 0 461
67.3497684913124 3.43732834249398 0 463
96.6589618039888 3.49752391610097 0 464
66.5509138701408 3.32758960992257 0 466
105.63526464852 3.35186891014159 0 468
6.03249201470396 3.55554572854421 0 469
68.2084772159916 3.01471079790923 0 469
78.2524589370293 3.45151179011559 0 470
106.018065395929 3.20974979170716 0 470
106.056246502253 3.43238374845115 2 470
22.1790597998343 3.00932909122203 0 472
67.5209024114439 3.09734264771802 0 473
106.987487410918 3.08137689525413 0 473
106.085861178877 3.39852906620572 0 473
107.046006948805 3.42763832948256 2 473
107.055813376225 3.36733894578594 3 473
67.8297445783789 3.86895155987763 0 474
67.2942017507196 3.6353672770253 0 475
106.025182377653 3.49344986479031 0 475
106.072924023682 3.17773078411055 2 475
63.7640997002315 3.20920621303472 0 476
104.657494139066 3.11311438597154 0 476
0.111792162605412 3.74722445800108 0 477
68.356616316514 4.48574498032781 0 477
65.2991178658179 2.99364949371085 0 478
67.2576675747053 3.29424208829648 0 478
74.0208395421853 4.33805707951043 0 479
91.0512300822296 3.46456664886138 0 479
106.986419064672 3.07656318931167 1 479
0.158527906614669 3.18445859273704 0 480
0.0101961041597556 3.01550037805041 0 480
69.4418600674381 3.23034746097897 0 480
106.962359033506 3.22471574239307 1 482
0.0444798220498457 3.87865691520936 0 483
105.462602143496 3.12559967649747 0 483
105.606595122941 3.38189853668938 0 484
67.8600296053512 3.56069181562683 0 485
0.112022281861515 3.36170646524953 0 487
70.2924775461781 3.27919363062703 0 487
103.615810328119 3.58718965809936 0 487
67.2866159074794 3.75555844663123 0 488
67.5218088446146 3.03943504211926 0 489
73.9741345628504 3.69264880998509 0 489
107.058133421679 3.84939361432153 1 489
107.079283142644 3.22561255702348 2 489
68.3521808285789 3.25060768038434 0 490
67.2588580517522 3.26738578512018 0 491
72.1282734876652 3.01647946911648 0 491
67.2604074521723 3.52081611049919 0 492
101.393029059964 3.40815403742531 0 494
96.8495838896674 3.21880331730207 0 495
103.58532185653 3.1335395272059 0 496
77.0537743978655 3.74392177368437 0 497
105.701001069835 3.16568644143646 0 497
67.3497597470787 3.07029217486122 0 498
68.186676001764 3.83376112386107 0 498
107.218800154961 3.62869711866479 1 499
68.2777504531202 3.00990043927914 0 501
70.5851857836956 3.21422795933799 0 501
97.6775735280105 4.37197442558192 0 501
67.6241076106187 3.52860142408626 0 502
67.4252131083106 3.59744447073837 0 504
106.896822549383 3.31136354699016 1 504
67.3560525179478 3.09133942478733 0 505
74.2987811508637 3.82328434014623 0 506
7.02997619559558 4.03235016393589 0 507
68.3197048250713 3.55982399974725 0 508
67.8443934192568 3.40443630185329 0 509
67.308410934255 3.33760078067952 0 510
67.4538287761322 3.81692845258935 0 510
35.3038347313876 3.26869585224994 0 511
107.118682662239 3.32883517329369 1 511
101.126743739602 3.16917478324981 0 512
2.98604499713747 3.64560557538196 0 513
75.0905762137078 3.00381825767454 0 513
67.2773845730447 3.44367806151297 0 514
0.942240284034653 3.04475752721901 0 515
67.3817529931506 3.01410176408471 0 515
97.984536950291 3.04863108730635 0 515
107.192932518627 3.70305226436157 0 516
106.399298507701 3.72382405002634 1 516
106.448235858131 3.15216796326669 2 516
1.26549789134638 3.31509233008711 0 518
67.3411297129962 4.84870665682071 0 518
75.9643451749394 4.05890889741538 0 518
97.6997831470352 3.06214258279809 0 518
106.305876938527 3.03258523203093 0 518
106.370400337949 2.99037700130914 1 518
65.047932000167 3.18980930230985 0 519
68.6444571415112 4.57598111201366 0 519
97.8418225509218 3.01278458600041 0 519
103.426123367923 3.60971312755158 0 519
67.2745206446047 3.25676511795902 0 521
67.7136445537702 3.17170570486438 0 524
69.5315343084063 3.17059300521163 0 526
67.3304244492759 3.79010753311582 0 526
85.5186496339593 3.05849725130786 0 528
103.464061578111 3.02808704531495 0 528
66.8756558509268 3.43670692565416 0 529
79.7727303235399 3.35281206308222 0 529
104.904220874445 3.58150585795175 0 529
70.7598060208046 3.17918610624538 0 531
67.3706086384068 3.0635380672782 0 531
81.7950947832673 3.00236499568528 0 531
63.8739703421232 3.3208398312182 0 533
97.6854124942881 3.35102030784193 0 533
107.232221350753 3.17171596377812 1 533
0.163402787328764 3.01753786093623 0 534
80.4783830225966 3.59614517273916 0 535
67.3510066018866 3.10854608212057 0 535
93.5355598201322 3.05775506076832 0 536
97.2931086617006 3.30476274420662 0 537
107.016580759722 3.77043314322971 0 538
105.60700093098 3.1405550416653 0 538
67.2831383848519 4.00402814307497 0 539
67.774546569142 3.41575147561596 0 540
67.3049457827377 3.60656221529281 0 541
67.5971424476699 3.45431346569394 0 542
70.869335145364 3.11564026003018 0 543
106.310571198565 3.12653170478471 1 543
64.9670867986786 3.10169743242831 0 545
78.5630254910213 3.13348781605069 0 545
106.406678924783 3.14416065008529 1 545
67.5423481607625 3.41226058740341 0 546
106.103060734075 5.40902574999083 0 547
106.139434561524 3.44226936853463 2 547
106.332658730044 3.46116765884805 2 547
106.111965257906 3.52645868089629 2 547
106.122035297081 3.27898639826701 2 547
106.120759160448 3.81075611542541 2 547
106.113050773377 3.07508847503916 2 547
106.205404925888 3.63500139778391 2 547
106.199937689641 3.851596718319 2 547
106.125917638527 4.26345203869874 2 547
106.140265303696 3.1716420036813 2 547
106.227054009378 3.07771515107732 2 547
106.230023415444 3.16705904720823 2 547
106.570495313287 3.08958695818698 2 547
106.220980949483 3.04168039921932 3 547
63.7801671046113 3.19691398756238 0 548
67.5748565798326 3.43291159564803 0 548
102.802019093023 4.01740642098822 0 548
106.832369289807 3.09047746608037 1 548
102.556990774096 3.19970928100831 0 549
70.1950622506893 3.18064622488137 0 550
67.9870746863465 3.08020823556277 0 550
67.2566831032027 3.79837884234028 0 551
106.282782768113 3.64249043753262 1 552
96.912068882407 3.20431933848479 0 553
106.455202516382 3.05807251944106 1 554
106.460825404199 3.36786691628853 2 554
68.3913709577162 3.34231874034548 0 556
106.041581160037 3.39433452775854 0 556
106.788633167957 3.05277640200154 1 556
106.081724991219 3.14685325697517 0 558
67.4687654442407 3.05154072815389 0 559
70.4596227439127 3.0720553651432 0 560
107.048982611254 3.67987398219655 0 561
69.8140137122538 3.1541793748732 0 562
71.0027599014649 3.17780998136738 0 562
82.1506789586959 3.40077214817441 0 563
104.535266113166 3.06260055065058 0 563
10.4063508906312 3.02782316905751 0 564
67.3911946653838 3.78205389287093 0 564
106.500290492105 3.66141019212814 0 565
73.2738683522546 3.18960299625745 0 566
107.172724437881 3.13563562304283 1 566
106.709864792162 3.14386332924811 1 567
67.577966048816 3.11976944720941 0 568
105.231591554214 4.01632650380939 0 568
0.299378745401396 4.0203036046372 0 571
0.014044305253606 3.2045917129172 0 572
67.3794946955306 2.99466963276573 0 572
96.9744088112011 3.20693292354933 0 572
103.417907782136 3.13634534176637 0 572
82.0862628404718 3.36850258205727 0 574
67.2841890958297 3.02013315464418 0 575
76.6181265411915 3.06522636539945 0 575
63.8280238273666 3.56757261225098 0 576
95.3351394832135 3.74500370811049 0 576
72.6472191264788 3.11004216566347 0 577
106.969297233251 3.00165635444655 1 577
0.95938173391734 3.16261831850855 0 578
64.0004709513008 3.22904527587801 0 578
67.8009257275337 3.3750705205916 0 578
68.0037550965274 3.00372091311975 0 578
94.8580414533418 3.07812180689792 0 578
106.084912435777 3.09000745565924 0 578
68.0930441141214 3.04930811577798 0 579
106.354684252738 3.01641967168497 1 579
70.3772204086719 3.05292130325756 0 580
74.9004725318791 3.78929241380017 0 581
67.2601781746367 3.1234654192889 0 581
69.1615482235483 3.29551508370361 0 582
70.4855768287319 3.25525914436882 0 582
105.629290349578 3.10244611753033 0 582
67.2534123040894 3.47382695056856 0 583
68.9628799742192 3.05978067468176 0 583
82.6972574980237 3.57986883486963 0 583
97.1712401593017 3.17456086550386 0 583
68.6581482589296 3.35189313653215 0 584
106.863163023935 3.01214509537349 1 584
0.0271330176273323 3.03983583262324 0 585
69.6366683755124 3.88290570513853 0 587
67.2739133152796 3.08819107515881 0 588
67.3929953516444 3.72458246278224 0 589
67.6304205057454 3.0536192472345 0 589
97.8650822852499 3.98474758749428 0 589
0.195326335784927 3.33769789195324 0 592
65.001791176935 3.75601017330622 0 592
106.017887782958 3.99056877223554 0 592
106.020686919568 3.18107238213336 2 592
42.5424597855402 3.80170116059269 0 593
106.286580484574 3.01785500018812 1 593
67.3782445983241 3.43010741570817 0 594
67.3085828834761 3.03986571138382 0 596
70.7061254906029 2.99948237468174 0 596
67.3336090285566 3.19362190889991 0 596
106.927115361885 3.10277135408593 1 596
67.2585594760209 3.17135064638055 0 598
67.280378539651 3.36275652848066 0 598
67.5614200837228 3.39706876851893 0 599
106.590885285036 3.43745201115118 1 600
106.861361762024 3.50112105707204 1 601
65.9246650304716 3.07158367794012 0 602
65.2707294670615 3.2212230803355 0 604
68.1006631392672 3.13088534243616 0 604
71.6984689586051 3.9074769257003 0 604
63.6495713553086 3.00609865783278 0 606
90.9862789988269 3.33009843692618 0 606
43.6705480970972 3.613780873193 0 607
67.252749708814 3.27979809641604 0 607
87.7366726519925 2.99077916279257 0 607
98.1815990095934 3.48190790931128 0 609
97.1785480203 3.33558780014785 0 610
97.9142867587328 3.05799885660341 0 610
63.7406660165317 3.28204489395784 0 611
103.019997222784 3.137753288303 0 612
106.133680991728 3.26844521231404 0 612
67.4613509841283 3.07128341293807 0 613
68.3383258635009 3.57829087641055 0 614
67.2743157767093 3.44287783282177 0 614
67.5510669796155 3.5280808883698 0 615
71.1826661964647 3.34757867306881 0 618
68.4218746831968 3.60027027098599 0 619
63.9556518922842 3.01156633476804 0 620
106.976746546796 3.03812419334766 0 621
70.4562695509788 3.47016749837494 0 622
69.0065947630905 3.56364143661879 0 622
68.076958210842 3.06932913392029 0 624
106.249900098333 3.0483351323626 0 624
106.375923372702 3.39490221724137 2 624
67.2569103643401 3.5655152186392 0 625
67.2640548696596 3.97499030924978 0 626
103.269405882376 2.9996078847901 0 626
81.9268193742372 3.14636838789309 0 628
104.614462340382 3.35996262078488 0 628
105.858884753006 3.31075512087628 0 628
67.6225587090706 3.43288305901101 0 630
107.171484408182 3.63381057124058 1 630
63.7503568517277 3.01837870391936 0 631
70.7093867123212 3.08033940026785 0 632
67.2722392422413 3.19853387873664 0 633
63.7952153744496 3.10716450497923 0 634
106.558429076608 3.44445210855516 0 634
63.8010405971687 3.2560365947361 0 636
65.2514202852341 3.5384580459198 0 636
67.3657835361933 3.15508372775286 0 636
78.9163226400532 3.18834498746883 0 637
68.1335441080173 3.08163947711246 0 637
67.4518247127042 3.34094081753695 0 639
69.951032252262 3.12355646829537 0 639
67.384914539823 3.9831726554899 0 640
69.8086581800999 3.4576523203557 0 640
67.2788742651364 3.28019985277112 0 641
63.7764201320085 3.00587815299856 0 642
64.2845454490523 3.02868930198725 0 642
70.5285104348846 3.96801218049231 0 643
67.4651278040787 3.97919533050024 0 644
106.419831072892 3.29075957052675 1 644
67.3438980576781 4.12778261315523 0 645
105.806907821729 3.11265310502302 0 645
106.475012324193 3.40322077235951 2 645
102.19390688944 3.10425480383614 0 646
67.2672357172148 3.55652268931001 0 647
68.3386115098408 3.01013962845657 0 648
68.0939425534932 3.54633035798289 0 648
67.2545809536967 3.47409274677777 0 650
106.466494518331 3.07270544131983 0 650
106.672464075013 3.03032399090686 1 651
97.3226709304515 3.54303374866878 0 652
102.846881193599 3.27866961681375 0 652
70.649847185943 3.33794193781742 0 653
67.3132564122587 3.99729259111243 0 654
106.095125701834 3.40172032033548 0 654
0.480239828157486 3.19172419375656 0 656
64.2229384526518 3.47143498464086 0 657
106.846153820613 3.31011075099699 1 657
63.7910890207051 3.02195247568628 0 659
67.7874937295601 3.87274018865781 0 659
98.5104204105068 3.09559638758244 0 659
63.7623233527198 3.01643785547807 0 660
70.6595451286925 3.21402831921641 0 660
69.3142794748229 3.05287054614422 0 660
80.6806666107524 3.05769493317856 0 660
67.3258138439782 3.13170400690327 0 661
67.6102301979868 3.20259901011527 0 661
73.1099933535911 3.53107320161526 0 662
92.2891551797375 3.53341342156025 0 662
67.807260686442 3.03422145193302 0 664
1.44965572929971 3.02617082606922 0 666
99.8655489216249 3.18999814697122 0 666
104.713062606677 3.20625876367745 0 666
95.1196247055825 3.54881978934738 0 667
68.0360386264351 3.11907420251587 0 668
67.3332906433624 3.07511103628375 0 668
104.626096022902 3.13117503238318 0 669
106.146532937056 3.07278031106134 0 670
53.3491470672201 3.00563452985205 0 673
67.4116341364699 3.27833375592772 0 674
95.2300614244579 3.06226403626048 0 676
99.0770966945474 3.4798120622826 0 676
0.443178118857146 5.64913270650722 0 677
67.4671294963881 3.36950837429767 0 677
67.5159596716121 3.06146417206038 0 678
67.2698219059882 3.00325232264712 0 680
67.4249073918927 3.4157377705046 0 680
67.2766343052794 3.32162411157046 0 681
67.2660062675242 3.45459333767497 0 681
66.5036140917806 4.03833739469185 0 682
67.2554568283058 3.1403633931169 0 682
70.6390173640443 3.40910260581935 0 682
73.5766415006061 3.02293473592382 0 682
106.459328198229 3.3323395739335 0 683
84.5796737027444 3.93028193773057 0 684
106.930012936452 3.15869560124863 1 684
67.4665511675403 3.09036471785538 0 686
67.5983005276907 3.42998564450466 0 687
67.2642109350514 3.62131913888295 0 688
67.9175957716436 3.3197888727331 0 689
67.3893911087501 3.54992883784843 0 689
6.4525003109747 3.16468319635267 0 690
73.4613275580686 3.58070732874329 0 690
68.042404422344 3.12841384498773 0 690
75.3940164506664 3.05040842402663 0 690
67.3309132450225 3.24093710386982 0 691
67.5965469632445 3.02339348890344 0 693
83.3131586299834 3.00110416591578 0 694
99.0131378670171 3.34882090573668 0 694
69.7832577620243 3.89225440642115 0 695
68.365520614495 3.60584982762176 0 697
69.4816878529092 3.29616364419071 0 698
106.032229124634 2.99808503637453 0 698
106.571639410477 3.78694963102374 0 698
107.040480945007 3.07101503367119 1 698
106.697903580533 3.32675446187568 2 698
106.959706043069 3.18172102726696 3 698
67.3365361227116 3.07230488681671 0 699
106.105902564973 3.27198200721146 0 701
67.438296348406 3.11106626038448 0 704
70.2442553905878 3.07158903264955 0 704
103.071548479745 3.03917124004346 0 704
22.9039779005742 3.23530099150454 0 705
67.475048974479 3.00878400810171 0 705
67.8086189429386 3.47271983557373 0 705
78.0704476722005 3.60873353731973 0 705
68.2973125081599 3.09322756690137 0 706
0.273603734192337 3.34683545237122 0 707
68.8559477705282 3.06807312138966 0 707
76.5823645023939 3.78903638509964 0 708
76.517229808729 3.86178551806824 0 708
104.310504290944 3.32929557590374 0 710
103.638099620545 3.0163313572991 0 710
67.4257548719697 4.25409210416155 0 711
67.5090646544204 3.62612661152493 0 711
99.5160349558719 3.1168921516805 0 711
105.29491922986 3.33174449089089 0 711
67.4824939194869 3.0190515659002 2 711
73.7641413477282 3.61693442849599 0 712
106.889105418906 3.14133276803135 0 712
67.2915103404682 3.46168040700345 0 712
63.7516096076913 3.09461085004664 0 713
68.2187210248836 3.89359536615419 0 713
67.6321667977716 3.21959563080637 0 714
67.2790760693499 3.6859056866251 0 714
106.106839439611 3.06306153845433 0 715
64.796154006024 3.76550695032221 0 716
68.7983085739768 3.11171481344387 0 716
67.415087281611 3.13007758991831 0 716
106.570643196269 3.64533687376306 0 716
106.650564180761 3.73302012151971 2 716
14.0781800108033 3.07213731112787 0 717
106.615955558353 3.28912224078976 1 717
103.604378776524 3.4557881773879 0 718
67.8022112206757 2.99360673846985 0 719
66.6410448265133 3.28650512015368 0 720
67.2810516170005 3.35372683238186 0 721
67.3006849414155 3.26999081040172 0 721
67.2589719035116 3.69187891118206 0 723
97.3421704881293 3.21899880542393 0 724
106.341543104946 3.43138767160989 1 724
3.18691877845115 3.36625811096396 0 725
70.3258705438083 3.20034012603889 0 725
85.9447386951002 3.49149262794281 0 725
67.2546327953956 3.09659783912866 0 726
106.266398837305 3.53072343518253 1 726
67.5320327747789 3.82742144964148 0 727
103.560791020269 3.10049415696425 0 728
67.55442913073 3.10261383995419 0 729
5.68357765143553 3.668772531158 0 730
68.4402942216814 3.01674444718022 0 730
67.3187168401401 3.17835909455746 0 731
74.7857195247079 3.0750996615038 0 732
67.3521747739512 3.0048827741545 0 732
69.032881115656 3.0399190839718 0 732
67.4526079961296 3.03727708768435 0 733
99.4726145245979 3.05910404218202 0 733
101.593437258024 3.29697383294943 0 734
104.845799530045 3.19066825775025 0 734
67.8139669207851 3.19717755667402 0 735
67.3652571184197 3.00969310388762 0 735
68.4099709021072 3.05369567300887 0 735
73.2799049329058 3.04178126934788 0 737
67.2887608348355 3.12870547550545 0 738
104.427898847575 3.50408547734135 0 738
87.2309321853211 3.31304041252122 0 739
98.2573885601575 3.17868719938295 0 740
106.191239268607 2.99226637065899 0 740
102.027167637525 3.51739727812559 0 741
105.226160536906 3.01946611166269 0 741
67.3492642202594 3.00595203114404 0 742
67.3362091561941 3.04077967010748 0 743
22.5728714865435 4.90080851770365 0 746
63.7939407478856 3.14976531912525 0 747
68.9646690818123 3.23963594546305 0 748
106.085439184225 2.99734692083113 0 749
104.480960285588 3.35661221958279 0 750
106.246294679602 3.3642420459718 0 750
106.26308901024 3.69183036654631 1 751
73.5058279334448 3.80344177714305 0 754
106.535459849498 3.32990397899247 1 756
107.174526962898 3.25789962886142 1 756
106.677744820688 3.17290978752874 2 756
106.679508792134 3.0296072014947 3 756
67.3649321316413 3.13539948397718 0 759
68.5367694995319 3.69955658952068 0 759
68.6757107064649 3.02055572997139 0 759
74.3196236258195 3.05313425174386 0 760
70.0275137458047 3.0676642682292 0 761
71.615218113452 3.28385560828961 0 761
100.850980329459 3.25509652139891 0 761
107.026084320368 3.44408440016273 1 761
67.9627243173364 3.61298775823778 0 762
67.8106219914109 3.48351037990345 0 762
72.2013560926392 3.14895765699417 0 762
90.7891585000336 3.46467312197709 0 762
102.908150234345 3.21789702125562 0 763
106.147996894514 3.29085354654841 0 763
0.0985926932135341 3.02064909935616 0 764
101.621387103282 3.33432800844926 0 764
67.4721425241679 3.23581171627821 0 765
97.7985513145941 3.8428754528171 0 765
63.7555032126722 3.10022968061085 0 770
63.7826881631666 3.10984288953572 0 772
106.019505464605 3.17147171410531 0 773
67.6216606809493 3.00265287300703 0 774
106.253640149701 3.54274979228571 1 774
106.669220742164 3.45940176114233 2 774
106.076542098043 3.16940229621772 0 777
17.8903918082229 3.31691731168661 0 778
68.2722862992156 3.1898908708536 0 778
31.7395128222606 3.02444192947558 0 779
67.2920512943611 3.35753443509298 0 779
68.3393366593948 3.10370735192333 0 779
67.6345936745851 3.58656757069382 0 779
106.140111552779 3.32928919278834 0 779
70.9582147363996 3.12421595012264 0 780
73.0958889018586 3.1021274134775 0 781
69.3689260571645 3.08700606895563 0 782
67.2746134190424 3.25574210028569 0 783
68.2544609368478 3.85757720149576 0 784
67.7730438231013 3.04962654792204 0 785
67.6283089749972 3.27629583893245 0 786
103.422212921538 3.44183489556991 0 786
63.8483054008229 3.07553174396356 0 787
67.2822437298436 3.03940190744539 0 787
64.0630475608362 3.08563454365321 0 789
64.3477772289558 3.04228975278957 0 789
67.263555513011 3.35085994447072 0 789
87.2567267551559 3.18832243345479 0 789
63.807270557285 3.64821222290986 0 790
67.3461855670536 3.35230563805566 0 791
67.3346910254356 3.19191011937495 0 791
100.634894475043 3.80117937612732 0 791
84.3235460730546 3.43437943497854 0 792
67.8302508658803 3.79175981979615 0 793
67.7036750924262 3.07723142131647 0 794
64.7798420467383 3.10095164774926 0 795
67.3140527336903 3.03784645513693 0 795
73.3691811876786 3.35117608111897 0 796
63.8485049574148 3.10714573812311 0 798
69.4076388038359 3.61272460801802 0 798
106.016742908442 3.1335802625312 0 798
102.319774529559 3.36136017283208 0 800
65.0639579001112 3.35833132140891 0 801
68.6236909255082 3.01203668266687 0 802
82.5950327111942 2.99839878365907 0 803
105.698653222172 4.08416069703062 0 803
67.2858054717211 3.47448704934823 0 805
102.465285611019 3.02274020816399 0 805
106.473891765347 3.01706608572256 0 805
68.0096791116012 3.10343988125345 0 806
99.868752893305 3.81396755230619 0 806
95.8549186568235 3.01086947460296 0 807
99.7324745717459 3.0675478106113 0 808
106.844715706985 3.13922543666812 1 808
67.4644466538195 3.56748099277719 0 809
97.7384526831486 3.20024227550201 0 809
67.2573705060422 3.16927782455861 0 810
107.248425418259 3.92204763222219 1 810
99.3913199109104 3.16376796670162 0 811
67.2885887504302 3.26422148283099 0 813
67.2850361763946 3.373720594844 0 813
67.263094747634 3.24353853961978 0 814
72.0945500257997 3.00547339034731 0 814
70.4202677048819 3.4059365824006 0 815
0.00155181492355453 3.39336327474974 0 816
105.583755957578 3.08191712238444 0 816
74.3045086513159 3.41788835142073 0 817
95.7903192943776 3.53379774318127 0 817
67.2941447017203 3.74860953319772 0 818
103.882639394465 3.30192095263827 0 819
106.875370150413 3.39144115174135 1 819
63.7677353423584 3.01244872533676 0 820
67.5147295255643 3.19123722830972 0 820
67.4890086035455 3.07190446607149 0 820
69.7330063754536 3.09417290846509 0 820
106.062113978262 3.23064306388828 0 820
67.2556248857099 3.08461339864028 0 821
82.0880836557822 4.17147343942407 0 822
67.4022497927294 3.57186132656891 0 823
83.3320112095004 3.24852851288379 0 823
75.5079384024891 3.52329155952444 0 824
71.3310058861942 2.99824586055987 0 825
77.4007404721523 3.06826480489839 0 826
67.6326020543322 3.08621478562684 0 826
63.6549283682894 3.21363570248038 0 827
82.2579010562138 3.03953580141257 0 827
91.38390879425 3.13369127592256 0 827
67.4572032801001 2.99748139045607 0 828
6.54410889053357 3.1032640186836 0 829
65.9430985592389 3.18273583533974 0 829
67.2571148213039 3.19862871445956 0 830
68.5245171298996 3.1375561657992 0 831
100.667289618187 3.42665061349543 0 831
98.2537914652466 3.13136930613127 0 834
77.7942928192609 3.24457802847302 0 834
66.731777860159 3.43269046458366 0 835
78.2498606410908 3.1365612016805 0 835
63.8953804941753 3.15864278796505 0 836
67.5871417863107 4.18329496659971 0 836
67.254084128904 3.05373866225957 0 837
95.7252063496711 3.23922402411259 0 837
104.799060581807 3.45342834001976 0 837
76.1757824161079 3.0811901304389 0 838
93.4482282645256 3.07756401569492 0 841
67.3004804394565 3.53681290964382 0 843
63.8590399560921 3.70197909163743 0 844
68.4240344822431 3.79147761243219 0 844
71.0035345078174 3.12056857105435 0 844
67.2685284304919 3.06094677190613 0 845
73.4884007617509 3.33963278028354 0 845
76.4703481337405 3.09386164229135 0 846
106.099475681707 3.12256477464451 0 846
0.0631748638926562 3.84487177768633 0 848
106.61347966616 3.05617899082718 1 848
69.5537318416481 3.19624645135807 0 849
67.307754382237 3.22882303662286 0 852
96.0067137815937 3.61161659140699 0 852
0.431975104419904 3.29714987563045 0 853
67.3021507791669 3.08778842621856 0 853
106.517869170503 4.2796482501372 1 854
107.062328956999 3.31147600724937 2 854
106.541576746757 3.73790005033253 2 854
106.605326020229 3.144705508774 2 854
107.132854897888 3.08570125760125 3 854
65.670598237384 2.99064042970144 0 855
67.3638756660141 3.10793843871013 0 856
68.0488927313371 3.21692004649841 0 856
63.6662794385069 3.11620857922042 0 857
64.2569199422919 3.03052862659213 0 857
90.7076852343523 3.10341527918948 0 857
67.3087218289883 4.0469919381723 0 858
67.2897178153185 3.30657431723078 0 859
105.719824695305 3.08675135920203 0 859
67.3482472464995 3.27319434338705 0 860
68.3286326477095 3.12009997903036 0 861
82.0981346974266 3.00391151768987 0 861
86.526408813933 3.15642413563282 0 862
67.3330841739963 3.30159865681465 0 863
105.772153125109 3.96628931314617 0 865
106.297974733849 3.07322286766956 1 865
0.280730270700423 3.24988373539829 0 867
67.3542807957601 2.99824925889777 0 868
106.31901415106 2.99584919964921 0 868
106.203090865977 3.12702162987152 0 868
0.0642166360165215 3.49786888146107 0 869
102.921031554005 3.06078222050122 0 870
68.2533033882242 3.64630221446007 0 871
67.2560697432684 3.15273300046494 0 874
93.8679569750648 3.96742422979117 0 875
67.2553960484656 3.02701879737121 0 876
106.18034434757 3.56112535667912 0 876
107.231614709347 3.00680025188679 1 877
63.7858996698156 3.28731387047829 0 878
67.3153765884624 3.29459170118215 0 878
75.1697004570716 3.89531911132694 0 879
67.3191419771642 3.18891652535582 0 879
106.794984629591 3.05041143497154 1 880
106.611153815329 3.04137174488467 0 881
67.2642076261231 3.82130687771777 0 882
106.187031505332 3.44277574418557 0 884
106.926823380151 3.3397486276627 1 884
107.181444255267 3.69009613522503 2 884
67.3971691597331 3.02209547409736 0 885
95.5278099588929 3.11735302039824 0 885
67.3302394946685 3.2695730470451 0 887
64.4359166782812 3.03707210067316 0 889
98.4665117383057 3.83717889633309 0 890
71.7126551587825 3.03287487869272 0 891
105.635666137204 3.12771063217571 0 891
106.440965259661 4.33935553285039 1 891
106.604597868983 3.7464512506226 2 891
107.186743264815 3.38370878400128 2 891
106.442125233759 3.50639046359969 2 891
106.52326463988 3.7129507802325 2 891
63.8660184514589 3.36854582040195 0 892
97.4845340297204 3.18280258344248 0 893
11.2800739750541 3.02583401743614 0 895
64.1596747023291 3.08647519864815 0 895
71.5189347641199 3.65665352567941 0 895
67.2958693523738 3.26308220102828 0 896
106.837070762626 3.20425848984445 1 897
65.0643582361193 3.32835929899837 0 899
67.3396174661033 3.35918812157461 0 899
89.4692701327257 3.66840535606469 0 899
75.5395215806624 3.31982407908798 0 900
105.154565158046 3.12131034003549 0 900
105.339661228119 3.24692667206562 2 900
3.0792332381876 3.19285650795431 0 901
103.055117985188 3.04139688545704 0 901
67.2592033532562 3.16772654377062 0 902
67.4311011966119 3.01094738577592 0 902
67.3857677338508 3.26421032200429 0 904
67.4962228906657 3.13158721973466 0 904
99.8140039182601 3.12010114320005 0 904
102.905278578336 3.0406727339909 0 904
68.8085980174457 3.14059585584041 0 908
64.6678647896575 3.26901775222534 0 909
63.7909023496222 3.11468308821826 0 909
67.2598800197588 3.33973110478747 0 909
106.74378816991 3.31036666067672 1 909
103.522132659586 3.13113093622927 0 911
106.615211243955 3.06504795188595 1 912
95.9802454749325 3.00654448144316 0 913
106.879928641468 3.01395191341448 1 913
67.6722508483022 4.29826811252593 0 915
68.6254844367829 3.0017789381953 0 915
104.621641576965 3.14898687337491 0 915
63.847016542455 3.16485490788282 0 922
67.2614376072209 3.19010803962386 0 922
99.2528498878159 3.37537248051696 0 922
74.6502135209601 3.0593038548407 0 924
77.144600596036 3.23948721598099 0 924
104.403929472687 3.3846362965883 0 924
81.2833508134806 2.99896586740931 0 925
69.249359646193 3.38247563096183 0 925
16.7429067738325 3.00473397282288 0 926
67.2533453265039 3.48017504830257 0 926
67.5815493188026 3.30487840717852 0 926
106.7075957984 3.55387956243425 1 927
106.719097532624 3.07170692593399 2 927
106.736857046588 3.09855382439911 3 927
67.3478055246242 3.51477684839011 0 928
67.3946489110176 3.2848036198387 0 930
67.2887450116374 3.17432756083505 0 931
100.222859980296 4.15765398144942 0 931
64.6223883543984 3.25147530637852 0 933
65.4583227720887 2.99282311286353 0 934
0.236411642991649 3.08274343167424 0 935
64.4027475492381 3.25026320637442 0 935
63.7388749901325 3.68498863268579 0 936
64.7804408742901 3.18480531157411 0 936
67.316734063675 3.58355789579372 0 939
106.609032946387 4.28041248134486 1 939
107.180176138449 3.48784561289036 2 939
106.614017800146 3.00082940274519 2 939
107.200913629898 3.45449540510622 3 939
107.215866494749 3.60474013502259 3 939
67.8394987610816 3.83310536047374 0 940
67.9450183256494 3.07611693050258 0 942
67.3403060512348 3.42270800012269 0 943
89.1513147792064 3.25156904351467 0 943
87.7893275276001 3.25357012053423 0 944
106.914024048698 3.38197812696692 1 944
0.0562302626870033 3.79349007919753 0 945
1.27004773447246 3.40019070060368 0 946
90.8613846912627 2.9935515585595 0 946
67.3502339363732 3.20744146098142 0 946
63.7508256159484 3.40197887089526 0 947
64.7648293281113 3.42447716618708 0 949
64.9745037976446 3.61962946773597 0 949
68.2719463807678 3.44811288663915 0 950
106.681041727522 3.14010824672023 1 950
92.1690551369997 3.09046142573462 0 951
106.539330677808 3.1322515815549 1 953
97.7083252488632 5.19558299043604 0 954
106.414667019136 3.16607178268126 1 954
106.425181443138 3.50764429239177 2 954
106.512945188297 3.24382668718509 3 954
83.284625806273 3.0314050656061 0 955
63.753698708878 3.4354568663206 0 956
104.318653939249 3.38429383828588 0 956
106.322415241254 3.10605869241988 1 956
10.3476634758831 3.09100362077766 0 957
67.2658809575719 3.18344800066289 0 958
106.158374100801 3.01633186840068 0 958
65.8041615446127 3.73516332015035 0 961
0.10862838336533 3.1696846188759 0 963
64.6875015424641 2.99313973582331 0 963
87.0583058989828 3.02892373870702 0 963
67.2725340382584 3.3869401725545 0 963
22.3874120158834 3.19442847622874 0 964
68.0525071535822 3.27604455753725 0 964
104.178503516509 3.0697287493934 0 964
4.18785849306826 3.50111383588619 0 965
67.2527220002578 3.23361150183077 0 966
106.130885299624 3.10169027747304 0 966
89.9367870228567 3.2792876308043 0 967
97.1704433237338 3.49497952880696 0 968
101.134175937458 3.05972732199692 0 969
105.779088503299 3.34740996517386 0 969
106.417512742684 3.24968855239129 0 969
106.25979517034 3.305916962891 0 969
67.2685200990386 3.41342014277083 0 970
106.088656585141 3.12789421619749 0 971
106.187725230538 3.00198204753963 2 971
70.6686609994488 3.05580325516752 0 972
67.2552111164474 3.90393985389522 0 973
71.168032988682 3.71310351850739 0 973
67.3564995149959 3.13718355882265 0 974
53.9834221981657 3.37284249790588 0 975
67.2586305124599 3.30205708197689 0 975
106.23386533568 3.44845054856592 0 975
65.1742451260355 3.31889494122293 0 976
67.4556057137393 3.00695181518506 0 976
67.2942656496173 3.00094627484576 0 976
67.6267613262116 3.08040399715935 0 976
63.6524050196078 3.3181921871175 0 978
69.7804516190958 3.24663050326708 0 978
74.6304974155135 3.09262416523557 0 978
68.239421143369 3.26695213257772 0 978
67.2650966703777 3.06668695923201 0 979
69.7283133515425 3.17418236333291 0 980
75.2511792444555 3.12979109243787 0 985
63.7608471347691 3.31242979750381 0 987
63.7494666602106 3.15713621428219 0 988
97.7076802860712 4.38895936395015 0 988
67.4394992255469 3.43767865734359 0 990
106.029701283496 3.27259358534643 0 990
67.3648199937428 3.23211977413453 0 992
106.887552824318 3.61538752657545 1 992
67.5476348721135 3.48517363217938 0 993
67.0214700680146 3.21642444298681 0 994
64.5535108752961 3.52973880420691 0 995
10.4173527824073 3.27878702687311 0 996
68.9866438362894 3.32460578326064 0 996
97.042509961792 3.58182555784208 0 997
67.7182552620895 3.03526063703336 0 1000
