"ts" "magnitudes" "gen" "cat.idx"
0.16703831310152 3.08313833280814 0 1
0.0479821694458758 3.33204299734753 0 4
45.6915245302847 3.3613767254873 0 11
0.0140202964801834 3.33485142633545 0 19
1.94049659432089 3.45050511553824 0 22
60.5157788686078 3.27241591973336 1 24
0.304232262605733 2.99254769850055 0 25
0.151163318269329 3.16933876545101 0 29
49.4271121022893 3.16504901924304 0 36
60.7340480796151 3.14471897515096 1 37
0.339368245291513 3.08579475048812 0 47
60.053427352253 3.07885299921451 1 48
0.000927164264273263 3.06825116788126 0 56
0.084224930585233 3.25556427509895 0 59
0.0629163792500008 3.25205801861292 0 64
60.5289801274516 3.39593384945023 1 66
1.3530788724697 3.50226446838986 0 67
3.05370467544785 3.42057255763317 0 74
53.3467507044237 3.04102193461898 0 80
0.249603668057279 3.03675748811447 0 83
0.844844236957739 3.15372916743753 0 83
4.58304803316669 3.27768323779981 0 86
0.0224932929371082 3.11030214187885 0 89
0.0273978074351851 3.83093781820608 0 94
0.619655099620186 3.08918286252108 0 99
1.67079248107126 3.34541196677589 0 123
1.39269672931122 3.2490746020605 0 124
60.6182220852092 2.99945835309266 1 133
0.321521749046584 3.13708729699969 0 136
60.816765957195 3.2270623939879 1 139
8.31968476394469 3.20874426031741 0 141
8.00721265975268 3.2426514150072 0 143
60.5424572500956 3.00417531460634 1 145
60.0657270456754 3.65750180169423 1 148
0.644169569519161 3.03852506308365 0 150
60.1027066124693 3.07639535282246 1 150
2.54047785665503 3.31510475623912 0 154
60.8200792925522 3.03956889909308 1 154
0.020151193652846 3.00178043604154 0 158
60.2066165454775 3.24268992216631 1 162
2.25370230687891 3.03405382663643 0 163
0.433537177875616 3.16099834022881 0 166
60.6640357041356 3.30018980638962 1 176
0.169509075973886 3.09919213821095 0 177
60.9834787681788 3.16934895680413 1 178
56.0786568088157 3.24989849701877 0 180
60.3409347279553 3.49330679968181 1 182
41.5312430577912 3.16736389335131 0 187
45.4504599829726 3.17277901914088 0 189
56.0465709437966 3.77788318323098 0 196
60.5678213123787 3.234328780917 1 198
56.4701263978621 3.26766746292284 0 205
0.00409477565562057 3.13190732423131 0 207
60.284964873837 3.39523084149595 1 215
0.0685899982225754 3.29625367338322 0 220
2.58616241135384 3.60433081581642 0 220
10.2311223234497 3.00429896232042 0 220
0.0549057875779983 3.24884679097756 0 228
19.5388762994779 3.26126481099445 0 230
0.0599677799216084 2.99478935937749 0 230
60.1312680117876 3.31150571795779 1 231
35.9215978354309 3.07114369809938 0 233
7.68152856969303 3.0302927764506 0 233
47.3146475010785 3.0294345317296 0 235
60.5345447586473 3.50286424003796 1 237
60.4393785106108 3.11765104673634 1 238
60.4396199874637 3.60034241785268 2 238
60.4695637571679 3.46011559785665 3 238
60.6027141010835 3.36782741392643 3 238
60.4397585044872 3.5909978877431 3 238
60.4432150824409 3.66574651880941 4 238
60.5730721011916 3.19167946862516 5 238
13.1323349854042 3.07766623900516 0 242
53.3356694109434 3.12866980137659 0 245
44.6124549911855 3.21410883905572 0 246
1.29808177789999 3.53539334873948 0 247
50.1560183758623 3.05845894807104 0 249
0.0411241918250924 4.33454397082155 0 249
53.3863984451447 3.45076429579397 0 255
60.6172545646873 3.26000641595265 1 258
0.838962762088096 3.04727762825944 0 262
0.184408267512058 3.8064639037092 0 262
60.7067809751347 3.31893151360173 1 263
60.5961063533645 3.29404945219581 1 271
3.63614389540356 3.75678318436505 0 278
46.2478688816354 3.00364735309141 0 282
60.3053143193569 3.21144061032433 1 284
60.3276411531583 3.04768515771507 1 286
1.24430158166787 3.30506523250409 0 289
45.4656244257353 2.99144825584034 0 295
60.6496783135549 3.19974838542926 1 295
0.000272629090089838 3.15251816041539 0 307
60.3263049874544 3.20145202314417 1 311
60.8035400148105 3.09383342209858 1 321
0.263027448095988 3.00475950270928 0 325
60.0471645576503 3.69775944845107 1 325
0.00036279093248364 3.30051605840511 0 337
27.0567098600422 3.12629264243459 0 337
3.34626811639385 3.09559452451499 0 342
0.00262121027300113 3.26539023219922 0 343
0.0890706357626424 4.1208215593602 0 351
29.2876926651028 3.09239533499723 0 351
28.8401693598895 3.35430661339816 0 358
60.229085309114 3.03645073404316 1 358
60.3337636304325 3.76734743090916 2 358
60.2434644605219 3.28743470401309 2 358
60.5655974256045 3.12534900536 3 358
0.210533856945036 3.35729665684912 0 362
0.0404021759624838 3.09385854631829 0 364
0.00969034132490731 3.11094139517717 0 367
20.3474963494316 3.60690575832623 0 369
0.542575398615801 3.51747644830549 0 370
60.6128726277124 3.43760807315711 1 371
60.3059712838471 3.3245200472336 1 374
2.82768290538305 3.01277205653475 0 378
8.00211363171465 3.15189526330115 0 378
39.2244462375696 3.04874355468518 0 379
60.2631190362476 2.99174263079717 1 384
0.857860703094085 3.00323820042194 0 386
60.9692287968096 3.23064134159335 1 389
2.13182278876282 3.08470798547957 0 395
60.3951799391393 3.02723707355325 1 400
60.4461160582066 3.00329165095731 2 400
0.994963868178857 3.26162969197463 0 411
26.9988299907443 3.01868090954725 0 415
0.394524831788995 3.0895788112008 0 417
60.9570087563802 3.74917207017973 1 418
13.6688245096052 2.99510598470343 0 422
56.6701212641087 3.31989962943458 0 426
1.18349205863327 3.11482059120338 0 428
0.188154063411345 3.75995471503481 0 437
5.69065085604215 3.4383237076765 0 439
60.1129426429138 3.07249009635921 1 439
0.114046478859282 3.59331773140123 0 444
60.0976440500558 3.00663531169982 1 447
0.159348799074334 3.00765408163879 0 449
60.9276842765134 3.12729564287622 1 451
53.3352328530123 3.23849292911753 0 453
3.94337527493659 3.51107396765167 0 454
60.7728357882329 3.61819215641452 1 454
60.9477628379222 4.11425544800594 2 454
61.0044331415759 3.03252575172375 3 454
27.024849531873 3.14629291237821 0 462
0.0983030284931846 3.07749794095269 0 464
0.15330539036174 4.09499666451719 0 465
5.94049080026242 3.02015358929449 0 466
60.6824270870161 3.06782604873002 1 466
4.18640363457459 3.01722167177451 0 473
3.6736819638107 3.10404057606912 0 475
54.270600864045 3.39608023059473 0 475
0.000628640623905223 3.2238065992791 0 483
1.10294557641007 3.32253929676615 0 486
53.6668816238301 3.74429074027401 0 486
60.9998496749062 3.25073942476407 1 487
0.00232391063836078 3.72373795937709 0 503
60.2094868003946 3.09181419763948 1 506
36.241315993951 3.04187181603171 0 507
0.00166452233395072 3.25723217021548 0 514
0.174986412629232 3.0760764732029 0 521
55.6602919509478 3.33784111410851 0 525
60.9748411221985 4.06677253202861 1 527
7.57901749767263 3.00844141798906 0 541
32.4864141807989 3.10207926138659 0 551
60.3529051450637 3.11855528195545 1 554
60.2829021987595 3.24646907528332 1 555
0.460891133936612 3.06080706548913 0 558
0.0279197026585966 3.11737283565584 0 562
60.0498757077471 3.84316291689916 1 569
0.287798285488304 3.07902066273065 0 572
0.0508626132123226 3.33561371373617 0 574
0.628779535193804 3.07221277639231 0 577
0.0631867292133913 3.53282840414134 0 577
30.6330290228967 3.15945853172287 0 577
41.4738128657986 3.24480936490704 0 577
0.872901528582407 3.11062309133771 0 579
0.787083888844625 3.13685979802394 0 583
60.3739872052424 3.162309885185 1 586
61.0149255573374 2.99296932294161 1 587
60.8479545900222 3.50831115389876 1 588
16.0908524411758 3.08230044183745 0 590
0.287783087287192 3.03003500797198 0 593
0.12020862351914 4.40629215772308 0 597
1.56752966808085 3.71220761824393 0 597
50.4262421903817 3.05746066752624 0 597
8.16711032211056 4.4248796540297 0 605
60.8612862673212 3.26573350602146 1 606
0.00700225564809637 3.02302861318558 0 608
6.63324526071587 3.08896525305488 0 612
28.2575800918758 3.04756809136377 0 617
60.9712412826807 3.29571397685088 1 621
0.29088206664337 3.20792678088784 0 622
42.6278116288537 3.55140862329044 0 623
60.6856781159617 3.07877701348317 1 626
60.9014679581482 3.1347525515575 1 627
10.9143421494244 3.07946237281564 0 629
2.02288677175831 3.56851718729725 0 635
60.2190805446912 3.40585389066213 1 636
0.512699606083488 4.26720530206877 0 637
0.0343309028651476 3.98001795620079 0 638
0.165100389114178 3.21025482295507 0 638
0.0665679655393866 3.68812944461874 0 641
0.598378765570279 3.12740485749894 0 644
60.6615582408008 3.08652976808921 1 646
10.3601354800311 3.36942012861349 0 649
60.9920379693244 3.07492539851124 1 651
53.3378666853263 5.54910154128428 0 652
60.9535757430453 3.17021875375502 1 653
58.2937337623529 3.49712782605219 0 654
60.8597057828769 3.65786873403302 1 660
60.8911280957273 3.51919588018069 2 660
0.0470789004319144 3.06829156398252 0 661
17.420204098957 3.92550812239657 0 665
60.4451240912635 3.17332055883383 1 673
0.0586967009057907 3.48276832796923 0 674
15.5686988832331 3.06720745928706 0 679
60.8119499475319 3.10601800562616 1 679
14.1673511409872 3.0300988006004 0 680
53.43860074246 4.14085454515605 0 680
0.0848122203284542 4.57337779756461 0 681
12.7899588501834 3.26713251246886 0 689
60.7151655728553 3.16830402287839 1 693
0.488423167614957 3.17308645939065 0 694
0.101256119288223 3.52081879050483 0 696
60.73345484646 3.65809780392486 1 700
60.9059899462477 3.17035578396418 1 707
0.114226532196181 3.53830382713728 0 709
60.5720929148697 3.38525609985023 1 713
0.426434942072515 2.99200024438277 0 715
60.8194763473325 3.01137483941712 1 717
8.87511539986371 3.37111469442145 0 718
2.57044839252707 3.43271984890956 0 721
29.2667043186346 3.71215494417905 0 721
59.9013867114604 3.19655592035868 0 723
1.5982495474475 3.16521845446499 0 726
53.9420852573981 3.76538808442204 0 728
8.0725962875531 3.45847565115767 0 730
0.0785103919672362 3.02940537034884 0 733
5.948020473965 2.99583280595899 0 734
53.3369339120767 3.00429282286921 0 738
53.4337140421933 3.18236052051153 0 742
0.117294418610696 3.08857797421387 0 744
1.53117544367889 3.23839390251936 0 748
0.166145656881234 3.00301434399361 0 749
60.8039889891256 3.01706864015027 1 751
60.0697041716516 3.07935937876898 1 754
17.6418481378309 3.33946403081705 0 758
0.653950649310526 2.99821774664243 0 762
1.51327082620299 5.06849840944347 0 770
45.8180033091743 3.13551628110492 0 776
60.0461713945583 3.10758336886522 1 777
60.9090747383047 3.11378088281285 1 778
60.7389173455626 3.02635398003584 1 778
60.7020654619295 3.08128853383829 1 782
60.0666573235389 3.16214189933531 1 784
0.11412675002003 3.21952778711475 0 785
1.32500778803194 3.57260385960748 0 785
0.366994285201316 3.13918510494637 0 790
5.75855914682377 3.20655546690171 0 791
28.4031263032042 3.40600533154365 0 800
52.7660255993625 3.23311666814799 0 805
0.0648452571333828 3.115328715131 0 814
1.1618585838459 3.23729121943941 0 817
60.5317452090416 3.34369100048327 1 818
60.2273150332362 3.2440233725141 1 823
0.0375949803616014 3.19437564973054 0 827
31.3731479668847 3.46369975823135 0 827
34.7264748483001 3.66073405936492 0 839
10.4219480033201 3.17814501464063 0 845
1.14285616466665 3.19180852849877 0 851
60.0579589958392 2.99185244619438 1 852
60.5162239022643 3.74503973776375 1 852
60.190249849958 3.11631409876189 1 863
0.00862671549097786 3.05209042107314 0 865
60.741341463206 3.54973159900706 1 866
60.4117223356474 3.25087877361568 1 868
60.4789422128284 3.00788175017792 2 868
60.9738845535644 3.0382541954544 1 871
43.3713894275788 3.62459561028446 0 872
0.017370016346976 3.23584642991185 0 875
2.20211275277546 3.34545354833342 0 881
60.420429882975 3.4112120883673 1 881
2.62200376777425 3.23567892584817 0 887
1.11312391927471 3.2154661019474 0 889
4.4466808253657 3.38236006533773 0 891
60.2529160665904 3.7335788060503 1 891
60.7970615686942 4.3433213975169 2 891
1.35228536542721 3.23949659577354 0 895
0.616809606485246 3.00242485197112 0 897
60.4235137285754 3.00306554578896 1 897
60.3178991627969 3.20357311581829 1 899
60.0338242323228 3.05705327102596 1 899
18.0644013445406 3.11883901144996 0 902
6.72795592595668 3.32901704670559 0 904
0.447608606700534 3.25013554467242 0 911
60.6615679635756 3.35885644315579 1 911
1.23039904347333 3.44184167283943 0 915
2.79554452551688 3.84932363242436 0 921
60.8238046133515 3.15605424877447 1 929
60.2556444151882 3.04437109731067 1 930
10.3767023811531 3.1683405082398 0 932
53.6001549353734 3.07201834646709 0 932
9.12875877802047 3.13647985057072 0 934
1.75721862838628 4.49166035809063 0 937
3.1007856264485 3.02456716383483 0 937
20.942302292657 3.05161298561243 0 937
27.3101939933805 3.3049506355421 0 938
0.034532895664339 3.04332999979815 0 941
60.3155908730436 3.16255395823071 1 947
0.526236182405383 3.20591255305985 0 949
0.0140875517302889 3.71397571588579 0 951
1.79007557008873 3.69903553533027 0 952
58.1252992397595 3.05552749777931 0 952
0.050930811440603 3.14332912555592 0 953
4.06836002141141 3.15509954351507 0 958
0.367932395790777 3.31773697273904 0 959
60.0769365508199 3.11994055566069 1 971
60.1040349028657 3.52369388879873 2 971
45.6970913547685 3.07090269110044 0 974
46.6917252833077 3.03896761531845 0 976
15.3620488723965 4.36851610323444 0 977
20.4027711392732 3.04934363206512 0 978
14.6015731799102 4.26327007524009 0 981
0.0108740196161828 3.41525670100957 0 983
16.8665748710388 3.84883919015505 0 984
