"ts" "magnitudes" "gen" "cat.idx"
0.066293244116101 3.13160363408753 0 5
18.4581606033937 3.24479524122675 0 7
22.0352266497534 3.2926303842274 1 8
22.9554706936792 3.39686793654316 1 10
0.246038820964324 3.24299484900272 0 14
14.6583191200286 3.20448732433447 0 15
22.5606460260783 3.2909953702291 1 16
0.109682587593548 3.83005967957093 0 17
3.75189811623213 3.22134145775389 0 20
8.34485085966558 3.24890265573447 0 23
0.50745307810743 3.22130325479764 0 24
2.51665501224852 3.62106639732476 0 26
0.142367881436706 3.16924601836999 0 28
0.644121352920156 3.24452303663112 0 31
4.62320287186876 3.91748042848608 0 34
5.52912267382982 3.55211547240174 0 35
22.3937726210892 3.02785919303521 1 36
5.94793549101912 3.57078707815012 0 37
0.0523577577741769 3.00229919478959 0 39
0.439432705257422 3.11705228297149 0 40
0.00828638614313834 3.34577887817455 0 41
0.69407180525031 3.15691423295377 0 42
0.0212141036793442 4.3330501527658 0 44
22.6310452656527 3.19113483852161 0 44
22.6929920282788 3.26551363270374 2 44
11.4319900335269 3.05057906300762 0 45
0.326903996953259 3.04812457028388 0 46
9.6934111915409 3.1486939514247 0 47
22.4828361686409 4.10529656301249 1 47
20.4256773959618 3.29825037331993 0 50
0.92735537926696 3.20474319625195 0 51
3.22726380594695 3.02263564990005 0 51
9.22987106794799 3.00925439356318 0 52
0.0568800207942137 3.02268733718512 0 52
2.15047336818791 3.24764034247959 0 52
0.0472573897054968 3.5110409989081 0 53
4.06387626373306 3.06938613996098 0 56
22.7499938808937 3.41926396504963 1 57
4.86042186758244 3.01340824734842 0 58
22.5134315485224 3.55701463581728 1 59
22.5395011687787 3.93228594451512 2 59
22.5719990533856 3.06596594107028 3 59
22.5786341086015 3.03044170078261 3 59
22.5573267219121 3.14974065525694 3 59
22.6253774940577 3.01481077244168 3 59
22.5547893308211 3.2330413532032 3 59
22.6193174038697 3.49493893159853 4 59
22.6309711391546 3.05068476941375 4 59
0.0533346223318252 3.09224815978733 0 60
1.48529777027687 3.15336356071084 0 60
0.0158685792701923 3.26977835909348 0 61
0.0424895700229517 3.0830694765067 0 63
22.813912584595 3.00773400221842 1 66
22.9670074325145 3.0658358867225 1 66
3.69396305041319 3.24017723670238 0 67
16.9906391875836 3.10142502759276 0 67
22.3057558882606 3.22537633469854 1 68
0.905971517469266 3.01555848101331 0 70
0.0296575109335616 3.8545785045423 0 72
4.59774342179098 3.01311813688421 0 75
22.5104008305867 3.19325911942084 0 76
0.00731828029121599 3.08867200089688 0 80
1.11092844994936 3.17337917130848 0 81
13.3579219158086 3.06588779827418 0 83
13.9817508355674 3.39037793933492 0 88
0.733187123567284 3.13813831548421 0 89
0.0134257784285256 3.0953284545538 0 91
0.095968196397718 3.18899343918483 0 91
0.268295108235457 3.01750597580697 0 93
0.0979094697794808 3.10478788591629 0 94
16.468613620566 3.27588218595944 0 95
3.55418005415097 3.07244325399906 0 95
2.98839357959942 3.28581511443793 0 96
1.82499153201529 3.51192160017429 0 100
0.984710748756923 3.16802744999265 0 100
17.5999142710143 3.24619250861128 0 100
1.02634995533443 3.2501469699915 0 101
1.09918179539808 3.36901135352784 0 101
19.1334531772376 3.07542675426955 0 102
0.0412812936934268 3.0675104127777 0 104
0.025341278028627 3.26451341954738 0 105
0.099709603119348 3.13703202504466 0 105
0.48588822903868 3.68829012333053 0 106
14.4473424284813 3.31174883188394 0 106
0.699248578697113 3.12007178326263 0 107
0.0777995272956214 3.13508504199979 0 109
17.9136958957427 3.06056807054815 0 109
0.050982516862957 3.33770799059986 0 111
20.5604513102458 3.02740125828484 0 111
1.42096666405683 3.53316451974788 0 117
0.0594673776765188 3.29637219016433 0 117
0.546617274330269 3.10206266798293 0 117
0.159273685537445 3.24164531528851 0 118
4.6637040230304 4.40406959275403 0 119
0.262386575317392 3.00851027300149 0 120
10.0279591821761 3.32689773977604 0 121
0.0177265208212465 3.16889094699134 0 121
0.0110569170247078 3.06895960037781 0 122
22.4981384891175 3.14799021014987 1 123
21.1646044017248 3.81692272781131 0 124
10.3649033666485 3.36736622272581 0 126
22.5747363387231 3.75210669752883 1 126
0.0200776370396553 4.18858349482058 0 129
3.07606020185487 3.27678941948705 0 131
3.8889264307848 3.03953046543094 0 136
3.97929116094899 3.79654196780877 0 137
0.552524251227407 3.02286143717875 0 137
22.3922314908445 4.01007517911132 1 138
9.59358442060575 3.06536534028462 0 139
0.154931625819002 3.10546860886325 0 139
0.525595877577663 3.32736992512522 0 139
0.141182185672222 3.33602698266351 0 140
0.570768654467827 3.07427785188321 0 140
0.553638448777976 3.0380777910284 0 140
0.250410835576283 3.64073520471029 0 143
0.0608267383851212 3.45169049430558 0 144
17.4357320502654 3.52604112292986 0 145
0.139768553941318 3.35403815264366 0 147
12.5833319867889 3.08677002108167 0 147
10.0061389759494 3.26241212667978 0 151
10.3963365967786 4.17285063985571 0 151
19.561141031019 3.10259631691031 0 152
10.6788421008706 3.14786198746499 0 152
0.0110776478548521 3.04622878650628 0 154
0.00502787581307406 3.97740084313877 0 154
5.91847729510955 3.05283394264349 0 154
22.77989178515 3.0672208758267 1 154
0.0950210981216061 3.48106520892599 0 155
0.213652625685071 3.54600677472015 0 155
8.41616559247674 3.06479678246277 0 159
0.667321887127139 3.31575239493499 0 159
0.220012755346097 3.17881550094159 0 160
3.10140879884175 3.49197142783918 0 164
6.99471107470514 3.23733190892677 0 169
22.019677658714 3.51465294479401 1 171
22.0474761456934 3.66217498442221 2 171
0.0351595702281328 3.25776722367668 0 172
0.00278999696990625 3.13638167801962 0 173
9.1704477388839 3.0859768451466 0 174
11.8449649784043 3.15562474972538 0 176
1.14182877501429 3.20251666250363 0 177
10.5321089189584 3.0970438169401 0 178
1.21108796316873 3.09235693288779 0 178
7.76033453641135 3.07586979051665 0 179
0.699063989623402 3.06424505009954 0 179
1.64596456827858 3.07904515668772 0 180
22.745002962099 3.40932685073155 1 180
14.5100411371283 3.0395834132656 0 181
22.4999679172501 3.0284426836027 1 182
2.74359323350858 3.1463410153892 0 183
1.01630688978933 3.76918084318604 0 184
0.0167346755459331 3.45486949485179 0 185
1.1387025474213 3.14756998399333 0 186
0.298196133129498 3.45034012159401 0 186
17.6568547587519 3.29749974317306 0 188
0.0129105677565844 3.03819700795162 0 191
0.0502704849231185 3.59757441132375 0 192
2.35183352722682 3.58296952612091 0 192
0.00401739177749573 3.91751638072657 0 193
22.0438601450619 3.03783677599706 1 193
2.4860956279311 3.01202391339817 0 194
7.7779147162062 3.03893217777936 0 194
10.6679243617634 3.22326840699839 0 194
10.5688290022762 3.12233293561871 0 196
10.4002787714467 3.02962852792889 0 197
22.0206364608925 3.14176668808964 1 197
20.4227871150359 3.48705448471098 0 198
22.3854791316293 3.02364736111741 1 198
22.2640343882699 3.98033076369588 1 199
22.2770240259662 2.99864663894692 2 199
22.4323215115924 3.38902485096254 2 199
14.2551969717932 3.61153094089897 0 205
0.307892183179706 4.14579175661044 0 208
4.43675392773051 3.02280987453713 0 208
1.82327817074778 3.49044108595207 0 209
22.3421041615397 3.53485694967072 1 210
0.0275611219050903 3.7207114869834 0 211
0.0739776526093131 3.05586208142026 0 211
22.7554069244392 3.59731118060038 1 211
2.54997735189649 3.30010084753187 0 212
0.00821410547775869 3.11126647302608 0 213
17.7436073388973 3.48406337559018 0 217
3.37788270800277 3.01585481081754 0 221
15.0284427240665 3.23285859626885 0 224
18.7213637829438 3.27096311305789 0 229
0.105013040225716 3.29713855665118 0 230
0.154022442255274 3.7809971343658 0 230
0.0911703901996076 3.07602218400209 0 231
2.63880547670796 3.38886273243472 0 233
23.0039156264715 3.25599820631868 1 233
0.567810694609535 3.24560709103482 0 234
4.02444641247607 3.18249132787242 0 234
0.430317533225788 3.07508119178949 0 238
10.3779368181697 3.12518016318701 0 238
11.0176190695774 2.9964320006562 0 239
0.061441945207982 3.13811668956872 0 243
16.2327327800529 3.65431242108413 0 243
18.7372497948738 3.10674226987883 0 243
22.2266211033888 3.4173421141015 1 243
0.147286464761843 3.04645393431307 0 245
0.0418807612541428 3.03357508087356 0 245
20.4566311633474 2.99597317312199 0 249
3.40161766093371 3.80743141664683 0 251
0.519235713491258 3.18894949599946 0 252
4.78096008144685 3.009590526383 0 252
0.318464277482581 3.17065457511796 0 253
22.853844697503 3.27218992456698 1 255
22.9572500576355 3.80467571645173 1 256
22.6535444649957 3.41186153922947 1 257
3.24785112614019 3.41186725946308 0 261
7.86522893315927 3.15704722488039 0 261
0.0945428533883895 3.3697513232013 0 263
22.178801540434 3.00680130329933 1 265
0.656495793296107 3.02526047683993 0 266
0.0198501964122868 3.22250843539785 0 269
0.345592087072886 3.12979885675898 0 271
16.192480621969 3.1430356119847 0 274
1.65355091426065 3.25466678109436 0 275
0.569063976561349 3.29345301538158 0 275
22.4641064255588 3.34657631467025 1 275
22.6493401344955 3.63638592638522 1 276
2.73929760318902 2.99449149737174 0 278
1.57071757876328 3.04261282845962 0 280
0.601014218538986 3.21175666996961 0 280
0.0406271806664405 3.05649216385264 0 281
2.87128024875747 3.03273297946134 0 282
0.0484275636444463 3.2120448757037 0 285
0.11303139172074 3.28972381268166 0 285
0.0453125527259498 3.69121544370614 0 287
0.947576354659364 3.14593409473658 0 289
20.720461406448 3.63406527417753 0 290
0.0175249957746282 3.19692479620145 0 292
0.565350549222083 3.43486134277062 0 292
18.7113946818024 3.21163399472621 0 292
22.4520150957719 2.99031921544254 1 301
0.0151313422149127 3.28202531470796 0 303
0.0975001234478175 3.48504381625968 0 303
18.2739710122766 3.42511651082859 0 303
0.0515475097048716 3.62029843059036 0 304
3.29862767026128 3.7485012071127 0 304
0.152160727717799 3.11369611665215 0 305
0.422550028320717 3.13662449877538 0 305
3.11640875526595 3.32140606754717 0 307
6.24167536729293 3.35543201035775 0 308
2.97276398352448 3.15606867193674 0 309
22.4403104944244 3.06248313027728 1 311
0.234398399006151 3.26653180253106 0 312
0.0356001222531249 3.54442392024828 0 315
4.32453094229276 3.03436589880221 0 316
1.40336282497656 3.26139216064515 0 317
0.62056470747869 3.15607411056677 0 321
3.0660044774191 3.20674767838456 0 321
0.0110313818410122 3.0852159703082 0 323
0.078566143600226 3.18310140316227 0 324
1.39464030924963 3.19944561462497 0 325
0.360981370688781 3.62643713104776 0 330
0.00166472857086618 3.33805774847533 0 331
10.058471464281 3.26627231670027 0 336
0.171623065282029 3.14962833829896 0 338
0.162644626486038 3.14929584066975 0 340
1.03741114586233 3.39494363644676 0 340
0.502389896976621 3.06363230728791 0 340
8.43502496404867 3.2537518623598 0 340
4.55718570829026 3.12591279298973 0 343
8.72962559354795 3.23858500242904 0 343
7.29508395832752 3.26230612285287 0 343
0.171294240340627 3.04113410055019 0 345
1.27936508467814 3.09622122562548 0 347
22.5956076874022 3.0456810792799 1 347
22.7828930225351 3.69428106355846 2 347
22.6922356178102 3.02317454248 2 347
22.8907533659353 3.04129452763878 3 347
22.9663673200366 3.10923962037824 4 347
5.28524928301538 3.4838771458229 0 351
1.99390350470235 3.07658774502239 0 355
3.39009286569811 2.99176243757183 0 355
0.0418216547445935 3.10050046233712 0 356
0.175622966321667 3.41505953518214 0 356
1.79739820022883 3.03703334499479 0 356
22.8734925185886 3.11116202586075 1 359
0.369984225743108 3.02551691560011 0 360
21.2415968266072 3.08073431785204 0 360
22.8305361584384 3.0984039308597 1 361
0.783544503987934 3.17732204734965 0 362
11.1757447118843 4.13443041349448 0 362
0.03981336203024 3.44644976106012 0 364
5.00778628621992 3.07087188981438 0 364
0.6796993190194 3.33296952916343 0 365
3.96791959655808 3.39613710270172 0 367
0.0271804023370378 3.06965050225643 0 369
11.3867652398678 3.09279689613763 0 369
18.6721575905518 3.70142449668066 0 370
0.424229025002882 3.41922690850321 0 371
0.711570903739891 3.2423922637472 0 371
1.56882534418617 3.48520683983252 0 372
20.4497086475025 3.05904487649797 0 372
0.164162387982272 3.27720118478857 0 373
3.04245056471003 3.03795592758067 0 373
22.6947531955406 3.1216697351097 1 373
0.550274755698258 3.49256803610177 0 383
0.0395640265575323 3.03155187475402 0 384
2.13632529863613 3.35415578366536 0 384
5.89340611299713 3.13892034971606 0 385
22.1797568690121 3.23490729099537 1 385
22.6588386382532 3.92816586904645 1 386
18.8192234920803 3.28584864147206 0 387
2.79471327066586 3.05050295542251 0 387
0.00761640429373081 3.34592194248639 0 389
1.52349077302676 3.28507697647531 0 390
0.126545838732705 3.05747370706178 0 391
22.8852797303438 3.08141741965998 1 392
0.969221072885004 3.19348777198193 0 393
8.53208211472883 3.20299373031944 0 395
0.119792737597125 3.49389229514197 0 398
21.3620209202898 3.32707723107837 0 398
22.294038287047 3.88781237919202 1 399
22.4427683613353 3.07193744674448 1 402
0.122959906628234 3.09504230747483 0 405
8.07189269567693 3.15951174813372 0 405
0.0523906919825547 3.08349965088901 0 409
0.17048218053937 3.38067150060955 0 411
0.315643080355089 3.33442485947825 0 412
0.004516095038883 3.09335138875592 0 413
1.79992997704228 4.07607437150377 0 415
6.83417364140683 3.01111882283048 0 417
22.4120294846684 3.46841043134566 1 417
12.9159080721577 3.11149707810751 0 419
0.0517214765183446 3.05961480609562 0 420
0.656872476501345 3.51004223022969 0 420
0.169053094024883 3.05402701387006 0 426
7.80940997574772 3.64710066709175 0 428
3.88148546597568 3.01992272580735 0 430
1.91147147694771 3.05580658896608 0 430
0.399266813008187 3.17325170638058 0 432
22.9622637705501 3.11920188417625 1 434
1.15515083539347 3.49224790169231 0 435
11.3160151468466 3.66711976568216 0 435
0.221936907016111 3.31132383524485 0 436
0.488153774515276 3.35935706948149 2 436
2.01175577478648 3.25308534532109 0 439
0.910986147851292 3.373891259336 0 440
0.228143459913954 3.0898603773618 0 441
0.0580790697228835 3.31687617327102 0 443
2.4237072120931 3.41455122448828 0 444
0.099662548823931 3.10183982654417 0 445
0.0276748028153895 3.31513664258368 0 447
0.0555260237488495 2.99389784976511 0 448
22.2121061043904 3.3149844412387 1 448
1.01168087046127 2.9965127269644 0 449
0.17312039062369 3.71537739415532 0 450
1.0803170965357 3.03753865995364 0 450
0.151490307941792 3.2100933401939 0 451
2.65048209942017 3.06306196394329 0 451
22.5970234143637 3.98465714173136 1 451
0.157478084551021 4.18302032267575 0 454
1.99057467374445 4.12246118232592 0 454
2.18799787087048 3.05553917705824 0 456
0.0846027983278054 3.54113768857817 0 458
0.136596202258258 3.12615785111778 0 461
4.71034405281616 3.82320529907303 0 461
0.9829920082116 2.99097573084438 0 462
22.1448156597648 3.18767233470746 1 462
0.481559364231531 3.68205433856307 0 463
6.46487605771857 3.12557428352557 0 464
23.0125164747328 3.03862906737806 1 464
23.0162625780692 3.43441883009195 2 464
0.055787472680335 3.21898884156505 0 466
13.8112445914763 3.22545513037867 0 467
2.13088863131605 3.1748860444697 0 467
2.12055458254911 3.94548728125743 0 467
22.4329838998705 3.16325703753264 1 467
10.6332485219365 3.13665756060546 0 470
2.19186092362818 3.14450686267215 0 471
22.7207815220204 3.0628075330666 1 471
0.120311307893602 3.49876280245631 0 473
2.1365786675109 3.5083974848604 0 476
0.100274971144906 3.22632558554925 0 477
22.0740208487582 3.73758694928733 1 477
22.0845869130672 3.05136453091469 2 477
1.02468004861766 3.35510972892457 0 478
8.74849158724259 3.32579327993106 0 479
12.8479934718245 3.48767444657379 0 479
1.16855979315044 3.66504280131713 0 480
3.47770101917509 3.21178766651007 0 481
7.82542776489568 3.41153519688791 0 486
1.34536160633954 2.99475413943911 0 487
22.4979187747553 3.88363786837911 1 488
20.4671051833881 3.50800454480573 0 489
15.980985230673 3.66362827943544 0 490
3.485166741965 3.03115160170983 0 490
0.0330991253663929 3.05022459257387 0 491
0.0605985288891996 2.99805581172459 0 492
12.3688805440155 3.23319420229257 0 492
0.0119479475228421 3.16638959390382 0 493
0.401449890520415 3.00520570345627 0 493
0.034067532009711 3.09677037098802 0 494
1.16493839729168 3.2251370031663 0 497
0.987652251488929 3.18900636810645 0 500
0.00376845016648821 3.57392543525317 0 501
0.0157202057086832 3.04954903991141 0 502
0.078047836705009 3.13387565364637 0 502
7.26270885468439 3.25547246990919 0 503
18.3371806217886 3.05985920250756 0 504
10.1155241724198 3.44211334281482 0 504
21.8864468379689 3.89567538797728 0 504
22.6634206769569 3.12872577550294 0 505
0.0783502256901844 3.41844986743817 0 506
22.1303825764075 3.11984162707354 1 509
0.00493974066864214 3.83454596014938 0 510
17.3877814215738 3.18393996938276 0 510
10.4501955665136 3.20351901184926 0 510
10.7056237180159 3.0780036197828 0 511
0.0789863096189466 3.08401076183545 0 516
0.0250874107761615 3.24674366549023 0 516
0.275577814515949 3.44881065091973 0 516
21.0644630373458 3.36946522184424 0 518
0.0797514626330509 3.35990107911798 0 519
0.163209340867369 3.31283197315889 0 519
1.45980645665259 3.21719999893003 0 519
0.565719247779957 2.9943225870545 0 521
7.64310525035896 3.13882489549534 0 524
3.83591818187568 3.18026948625471 0 525
0.157063100722958 3.12224349167106 0 527
14.2571972912956 2.9941321023168 0 527
0.00201958563832585 2.9969442507356 0 528
0.0430836187844519 4.26753632608873 0 529
1.09514652215136 3.00399067132011 0 529
2.14500977512868 3.31491658521816 0 530
1.11069593529135 3.19620490627179 0 531
17.673070364983 3.01394699951538 0 532
22.0541285340764 2.99370456835154 1 532
0.0873011624259548 3.51757270866372 0 534
10.9250723187864 3.14427571127695 0 534
3.20946270203537 3.21376842925974 0 536
2.57012844426026 3.09396141357518 0 541
0.187364714675722 3.13288237139008 0 541
4.84049260131323 3.54581899436578 0 541
21.077445568414 3.03759191218306 0 541
0.234627920760729 3.17714735300291 0 544
2.1350827303594 4.28860693754102 0 545
1.90147728738651 3.15748571734398 0 551
0.0219623544700631 3.42157285989141 0 551
4.50477772300129 3.40127072378931 0 553
19.8128780392522 3.51485887101926 0 553
0.103189698327574 3.03352010567611 0 554
0.877316984447443 3.26235800213905 0 554
4.27466498507725 3.01477255141709 0 555
21.4755782826041 3.08639929959179 0 555
0.154333064896845 4.06618173590435 0 556
1.94594659229827 3.56541751732967 0 559
2.34677765279949 3.26255310630715 0 563
0.846329448811369 3.01682369639054 0 563
0.181471046153684 3.25164308844097 0 568
0.153374455523702 3.06958870382887 0 568
10.4119615249981 3.53397942466406 0 569
9.33391026234261 3.1906539445933 0 570
0.0961797713395265 3.16550528990002 0 570
3.52746731124702 3.92004037040931 0 570
10.6811597270487 3.10296996016984 0 571
6.86055957428682 3.02730897235717 0 572
0.690949065225688 3.17578798815791 0 572
0.533715923064803 4.01588105606076 0 574
0.788623856136666 3.04585391646695 2 574
11.8734330952988 3.6480019621374 0 576
0.0937564078085437 3.19907631614962 0 577
5.69978915250801 3.36186605919145 0 577
0.962260591279386 4.47789217480361 0 579
0.191058768574671 3.10139027431025 0 580
22.9477041109089 3.00777814551048 1 580
19.0296932049818 3.29140306828332 0 581
20.4544833390576 2.99203874202664 0 581
0.040443000330914 3.15299881666968 0 584
13.8449219072803 3.18414784738744 0 584
0.130391956522503 3.12382813927312 0 585
22.478619549805 3.24441376898998 1 585
0.207559385508079 4.26103842671148 0 586
14.6482149818108 3.01145871789964 0 586
0.68011008934369 3.15267142335145 0 589
0.0658551694491026 3.08636520071608 0 591
0.408163916567913 3.29034573031837 0 592
0.069014193053276 3.21979503372014 0 592
3.09723058904585 3.05803506409763 0 593
19.1078378767851 3.1249039220029 0 594
7.23993249777286 3.33619557761916 0 596
21.39075218462 3.70227583788961 0 597
1.70681680728093 3.20540411151536 0 600
2.13427831499953 3.13533143861584 0 600
0.0473159657849214 3.13210138802644 0 603
1.64850079958044 3.67074272975929 0 603
0.191349364943822 3.26864728249725 0 604
7.69902438618829 3.32346687632666 0 607
0.0253684692218033 3.20066746330907 0 610
0.00356473949743417 3.33941708315328 0 610
0.597978158455861 3.22324870151053 0 617
0.238046272288639 3.49739925857441 0 618
22.6242056506776 3.07243731154252 1 619
22.9426195396779 3.06664404719829 0 623
19.8517870501088 3.29224297132552 0 625
0.265019780758229 3.12648277907925 0 626
11.3303178161834 3.46352183990765 0 628
0.0206674479663337 3.64833405682659 0 629
12.1768947045904 3.81782729969858 0 629
22.606412002267 3.02472795902277 1 629
22.6282299633121 3.07253139547543 2 629
0.926639959223325 3.04915874151617 0 630
19.0714437584624 4.2078258780241 0 630
0.275713312742552 3.18287568979118 0 632
22.6984997369904 3.06393602524184 1 632
22.7933484746528 3.64967091731948 2 632
8.13153254828475 3.051603747527 0 633
0.248150938924101 4.02468877007373 0 634
0.0567067140310577 3.08996188462035 0 636
0.0609499855820808 3.40867253641352 0 637
3.0210257434816 3.28532304710379 0 637
5.69712551932621 3.09292194266795 0 639
0.0150463083188923 3.59353516959941 0 639
22.0663129646886 3.50137141532832 1 639
3.52079486033294 3.20629509947625 0 640
22.2392841376454 3.25867322766735 1 640
22.6681774620988 3.17903177733602 1 640
0.368034148614517 3.01778198669741 0 641
0.0341436741461351 3.30140339728956 0 641
17.5704737419211 3.40048346905351 0 641
22.475290406644 3.20528179361615 1 642
1.20399317906477 3.19989188252293 0 643
4.66604543682641 3.49675848334432 0 644
0.0511845821511389 3.47480739766416 0 645
2.90127372092429 3.01439959145107 0 646
22.6067239003346 3.70043625668452 1 647
0.0974698318411051 3.23421544917521 0 648
22.741688614627 3.89582764444547 1 649
22.4584734071136 3.23253451039144 1 649
0.04930329025118 3.1585265037117 0 650
0.00727083063044077 3.36844730981493 0 651
1.33233698040847 3.35009389902307 0 651
22.231794223338 3.01767818948641 1 651
22.8353201136083 3.20240437114598 1 651
22.4733626916332 3.09840095243607 2 651
0.468403476163611 3.22743359197722 0 653
17.6436934931504 3.25954832042014 0 653
7.4402925130001 3.13586402353918 0 655
4.5369506665097 3.4921284786565 0 658
22.075602569445 3.1295779497794 0 660
0.411807184586142 3.09029607474917 0 662
1.288809498438 3.04456585382938 0 662
0.0537241220942179 3.09350521441735 0 663
0.0192372357883951 3.18141239201895 0 664
0.887384956771785 3.33276705361649 0 665
5.24425484755256 3.21846661944073 0 665
0.159486331335683 3.03571023619856 0 666
0.80364878424587 3.15940871319593 0 666
11.6849967142449 3.10741147571005 0 667
21.1206987727974 3.09168483770486 0 668
14.2966268356121 3.25570741878694 0 670
3.01468397847648 3.26951393772776 0 672
2.24065939720829 3.11875661896958 0 672
17.6590266877678 3.32222386332704 0 672
0.252596442075905 3.44132443828827 0 673
0.0040042200500553 3.3039144946464 0 674
0.000630039162953139 3.2579861840619 0 675
7.09392166326097 4.88752047896736 0 676
8.65229897942659 3.79986048752286 0 676
0.00430098246672617 3.54543958785198 0 677
3.15207511664233 3.29042744396217 0 684
0.0663322560268667 3.00664934264727 0 685
10.6870386961835 3.5675321049625 0 685
0.625142547457796 4.03581754563672 0 686
18.8664466156833 3.07991012492655 0 686
22.6207967762925 3.19576619213604 1 686
22.8297190349953 3.32059699319883 2 686
3.12966444452721 3.45178149191514 0 688
21.2816318525998 3.01410082500001 0 688
3.58318667286943 3.04750041324745 0 689
0.0871082037612926 3.24976193534468 0 692
0.264290351484078 3.14300089294489 0 693
2.13011129230456 3.4319278775531 0 693
21.9523333803174 3.02664464326139 0 693
1.07150344075557 3.04864528867017 0 694
0.54636705711386 3.23287658898753 0 695
22.6450860364452 3.12010913444001 1 701
3.16591548861996 3.44150066560153 0 702
22.2254176709425 3.3995149659331 1 703
22.2369299849463 2.99727613375552 2 703
0.295048269592919 3.25352047056392 0 704
0.937308256719405 3.03360555283457 0 705
8.10732884564084 3.97696554839737 0 705
20.1737658795806 3.2713669544004 0 705
2.61125191944898 3.2325445091474 0 708
0.292221865053588 3.01465622819719 0 708
11.7272854054546 4.03217889321608 0 708
10.648682144772 3.38866853351835 0 708
0.179916767254388 3.35864322940856 0 709
0.323968535316649 3.96291924150251 0 710
0.00356895352668365 3.62000267442664 0 713
0.0217867417464 3.55063092116138 0 714
0.0951427286089471 3.32014583730505 0 716
0.151201773345227 3.29245488691298 0 718
0.726609866616217 3.23688158769448 0 720
4.23630028604096 3.22713863176197 0 720
22.1755776104141 3.13906941864615 1 720
0.366490222092207 3.03480015338086 0 723
9.00857796378836 3.42314655156762 0 725
5.46685168196376 3.28551158062275 0 727
22.7443151393995 3.29807492326773 1 727
22.9727484023175 3.02761756391852 2 727
22.277071303371 3.57749570062049 1 729
15.8435846199713 3.59469721377802 0 731
0.0120018798416761 3.1471681144435 0 735
2.50852479830012 3.8273683027605 0 735
22.0895183178686 3.49979514483593 1 735
5.96219453770207 3.03295384055505 0 736
0.0119413689693937 3.01609261131135 0 736
7.54190271134228 3.28539142663268 0 736
0.11873721799658 3.45766904266988 0 736
5.30343027582281 3.22287087995419 0 736
0.597623481746928 3.89330093317185 0 740
0.00148977161821849 3.04329448548197 0 741
0.30314978334628 3.083333909619 0 743
7.03768117863015 3.11856782096442 0 744
18.7110136551933 3.51535635627185 0 745
0.0364077181741266 3.43772841195426 0 746
22.3904572526548 3.30969854183222 1 746
22.2354458942168 3.04355693562265 1 747
6.14208216960598 4.16869844525525 0 748
22.969334571771 3.08256345214795 1 749
8.87435566097602 3.01964350388985 0 750
1.45818850104285 3.04299875728973 0 755
0.0105544801644468 3.19453927685977 0 758
0.0364836412698114 3.11370621772246 0 758
10.85349182269 3.07161398493809 0 758
1.20199526497834 3.62204856160326 0 760
5.47368959966418 3.06906426677708 0 762
22.1300940524411 3.70708263709137 1 762
22.3886082749228 3.3833407150292 2 762
22.8572811297037 3.16125250753197 2 762
22.1392240788929 3.06138844963112 2 762
4.58172918930821 3.50367443088122 0 763
2.71794423270746 3.16706836955977 0 764
1.70447321861237 3.46575638102463 0 766
5.25394674502099 3.03880834358745 0 766
4.39397304087874 3.2873258071969 0 767
20.1051149507934 3.06169719228116 0 768
1.55152321491903 3.38576555038038 0 770
10.0608586625739 3.13678916840891 0 770
19.7304406170794 3.24303735638465 0 771
8.66753399822377 3.2783018116402 0 775
0.132024174884148 3.00382000924687 0 776
3.28289555604264 3.72076623528789 0 776
5.16617900827612 3.47788034540375 0 777
10.3855588134378 3.8173239276244 0 777
0.0100427051704719 3.10425039345606 0 781
7.28738392800506 3.08405905616722 0 783
3.11994793483627 3.15134645473979 0 787
0.062438601114682 3.1650124775228 0 787
16.2466363373247 3.52499739131052 0 787
22.5658883574974 3.34870248802429 1 787
22.893204833729 3.04937843562975 2 787
14.0523743163699 3.61984507761305 0 789
22.8451801181395 3.90938638639402 1 789
18.0395381939478 3.26222278606891 0 790
3.39741090248352 3.2933992332556 0 793
14.1696967783796 3.22982622866374 0 793
0.0203636818559535 3.01294444776111 0 794
17.096182870578 3.04040797632123 0 795
3.9094676108489 3.21491842722293 0 795
0.683494388659785 3.01505316841694 0 795
0.435893640011818 3.7507276307271 0 797
15.2233783136965 3.11475707380626 0 797
20.459764379142 4.19173488767102 0 797
22.2526163786274 3.12852220095979 1 798
0.222627749001675 3.72789914759868 0 805
4.62270078598814 3.57861314724005 0 805
0.175705776588824 3.10254328829118 0 806
22.8581263440751 3.0712894214912 1 809
11.585244605825 3.16970699719565 0 811
0.00316650662677552 3.23574323272888 0 814
3.53014620839757 3.05692931570582 0 815
0.0501405293409434 3.19585364936051 0 817
14.2559344187888 3.02202639775912 0 818
0.00386099325296906 3.63210550475487 0 819
0.266260051722888 3.23474668817445 0 819
15.6073790300507 3.03396911471635 0 819
0.330902733019527 3.47252348029215 0 820
0.108301292561528 3.42667221653432 0 822
5.55683350306834 3.34621094604004 0 824
0.0278614824388482 3.130451957561 0 827
0.0601046825445438 3.01502220937021 0 827
0.00604910942504969 3.37948197399565 0 831
21.1432363270338 4.04557134249986 0 833
0.986623580307544 3.26260634095619 0 835
0.112419064535954 3.41162334047376 0 836
0.313522200087919 3.02984406942958 0 836
7.27304385083034 3.0353101209471 0 837
22.7240270063371 3.86461536165242 1 837
0.951325550559562 3.32788103123908 0 838
0.0511827237102057 3.01944038626076 0 839
4.64387753705963 3.10046055040247 0 841
0.954883610335288 3.19845338858765 0 842
1.52521163886867 4.49516672404771 0 843
3.19479628992662 4.4266579749017 0 843
0.0768094426890069 3.03553967713116 0 844
5.20353726252535 3.42178861264532 0 844
0.0702372451143552 3.07452683492571 0 846
22.8188321494121 3.02314197311954 1 848
22.8841218704662 3.39268784728306 2 848
17.1274444108764 3.16833189944262 0 851
22.321063576182 3.08921247238602 1 851
0.00438156590594803 3.40502872496565 0 852
5.58807884202557 3.78642389766797 0 852
0.490432149444926 3.5074325149894 0 853
6.13628121526155 3.58009269576544 0 853
18.122977402627 3.59983829327926 0 854
0.129212029354971 3.28078757297481 0 856
0.486505928999204 3.33786782115543 0 858
22.5291978844065 3.56722884441944 1 858
1.41219873578881 3.16807148906563 0 859
4.02958368717622 3.29794363204154 0 863
14.69520032796 3.09635585061593 0 865
21.1699454009047 3.50939514861886 0 866
0.0649912458095417 3.46796351692587 0 867
0.296382146649485 3.05000855240901 0 867
2.41526938066059 3.50993863291851 0 867
22.1858555582907 2.99638482546764 1 869
0.762413755106125 3.69352319577364 0 871
0.0508151805580064 3.32372342172703 0 872
0.766812224898309 3.26199334201847 0 873
6.74385029604204 3.17007907701757 0 875
22.150568585293 3.88815380815362 1 877
0.153891500160231 3.01482425727704 0 878
22.708662486551 3.39715843206728 1 879
0.0216759019334521 3.06675912579126 0 880
0.298981886785062 3.64780248925109 0 883
0.262123988647353 3.18431184712874 0 886
0.330154657927888 3.21034518892181 0 887
4.62755779709579 3.40805571611965 0 887
0.915492119431079 3.29266100817346 0 887
1.48502057613855 3.03735131939932 0 889
16.5382572140027 3.15367293397534 0 890
12.2390468230162 3.89328089887241 0 892
0.0475200731144196 3.16026711344889 0 895
20.5333911757879 3.24903180164941 0 895
0.475102014710821 3.18686429846529 0 896
0.0099176452576692 3.19805936368225 0 899
17.5335961803796 3.44070190274999 0 900
22.3288474589676 3.0677763800092 1 901
0.936338756562051 3.61677368147907 0 904
1.04234211910295 3.43801265312201 0 904
0.05415163666766 3.07943430986038 0 906
0.178753631928389 3.00512115439905 0 906
19.2739318780096 3.8821272262138 0 906
0.0186715295429469 3.07868982422897 0 909
7.42501889320134 3.30768853148864 0 909
0.00798149063122988 2.99632188668951 0 910
17.6921977686635 3.04441343994553 0 910
0.826703177292086 3.27892144706095 0 912
22.0273772309624 3.58396297886877 1 914
14.1565959449493 3.57685755968384 0 917
0.270271271506496 3.42967189782603 0 918
0.0818752075635635 3.30421376319664 0 918
0.368612183984609 3.85907062085295 0 919
8.21003934791753 3.17308203166684 0 920
15.791429664123 3.17564319949333 0 920
0.0382029633126231 3.11575846127592 0 922
20.9303489466918 3.13036680421432 0 922
0.0890950464691744 2.99510100404076 0 923
15.7836518115255 3.19157427613164 0 923
0.0365389166818363 3.15222000100221 0 923
13.8578690616492 3.13164768149198 0 924
0.00193837127657825 3.62272846314122 0 928
17.7619397040737 2.99934971803819 0 930
22.1810778839603 3.10194221724116 1 931
0.0160027867682529 3.39088459764256 0 932
4.9231813056675 3.35685493974978 0 933
0.11033986068545 3.42590955527796 0 934
0.147367817545999 3.48455211013975 0 936
1.17633200467911 3.1906313959368 0 938
0.0304181575439863 3.53770654701114 0 939
0.20705368129404 3.44950204693006 0 944
1.34872463088511 2.99605848630718 0 944
0.0469586929206352 3.31640267924681 0 947
0.231072907008379 3.08658110264894 0 948
22.6891015087344 3.1990939471996 1 948
0.0422468364170876 3.34270996212604 0 951
0.0736126337433732 4.20597346879113 0 951
22.3041762822863 3.43000532039954 1 953
0.0905822842132346 3.29530261196219 0 956
0.103512542199749 3.36978619750935 0 959
22.381517190402 3.25162115093156 1 960
0.0544042161768323 3.22669002856344 0 962
0.558194975721519 3.0533338287981 0 963
0.0703261006960523 3.50802516357295 0 964
3.09969371480673 3.50772159751554 0 965
1.2836281528455 3.35395098155794 0 965
0.043137509865535 3.81855860858511 0 967
0.125521667637767 3.71156637645171 0 968
0.0823322004985129 3.12265698256544 0 968
4.83584751270146 3.07238871197611 0 968
1.55275668462848 3.21091280660255 0 969
0.593905391764499 3.04075449753557 0 970
0.0369783981850987 3.06650702720754 0 971
18.7148514158025 3.28601401333131 0 971
11.7532904559825 3.2337288273649 0 972
0.0687648652742378 3.02261720414491 0 973
6.37284319180764 5.22485577283601 0 973
5.02487156150175 2.99588275720565 0 974
4.86008639743354 4.11148822312009 0 978
0.114891734771935 3.03366847843384 0 982
4.4999164868539 3.21265869242805 0 982
4.59976883524691 3.34013301881733 0 983
10.4843322151484 3.38097836307291 0 987
22.419841458704 3.18609962811359 1 988
2.36496553555771 3.3953911931469 0 989
22.5405415072882 3.4437969984092 0 989
0.021342854491875 3.0655825590835 0 991
21.1195025972985 3.49930165842578 0 991
1.96181316154922 2.9942016656383 0 992
7.51418411722254 3.06002451065938 0 992
18.7135591443949 3.05083072091542 0 993
2.13954342399408 3.02402767365559 0 994
22.408206833908 3.23592045017608 1 998
22.4346608696936 3.56264576817088 2 998
22.8719446532327 3.55787189285032 2 998
22.6534785352619 3.23575078401828 3 998
22.657275242799 3.18328403497314 4 998
22.655944279697 3.51404881571908 4 998
22.6781311490094 3.03165046517635 5 998
22.703136185943 3.26340389438945 5 998
