"ts" "magnitudes" "gen" "cat.idx"
67.2872356187816 3.95748180030026 0 1
1.9889825352665 3.08366441367291 0 2
46.8287342458938 3.00610707490219 0 2
95.9095688559769 3.13593686691649 0 3
63.9135788783341 3.36511359374257 0 4
65.4076352887745 3.23040994513242 0 4
81.522418596332 3.34706361792021 0 4
95.8899557194244 3.14608852286613 0 4
96.1048890834382 3.30277047761598 0 5
0.398155371946292 3.31861176472041 0 6
67.4493112165158 3.62862194437575 0 6
95.9499419950296 2.99463907058637 0 6
67.2567257260426 3.12920778039447 0 7
70.5099862744709 3.18156763451151 0 9
87.7660669249066 3.09052965287342 0 9
68.6897702473479 3.00874765633383 0 9
68.6341742555263 3.27998870416938 0 10
67.2790100443494 3.1914837109671 0 10
68.1657008661965 3.05666305760364 0 10
96.282022854664 3.26481319511363 0 10
67.3521866656664 3.89491860226818 0 11
94.8673039920299 3.0192468362432 0 11
89.4178691146262 3.28000548155637 0 12
89.4806443591449 3.08979478499508 2 12
82.1717105892266 3.36099880561014 0 13
94.8311513371948 3.3716982076319 0 13
95.811579146662 3.26784127755117 0 13
1.3424907485193 3.35429739455444 0 14
67.2590193040832 3.53521003142826 0 14
10.1565342091195 3.2795356403676 0 15
65.9093738945066 3.52057437314231 0 15
67.4118204087343 3.19147453196294 0 16
95.8888217222228 3.02196462819216 0 17
81.9603749068493 3.13417451023563 0 18
67.3199262351879 3.47016287286384 0 18
95.6307753838869 3.18140631127576 0 18
67.2718626917171 3.10228204382807 0 19
95.7988257082009 3.00416415465389 0 19
63.7397002339248 3.28518617958545 0 21
90.7718076482508 3.05643411386162 0 21
65.2478063175864 3.11572104496 0 22
67.5834138492093 3.13054637368096 0 22
95.8325678420022 3.00940250295685 0 22
80.5983613866003 3.10778179865189 0 23
63.7413762591299 3.71582148375343 0 24
67.2756866072355 3.15824363905611 0 24
96.9797462464582 3.24013065402364 1 26
68.7918850952403 4.12956548645172 0 27
67.7967782258475 3.24023219127547 0 27
68.0878003824257 3.12812533417987 0 27
67.3047417276573 3.14201919636676 0 28
67.7638811398316 3.19352730479176 0 28
95.9829519914254 3.66718815884436 0 28
67.5554272722161 3.13163730464084 0 29
67.4984468120369 3.17986783457315 0 29
82.0874728107001 3.37985018753719 0 29
95.9750662891263 3.14546704422197 0 29
96.3522008142244 2.99318513792426 0 30
0.265713280888781 3.15999305075834 0 33
95.8388123318276 2.99565523074253 0 33
97.1623174766919 3.09734052920121 0 33
97.1682904919194 3.04004677990856 2 33
63.7509601517693 3.01571297374543 0 34
67.2994457178067 3.36010973631031 0 34
68.1270120209172 3.1555116078007 0 34
91.8861319480211 3.23760070018289 0 34
67.3135321961079 3.11298188454583 0 35
67.3985735099634 3.29593576400083 0 35
90.7753052466799 3.5068354796569 0 35
82.3747197948715 3.16002386127987 0 36
96.2366758822518 3.32804546021918 0 36
63.7585526685783 3.1907819297077 0 37
67.254888212137 3.07484810333532 0 37
67.2932793337904 3.19045583867346 0 37
68.3199287224303 3.08837830712864 0 37
71.7575508410598 3.24726216033616 0 37
96.2378616719843 3.64318183172518 0 37
96.0302737319046 3.26648625169938 0 37
67.2743477735102 3.23423716196365 0 38
67.2594302396743 3.2151444544631 0 38
72.020282820447 3.02114019221164 0 38
96.2138501662922 3.04198235611429 0 38
67.4829941388068 4.30159046152792 0 39
96.1333802736041 3.20861813099937 0 39
96.0296555980423 3.17061302405998 0 40
96.4069249459815 3.26617816991391 1 40
67.3671904691692 3.00516010243517 0 42
70.3207933995813 3.03907545464322 0 42
67.6116138723005 3.18507350906353 0 43
67.2916506749967 3.94864014964795 0 43
67.4959607921676 2.99490607386487 0 43
95.8799677657947 3.17411521383147 0 43
67.6848483603755 3.43434003259404 0 44
69.3209133353942 3.31254631897437 0 44
71.2993539334241 3.13308939546343 0 44
68.0572538353754 2.99654721991237 0 45
94.1743822153601 3.01294821447689 0 45
96.6024189874436 3.02754682041543 0 45
77.6845814108243 3.01350081356875 0 46
67.2549694966851 3.12649916813475 0 46
67.3109990631773 2.99420125694198 0 46
67.3306863256527 3.04239480537754 0 46
67.6348854410877 3.16852934512499 0 47
83.022771653477 3.10646908062897 0 47
76.4774053264334 3.02557600857318 0 48
82.3786983197605 3.21767419624769 0 49
95.6000366124832 3.32082721404493 0 49
95.904435246341 3.33021485190454 0 49
96.6434668448587 3.19013529942572 0 49
96.7067374480404 3.28102444701191 2 49
67.3146204289783 3.42051522562921 0 50
67.2646229057455 3.00891132012152 0 51
69.6997912027357 3.42348288439821 0 51
85.5950668416572 4.02925490587516 0 51
63.802516491503 3.08749263858206 0 52
67.3520756494566 3.76307856790136 0 52
80.3818465456878 3.05781658819598 0 53
89.8264352160477 3.41207671617325 0 53
96.2797656679042 3.12909965855723 0 53
72.2169955188031 2.99561710961886 0 54
63.90145502809 3.02637875323243 0 55
95.9074180410029 4.0148670365672 0 55
96.1977869342886 3.22146406985763 0 55
63.8642795622264 3.08967114998585 0 56
68.8171829805744 4.14598856585109 0 56
80.4642945696585 4.10666611799876 0 56
63.7988373582289 3.1081701055959 0 59
69.2755268649862 3.1502864391929 0 59
91.9482379626746 3.10835637234998 0 60
73.8678695473786 3.52979701056044 0 61
67.761760191569 3.25670506842381 0 62
95.6923594006233 3.78127918118738 0 62
90.263881794804 3.22496255585073 0 63
67.2530238906146 3.61508521794034 0 64
66.31251165659 3.30850504073658 0 66
64.050393303969 3.10219576164978 0 67
67.257232686598 3.59530713018924 0 67
79.5595698912942 3.16827616836127 0 68
95.8553862305234 3.87061209209828 0 69
67.4776819089079 3.14201402313182 0 70
67.5801971262833 3.12050269354067 0 70
67.2786621821529 2.99858369208111 0 70
70.5073071493025 3.3136242159525 0 70
78.8296241798639 2.99573754199868 0 70
95.6787986928515 3.03679041309377 0 70
64.0518983310543 3.09295390990002 0 71
69.9326378904341 3.12483611799337 0 72
96.6376444478326 3.14921757350757 1 72
88.3424149263433 3.16535974902181 0 74
95.6933796940944 3.01045949781685 0 75
72.3468263949628 3.24922234471816 0 76
67.2898117021097 3.3586870462586 0 76
87.2932204280799 3.21593301581228 0 76
0.135084962598818 3.13305175086693 0 77
95.2621083499264 3.02352072785575 0 77
96.3145571120356 3.41639864910956 1 77
83.5983371963155 3.59155824886777 0 78
97.1456667610716 3.18129305027114 1 78
3.0603680776845 3.37801891791831 0 80
68.607338992685 3.13741012988038 0 80
67.9194494254408 3.2053121548444 0 80
74.2039886618977 3.62953891716986 0 80
96.248952193684 3.74605102998408 0 80
67.3606234334395 3.03859329751307 0 83
95.7867850788323 3.26495851341279 0 83
95.9079513330974 3.24295545601006 0 83
0.071395287166285 3.40813559367862 0 84
64.1758938196485 3.66525280033004 0 84
68.1976471939445 3.29456032215163 0 84
73.9377171134756 3.23176756004403 0 84
79.2879244379605 3.00099734026567 0 84
66.8601139963269 3.46083663725178 0 85
67.4380480374231 3.3900794168665 0 86
68.7393438671952 3.02399545888797 0 87
69.7923050246965 3.03761748153759 0 87
67.3465465928371 3.18860628440694 0 88
96.6524624819674 3.29828320081382 1 88
63.775869922299 3.43712001401589 0 89
67.2611020462378 3.03836102449276 0 89
91.398866998088 3.61786634698387 0 89
95.1976081292179 3.10993495368829 0 89
96.2024773676214 3.0852521755771 0 89
0.460270534592993 3.78433864120762 0 90
63.7577860395293 3.48555836229036 0 91
86.2559514077376 3.58054744236991 0 91
67.419778331395 3.17433024868587 0 91
95.8649255544862 3.11475363503122 0 91
96.2032688951132 3.16653110174618 0 91
63.6646931302299 3.21598359599557 0 93
63.7702708500585 3.93940312575597 0 93
67.7571590046614 3.59776031573477 0 93
76.3211555771493 2.99161381798943 0 93
95.8110314306939 3.35818965708645 0 93
69.0357333543805 3.03131403637211 0 94
67.2655037766275 3.95969256655701 0 94
72.3988405464234 3.13811183085475 0 94
63.6908137581203 3.15647248813337 0 95
68.305051469476 3.469215660035 0 95
69.7819380338522 3.00639352420266 0 95
67.3418215151884 3.24736444883562 0 96
95.7320405397789 3.00722595391917 0 96
96.086267599463 3.00819322539886 0 96
84.6096564398089 5.57870627029955 0 97
67.9923583178229 3.64495889844377 0 98
96.1869417846519 3.1106204223902 0 98
96.030024591851 4.23055408059591 0 98
96.0431986700328 3.06365282404882 2 98
67.8388270625428 3.24648056413182 0 99
93.4748088949977 3.66784246896427 0 99
67.4012808405792 4.49419650353559 0 100
67.4529632936046 4.29004132533317 0 101
68.5659716993912 3.45567676340183 0 101
96.3893279857572 3.2093058307166 0 102
97.0306092758935 3.46857679043859 1 102
73.9561488014527 3.16294124373689 0 103
64.2063260772499 3.30880370927812 0 104
67.255431579883 3.11572784499575 0 105
96.072349349714 3.07878101546536 0 105
95.7968033458204 3.65459946768397 0 105
96.6073928613313 3.73173667638953 0 105
97.2489671622741 3.00380366203987 2 105
67.6496420525455 3.12311244652975 0 107
78.8502653333165 3.08554193182599 0 107
95.8546766635026 3.29196784510119 0 107
96.9114286926646 3.36679167294113 0 107
97.2235743301199 3.36641802150161 0 107
96.9551177385535 3.29194150553188 1 107
96.929367290307 3.33912415150828 2 107
74.5948967504972 3.27088854945992 0 108
96.8855203504669 3.43557608658047 0 108
67.3929359026145 3.39421336914506 0 109
67.3022975473565 3.27989573666216 0 109
67.3286867768405 3.43823038403905 0 110
71.6434050412548 3.54502879503657 0 110
80.9809364485435 3.0590671033365 0 110
95.7930562684164 3.06392393288447 0 110
67.2546646848642 3.00058262176857 0 111
67.2526707801246 3.36234291387319 0 113
95.9470656282659 3.12046146641347 0 113
69.91353421802 3.43479906763169 0 114
95.7453996836042 3.2052436350439 0 114
95.8111745277213 3.09050582479152 0 114
67.3138633642908 3.08962957240414 0 115
66.9883503048737 3.44542645751064 0 116
71.503902803151 3.17276463186726 0 116
65.0868857940507 3.68174130667251 0 117
67.3887041864702 3.19592740919916 0 117
72.5913884941478 3.47325917936622 0 118
67.2653772077925 3.28176366575143 0 118
69.9217844849466 3.00155538933927 0 119
67.2681238293902 3.31935617270452 0 120
96.7546284989279 3.32296425526718 0 120
96.1930412305056 4.37716915025273 0 120
96.2037926825951 3.29119227308514 2 120
96.2090402809212 3.17207161016053 2 120
96.5264649661752 3.37284251580921 3 120
67.2800200808493 3.05830012713776 0 121
96.3277070515273 3.26373770727555 0 122
75.0051479958701 3.5331243342055 0 123
67.3691728044641 3.38455559530051 0 124
95.8708038323149 3.85394560177758 0 124
67.2708820125571 3.27128349885516 0 125
69.3741572568706 3.14432399394466 0 125
95.999278736645 3.03552350465626 0 125
67.6658035999123 3.23421487042195 0 127
79.4407871411081 3.09005998900491 0 128
94.2514739833734 3.23773402657918 0 128
95.7931950796946 3.15051402911328 0 128
94.7288216938823 3.92741000660588 0 129
67.2532160127159 4.21385659964252 0 129
69.2604980395026 3.14752729234574 0 129
68.7391958808097 3.1616446654314 0 129
81.097334350315 3.17503935118383 0 129
96.9800285722485 3.45421985009738 0 129
97.1114141617734 3.3787911261267 2 129
5.97437201001512 3.67901921691172 0 131
67.2855913252665 3.70238858898817 0 131
96.2294952029479 3.13665284348046 0 131
68.8071175942243 3.29353122664718 0 132
63.7502697312811 3.20468855894731 0 133
67.5551956284871 3.6962701803456 0 133
67.3509788062918 3.555842371176 0 134
67.2625375912067 3.02698274467635 0 134
77.3066860034797 3.08124625018491 0 134
95.815289567942 3.06762844049422 0 134
6.90868195470995 3.23440398307428 0 135
0.199477614313262 3.20611960273353 0 136
67.4116173451062 3.27096322664473 0 136
95.8718814579218 2.99639757381877 0 136
96.9420369066086 3.17484960330646 0 136
67.6099740349536 3.05259066778691 0 137
81.8280823955819 3.08765716657008 0 137
95.8783826234224 3.472499868491 0 137
95.885651351925 3.07734834868886 2 137
64.9247516140756 3.22015882392055 0 138
95.6721294941418 3.21810197197263 0 138
95.8847520655136 3.29063334588165 0 138
95.8835631180238 3.92771633070502 0 139
11.3605216250962 3.61579441178147 0 140
71.7414297665873 3.12019349463106 0 140
96.5896936634208 3.36941601309121 0 140
96.596147793628 4.10164775624025 2 140
95.795067560463 3.23597029146776 0 141
95.907393556563 3.71218699256183 0 141
95.8852397379505 3.20406953960066 0 141
70.3071507416803 3.32596807832406 0 143
67.5822141423304 3.2231501752603 0 143
96.1953724198783 3.33448137318069 0 143
69.8951461472017 3.01488861204355 0 144
95.8817732201873 3.71114244112616 0 144
97.025416223125 3.16183866287776 2 144
96.4439322892383 3.01198279393486 1 145
67.9689624558387 3.17466805860978 0 146
64.8086578307755 3.01422712141322 0 147
67.9050225413162 3.15381872302854 0 147
70.9214752560665 3.15889667699343 0 147
67.3778155808817 3.00618029712508 0 148
69.2531075518507 3.06976266576394 0 148
82.924362252058 3.67818381540304 0 148
5.30793541464585 3.76842761723389 0 149
64.5262000273613 2.99829497972246 0 149
82.9910510305363 4.00935728611586 0 149
76.8052508131223 3.2957688710881 0 150
67.2563082697285 4.20292045096396 0 150
96.3099572209087 3.29801569104912 0 150
22.6394278420042 3.18864725053201 0 151
68.0476627618852 3.14651605424474 0 151
69.3415494900706 3.90664025390639 0 151
73.5817020295498 3.53691666397469 0 151
64.4745370747614 3.25117478032933 0 152
67.2604460202549 3.54011361130969 0 152
67.3058486331484 3.05164096822825 0 152
67.9555218192768 3.18098414523509 0 152
70.24223548063 3.36801721019279 0 152
83.7792261221682 4.03377490413435 0 153
68.0437712845725 3.47945206242784 0 154
91.8913664614651 3.57527364632316 0 154
80.8415898586259 3.50035993648314 0 155
96.2078972160104 3.01971427504401 0 156
67.4173755394075 3.02131054631863 0 157
69.8537094506947 3.06461891043165 0 157
67.6119507195608 3.32017421367494 0 158
92.0915597020488 4.14501086004554 0 159
72.3540755027054 3.160714787244 0 160
82.1303511470297 3.17431480002574 0 160
65.3708934511844 3.49715623120352 0 161
72.6151813727758 3.11382942511936 0 161
96.1984410259277 2.99057607489425 0 162
0.00971435958721437 3.1909345246116 0 163
46.3419684685501 3.27044439896636 0 163
68.1754518212901 3.15579902098508 0 163
96.7753142283856 3.29953121090951 0 163
67.2716761046738 4.2894875972679 0 164
95.7801647427091 3.46802693079241 0 164
95.809703898756 4.08097791675998 0 164
67.2675483449411 3.07411740438085 0 166
93.9600593203129 3.31857298483477 0 166
95.8541061595889 3.56256739360852 0 166
67.2582465953607 3.00576429668848 0 167
80.5969187003796 3.09023561193148 0 167
96.0023772877578 3.49821387415572 0 167
67.7770263973738 3.00673269908652 0 169
64.0507024336135 3.17723715835573 0 170
67.2726788287559 3.11024748368331 0 170
68.3677018793214 3.06012710555304 0 170
95.8281174571484 3.73507663360254 0 171
96.612615023985 3.04617431083111 2 171
90.6961245287391 3.06234515086021 0 172
67.7849886810842 3.26235461457966 0 172
67.3308562394604 3.48202841737344 0 172
78.1423060481264 3.94840549497771 0 172
95.816803321886 3.02501312712417 0 172
67.2882428065242 3.00153605867007 0 173
95.8370963917889 3.02554654396224 0 173
96.1933494199531 3.02973447086678 0 173
95.780815365354 3.17026089522284 0 174
96.0736817663618 4.27175217188348 0 174
67.2696021559226 3.0239991380637 0 175
72.9615890427176 3.07585038340099 0 175
67.2760542637691 3.69899870816444 0 176
67.257129573103 2.99691584559004 0 177
87.2370832114307 3.23717541676141 0 177
69.2541672622301 3.04286720868022 0 178
94.6145891448964 3.08395376778608 0 179
96.8631560710773 3.21692518647873 0 179
95.8849489591789 3.6470729120978 0 179
96.8217114941024 3.25191320247071 1 179
67.2987167276621 3.01148896672248 0 180
68.273906055581 3.83254863550414 0 180
95.6801720352797 3.41124171991053 0 180
96.3489416272738 3.04711981967512 0 180
96.8099347390041 3.06099891923344 1 180
67.9549533968962 3.01481260013369 0 181
91.0155392063963 2.99255298091488 0 181
83.6218646456803 3.30319527244593 0 181
67.9682121917859 3.423170311699 0 182
74.1392173028991 3.32004026368479 0 182
96.0042358292947 3.29541376466438 0 182
53.7580048871446 3.55414021312959 0 183
67.3689342567836 3.50508234517441 0 183
92.8886200768511 3.18920364087961 0 183
93.7122400174727 4.25925571337916 0 183
73.8116921596305 3.24524165260377 0 184
74.9320074796143 3.39704318152411 0 185
95.9849505015162 3.73366358342061 0 185
65.6115938566835 3.5660602934916 0 186
67.9280765503981 3.00043848049831 0 186
95.9420956707403 3.11097053925386 0 186
63.8359081531159 3.01361270742326 0 187
63.7375402944207 3.2363638682286 0 187
67.44481967382 3.05618748802428 0 187
91.8789584806334 3.26146501081911 0 188
95.8347472295742 3.51322384478607 0 188
95.8806185001795 3.12493966479498 0 188
66.9514957213541 3.55500952806726 0 189
67.3116437330293 3.0377851741909 0 189
96.4076919955129 3.32129744232303 0 189
67.5008830527159 3.09885435691699 0 190
92.3194413447844 4.4314944144984 0 191
95.9339390870932 3.22224879477925 0 191
96.7315367334329 3.36290417509922 1 191
77.4525176418499 3.62275590123647 0 192
93.2806774461992 4.01043723810532 0 192
95.9480577198179 3.06289283092636 0 192
96.8987662970929 3.28220714760691 0 194
64.8435805886228 3.42980866718455 0 196
96.3599930898274 3.20887305843147 0 196
96.1994051070736 3.05624148350301 0 196
96.2797861984212 3.17150159316884 2 196
83.9349507861379 3.09941631934957 0 197
83.5815509424101 4.22236309684456 0 199
73.0717302786494 3.38542725756506 0 200
67.2629217521955 3.83996514483573 0 200
67.283647323061 2.99823127097989 0 200
95.8488598964411 3.47208529894596 0 200
75.5123504521152 3.40667151340401 0 201
67.2709433614481 3.46099908085829 0 201
67.4027511977021 3.8598978524916 0 202
67.2540313691432 3.07792173897439 0 202
71.8546694158246 3.19909451510267 0 203
69.2637392506131 3.47525344548617 0 203
64.4109518651007 3.94097236542423 0 204
65.6053546361244 3.169789044723 0 205
66.9048855879172 3.03320798857061 0 205
0.99189706131915 3.80363435096895 0 206
95.1776878945236 3.47293448687769 0 206
93.2614907726568 3.16826358602868 0 206
97.2471764893078 3.5470075196065 1 206
67.2967733377267 3.04470854761817 0 207
88.4781440120039 3.44289475448522 0 208
30.4314400325116 3.95695058609051 0 209
92.9026563543189 3.00278549903747 0 209
97.0532456339162 3.12836319506795 0 209
97.0739540371385 3.04531763862428 1 210
13.6939365139262 3.44022061178942 0 212
66.0008166745351 3.59425125032253 0 212
67.3431669615392 3.15302217522436 0 212
68.2637369705079 3.10473426562876 0 212
78.0981916759221 3.50153976306663 0 212
96.3035398089664 3.15972569217189 0 212
96.8449823115759 3.46048471958511 1 212
96.8519449527524 3.07321119240647 2 212
67.2559583390138 3.11190521363947 0 213
69.9313800247198 3.01104096304792 0 213
86.1178145299797 3.04658412672534 0 214
95.9677920034141 3.16072377765405 0 214
67.6762249423928 3.27236695490807 0 215
67.3497537054996 3.22416484945021 0 215
96.5182032149557 3.01881836299492 1 216
67.8306561867359 3.01035603357249 0 218
95.8770942683902 3.09144755844011 0 218
69.7898705247172 3.39957056802159 0 219
2.29362866620217 3.31563403054398 0 221
68.4496224171371 3.09096540721772 0 221
73.6545560396914 3.30096705558985 0 221
95.8833561413736 3.04766816894543 0 221
68.344030916538 3.56183620287734 0 222
95.8392492023582 3.3438198694893 0 222
63.7438441036729 2.99618086237518 0 223
96.634493176806 3.31730826890812 1 223
93.8117451578641 3.81586476847042 0 224
95.3060503759695 4.25683714735028 0 225
95.3551713647806 3.00173743170106 2 225
63.6669340050502 3.88533742094864 0 226
64.0962824243315 3.01856255349303 0 226
68.3534593823453 3.07251882706785 0 226
95.3402923727963 3.55284293153934 0 226
64.0961181949584 3.01598292386709 0 227
95.4948849383141 3.00056877305995 0 227
96.4646859412169 3.07767438348694 0 227
67.2571252991086 3.98767811155255 0 228
67.2896781797773 3.41487410793695 0 228
68.1937840937834 3.13722246949914 0 228
95.799201155455 3.17926276391966 0 228
67.3221626356275 3.64499444563138 0 229
67.5372695981304 3.2641520614143 0 229
67.2774461911825 3.02867183650624 0 230
68.1375177144262 3.35048412826369 0 230
67.6197020893718 3.11965577325438 0 230
71.0052601193757 3.06748265184566 0 230
95.8571833310254 3.21583572720717 0 230
96.2083549770958 3.22877236901043 0 230
0.705595504789303 4.396594151048 0 231
68.3695409353144 3.11899882879637 0 231
69.015087376224 3.2801030962664 0 231
67.2613881701639 3.10624310398353 0 232
95.6611279360742 3.25681573750163 0 232
96.0356292440109 3.1758605849238 0 234
67.3027215317248 3.03890221072911 0 235
95.7301131232926 3.14222531458245 0 235
95.9236008449853 3.37471151072295 0 235
67.325158684455 3.02762387460748 0 236
94.8354628020014 3.83394376536673 0 236
95.9521837959698 3.23799486007707 0 236
0.59423090703022 3.06686361056455 0 237
72.626762662615 3.0278094492874 0 237
73.7973458454291 3.31265997017888 0 237
63.651868439092 4.23662492325024 0 238
65.2177864530607 3.51265577120545 0 238
67.2702192913367 3.40594388379511 0 238
70.6939855051715 3.07280275557838 0 238
71.4326206584158 3.67299734273226 0 238
71.8167766891673 3.57753329401634 0 239
67.4511484542319 3.68675759031203 0 239
97.2499655934323 3.30405011910989 1 239
96.6009500971802 3.00040530109327 1 239
95.8866572133148 3.4991086634821 0 240
84.246137457779 3.24472947582064 0 241
75.5099644811683 3.30534342082974 0 242
67.5387524876355 3.06875207323534 0 243
95.8259243350631 3.07521933235595 0 243
90.3490251760825 4.14756567191385 0 244
96.656241775471 4.10261538430359 1 244
0.0828504148543149 3.10358683863249 0 245
67.6656284896996 3.14277454744269 0 245
79.6595529818922 4.12429821076234 0 246
96.8707868168926 3.18611341169222 0 246
96.8783367770386 4.4314695570371 2 246
96.8937550154447 3.03076524144406 2 246
96.8952283447901 3.21137928285188 3 246
96.930097188701 3.75980461775317 3 246
97.0089483590273 3.09824078604665 3 246
96.9036611092078 3.37095331555885 3 246
96.9380674735808 3.3032615097275 4 246
96.9077676297949 3.78462417051835 4 246
78.2843350256156 3.08034345375365 0 247
96.3524073134425 3.34847642142696 0 247
67.2902717060393 3.26003416965583 0 248
83.7322798269493 3.18368844482464 0 249
63.7746402978292 3.3463753624184 0 250
67.2758552677564 3.0728966309104 0 250
70.4752517779148 3.24608802328788 0 250
63.7629129761006 4.15552642901041 0 251
67.5277978417872 3.82085544431041 0 251
67.2616016849841 3.25330570001564 0 252
0.0170349211133348 3.61926004322825 0 253
70.3758261554806 3.26032044498724 0 253
72.5321850943271 3.11754112393732 0 254
67.2552644699703 3.04567218702967 0 254
95.7899281652803 3.18227497619184 0 254
68.6476634341896 3.30832393191784 0 255
76.4799934747407 2.99657529606019 0 255
67.9953395161953 3.61958476623564 0 255
94.3406806023155 3.2050407979113 0 255
71.0909746363788 4.15538806485767 0 256
71.5702420791619 3.23307401709737 0 256
67.2546996378208 3.60052641965964 0 257
77.3443032777542 4.13846267375263 0 257
67.3748647318166 3.8478195342475 0 258
95.914772035242 3.49745579378718 0 258
96.4642211206623 2.99926606668096 0 258
30.0501785193783 3.68387431045818 0 259
91.9627451040163 3.56110193223011 0 259
95.2080541881056 3.5258110429113 0 259
67.2897017433925 3.50154834296259 0 260
89.2229615842468 3.13980265901524 0 260
96.7194064616015 3.08642529179886 0 260
95.9127933566536 3.09688690391271 0 260
96.2049496475536 3.74530117541897 0 261
69.7430341499746 3.17380799433979 0 262
70.0042723745169 3.20547803481491 0 262
67.5657108114195 3.45821303291678 0 262
95.882540820357 3.58041666015491 0 262
96.251874325344 3.52503546094449 2 262
67.776118421622 3.19852584311268 0 263
68.6670014710005 3.27228909992627 0 263
95.665348095193 3.23397130182937 0 263
95.81398440133 3.44516987872067 0 265
95.7729685417219 3.12123386670004 0 267
96.3534867188234 3.14484923051431 1 267
96.5435391505352 3.23667642078642 2 267
96.4095982363532 3.37947732057511 0 268
65.561027406756 3.44936410389511 0 269
71.5216597572558 3.10253178606462 0 269
67.5905110916978 3.17859633852708 0 269
95.8539542469494 3.24867716504076 0 269
91.3235477002351 3.16842854195112 0 270
69.2364163612333 3.30465405410873 0 270
96.9082692903273 3.07482741879572 1 270
97.2128437740161 3.08655344354259 2 270
95.802038674118 3.51337272597653 0 271
97.2128501523376 4.11239375358048 0 272
67.7358850437733 3.18782290733715 0 273
67.2698359487859 2.99167567625206 0 273
0.0482161687852918 3.09425621374096 0 274
67.365640466123 3.20368164665481 0 274
95.8124289737614 4.37379990809745 0 275
95.8214253151432 3.1541401340019 2 275
67.5079829097465 3.06953959422521 0 276
95.3865694421901 3.04367169476269 0 276
95.7978048614797 3.3239481557455 0 276
68.2669483287172 3.06612441102158 0 277
63.796540192087 3.00510689018443 0 278
63.9742057708014 3.11698138942515 0 278
67.3620812902144 3.09939751689536 0 278
96.0308290957672 3.27566604245483 0 278
82.0023218914658 3.12496852617504 0 279
85.6271044414735 3.09307589280889 0 279
67.5585899338679 3.09762728022958 0 280
64.7315853770989 3.4678325626282 0 281
68.6519623017207 4.02607088951781 0 282
96.2127372840722 4.29517052286635 0 282
96.2144706814475 3.74234532693477 2 282
97.0088892191855 3.16118846021432 2 282
96.2232419731929 3.05570677753972 3 282
69.708261516631 3.0183044538875 0 283
96.1453496988797 2.99969218788768 0 283
95.9796525224689 3.29868554611938 0 283
74.1347068012389 3.19973281588713 0 284
88.2458352655587 3.17745581934937 0 285
67.6096262151118 3.4594075359305 0 286
45.4514123401997 3.77891810409699 0 288
65.2732947135216 3.157287793959 0 288
68.4982278617673 3.02418114743826 0 288
68.1110942424895 3.26884848620791 0 288
75.4326387722806 3.03903047390637 0 289
95.9309230210468 3.87107996545883 0 289
95.9867636993842 3.44789375598063 0 289
70.9057840485036 3.08824731844474 0 290
81.5183625688364 3.13372697747896 0 290
67.4016951999146 3.34387146352555 0 291
67.6857868162623 3.30730743401973 0 292
71.1624666636101 3.08760309398741 0 293
69.2405991001484 3.43896716018556 0 293
64.5797261113459 3.04358174672089 0 294
78.2851315930509 3.19615236152864 0 295
67.2976824792876 3.63438774011483 0 295
75.5493974248598 3.63527856902044 0 295
75.4365361583781 3.6119846445 0 296
91.8729678867479 3.60708402566036 0 297
95.9419299860325 3.49583098507827 0 297
67.5680196833439 3.12073501209862 0 298
67.2825644630554 3.27202317559018 0 299
67.2724919214039 3.01551092502 0 299
68.6441980387124 3.37950684244594 0 299
69.3470499722203 3.09144108882894 0 299
70.392060933803 3.78301261039607 0 299
73.0316857715633 3.27525921844722 0 300
67.2909360870634 3.00705309623779 0 300
69.3630207339138 3.26065987300923 0 300
96.2986739914301 3.27207276445418 0 300
67.3353087761837 3.10055419578602 0 301
64.067776477131 3.28345151945317 0 302
67.9091313021551 3.72215649962272 0 302
95.8830803229472 3.1713340666102 0 302
94.0964713497875 3.09502298498562 0 303
65.9144421930335 3.45749498227203 0 304
67.3445585827367 3.90401382520165 0 304
96.2653540724229 2.99613960725996 1 304
69.5970931810683 3.01446756199626 0 306
67.2618921378806 3.11789562459203 0 306
96.6813750387907 3.00119539021771 1 306
67.2532818905261 3.51460529094184 0 307
67.2762279385131 3.13470153549545 0 308
95.8812048520701 3.46425939103205 0 308
96.9072641831053 3.11542279678044 0 309
95.8871781338502 3.57837808111584 0 309
67.4230999722106 3.29847472457195 0 310
67.2868527523811 3.33214236615487 0 310
96.1997323471311 3.3461387230103 0 310
96.2549216524091 3.20611640723732 2 310
96.3630979217296 3.02865578499468 3 310
96.3625763148999 3.18881100520843 3 310
96.4232586891042 3.43355741277885 3 310
96.483463915094 3.59950114572327 4 310
96.4277833517926 3.28124864053042 4 310
70.3585504847047 3.35018699877128 0 311
67.7156818539007 2.99902947661305 0 311
90.4053852049265 3.01589236837643 0 311
67.2709502158085 3.14411587360176 0 313
97.2347694274945 3.25909772872358 0 313
67.3481115263229 3.05806683819116 0 314
78.9517143630681 4.27245239318934 0 314
64.6659416017522 3.05625380862051 0 316
82.908100139729 4.14185388151877 0 316
83.8650621383685 3.12587541304919 0 317
69.2796581195034 3.88210981193344 0 318
67.3600927355068 3.12531033508421 0 318
68.7875029134412 3.00866723692657 0 319
67.747606373081 4.7332009778177 0 320
67.367409796427 2.99891911117702 0 320
75.5346000085041 3.13913348090604 0 320
67.8693827958479 3.08908571424885 0 321
80.5910158401426 3.71786929122225 0 321
96.1107515247518 3.43000924739854 0 321
95.7913289715279 3.44861517107821 0 321
95.8404260046921 3.15243487952799 0 321
84.8866948378289 3.28594440014004 0 322
96.3372809216908 3.07178813577023 0 323
96.1237500648726 3.00173644229759 0 324
69.938480159194 3.69566070113433 0 325
74.1666025707732 3.56553648599573 0 325
95.6334241067193 3.06149112738501 0 325
96.9549240569856 3.54003142173248 1 325
96.9867320380934 3.27363946072791 2 325
95.1831871099095 3.38602141505746 0 326
65.0503142818461 3.19587394950948 0 327
67.2614243151759 3.63044807486948 0 327
63.9305796305805 3.53465985079799 0 328
96.6531715628948 3.09391838036351 0 329
95.8792201399576 3.01051293564626 0 329
67.2617082917873 3.38904950271235 0 330
95.8805048923872 3.1557532797177 0 330
71.0500048854751 3.27749413319667 0 331
70.7622505995545 3.43464194677207 0 331
97.2198319528058 3.60383471743718 1 333
67.6913169097775 3.05110358034446 0 334
96.2108722976118 3.4185130751741 0 334
96.8088578400009 3.30177533519021 1 334
59.8667711634836 3.07629874840488 0 335
67.2766558202095 3.34960772582298 0 335
95.9214264019228 3.19118209717632 0 335
77.113190856492 3.40825542278102 0 336
67.3470702726114 3.12191231076361 0 336
67.2604432023693 3.0813603313893 0 336
96.8755132995818 3.55834142765683 1 336
67.3511319829761 4.24710485374801 0 337
67.2560444155133 3.34360191013983 0 338
80.8726086940534 3.34805641458726 0 338
96.7588009024267 3.83709871187319 0 338
95.9300765334917 4.0292012597121 0 338
96.3344711927541 3.01915938339041 2 338
67.2806336103008 3.09115839261809 0 339
69.2612490343642 3.96188492534951 0 339
95.8366015308703 3.29422545687104 0 339
95.8785491844758 3.72487624666056 0 339
96.2415970592173 3.10357841976106 0 341
67.0416216659021 3.41270026148587 0 343
69.0910502612121 3.09632970632172 0 343
63.9629611414838 3.01967694957857 0 344
68.7877876614111 3.33741950826107 0 344
80.2744941650665 3.40391782376949 0 344
74.4449048330531 3.01921993702475 0 344
91.9137462047064 3.17136233148992 0 344
72.7669904484398 3.2189531961478 0 345
68.4257747630727 3.24156114626676 0 345
95.8934301130765 3.27517357611918 0 346
68.2228380623674 3.22534794287756 0 347
91.8629237653801 2.99039049312089 0 347
1.4407568776498 3.58554269112479 0 348
68.1688851670142 3.03375361027019 0 348
81.7692382678225 3.49071665451736 0 348
91.5667134300242 3.49361463060272 0 348
96.2092249944424 3.01585059288723 0 348
96.3073804160814 3.54641373566678 2 348
96.3632490146412 3.06293469291134 3 348
96.3112001331645 3.04509889425673 3 348
67.257113514963 5.38973170652284 0 349
93.9156344811134 3.01555627750898 0 349
95.795210417752 3.11849757700474 0 350
95.9298261161281 3.61629028129408 2 350
67.4941287257907 3.17683141363372 0 351
67.4690671667025 3.25680048389918 0 351
69.5798489396958 3.38173135740412 0 351
96.1967392911373 3.0627973358082 0 351
63.645302887832 3.08032445270757 0 352
74.234454448338 3.42397602603712 0 352
95.8998861705045 3.08775548545204 0 352
67.4376309190664 3.51668603639744 0 353
67.6990353493814 3.49626497595958 0 353
71.0264854981394 3.29651159135745 0 353
95.9253038196784 3.70273107688451 0 353
96.0251987971862 3.00697283107815 2 353
79.7704587234828 3.14929156708174 0 354
67.2881888152616 3.11996769673345 0 354
95.7234341517108 3.19139688087486 0 354
96.7909808284453 3.03469163966172 0 354
67.2985094934743 3.00777951048006 0 355
96.4334727758348 3.26497079223018 1 355
80.5032780404331 3.47950104238853 0 356
0.00353238661796689 3.25530199688945 0 357
4.67934304088201 3.3103757916179 0 357
67.2948940121897 3.0307322556523 0 357
69.7066139956617 3.07160257057694 0 360
76.7653903467443 3.0596715115248 0 360
84.053468511826 3.06354108608345 0 360
67.500849587888 3.7694567977054 0 361
67.7211871178654 4.39325081608498 0 361
95.2905287491679 3.36045794950955 0 361
96.6038172698852 3.62087073509986 1 361
67.2757527715651 3.34538052226977 0 362
95.8641188048194 3.50865992666961 0 362
75.2086913122633 3.66947409130775 0 363
68.6530420726858 3.801563170143 0 363
67.2573151251083 3.55341660918353 0 364
63.8592153001689 4.05760793069912 0 366
67.5534332627189 3.24821266849943 0 366
96.2687899062682 3.34951753905851 1 367
68.5943946818391 3.00356162510793 0 368
67.5859121197303 3.03981329931876 0 368
67.286855681111 3.36066770100216 0 368
68.1187681983625 3.02579056704432 0 369
95.6875631903079 3.86269595894367 0 369
95.8927953109901 3.19923410079991 0 369
67.3267777037966 3.33455058222071 0 370
67.5449673342637 3.0175083648172 0 371
95.7952438107295 2.99313880113467 0 371
67.3021156236755 4.31694662359333 0 372
96.5043315777208 3.15463515340193 0 372
97.1527798417762 3.00315763045086 1 372
68.0699446859338 3.09945300219184 0 373
69.6465313515245 3.00294278366218 0 373
95.7955648616535 3.56407018783509 0 375
96.76198189401 3.00095427734433 1 375
68.58420848301 3.27759702844313 0 376
67.753821952931 3.09860803679895 0 376
96.5131197846021 3.55370870071372 0 376
97.1388043728464 3.14675424296217 1 376
67.2545186305997 3.30844083845364 0 377
68.3470669761832 3.06924613739484 0 379
67.8025354795003 2.9946011487033 0 380
69.3079328153128 3.9790197604403 0 380
96.8057336167917 3.85355692697969 0 381
67.2547154281113 3.12730535610543 0 382
67.357887144459 3.04614675116397 0 382
67.9882372964184 3.28997593021885 0 382
96.1761879240381 3.51178721028269 0 382
97.1887073942732 3.52765573995423 1 382
67.2840394660873 3.21815392703238 0 383
71.537276422201 3.50894406846569 0 384
91.2403643062686 3.90213609645781 0 384
68.1699391473377 3.61297905889022 0 385
64.1053832779577 3.55793491206497 0 386
67.3885535887301 3.19772659399278 0 386
88.9842309971332 3.73758546113589 0 387
95.6538620486136 3.11876154372023 0 387
63.7392574477397 3.18679130421269 0 389
63.7483949279393 3.06637528576778 0 389
67.2697261396769 3.56565058222116 0 389
93.5060613221347 3.10930242600438 0 389
95.719356436189 3.19445605020265 0 390
95.9292058547742 3.0689540682636 0 390
95.8565012454692 3.02024923666987 0 391
67.2585838931214 3.4290808975051 0 392
64.8758464974793 3.27352854871741 0 393
69.3796261295665 3.17992833132263 0 394
0.174645227268006 3.19667811510367 0 395
64.4985362573624 4.11399442042535 0 395
67.2713703727327 3.44982534544347 0 395
68.4522561911887 3.33623235059275 0 395
67.2881947221207 3.06339588867702 0 396
67.5046616309795 3.31295791857873 0 396
78.9233880949176 3.33179856332208 0 397
72.5884859174308 4.56590746212395 0 397
80.5629405715564 3.09338893642336 0 397
94.2064112274634 3.16604990561285 0 397
95.8170426226092 3.09919765606566 0 397
66.2150961917576 3.1007038492277 0 398
67.4240873329622 3.05861558261501 0 400
67.2900959715473 3.36442311661728 0 400
67.2555350616029 3.37626040613362 0 401
68.511318160848 3.40716551737589 0 401
0.220016228823709 3.13155988762551 0 403
67.3719829154738 3.66127673233119 0 403
67.2780977509984 3.5313047941402 0 405
96.2792416956926 3.40736844918425 0 405
67.2820156924085 3.90699934057615 0 406
68.1496375335875 3.36779227876773 0 406
95.7747462507086 3.00850277377251 0 406
67.2777170399425 3.40689203561581 0 407
67.2562398525748 3.22034762458805 0 407
63.8419121256753 2.9977234966872 0 408
69.1053887390961 3.23343400103176 0 408
69.7180422620079 3.3163318028623 0 408
97.1204043426087 3.45723808817203 0 409
68.1132444472281 3.56947973645085 0 409
68.3893113940759 3.33926273561173 0 411
67.7302230667544 3.91938857329713 0 411
67.6266129599904 3.15429951602159 0 411
69.3036601739304 3.26095034860669 0 411
67.357915395557 3.12508420741199 0 412
96.3946968246993 3.09856268618888 0 412
84.8186552974847 3.41039493295605 0 413
67.3547000622665 3.09276146786278 0 413
96.2097980817151 3.07655469833518 0 413
67.5088312146879 3.05046558146207 0 414
68.3826253274993 3.34586017844508 0 414
95.9160668507278 3.18611523128456 0 414
95.9559028634364 3.02241960936188 0 414
97.1728048166067 2.99015645479672 1 414
1.7286361189732 3.09547472656423 0 416
63.7886089544857 3.02815821590057 0 417
80.5255405350259 3.07513776669034 0 417
96.1371946111624 3.12319912292375 0 417
67.3105744575712 3.25847555348657 0 418
71.0588585857862 3.18464695235557 0 418
96.0096841767027 3.1057953714137 0 418
1.24467915229145 2.99654227048005 0 419
29.5343188286856 4.09457811235656 0 419
96.3603462271665 3.52279690944882 1 419
68.2485489997265 3.15128920569611 0 420
96.295933050502 3.51774100065177 0 420
97.2029280335445 3.0132356708495 2 420
70.9112765931606 3.4421707978909 0 421
76.6980106854913 3.01350811478212 0 422
67.2983721913287 3.47308609581324 0 422
69.717168761185 3.13880189504225 0 422
87.9178479553793 3.39550853322193 0 422
10.8461321797589 3.39106740183904 0 423
65.6299326298448 4.01182591595171 0 424
95.9159818720973 3.30116487036279 0 425
71.630591510791 3.30836183342647 0 426
95.8300783512815 3.42337096977433 0 426
67.3222122883742 3.05324662764537 0 427
68.0674394184818 3.27818447701849 0 427
64.2740537542959 3.02549566564343 0 428
95.1447619403378 3.10302076999865 0 428
64.4466046207264 3.12372469441836 0 430
69.2942536447074 3.1695663270444 0 430
72.0729207606292 3.74866252248713 0 431
68.2058496973042 3.21724683601252 0 434
90.996331847616 3.03624207290333 0 434
96.4726003648054 3.28306726642304 1 434
71.9773041677577 3.34351922129539 0 435
78.0523919215504 3.07681843545667 0 435
66.5502619397082 3.04801634109327 0 436
66.429923194369 3.24997825354792 0 436
84.5466681657175 3.28200794375123 0 436
0.00552189675901555 2.99953571487863 0 437
95.9575393928757 4.38389747558165 0 437
67.2689879670613 4.06884916496641 0 439
71.1515020230515 3.06905037125134 0 439
96.2594920957289 3.11729923805357 0 440
65.7747995143003 3.57867772246973 0 441
67.2527515111447 3.11520448515719 0 441
80.5452821439888 3.0244196394616 0 441
67.3106929307546 3.07805039975687 0 442
65.8633136132778 3.09097761675505 0 443
69.7454435511649 3.16005131831028 0 443
67.4649387780153 3.21076327389139 0 444
67.2992255796227 3.02350250342813 0 444
96.1340063649184 3.18783901085057 0 444
95.8346849889996 3.60855649135978 0 444
97.1797779825493 3.36171323565505 0 444
67.8694472983602 3.20115872797468 0 445
72.9357580129323 3.67527167823093 0 445
91.0117736836834 3.28323584804834 0 445
76.0169478540072 3.78343628942902 0 447
67.5390676694001 3.11405744055046 0 447
95.8924412437778 3.14222588400033 0 447
63.7519559967118 3.00047071785263 0 448
91.4473889262211 3.50674885619632 0 448
97.0982576473956 4.35202012761157 0 448
97.0995024145649 2.99416066670893 2 448
75.6921548962093 3.32910337775125 0 449
67.2601065618016 3.1346020997425 0 449
68.041050995145 3.00406592870205 0 449
67.2585639524719 3.27118490378893 0 449
79.6685057766268 3.16768173789973 0 450
67.7625354499879 3.24655837548702 0 450
67.3641245994521 3.08679904018636 0 451
96.5788190803611 3.11464251674408 0 451
96.2195089983124 3.14958865653836 0 451
67.2863687684124 3.05629878771113 0 452
96.7502081400987 3.07329355213661 1 452
6.54200702840814 4.47174341417582 0 453
67.5987642079 3.43321230767115 0 453
95.8110253771802 3.19246629613404 0 453
67.3073099069579 3.41038824778711 0 454
69.982531006069 3.16688188134016 0 454
70.2238640340113 3.07112920385829 0 454
75.5710577449772 3.40644599191004 0 455
69.7705680452633 3.50543275816179 0 455
87.4667066794179 3.34939805885688 0 455
67.2559528139315 3.20164761856585 0 456
67.2939270572715 3.02994285326575 0 456
95.8898643723066 3.46485880401368 0 456
63.8304800152437 3.38964981731017 0 457
67.3007598850866 3.74852629211027 0 457
96.1673321276982 3.54926438913422 0 457
95.2557355838577 3.01190183755719 0 458
96.271491758548 3.01659427220778 0 458
67.3963187643812 3.50261714048137 0 459
68.9619285792716 3.22304268477633 0 459
95.8118545030025 3.1247628909014 0 459
97.0679466351673 3.39691908262587 1 459
63.7507410289568 3.04557379255859 0 460
94.6816841814355 3.39035525653794 0 461
95.3388864592535 3.8071120263841 0 461
97.1159474344265 3.13168093737474 1 461
63.8760542948723 3.51041180327416 0 462
67.4843797057737 3.17272479382278 0 462
97.2253761267677 3.32513618897524 0 462
63.8223826670284 3.24829669002283 0 463
68.1502376137282 3.22044837978641 0 463
95.8063164077871 3.56630000196319 0 463
67.5411318289528 3.23767110596416 0 465
67.5791655594845 3.03962777726578 0 466
96.8167557776712 3.49703378893823 1 466
94.8362692062823 3.34534251987464 0 467
95.635189896379 3.19476290993936 0 467
96.1556879012689 3.13633315661751 0 467
96.1604872163068 3.0731199719342 0 470
67.6363259618381 3.20201678661588 0 471
67.5002056230005 3.023955899642 0 471
70.7353229239176 3.65328317393762 0 471
69.0611248670796 3.65908944842579 0 471
95.9431033013621 3.22882702494725 0 471
67.7053527084236 3.40585080767797 0 472
68.4014800632474 3.11896128463192 0 472
95.895247677311 3.17633394160135 0 473
75.3230861281261 3.28610399833267 0 474
79.3027608818065 3.38725779927294 0 475
0.425971554452491 3.06784764192264 0 476
86.2989708674013 3.60551960766408 0 476
96.609652697663 3.17615924407351 0 476
63.7346671724476 3.26594132883961 0 477
63.8735373823273 3.897119340735 0 477
67.3413734645492 3.32333054087544 0 478
67.9405897276265 3.12914219425245 0 478
67.6399650548774 3.04234604573106 0 478
70.3614045361831 4.53246337667725 0 478
96.2170529769258 3.12122567050599 0 478
67.2764898418804 3.36402297808157 0 479
88.4969140624001 3.11904646373041 0 479
67.5590237855262 3.07906600873734 0 479
75.2609985304709 3.12813655781293 0 480
67.3910547938951 3.47784052410415 0 480
95.9950174543961 3.72834037965516 0 480
96.2070437127001 3.19795726655586 0 480
96.3238266597583 3.10708390924784 2 480
73.2991359049102 3.72675592614759 0 481
93.6086740245444 3.238265387062 0 481
83.8098370702196 3.0059413199074 0 481
69.6020863293664 3.76177164130821 0 482
63.7387931577703 3.07551659027765 0 483
67.2537398388557 4.07860517803981 0 484
96.3303579060694 3.24839175622998 0 484
74.87107110266 3.02495195819699 0 485
67.2636663577823 3.08947115986421 0 485
67.3150503991171 3.8012876645939 0 486
67.2902835029934 3.04230328254877 0 486
95.9101632074959 3.24694012562397 0 486
67.269177271315 3.5967619497094 0 487
67.3933018249293 3.43933082113605 0 487
91.3436862638724 3.33485130545344 0 487
2.83502580352588 2.99765223288427 0 488
67.9583639863988 3.25795253185764 0 488
67.3783492454789 3.27984431840947 0 488
0.00374760540044875 3.10996440241468 0 489
68.8861178557472 3.02077709864596 0 489
69.3230048492318 3.07307697929345 0 489
95.8961496845118 3.2388298169753 0 489
0.258621149547741 3.42507790887082 0 490
64.1518359540417 3.37351894274894 0 491
67.4073386130059 3.1907738572738 0 492
71.5962444014255 3.30870862421712 0 492
95.7170987580148 3.4239515324337 0 493
63.9478261599893 3.31845321560698 0 496
67.9148785557095 3.12222913833833 0 496
67.6899362314999 3.13305394492084 0 497
70.655305043292 3.02223176597409 0 497
95.8715005365566 3.23047145653263 0 497
97.142293538562 3.24866314651485 0 497
67.9875775004663 3.67988319952546 0 498
97.1727761422327 3.03050697476007 0 498
95.9299284953997 3.40066026562572 0 499
96.2261567746211 3.47014611521435 0 499
97.1722056946369 3.05999357501437 0 499
97.0659969162468 3.80497047223351 1 499
97.066506290639 3.22851177072759 2 499
95.1434938075274 3.09280939242204 0 501
68.1848112293704 2.990942335548 0 502
71.8636849143357 3.1645676643574 0 502
96.6083616573364 3.02258618476998 0 502
63.9491453809099 3.40916038014845 0 503
68.3867100718062 3.08194163833874 0 503
63.8755380372529 3.17147566155426 0 504
68.6023125892984 2.99933325314051 0 504
84.4232686512875 3.22714818864559 0 504
87.8109566683879 3.04131629196623 0 504
96.3259273624857 3.01162760491403 0 504
96.7560064673405 3.05749095539242 0 504
96.2365202468817 3.85189451705541 0 504
96.919439377431 3.20537894291166 2 504
96.7204121686325 3.31298084671247 1 506
65.7407257983508 3.50538647640943 0 507
67.3755168283178 3.19291949929642 0 507
85.7406261633752 3.50835231193555 0 507
9.26421868124314 3.08886721850316 0 508
67.74896485469 3.23078452518133 0 508
67.3329037877762 3.79773252895701 0 508
0.697077181480044 3.17436186766263 0 509
96.2297829759455 3.10111139322552 0 509
96.8634445012819 3.26676912297271 1 509
96.8945954851188 3.34280244042835 2 509
66.1624596641003 3.29583267891396 0 510
67.2647683535033 3.24092784660019 0 510
69.3582386809917 3.35220691138628 0 510
1.84261300813724 3.10184230596003 0 511
67.182404468868 3.14225320230662 0 512
67.4640064973886 3.48790685310964 0 512
91.0379508209561 3.07309654283202 0 512
67.2579826584297 3.05053531179295 0 514
67.2796097618918 3.0157111921787 0 514
67.2657320381832 3.1958580795801 0 515
71.0460189830657 3.01011713047375 0 515
64.0524354982206 3.19903917265298 0 516
64.2913267940261 3.93305230803513 0 516
68.3620924082026 3.0620999855233 0 516
81.4549844242272 3.57878968344686 0 516
82.0780908041333 3.43594866250337 0 516
64.0650776889103 3.10206793436568 0 517
67.9713789567944 3.05068025806339 0 517
0.0469587034432565 3.51208630691014 0 518
63.6989352440011 3.28954568261272 0 518
95.8813058443475 3.30640896972939 0 518
63.7658821477183 3.09693478136817 0 519
67.2937023724451 3.07806287181114 0 519
67.2530505408127 3.03969277012918 0 519
95.9632273198227 3.8690121026774 0 520
95.7946447573743 3.15581593537744 0 521
67.3306975270341 3.28614733849207 0 522
90.3487189601052 3.23603604137113 0 522
91.8654373632816 3.25518533025648 0 522
63.6511021657747 3.00894607413308 0 523
70.8951099158492 3.03010840006921 0 523
67.2549277813667 3.83582953924597 0 523
68.2591875283826 3.02657597679159 0 523
63.7454178143518 3.91256926603634 0 524
67.3525647050226 3.17043914422774 0 524
67.345547866515 3.41839104364722 0 524
67.25613207907 3.12202105094717 0 524
96.2261155100136 3.12025502766352 0 524
67.571833649056 3.01913114004229 0 525
96.0390441264467 3.13066646995669 0 525
96.2189212176336 3.38801187819043 0 525
97.1403899758024 3.57266654011014 0 526
71.2116923356174 3.2252896674486 0 527
73.8132708227523 3.03767242445732 0 528
96.34341025141 3.43647629732359 1 529
63.7389749492495 3.49636842527748 0 530
67.2718913839179 3.22456105822206 0 530
67.3103813331704 3.43171003726662 0 530
86.275017595087 3.02269002741441 0 530
81.8010922772304 3.68380760758294 0 530
83.9865730750617 3.16309069010376 0 530
64.0278744990635 3.10568089706027 0 531
95.8729981525707 3.42648756275221 0 531
67.3518724132488 3.50021104014456 0 532
77.4892188645388 4.09134234952432 0 532
96.5532381119968 4.04912997242367 0 533
96.5802071623883 3.00348304076871 2 533
96.5738910428494 3.5607556201201 2 533
96.5753307072683 3.32120708772679 2 533
67.2957778866713 3.00267626731128 0 534
97.0157499839358 3.95975367676888 1 534
83.6426090283339 3.06839336087315 0 535
69.667863217445 3.29038502787788 0 535
90.7332576826434 3.10946935254594 0 535
80.2966689595542 3.3248342223847 0 535
84.0933883252132 3.19620725710135 0 535
88.3625820735383 3.04710435147391 0 535
96.0663725576325 3.01047195305671 0 535
96.0231109745128 3.28736454093052 0 535
96.0687580471287 3.05496475090285 0 535
96.0426065986346 3.80523230205862 2 535
96.3800232399414 3.0546747482986 3 535
96.7275172131332 3.0072800321407 4 535
96.7297826053208 3.45444442652029 5 535
67.3358346042207 3.46325583162474 0 536
84.6607620658082 3.52958412978936 0 536
64.1693668621913 3.69514277595696 0 538
96.8014448210404 3.27222373820612 1 538
72.4327913841208 3.10877640976093 0 539
95.8566658396984 3.16011136834166 0 539
96.8371142966014 3.18276379910133 1 539
95.6650355634043 3.07002751506408 0 540
67.2627329506051 3.00705302599487 0 541
67.5888095347092 4.40170460944922 0 541
95.8412511973253 3.02176761240346 0 541
96.1985363732317 3.54035673690512 0 541
67.8026409492863 3.143110261624 0 542
67.6134590341216 3.11740655704038 0 543
96.8631519622055 3.08241226532432 0 543
95.9042188499373 3.69469996218461 0 543
97.1320057730283 3.90433615056438 2 543
97.1728006485028 3.01178145982937 3 543
64.3523330469618 3.46454932244012 0 544
64.7892124461616 3.00910709159418 0 544
95.282370694238 3.16552889536908 0 544
72.8125014345336 3.08437592941809 0 545
80.8289751699399 3.49640713175729 0 545
67.7270450720115 3.03001350698211 0 545
93.8631976334913 3.75285817349895 0 545
95.8917626007263 3.21286222561683 0 545
95.9157810503591 3.5634292320394 0 545
67.397485872367 3.18908855984392 0 546
96.510676906192 2.99878699077696 1 547
82.7516284774943 3.80507462218026 0 548
95.7653546851005 3.08904190376102 0 548
96.8983225367226 3.79019519699727 0 548
96.913061743413 3.04198729243337 2 548
63.7622362699573 3.17802101832957 0 549
64.4544838853898 3.11169343320747 0 549
85.2755876247443 3.72384891147911 0 553
96.3092181584604 3.56593085020508 1 554
69.9357926444002 3.050435771171 0 555
75.3408713668503 3.15693760150621 0 555
72.5339630991442 3.1240378272951 0 555
67.394646536099 3.18176363953839 0 556
79.7896930822712 3.86920609436746 0 556
63.8387788994185 3.11580168325923 0 557
96.0895765985838 3.01475649785422 0 557
63.6842763814057 3.11182619084344 0 558
74.4148380903984 3.10349675230007 0 559
95.6376079336612 3.53885014334094 0 559
95.6605747461427 3.06838415664003 0 559
95.9001149800342 3.23713388723048 0 559
63.9850449741772 3.11494782485871 0 560
96.5862930671506 3.24615560059638 0 560
96.8124890552346 3.42637630525384 2 560
96.8148603266033 3.02013911724773 3 560
67.2575015801988 3.04546161005902 0 561
67.4679608896734 4.04328718029885 0 561
95.6947989210301 3.15450369906478 0 561
95.9389998453294 3.05960290107185 0 561
96.2273199778376 3.70946217150925 0 561
67.4217473350687 3.08454166891195 0 562
70.8482486668183 3.21131085984787 0 562
96.3278771829754 3.14440399253711 0 562
67.6994772977447 3.11862761452596 0 563
94.6769181688665 3.47249867421311 0 563
94.6081480740747 3.03111143933723 0 563
67.3624638558207 3.00992133552794 0 564
96.0848661263132 3.09332894496895 0 564
71.1815034864914 3.01934800833728 0 565
63.7713022552998 3.14565540050792 0 566
93.0687097852381 3.8781635724034 0 566
96.7590834097743 4.216543231596 1 566
97.1815534424573 3.47559918178215 2 566
96.9218372022497 3.59941418248411 2 566
96.8112460955868 3.26145504473856 2 566
63.7493532924753 4.03903188152488 0 567
85.8142599623346 3.35343739116699 0 567
68.4611904284846 3.82877800511588 0 569
67.2557958704703 3.06269939714161 0 570
67.3521610233615 3.62972172002457 0 570
66.6181386613292 3.49379053216536 0 572
71.2601886118606 3.26178390990034 0 572
96.0814362351585 4.26113707127805 0 572
96.0822364400081 3.06460732863247 2 572
67.2740921320167 3.49049392805284 0 573
67.6599421682958 3.82661783210632 0 573
67.3492135018717 3.78566783553922 0 573
95.9220299451496 3.08592167629438 0 573
96.571041066413 3.44331588498461 1 573
96.2359406729796 3.13421544273187 0 574
96.2320402575299 5.6832366648864 0 574
96.3822757222219 3.42444745163214 2 574
96.3295289248638 3.05951258353216 2 574
96.3155965444829 3.6970851134969 2 574
96.2412889799869 3.33856032934084 2 574
96.2880009308993 3.19829610655202 2 574
96.2359022970002 3.08416107512931 2 574
96.2876165047612 3.03819330030933 2 574
96.5688031203718 3.12633677012409 2 574
96.2606794682085 3.02629787396934 2 574
96.770070312354 3.11914873309094 2 574
97.2244226401277 3.58527138645271 2 574
96.2568401950222 3.15285863549978 2 574
96.3622408624349 3.04604707107183 2 574
96.250821803543 3.46316244820286 2 574
96.2502407507022 3.67889280565343 2 574
96.2431294736852 3.62520722719862 2 574
96.8332082098447 3.09287905832269 2 574
96.5253330273439 3.18129322583787 2 574
96.3568289047505 3.8620226794806 2 574
96.2337908539604 3.09880406561848 2 574
96.2357821273271 3.07367625745681 2 574
96.6733327388309 3.01947937263113 2 574
96.9016977277189 3.61234744282026 2 574
96.5045464850627 3.04179838508069 2 574
96.2409816522628 3.11687841324327 2 574
96.2625019759519 3.88406296950408 2 574
96.3122195500021 3.09129259346113 2 574
96.3385745310596 3.90417159816972 2 574
96.2581283440918 3.47012595828652 2 574
96.3488985258441 3.12308393783947 2 574
96.3091042405235 3.17196395458247 2 574
96.3620767635848 3.33860879121083 2 574
96.5496268666588 3.71373726177461 2 574
96.3889478123826 3.29427032075923 2 574
96.3093843219872 3.28340418427408 2 574
96.2746508284958 3.13609937641733 2 574
97.0470631439585 3.21564785389404 3 574
96.2870713783134 3.00537529883866 3 574
96.2595695788325 3.01989147922148 3 574
96.3108906479704 3.30307618193587 3 574
96.5955539130623 3.14737209423718 3 574
96.303639157536 3.26043452125305 3 574
96.8115962116618 3.16771413957993 3 574
96.3528240296847 3.15313014588335 3 574
96.2772950917147 3.03315659387284 3 574
67.2565091653154 3.02865278255466 0 576
81.0006011678286 3.21128840124308 0 577
70.2771135218089 3.25430187640866 0 577
73.6798720389916 2.9936136797832 0 577
0.133421208801131 3.20287932988884 0 578
64.0631380699556 3.15734580671953 0 578
69.4561224514037 3.21557664292596 0 578
63.8896483718063 3.1689742434813 0 579
67.5427873210387 3.45714082155802 0 579
95.9325123675835 3.17293547919708 0 579
97.0479332322527 3.2582796918948 1 579
63.7641657484128 3.2190449743739 0 581
85.9568255210406 3.33368416860757 0 581
92.2462901850144 3.46480550900805 0 581
95.8432690033504 3.35418123875953 0 581
70.2266039827281 3.43628000948128 0 582
96.2373730584306 3.15623774966302 0 582
67.2701719765579 3.69186434879676 0 585
69.1371968120625 3.05943707363104 0 585
94.1998801667791 3.00148428966221 0 585
95.7968644818046 3.09737861272991 0 585
67.3420296010171 3.01078722439375 0 586
67.3346501127202 3.13345013949166 0 586
96.9565925381419 3.12596096749985 1 586
93.6971950806629 3.11770398525374 0 587
67.3767473892733 3.40928412666699 0 587
67.2906843675468 3.20196285233555 0 587
96.220136513006 3.05562813440117 0 589
95.8790796981148 3.51862182149653 0 589
67.2925657095836 3.50469728354187 0 590
68.0481851653629 3.03722527248706 0 590
96.7393901964868 3.56355180700223 0 590
95.8076046153405 3.06484952056569 0 590
95.8876028638698 3.19278484082863 0 590
68.7883232815999 3.0782471421943 0 591
96.4407983342031 3.17920004539521 0 591
96.6782427179299 2.99580807903091 0 591
68.4240870103541 3.47535873474168 0 592
67.4131839221795 3.03861141390886 0 592
67.2609019403545 3.25616214432074 0 593
67.731512550287 3.13925421071769 0 593
74.8621329995576 3.79812927885796 0 594
82.869415775237 3.60851830614568 0 594
87.8933075620218 3.27497968661666 0 594
67.4653311988343 3.1156338170797 0 595
63.8655738073549 3.21568279018941 0 597
67.2870366599512 3.17442911199131 0 597
63.881605573644 3.24338466671729 0 599
64.6530693156154 3.04651968261328 0 599
63.8145737181703 3.11493025413043 0 599
68.3903428408808 3.88949273242656 0 599
95.6664417589387 3.16219004763918 0 599
67.2651467904998 3.21735615788393 0 600
95.8837041376772 3.07333684319536 0 600
96.1183086990391 3.16676168523831 0 600
96.1486408645432 3.78448691465544 0 600
95.7252565647019 2.99400272628947 0 602
79.2610467766405 3.63156590261577 0 604
91.994670454822 3.02512868861998 0 604
72.0499269453847 3.28751005501041 0 606
95.1401020008525 3.78002312681383 0 606
91.1646820960246 3.01856071965613 0 607
28.4536422112688 3.14926642600345 0 608
96.6646694405742 3.07724577638168 1 608
95.8140644357813 3.22263069194717 0 609
67.2819914600228 3.00065997158467 0 610
84.5539980883198 3.08132347494956 0 610
96.6376669694582 2.99980082865164 0 610
95.7880813938375 3.0619679517705 0 610
67.3408650043778 3.03361559518583 0 611
68.513283558635 3.16755956905803 0 611
80.651694865343 3.03061520914786 0 612
66.3543621468311 3.34117627781528 0 613
68.7281018391036 3.47090789057932 0 613
67.4105306163748 3.22223395234694 0 613
64.0936415682781 3.21692662260087 0 614
73.8939590002185 3.31456975867795 0 615
67.4220695389958 3.43757100267441 0 616
72.9925769988769 3.16772971442391 0 616
87.0044458899392 3.00164373341797 0 616
95.7840820374425 3.03512717799382 0 616
96.5527430843933 4.51928280477344 0 616
96.5897979116079 4.19464079217474 2 616
96.6274108571536 3.04728228584939 2 616
97.035376068594 3.10313974561635 2 616
96.8777964186805 2.99831620690509 2 616
96.6619571633301 3.05192037553338 3 616
69.462219785698 3.16269028147705 0 618
96.0678957267885 3.36958268128647 0 618
68.011860457106 3.30615592642063 0 619
73.0929228370422 3.02894552780567 0 619
65.6558967319095 3.49402900091183 0 620
67.2625109413935 3.00461009300087 0 621
71.0311031449474 3.20843727924425 0 621
63.9826854425999 3.7279091574773 0 622
67.2992726003164 3.29304639042028 0 622
67.7754565355852 4.32904996289843 0 622
95.8234483206638 3.41979226032795 0 622
95.983112895911 3.09362573514344 0 622
3.92720644652811 3.43532253187113 0 623
72.8354598352322 3.6283015503173 0 623
67.2895640272126 3.05628623953658 0 624
63.7626688353395 3.24166868499688 0 625
0.0697575201221078 3.08039729911451 0 626
71.7303981532046 3.69111981906905 0 626
77.4483625047813 3.04176895241037 0 626
0.974577402694102 3.07122442842555 0 627
64.6307653057666 3.16504800871187 0 627
95.839161053514 2.99188857764503 0 627
70.3122652738327 3.49663010483322 0 628
95.8951658848953 3.35514421937923 0 628
96.3344330793856 3.48243547141087 0 629
96.5913880425356 3.01814834822995 2 629
67.6930911671462 3.600898733823 0 630
67.8051656759754 3.32870910002371 0 630
80.5472983961697 3.13208894369323 0 632
95.7523077301609 3.54996694931003 0 632
67.2596321650273 3.03840995071087 0 633
94.8190183297359 4.15506344909899 0 633
95.7949315262391 3.22411288715233 0 633
95.8731342521907 3.3421530444373 0 633
63.7443276608487 3.31703861157555 0 634
77.9322878123297 3.29108867962731 0 634
68.1517012460579 3.1964635824095 0 634
72.3363548033059 3.53435260491023 0 635
96.5622510655357 3.8337567612021 0 635
79.9501632983022 3.01472456366881 0 636
96.4984601547282 3.12836974284343 1 636
67.3774640571693 3.11199247530169 0 637
67.3238994379831 3.45146562913603 0 637
86.6185537777321 3.23255421264406 0 637
94.1812336813963 3.05166995436443 0 637
96.901671606798 3.41484492743313 0 637
53.575641579307 3.51142643474636 0 638
64.1047926082871 4.08001787729953 0 639
67.5687936544928 3.12968137383715 0 639
83.9516485665897 3.28034899663 0 639
67.2545737116676 3.18547936283396 0 640
71.0699051175379 3.08793965973617 0 640
95.6584745669964 3.02079486503249 0 640
68.1186513728363 3.06146826902129 0 641
68.1257031107185 3.32859233224469 0 641
71.9654897309126 4.1209264689776 0 641
76.6688371765459 3.15254868372853 0 641
96.080305550338 3.07313954254965 0 641
63.6843432811373 3.29582279674275 0 642
63.708701381842 3.27709769898256 0 642
67.3711209307229 3.0113973061103 0 644
95.7262257331757 3.10958278546603 0 644
89.9905726019706 3.07670229022017 0 645
83.531466945919 3.14255786617874 0 646
65.536799255968 3.54412046883889 0 647
70.2723243516324 3.04964916633951 0 647
96.223631238369 3.08765833751987 0 648
73.7106548642591 3.03116037656257 0 649
67.3574090736499 3.14535756299232 0 649
67.3188692947871 3.21361209413318 0 650
71.0410990426645 3.82669825166507 0 650
67.5761055223898 3.18216115517688 0 651
68.2398008833262 3.02918491625402 0 651
82.1200847646632 3.53178534328082 0 651
25.5375614906102 3.1436403657395 0 652
67.2909018310729 3.05703719270868 0 652
67.4281882158602 3.07355724836175 0 652
3.00290214253822 3.46972397934346 0 653
69.1508641649092 3.59435552399094 0 653
67.4470896114461 3.56535713042056 0 653
96.3132615543419 3.84264719850012 0 653
96.3721262572904 3.00054276665944 2 653
63.6587953954575 3.04247130081544 0 655
65.4835974865437 3.16833897625964 0 655
63.8137406386529 3.00626005817191 0 655
88.6670105569717 3.17935689449753 0 655
96.0586637135215 3.30790617248139 0 655
80.1695023909306 3.64506620470616 0 656
76.377684810576 3.63895802226005 0 658
95.8379935803432 3.13446702717734 0 658
86.7664441117771 3.30678226793972 0 659
8.14654907049741 3.10964949370269 0 660
95.9579346144091 3.93512532535654 0 661
96.0154446602937 3.50345799209893 2 661
64.3098068725472 3.13027958511832 0 662
67.4800484716721 3.11971272976474 0 662
74.2250353368417 3.02403407690275 0 664
68.2114846958426 3.07761314006313 0 664
95.7029964421519 4.18985264101817 0 664
81.8740318242976 3.28508039873889 0 665
67.3071408339928 3.11219535756388 0 665
69.4526125739413 3.10533088335532 0 665
85.5968906749341 2.99464442492839 0 665
73.5039804140335 3.74435474092582 0 666
67.597045054376 3.31412856600657 0 666
63.9132001574758 2.99889390137042 0 667
67.553417867268 3.01245867731668 0 668
95.8175254182749 3.67063951115661 0 671
95.9168241949426 3.1563274065462 0 671
96.2704230898374 3.03711810528443 0 671
64.6301622287078 3.29416499193261 0 672
95.9999101931294 3.22076451115239 0 672
69.5268997848289 3.53028456557217 0 673
95.8306623858891 3.10867399179732 0 674
95.895291573935 3.28019464242328 2 674
64.0244982272952 3.91675934865414 0 675
88.7078325292046 3.78578876124437 0 676
80.560755536347 3.13578070932591 0 677
96.2510839815747 3.1635478399577 0 677
68.1559916716112 3.75430494685634 0 678
44.1388803870049 4.01335672051758 0 680
77.2635804066115 3.68344469858519 0 681
95.1427795451615 3.79426262271037 0 681
67.4876836597604 3.19238281726069 0 682
69.0017165671992 3.32204882642932 0 683
67.2855963408328 3.4018517015072 0 683
91.0150285565423 3.48287185507828 0 683
92.2383873431809 3.72678808663012 0 683
95.8329535652812 3.05002546424693 0 683
0.00131852323929468 3.48648472384139 0 684
67.4631403104814 3.89009230476643 0 684
96.5529525053883 3.35933736518461 0 684
63.9326720143118 4.38547638485884 0 686
67.6871290515116 3.00641652430354 0 686
67.4471919255628 3.63897080106848 0 686
67.256254450105 3.30001039506936 0 687
75.7768370442874 3.90249146140409 0 687
68.1531240035823 3.24761787084742 0 687
96.8486368667471 3.008738117074 0 687
95.8832703372926 4.43519826594294 0 687
96.8506443029527 3.0224690340191 2 687
96.8948983512072 3.31881214884774 3 687
63.8729446669177 4.09177694464362 0 689
96.1974386730944 3.64482097055694 0 690
96.5850559223716 3.23151145959337 1 690
67.4672640595317 3.01600165307633 0 691
67.7478337035756 3.06559794336411 0 691
96.8068650436916 3.66125464818796 0 691
67.3091701273528 3.27934067677406 0 693
67.2783685016728 2.9929446931517 0 695
69.3293920024032 3.4293008042983 0 696
95.8885418639026 3.15206507465094 0 696
67.9463828068503 2.99109113100009 0 697
67.2671945510861 3.6813899225688 0 698
74.2952178249173 3.06682701491608 0 698
96.5224085877024 3.27595246040763 0 698
69.8397272202071 3.1484421236012 0 699
95.8217652973584 4.30184562375591 0 699
95.8719950453742 3.96384655623625 2 699
95.8585025397154 3.05323649218882 2 699
96.0063375826708 3.13749759016586 0 700
67.8553607467954 3.51743335503052 0 701
69.3220357467171 3.01384790868516 0 702
2.15188362445135 3.3207867982511 0 703
64.1721770260232 3.52354049529599 0 703
66.2337355935643 3.17363228960045 0 703
96.2298081747871 3.36371946591307 0 703
63.8969844648201 4.05729754690345 0 704
69.4262880854571 3.04995262168741 0 704
70.9654505863142 3.49233401181883 0 704
95.9960011887021 3.12413041821792 0 704
96.0058096198891 3.27528868888072 2 704
0.0648575850523299 3.84468865507633 0 705
95.9410132062614 2.99315010259168 0 705
70.1430390211646 3.14510304577134 0 706
95.8800451965669 2.99967774299601 0 706
95.8668329226253 3.03145564282875 0 707
75.8449544519977 3.42705386345528 0 708
93.4516504907418 3.00016051805511 0 708
85.8669845369949 3.30422011405492 0 708
95.7916273725361 3.33511191146696 0 708
75.7113539885589 3.24524712808321 0 710
96.2279825433391 3.72396173156187 0 710
67.2906807598008 3.39929976838788 0 711
67.3620182911834 3.39720216378488 0 711
68.8883502232068 3.47992558000338 0 711
7.42864445450286 2.99402771567025 0 712
68.0753189969674 3.44110991859813 0 712
67.312451913295 3.04168709029602 0 714
95.6713659347727 3.2060293826432 0 715
65.4843634126093 3.45012338530262 0 716
0.0028155988075459 3.1919446937502 0 717
69.9062697527393 3.1862847125568 0 717
82.1415318393803 3.75078359274203 0 717
89.4648466393377 3.04087728460179 0 717
95.8336449598158 3.46345072674876 0 717
95.8846316127254 3.16757243841045 0 717
67.2973328542468 3.02548306626276 0 719
82.0662732390199 3.1214357308688 0 719
83.7491953723992 3.17106518847791 0 719
95.8210771796696 3.03404527219966 0 719
95.7951200659889 3.70139339982416 0 719
70.8238200289512 3.0489044936288 0 720
63.8470483794504 3.23244153394894 0 721
69.7901082197733 3.1022175846394 0 721
67.2821585659025 3.3157284102264 0 722
71.5016941238158 3.13458093478728 0 722
95.8895420923175 3.10780116537362 0 722
96.4912985495681 3.74054562824996 0 722
95.8825586652243 3.23209302899688 0 722
8.51115551538452 3.2144622666928 0 723
70.105420162874 3.30866960698073 0 723
69.3261127022639 3.15238417285789 0 723
92.2752544741679 3.00012743322558 0 724
67.4308655970235 3.53979594927155 0 724
71.3462556043429 3.43277715031431 0 724
95.7101683767655 3.2024686388688 0 724
72.0213271318669 2.9908826489566 0 725
67.8552677431309 3.26768778949984 0 725
70.3761727413132 3.0460807720064 0 725
96.1922672427574 3.77322643742657 0 726
0.0399718244007916 3.49452578355319 0 727
67.2922624613142 3.01378211895903 0 727
68.9909607480837 4.17812035378672 0 727
95.9535745613616 3.30581650856664 0 727
67.3740879506618 3.14670846715707 0 728
95.8948406273991 3.34922004827615 0 728
72.7638955501902 3.23574671059075 0 729
88.8294190788886 3.17152115422184 0 729
67.2908467164556 3.39800611548759 0 730
68.2113245619079 3.2804291698803 0 730
69.837256443778 3.06087688727066 0 732
67.416801992368 3.3623955096655 0 732
94.7743712519995 2.99380345693415 0 732
63.7582670217147 3.75879263599036 0 733
71.9142429459219 3.02252900561057 0 733
67.2565778559726 3.50928612380343 0 735
67.2841897570485 3.55064468716819 0 735
68.0364924507438 3.49436252315997 0 735
71.970441769913 3.05227920241537 0 735
63.8525792866271 3.04089188527009 0 737
73.7805133591588 3.07599538227941 0 737
91.8579760081467 3.47250186925488 0 737
68.0641728830258 3.00566594114807 0 738
96.7309516061867 3.17112416439378 0 738
0.54269020424377 3.01080313556943 0 739
68.3864992529987 3.31118736585531 0 739
95.8140752646874 3.14978071931139 0 739
97.1425347900756 3.11006015654722 1 739
94.7438814288887 3.08685964266972 0 740
95.3713884168656 3.0858054694503 0 740
64.0699912418949 3.40818555036523 0 741
64.3405467835464 3.17130214361064 0 741
67.3898003938241 3.13449649567452 0 741
91.9036119308976 3.20908887856448 0 741
64.0494107190445 3.0543507305027 0 742
96.0597011989439 3.09943919465954 0 743
69.6408699149244 3.05077342991666 0 744
73.3963984253662 3.1328167719959 0 744
95.6787066524792 3.58758731098784 0 745
96.4653304801076 3.15844534477552 0 745
96.2350998074362 3.66950559601477 0 745
96.8097233795367 3.00444403083487 1 745
64.4450348374443 3.11250699891968 0 747
67.8949034394559 3.09373147697658 0 748
67.5007697924708 3.02466337026754 0 748
80.7518014664578 3.18931746340938 0 748
67.2641434251678 3.16901390005128 0 749
95.7931983955906 3.01029914677182 0 749
95.9051591000011 3.5848896982268 0 750
2.25166124557377 3.34813781210872 0 751
96.9610100722333 3.06726722522612 0 752
96.202707594104 3.32172802933771 0 752
67.2988890667004 3.60011149686041 0 753
85.7879942686358 3.0055960745281 0 753
95.2437000713653 3.31826957886974 0 753
13.7508767985028 3.11049758233524 0 754
92.0562872004057 3.51633073357442 0 754
32.259443643216 3.47034825807347 0 755
69.3242507079545 3.10163001187399 0 755
67.2947148383325 2.99041732589722 0 755
96.5203481156292 2.99194652360235 0 755
96.4553358321547 3.24275667397057 0 756
96.5649503456411 3.53176725097054 2 756
8.39688597210122 3.22658229724477 0 757
80.8977528979734 3.54006976119849 0 757
95.8228064122804 3.4663661141982 0 757
80.5397360508025 3.03658813174574 0 759
67.5383273650683 3.02600902398565 0 760
95.9362949560006 3.13962669358964 0 760
77.7765097388544 3.0112905386021 0 761
67.289281803307 3.04825515778708 0 762
84.4898252736418 3.78181556404771 0 762
91.3081972375442 3.05348111682919 0 762
92.0424758482714 3.04830193479447 0 762
67.3967766792982 3.21333074352995 0 764
91.4419857041571 3.22825611090199 0 764
92.9119765832284 3.23478356833592 0 764
95.8188701994243 3.0589878300361 0 764
65.0529022792715 2.99477454546763 0 766
67.3728002192733 3.14942085902456 0 766
67.4582083792363 3.25879589048929 0 766
96.4617630053351 3.15442820022179 0 767
96.7174346767971 3.0060943310957 2 767
96.7335154032671 3.91917202676918 3 767
96.7741630379148 3.22663171556714 4 767
96.8005118764227 3.26966776817378 4 767
96.8304793788338 3.33708148035569 5 767
96.8516176175543 3.12976532245374 6 767
96.1634327657472 3.99408852777828 0 768
96.1731640100093 3.16299576879395 2 768
96.3598020786703 3.61867272753636 2 768
96.184644816241 3.5668725274788 3 768
16.9749737791959 3.17502595085267 0 769
67.2735470624798 3.13859507289335 0 769
67.7073265925724 3.97414305664205 0 769
63.7410933399763 3.13461774578265 0 770
92.0539294356633 3.35465452545275 0 770
92.8967930310861 3.50019159480408 0 771
67.8454401715249 3.1781405936614 0 772
67.6666319176186 3.26674527255852 0 772
95.894371035685 3.26712990496111 0 772
7.06470851262334 4.21701841248945 0 773
80.599898385941 3.20472601298044 0 773
67.3189362279769 4.37907700888113 0 774
71.9501829679003 3.61240100778938 0 775
75.4673008079318 3.10748886352282 0 775
67.3443200995908 4.12462403352334 0 775
97.0459399109047 3.06632603691039 1 775
96.1368752179908 3.07488680927789 0 776
67.3025284556339 3.66409360124643 0 777
67.727070033549 3.02412150864709 0 777
89.3382581232156 3.05977261906228 0 777
63.9410294078534 3.4297259511706 0 778
95.1692949665028 3.29913360180711 0 778
96.8453889428445 3.16843404374882 1 778
63.6777703517204 3.56544210956385 0 779
96.8528217560591 3.09996267209673 0 779
0.10861970396623 3.38315584493191 0 780
83.8011648537367 3.25482422423156 0 780
67.2686135601 3.02696627183831 0 782
87.1891831043607 3.29959714856124 0 783
95.8129915875177 3.01246380574606 0 783
96.5344727565341 3.1100644566937 1 783
68.0752853689583 3.12864829149864 0 785
67.2881847894688 3.12667320050858 0 785
70.3948586583704 3.17950416135269 0 785
82.8068012873493 3.09064122469531 0 785
67.2660248534149 3.32824896492948 0 786
87.7203652799123 3.10203591927868 0 786
96.0129817889795 3.29317997864317 0 786
63.6495611334404 3.9953513597286 0 787
65.0642468408249 4.54905671126637 0 787
79.8653376073125 3.06395667292044 0 787
95.7360085140651 3.38038669047835 0 787
64.1896015552283 4.19876651129991 0 788
67.622977214189 3.00684928997275 0 788
67.3754023169937 3.17477043733975 0 788
67.4297637701341 3.06881823013908 0 788
95.9745820119324 3.04975615494579 0 788
67.7660201725449 3.16343357873834 0 789
97.1970728761323 3.57084117269757 1 789
67.379917019031 3.21733899324461 0 790
67.8757794731894 3.04491678694808 0 792
80.9709421557977 3.51251513568482 0 792
95.8985093413325 3.31496224771531 0 792
67.2739911247636 3.80919807781786 0 793
93.4750163035954 3.33034383297897 0 793
95.9047825789276 3.19179350595529 0 793
70.4537534392861 3.08381507703985 0 794
69.0922959054783 3.56657225030914 0 796
96.4023867276788 3.03414600508624 0 796
96.5400462155037 3.15574719986769 1 796
72.0853350893151 3.56966207807131 0 797
70.418424600875 3.04695160574795 0 797
67.4887132155242 3.34563231585852 0 797
95.9734554615028 3.53850164053719 0 797
97.2344415528161 3.34927639944651 0 798
95.9670311824358 3.14373815091437 0 798
69.4083706397387 4.09134579517673 0 800
82.8271466114718 3.20812150468662 0 800
95.357074084646 4.27060122004308 0 800
95.5710120484321 3.80549125527756 2 800
96.5258934258493 3.15320357397814 0 802
97.122522914064 3.7209342704178 0 803
96.2844937473808 3.67667637736838 1 803
68.3939263571362 3.31576089931529 0 804
67.3811607229852 3.19037331246547 0 804
75.9090458913417 4.49084544805691 0 804
89.7502472884248 3.51240566930033 0 805
93.5012002703265 4.21271295965434 0 805
67.2706485879029 3.55653043118479 0 806
96.4071391979914 3.01736222180116 0 806
67.441820880677 3.5232791891461 0 807
97.0016082934842 3.69265869283742 1 807
97.003932161185 3.01400535674419 2 807
68.7167529306883 3.00039236309323 0 808
79.4880434222734 3.21534792948309 0 808
95.840521608466 3.74636190618531 0 808
96.1292418455716 3.39558231396132 0 808
0.116542143212585 3.10224737239211 0 809
96.9915455755976 3.56002521951493 0 809
67.4495796086902 3.39922681018781 0 810
67.3178809108725 3.17554522693951 0 811
95.808324348832 3.21421028299513 0 811
64.1298658995857 3.08133401152836 0 812
63.8044415399584 2.99976078624645 0 812
68.5022581625549 4.02415135108189 0 812
67.2973840823693 3.25690418157608 0 812
96.1918286641147 3.71033994697569 0 813
63.8374375538559 3.19159860292802 0 814
64.2853550656394 3.3720858316986 0 815
94.5415818849681 3.71497334800495 0 816
96.0338466468948 3.82691862895892 0 816
64.0997172908843 3.09540626108703 0 818
95.3282129551926 3.24520096799614 0 818
94.9323681278252 3.01548158010545 0 820
67.4714925943502 3.11184367863775 0 821
69.025265223369 3.20939593628714 0 822
74.3425808608443 3.26182051861622 0 822
91.2321194876965 3.37709004662653 0 822
0.794405654717026 3.63377581175529 0 823
96.8510812964834 3.03453296384745 0 823
67.2712355162973 3.38749648109158 0 824
67.266507388761 3.11014638374423 0 824
95.8541065987001 3.26085712638805 0 825
0.0400361520425129 3.02998439274722 0 826
67.6836372102794 3.08372218181179 0 826
96.4239907080249 3.49705284162824 0 826
63.7995130278171 3.01412167628702 0 827
67.3205471817869 3.04575079017718 0 827
50.2094401888149 3.12175040717969 0 828
67.2606939626543 3.08258193209866 0 828
67.2734465185178 3.66597913517943 0 829
89.641968664938 3.21043245982439 0 831
67.2740491772113 3.14223131594167 0 832
67.6119711768138 3.68044580681357 0 832
96.6243115298269 3.10286260816013 0 833
64.1606007190218 3.60258213425364 0 834
71.7383407307126 3.19947513861654 0 834
96.0020680757079 3.50633543168649 0 834
63.7851122824339 4.38993627125332 0 835
67.9433469013091 3.01129923483563 0 835
80.5344456533108 3.2628327540177 0 836
65.7242785812938 3.49547048826738 0 837
67.5347365212901 3.12044143552371 0 837
67.3246145193078 3.20213801082073 0 838
96.8083744221174 3.37802581243428 1 838
63.9721308375327 3.11907495063046 0 839
67.6669660660837 3.49062486841424 0 839
69.3490963619842 3.1868642768742 0 839
0.0476997504516561 3.58456771743441 0 840
84.90016154769 3.49848743114639 0 840
64.2068011248087 3.23184145990329 0 841
67.2960564547544 3.59045704406398 0 841
95.8858608625607 3.28632921925908 0 841
96.8926987061084 3.28968299606854 1 841
67.2936375575119 3.49680671435694 0 842
67.6322431868224 3.51543474037126 0 842
67.5379619124281 3.39051527387476 0 842
68.090332687826 3.44769429568503 0 842
85.5718719550554 2.99389341757627 0 842
63.6593718021582 3.49303272265895 0 844
68.1898861241996 3.23494119478527 0 844
67.2584820466738 3.1110956300167 0 845
68.7481044231335 3.15731280971816 0 845
67.8548379587095 2.9973544838337 0 846
82.2311588730766 3.53776251810786 0 846
63.7589100596592 3.25625913961791 0 847
66.5991037303507 4.49045922112996 0 847
67.8394078941631 3.49901700223651 0 847
77.1549457312427 3.9155018890183 0 848
74.4895611589988 3.29725179496751 0 849
86.6894543926993 3.11055734924823 0 850
67.272522220013 3.12793172294608 0 850
68.8217958917431 3.93029336884876 0 850
67.3636554075933 3.44227586233591 0 851
67.9082456685078 3.00269862388986 0 851
72.5994956069326 4.02928814206537 0 851
95.9095965103643 3.3529586726604 0 852
68.8193564689603 3.05626063546074 0 854
67.9667514521373 3.47237569178439 0 854
95.6849587393297 3.12391249431394 0 854
95.9567741873234 3.13773126338892 0 854
96.1539321871988 3.10646623217622 2 854
95.9886906821882 3.51353382685356 2 854
71.6949539788218 3.0512644653483 0 855
67.255120257929 3.19773249055051 0 855
69.1828651683607 2.99957871686501 0 855
69.4354357629653 3.17959497237123 0 855
95.7265229758393 3.97317818917235 0 855
96.4861226196477 3.1991998558963 0 855
81.3228103535569 3.1187864950035 0 856
63.7498434757443 2.99898197847406 0 857
67.3329607985794 3.41074167345493 0 857
69.2071503865644 3.55259049474109 0 857
95.7923807005614 4.13623474622566 0 857
96.2096648297778 3.07043349320071 2 857
67.3692839061307 3.10290548855331 0 858
67.2962463144336 3.22419707950219 0 859
69.9099556407053 3.05375517046052 0 859
95.9504817515041 3.16015841355933 0 859
95.9587120136219 3.5073560434355 0 859
73.1534573314874 3.30614371582293 0 860
68.3123221664965 3.06922901456434 0 860
95.8911528565109 3.39473916922482 0 860
95.8024876111736 4.23280144651439 0 861
95.8111643142437 3.06031974289068 0 861
96.2081773849772 4.18960701837802 0 861
96.2323876576098 3.47318345676865 2 861
70.5341936159932 3.01140295341699 0 862
96.356412984058 3.29089223228078 0 862
96.2536399776486 3.34638474516479 0 862
67.3065822877903 3.14383315497169 0 863
67.3640648467907 3.19236184529254 0 863
77.7323349366968 3.37477703301054 0 863
95.940570526629 3.08071370413695 0 863
67.2719231378504 3.24679082371289 0 864
95.9154579700149 3.14368067307277 0 864
63.8790717469982 3.03186312922559 0 865
65.2240858519249 3.15438292915209 0 865
67.2599645788621 3.57385677830043 0 865
67.2709055009425 3.03300614490802 0 865
67.2530652055571 3.23467196546038 0 865
93.9876859999822 3.23977150384306 0 865
73.2822209181571 3.14259750740936 0 866
67.5471961805283 3.08674731253111 0 866
76.1754991820059 3.31379970171999 0 867
68.5509357160591 3.13311730799785 0 867
67.2861608818982 3.37177596142424 0 868
67.2744461748514 3.18108619282713 0 869
67.314509708556 4.29840777093415 0 869
95.868109682779 3.36453193163256 0 871
79.7360505276271 3.38362958303915 0 873
95.7448055589436 3.12677813366627 0 873
67.3289176112526 3.26127735138849 0 874
73.6202111053621 3.3717512624123 0 874
77.2586962143798 3.16710959653549 0 874
77.4466951357822 3.3113798663643 0 875
68.4582231449143 3.14403211315369 0 875
96.6640305470016 3.36177705125379 1 875
64.0109216472029 3.2109701846568 0 876
69.6667093304104 3.58874331517641 0 877
63.8309896735729 3.0840945680597 0 878
63.6568394005608 3.03268190597839 0 879
95.1764235947545 3.34241188796175 0 879
97.1343996109893 3.07454069568768 0 879
65.580569033067 3.36265245553741 0 880
95.9367271805 3.11250714499629 0 880
96.2639127886165 3.03582550820821 0 881
66.9527413424188 3.32382273626843 0 882
67.3785183664123 3.43800276139874 0 882
67.7439936679287 3.12852598783866 0 882
96.5205070639301 3.09835764442082 1 882
63.7194543420913 3.06293905587326 0 883
67.3593886400269 3.4049829724088 0 883
67.2667707825222 3.60298314441226 0 883
67.2617215765399 3.00566425743438 0 883
67.4091888522554 3.37553964667732 0 883
67.9683812456206 3.35938976975892 0 884
96.2586867691836 3.022717237076 0 884
67.3631345527946 3.64387745345546 0 886
67.4574038784642 2.99298185786059 0 887
70.2607433369387 3.87708647189631 0 887
63.9835751727921 4.39434223374414 0 888
69.453671375453 3.31900821059545 0 888
75.8828166223314 4.1030577748884 0 888
96.5419776907463 3.05117203712877 1 888
67.2750812339259 3.01276818740158 0 889
95.8807969920065 2.99975289422669 0 889
95.9314221677744 3.05264933767295 0 889
65.0049251724511 5.30887244022662 0 890
67.5898008920298 3.98369797052682 0 890
78.4827103453231 3.28234581290429 0 890
68.445695280418 3.10140307885854 0 890
65.0501822622537 3.60139779352998 2 890
67.2568887548328 3.84668843614094 0 891
84.878442611552 3.94943568632494 0 891
63.921830112365 3.45694610463523 0 892
67.2896293948157 3.0587048882742 0 893
67.3222367562355 3.06525533875682 0 893
96.4147757275336 3.03769695711497 0 893
63.7880215235256 3.08662832676271 0 894
69.3979441274563 3.74012049337173 0 894
96.4062780827485 3.35604724373442 0 894
96.768599789086 3.21712311615466 0 894
96.4494480611586 3.14042150749107 2 894
96.9155335211627 3.73085530470206 2 894
97.0202776575373 3.4478396974656 3 894
97.0172175856859 3.16690660027226 3 894
96.9450977758481 3.01491496992627 3 894
96.9987997509014 3.09948024298619 3 894
97.1206895017487 3.16403192559519 4 894
96.3190714331546 3.54883967398338 0 896
96.3215086362131 3.05618087471523 1 896
95.8367159846553 3.01975308040119 0 897
95.9468695895298 3.03926003351871 0 898
49.833906057587 3.63073629756946 0 899
82.4187199686774 3.09308915853863 0 899
95.8736206503554 3.29332120794171 0 899
69.1448886956777 3.01851922410421 0 900
72.0174437558073 3.81038582989847 0 902
76.360691622611 3.83290887964436 0 904
67.2650909375131 3.18939221075407 0 905
92.1184848986651 3.02611959892746 0 905
95.9048066339304 3.93499271021884 0 906
95.9927066798971 3.05728066681137 2 906
67.2834705670355 3.36980989523047 0 907
96.5741540936894 3.0940213858967 0 907
97.2190156881504 3.13697565043575 1 907
96.6434453337294 3.825287684049 2 907
67.4192099282662 3.30914708537924 0 908
67.3129650673603 3.01465653002664 0 909
84.9915834075892 3.0557609926933 0 909
96.4718070803017 3.12121015958708 1 910
67.8234152509791 3.09306965199974 0 912
0.103918389703435 3.05115311061145 0 914
63.7054794892516 3.76092243156319 0 914
63.8946583317277 2.99209025920379 0 914
89.2596191204688 3.05564030531079 0 914
96.1941437091459 3.48388053818617 0 914
96.9751533760961 3.44337442752135 1 914
0.0232893116525021 3.06375657983831 0 915
67.3232030697242 3.48532059555907 0 915
67.6557971722266 3.03236799085266 0 915
77.1230806629727 3.10377509160825 0 916
95.1463797833848 3.04701511105539 0 916
67.6881627729917 3.5298826387382 0 917
67.4765125966756 3.36920223726243 0 918
67.2747805057797 3.15892456438197 0 918
67.4399534809062 3.1729154146014 0 918
67.519595066413 3.07757390086541 0 918
74.6533135375084 3.35156527574289 0 918
97.0074169642318 3.13387867227205 0 918
96.2792657826734 2.99669224170237 0 918
67.4775786280914 3.4002032835422 0 919
69.1231097466519 3.45483932390622 0 920
67.2977272251447 3.30102523467675 0 921
93.6849467494276 3.24677313464561 0 921
53.3923877334983 3.28553229873744 0 922
63.8082613162698 3.19352092667525 0 923
96.2264195029164 3.57969656316718 0 923
96.377038837624 3.06476136674299 1 923
63.9317933136354 3.35540646820137 0 924
63.688002848658 3.31071839901776 0 925
67.3469262261392 3.0180049399293 0 925
67.6035302691232 3.09589675161119 0 926
96.1538171025083 3.03360738107905 0 927
95.9384385893409 3.15541981806203 0 927
97.029354595327 3.50645595135221 1 927
96.1666117366681 3.30811006013621 0 928
97.0026255026266 3.30899579109304 1 928
97.1488151394103 3.25670318660653 1 928
64.3901231587785 3.57317400399487 0 929
67.2781772291006 3.13663233186371 0 929
67.2526179529092 3.16985206378618 0 929
95.8072133303688 2.99811061518936 0 929
67.5693485096387 3.496131974902 0 930
72.9454624340296 3.63050737491737 0 930
95.9839558864544 3.07741912149001 0 930
95.8128003040119 3.59954295453834 0 930
96.0073843644444 3.40977772880878 2 930
72.649237643807 3.54874798058677 0 931
91.3574421892407 3.46671696953278 0 931
96.6098185531744 3.22553622784798 0 931
67.3820270727465 3.77716417403546 0 933
73.7288185057908 3.6256706009612 0 933
67.2570002879597 3.01193155938323 0 935
67.3580258746152 3.05056644174435 0 935
95.9544647293018 3.46008345143126 0 937
67.3338113286878 3.05260347526423 0 938
96.9523260420135 3.25671183921347 0 938
95.9340514336493 3.05007038818207 0 938
93.6188047643752 3.1647544155484 0 939
95.8043885256249 3.04912830045733 0 939
95.8906111697287 3.04297667940701 0 939
93.5442567825651 3.31265684448071 0 940
96.4157325269099 3.28022597055612 0 940
0.199188887299512 2.99018479768926 0 941
96.1152313971149 3.20794378783522 0 941
68.1240361737536 3.77220909183421 0 942
68.8996683184932 2.99118255633165 0 943
74.2181961204777 3.30441367010453 0 943
94.1906474179449 3.33072707367916 0 943
95.9015679119627 3.12517075271955 0 943
96.5422413395189 3.28343327927086 0 943
96.0403373607866 4.50592722108989 0 943
96.2138682679503 3.12876690189514 2 943
96.4206111782503 2.99345360857108 1 944
96.9095932221778 3.45309353515282 1 944
91.9043727166833 3.29811679515228 0 945
96.1617110538621 3.28176413716097 0 945
95.8829269750925 3.4153651542877 0 945
95.8894232444078 3.25810388732275 0 945
96.7440863670588 3.18794860372188 1 945
69.1522481253999 3.02672366591801 0 946
82.8035156988493 3.12587404242889 0 946
95.9222374454519 4.03771733966814 0 947
96.0369691163047 3.53685728215712 2 947
67.7154882899945 3.67835119123788 0 948
77.1294412024686 3.40248341765473 0 948
95.9111582373761 3.68938713695209 0 948
67.9685054914417 3.10013885353361 0 949
67.2595756511733 2.99624556681834 0 949
67.2773671147314 3.08194474493754 0 950
67.3210193463 4.02561667855091 0 951
69.4057088094334 3.21837413678801 0 951
83.133992009438 3.20031772999584 0 952
68.0443236632311 3.10329025740892 0 952
93.4738798525077 3.07564667237327 0 952
67.2585962622041 3.06412698609578 0 953
70.5171903951711 3.15975595995181 0 953
81.55831422218 3.03934953914706 0 953
95.910866548801 3.01166489302449 0 953
65.0944902032046 3.14726250792349 0 954
67.5939046090936 3.22210898966709 0 954
64.130648698441 3.53110004953971 0 955
67.8485316417134 3.02852772507451 0 955
67.7830530464733 3.06889357380661 0 955
67.4065301105462 3.1371748772828 0 955
97.2125366442233 3.20780773831544 0 955
83.2119260449827 3.30361129439286 0 956
75.3487604357275 3.72654714867919 0 956
95.8811376589851 4.26032765872436 0 956
96.7574274724456 3.44326118046107 0 956
96.875429821647 2.9981930238631 1 956
86.1273913459242 3.1911411499864 0 957
96.5891558931608 3.08697982770151 0 957
67.2607473534451 3.0697361507952 0 958
95.8941408648557 3.06820295347917 0 958
95.8698963926589 3.38691987679848 0 958
95.8585123598464 3.09947313510555 0 959
94.1739679631482 3.07961597628147 0 960
95.1573390510904 3.08091102962558 0 960
96.7527978580717 3.19169309809932 1 960
96.755512425112 3.55469276286494 2 960
67.2870218877471 3.06220512212953 0 961
74.836052567868 3.45994444986264 0 962
96.466385833352 3.17303621574366 0 962
96.078154732347 3.56596317222012 0 962
63.7891517878073 3.7884189767557 0 964
96.9758101565382 3.08817491118184 0 964
63.8573420403001 3.00653352435251 0 965
63.7997765901545 3.16027483793043 0 966
96.5913750690729 3.0256470190278 0 966
65.1606463971559 3.09262486074065 0 967
67.7135160893314 2.99107868125215 0 967
96.2043473253315 3.36461422743762 0 967
67.2569529231085 3.45806140809857 0 969
67.271384985833 3.20799579027562 0 969
68.0701329118327 3.71847231532183 0 969
96.2055275395603 3.72164592196652 0 970
96.2038466699845 3.10234021746805 0 970
67.2737200843807 3.59093641666646 0 971
72.1399245040429 3.90780661974172 0 971
73.5662658250829 3.0635352991105 0 971
96.0216437130457 3.23439804041989 0 971
67.0135348156667 3.55759051757363 0 972
96.6424569731986 3.7794960691565 0 972
96.6866588656345 3.27796201504017 0 972
96.8697787013177 3.07292489321495 1 972
96.7076531389584 3.20865054903954 2 972
95.773016801789 3.12950765957387 0 974
95.9987292862582 3.1672538160535 0 974
70.0276083281992 3.29919303424958 0 975
67.3306192927635 3.06485318491503 0 976
95.8071662679104 3.27150495318044 0 976
96.7519120264139 3.12443162815978 1 976
67.2737155675943 3.17621541557988 0 977
63.8246524393754 3.22409129714082 0 978
67.4156582843617 3.21798587010061 0 981
67.8943146978165 3.16331427713306 0 981
67.2565064472496 3.65143759606233 0 982
96.0602509257088 3.16317347352685 0 982
95.9174948090372 3.17728827037151 0 983
63.6621009103178 3.01288759534667 0 984
67.9808579359162 4.26332442122925 0 985
71.1911650648395 2.99637895354576 0 985
77.528574546759 3.04019252156202 0 986
96.9512051649419 3.14252092835383 0 986
69.7589399973273 3.45169395170528 0 988
67.2655959961584 3.03077475552467 0 990
72.0881401242324 3.68904405866304 0 990
96.4094635678727 3.42295174218195 1 990
96.4293041626722 3.02640085027742 2 990
69.3134196390607 3.03596926918215 0 991
69.893144367932 3.04678358121732 0 991
2.74387617386586 3.29620940087768 0 992
67.2808854266828 3.57514923056061 0 992
68.6370208273451 3.00430306257514 0 992
96.310103422703 3.10980088917833 0 992
96.9578522855754 3.28759167793592 0 992
97.1261848090023 3.09915345763444 1 992
0.393656391572285 3.11183203633532 0 993
63.6606461011788 4.23278590044805 0 993
85.8600638589438 3.28524127173891 0 993
96.0153520010135 3.08973149493513 0 993
65.4303328412566 3.34623000377209 0 995
89.776712327455 3.21615731919624 0 995
91.3060129562359 4.00442778202564 0 995
96.0635369835969 3.28313290777751 0 996
84.5155966464628 3.1947605566787 0 997
84.5988080030323 3.50126010996188 2 997
1.48178429132554 3.5724300252196 0 998
67.4086861645501 3.20653882790221 0 998
95.9384275855459 3.09492762445485 0 998
96.4016311936402 3.03270207627397 0 998
67.2728094117069 3.59708065571023 0 999
67.9165741876886 3.32888645301723 0 1000
95.9103040706137 3.00318127568553 0 1000
