"ts" "magnitudes" "gen" "cat.idx"
10.1789894148099 3.22355882090907 0 1
2.53157776319256 4.15625867289342 0 2
0.275000322947726 3.40079254364695 0 3
8.91779555075312 3.72485672860909 0 5
48.9427254212732 3.38884085975926 0 5
0.680149456982375 3.00746858274299 0 7
27.1165230663262 3.05304921414616 0 9
53.6747749337999 3.15500362342652 0 9
26.4539516628591 3.98646458221672 0 12
4.29083462847894 3.10324337012783 0 13
27.0003062688951 3.00097439042061 0 24
51.1189632404229 2.99979193290479 0 28
0.0167316792189399 3.00302357344102 0 32
22.6761628272422 3.36648992963391 0 34
58.3790289628409 3.71162018021339 1 35
0.0077583512015807 3.69252867406008 0 39
3.03539799359086 3.12646313981515 0 44
0.119965485714749 3.14611044901445 0 46
0.0509682035831434 3.50575707822915 0 48
13.642254269979 3.87596671064381 0 48
13.6714561869343 3.16080532838056 2 48
0.0481595587488909 3.08559676635917 0 49
0.238483938711657 4.34850105177472 0 49
53.5303819313309 3.25791238141946 0 51
37.7849876663817 3.47975991296032 0 54
17.8357063084763 3.217265273397 0 56
20.5862514768909 3.30335073215892 0 58
48.5514555344552 3.31822215464607 0 60
0.180218363459411 3.07323043716669 0 61
0.0015554144556878 3.19322829117602 0 66
0.050194900063182 3.04130084244627 0 68
58.735280092023 3.36600365463843 1 75
10.6540721175197 3.07675260810129 0 76
6.03396427308729 4.31710162886631 0 79
58.5813724875074 3.47893131894879 1 80
59.0149478341077 4.62144088174423 1 80
3.90213428627572 3.88277696670806 0 85
1.5537679723323 3.12888995490441 0 90
58.4880688969601 3.01093318033396 1 91
58.5279592185815 3.68556061241957 2 91
47.1142000457371 3.32567678513406 0 92
58.278723097555 3.00405210898961 1 92
0.0235554701642105 3.08545004014046 0 95
0.339692209852797 3.94070017335026 0 97
0.131039644010008 3.50631717638242 0 99
58.8234330440495 3.60450409335936 1 99
54.3060023480941 3.60782570192118 0 100
4.78833528558264 3.13007267056588 0 105
51.7270928783239 3.06527800731457 0 107
53.348871643069 3.51548082580396 0 108
58.8907206742183 3.13062043875426 1 110
58.3740027743947 3.78379085847704 1 114
58.4069302898456 3.01136536212256 1 118
3.42458909024287 3.68983627875165 0 120
58.4856957696934 3.15071642634443 1 131
0.00625094541223716 3.33659072848442 0 133
44.6877592931652 2.99608464722544 0 136
0.832409078524509 3.61993195027152 0 139
41.0858810349665 3.03690016289962 0 139
59.0061318242546 3.09277165482294 1 139
58.8017050283119 3.11620907562436 1 154
50.6416391527398 3.62393376583528 0 155
56.1046450647802 3.40584873541496 0 156
58.7789266218055 3.00493234407684 1 158
45.760315033585 3.50910411382162 0 161
2.35873784775701 3.7283705280523 0 162
58.4520618460696 3.29698899773377 1 164
58.5515742648017 2.99677799404556 1 165
0.117564735764944 3.00725687271809 0 166
58.5097919247669 3.16906192656426 1 171
53.8242847618829 3.20537194599438 0 173
58.4317565687556 3.08216439821773 1 174
53.3941559123508 3.13256094317727 0 175
9.01990252666815 3.33932916436555 0 185
56.2173773750624 4.27398862113762 0 186
5.49103577583401 3.12557512894222 0 189
0.187123991900669 3.23098503634562 0 192
1.04017501709986 3.30210675146715 0 196
0.568851795943671 3.00223827407463 0 202
58.2983144271743 3.59846374298905 1 210
58.479163389336 3.30223445520238 1 212
4.93517790252634 3.08777148065639 0 213
45.9319247918179 3.134747037574 0 218
0.0207958529765458 3.04298119612514 0 219
0.161899940477664 3.26686977072685 0 220
46.953153089441 3.51412566880412 0 220
58.7312756019268 3.39387855900363 1 223
0.0118467616925528 3.10793580808737 0 227
0.13569476673794 3.21285467306646 0 228
58.849454367682 3.29173633876969 1 229
4.87249431823449 3.49846097460115 0 232
58.3433708475527 3.04719423497298 1 234
58.8617111464586 3.08862688825528 1 236
0.0216573261108717 3.22017037375719 0 239
58.0957860908561 3.49446182939648 1 243
0.728339363610811 3.24539947154289 0 244
13.8060709775927 3.11089810533028 0 248
50.8349495543806 3.3533888047208 0 251
0.0808000796991675 3.12835583580761 0 251
21.4651273481652 3.14059698342227 0 252
0.020791094767322 3.45424418051885 0 256
1.43130052716891 3.09373344580864 0 258
59.0139236300342 3.2060323975738 1 259
27.3164688490152 3.41748920417808 0 265
58.5386074298617 3.80497807901416 1 266
58.8096108955408 3.19547926293415 2 266
58.7125790909954 3.44880863500773 1 269
0.309802309115019 3.80543797433096 0 277
3.27232233004866 3.15802180084323 0 280
46.7634510980538 3.14549811938118 0 285
54.3384735367706 3.13147924286494 0 286
1.90718154195832 4.77874238694753 0 292
10.126883953018 3.7336312197622 0 293
10.8988674287154 3.26288126103742 0 294
0.118370995051233 3.19612176489859 0 296
0.0737643488932263 3.21884681323767 0 296
17.5774844906116 3.52040535730612 0 296
30.057087527163 3.01277901724362 0 298
58.6816624448724 4.03930487733323 1 302
58.6844357874097 3.01805897736833 2 302
58.8714947054974 3.47733481034861 2 302
33.3074952365455 3.13138198722962 0 303
58.7706975943033 3.8412948772286 1 304
58.2538870192688 3.08591905467317 1 309
1.24865601478195 3.26024021932946 0 315
58.3128962751102 3.102672656777 1 315
58.8721191775143 3.00444391916867 1 316
7.48490192899992 2.99278215623764 0 317
28.1422886082446 3.02162879475078 0 318
0.142519605302062 3.03561859607947 0 326
58.3419522940271 3.9540505843555 1 326
58.6247593589226 3.06369493304345 2 326
58.6001129140096 3.02034408752453 2 326
36.5418610694828 3.47348202360277 0 329
58.2306889240557 3.00830547134831 0 330
58.0450901125182 3.12019304230815 1 332
58.0952971450645 3.39834939722029 2 332
56.8827423207247 2.99745158713089 0 333
14.1038367463464 3.05788634637312 0 334
6.75581897976429 3.13653964232663 0 340
2.12592615319669 3.08248354459571 0 343
58.2745104072705 3.15745119371493 1 344
0.01583865912217 3.15945516323511 0 353
0.0144306103524298 3.58658740555425 0 356
12.6291849838011 3.15355714749163 0 357
58.7064947913491 3.46633416620424 1 358
13.8721046218177 3.46919732905325 0 359
0.0819437048650689 3.35586753629755 0 359
58.8667490539696 3.33088180568003 1 361
58.4083966747016 3.5389783487463 1 368
58.0870712203063 3.06436290011399 1 369
0.279253791453402 3.25063415656081 0 373
53.5086324542327 3.52154546483745 0 391
11.625103081854 3.67367188374654 0 397
18.5995041273944 3.66226329069889 0 397
15.6673796529685 3.07721194275434 0 398
58.887186325071 3.02806901671004 1 405
58.4402333736975 3.06570282547263 1 406
45.8440532481529 3.16583323597319 0 407
58.3403989590328 3.27971508864927 1 412
0.321587016225104 3.05677653226829 0 417
58.8015826988589 3.04517512308769 1 422
1.81317044542525 3.35908170632472 0 425
10.2824691104386 3.33283398740868 0 427
0.312764749559246 3.33592141298176 0 431
58.0769370036755 3.43481811669731 1 435
58.9405618320775 4.14876879575374 1 437
58.9663517386581 3.0295993983944 2 437
58.4013082197957 3.5031404226404 1 438
58.7432026667054 3.39147522865229 2 438
27.1557634391347 3.32248004201917 0 441
58.3142926263713 3.13545112846747 1 446
58.4511086080779 2.99685108605629 1 446
6.33252263809045 3.01637200107216 0 447
7.1798952537732 3.59103457709906 0 447
27.1666026756715 3.01995355942573 0 447
58.0606610373684 4.34095839799063 1 450
58.788450908942 3.41488773942844 2 450
58.6700119691615 3.09315169089266 2 450
45.6602827977024 3.89073432335433 0 454
2.30053177384742 3.02037033211355 0 456
22.555318894043 3.3578429929341 0 456
58.0779377919711 3.63375452682695 1 460
20.5315942614629 3.23543544259455 0 462
58.4096354042735 3.11746545247415 1 463
58.3688013913665 3.04108994483668 1 464
58.385979821449 3.26692059231532 2 464
58.439161674501 3.03438319437115 1 465
1.14041845820532 3.73684957509299 0 466
53.3569902387164 3.00064146969776 0 469
21.5768455879962 3.04019860286419 0 475
58.236774638211 3.16097912277526 1 478
58.5832149359953 3.23818607150156 1 479
0.0365050177669653 3.06427830322984 0 480
0.445284547294427 3.40497412439109 0 482
0.00177776532165943 3.03833404847341 0 489
0.653950663684508 3.03829408320536 0 489
2.96710513905453 3.34908300580427 0 489
20.8822408160561 3.13081309726819 0 490
45.4830658019558 3.5344244829232 0 495
58.5546926654965 3.40691490291691 1 495
56.5379945763164 3.01126567720229 0 498
58.3211336505223 3.67286406085545 1 504
0.291152811718148 3.36008296049092 0 505
58.2505749255974 3.61427082463754 1 513
58.3794065909067 3.33652704972056 2 513
58.7098040035084 3.05629730433038 1 515
34.414915090132 3.73872472347396 0 521
0.152944074121347 2.99714051798223 0 523
58.9923409709331 3.29066122115169 1 529
45.6982617583707 3.05149060484851 0 533
58.9608536112678 3.16669549643073 1 539
58.7645829838325 3.93350397260919 1 547
58.8075574140773 3.18791727422572 2 547
1.30895412472595 3.17521299016094 0 550
58.7944028961096 3.11972903202151 1 551
0.0756684863804563 3.10079393060971 0 554
56.0228450672621 3.30197526031539 0 554
0.0617072269636748 3.24687694549773 0 556
58.291864332426 3.0445549873245 1 557
58.6265839388684 3.27700926855005 1 560
58.6370431137023 3.10751608606031 2 560
58.7208484691676 3.07411856609028 3 560
1.07214244719479 3.33668159959969 0 563
58.3160317951437 3.28013621406288 1 564
58.6497013013451 3.8237561508065 2 564
59.0012216044497 3.2744573912557 3 564
54.716845529534 3.48006081940163 0 571
56.0607580809619 4.58000668776936 0 572
53.3392763144328 3.134454441709 0 575
19.7206217357282 3.56819900524868 0 582
7.43667276233808 3.00253356685732 0 589
58.1504145624671 3.02918971532255 1 593
58.1566810813151 3.05865807897978 2 593
10.5497690309506 3.28267254109095 0 597
54.3970822724043 3.75880293671291 0 600
58.5542654601481 3.04861843433866 1 601
4.61468840632016 3.3960458382999 0 602
58.1200021192521 3.86374245297443 1 603
58.4927174718209 3.07145430298559 1 603
58.22388225756 3.49689462678246 2 603
58.2411839595677 3.02829272174811 3 603
4.6134000664625 3.02530773074852 0 613
58.8337510131855 3.17253239329139 1 615
58.8633680545922 3.01329379154223 2 615
2.87751001435549 3.04643393182468 0 617
0.00462647795767571 3.40400883731842 0 618
45.4685824371348 3.3733101680072 0 622
58.6588527626913 3.23545273811364 1 623
4.81125420829845 3.31183435956048 0 630
0.565576602892425 3.01306433692866 0 640
58.0215722335592 3.70826954136985 1 644
58.1764830252049 3.32671543849718 2 644
22.5810353689091 3.1340505434634 0 646
40.7216250905713 3.05210457456889 0 647
7.78763607678349 3.18088015141241 0 648
0.217545341128654 3.32383987970038 0 652
3.9826921167053 3.04105132855147 0 653
46.2371272552849 3.55834416293357 0 653
59.000680340137 3.08607205078664 1 654
0.054638520370062 3.18007121612924 0 655
58.332369271116 4.4007824296855 1 657
58.5866667724835 3.62092188667029 2 657
58.8972115508258 3.00929227552115 2 657
0.138378153263106 3.15850269359389 0 659
13.6736139252315 3.74171232807737 0 662
56.0620517742495 3.22450831660168 0 665
0.0512709131583847 3.09650852974338 0 667
46.398546354072 3.70017196491196 0 668
58.4547347860966 3.20264691423143 1 672
46.4773297230605 3.00986205579125 0 673
55.9804560255334 3.2430448438626 0 678
0.00854164676842038 3.12062425524566 0 679
58.7220806383152 3.33974639634442 1 686
0.64996637484235 3.36212580887652 0 688
58.353565616449 3.75455457456669 1 689
0.334952688674496 3.07268017291416 0 694
0.190797383697411 3.43698117996843 0 697
53.3902033944104 3.21180472284032 0 702
50.662163254731 3.39974553064155 0 703
0.181062102844949 3.21549116207689 0 705
53.3920902796158 3.02025325707302 0 705
3.95330322650215 3.14532804999907 0 708
7.21635641043722 3.01201489207721 0 715
0.0417051442567988 3.33148448186998 0 717
0.000711005564951203 3.05713554289699 0 722
58.825338864382 3.42525888862756 1 722
0.22852375188912 3.15072572683653 0 725
53.7973102014877 3.00041716176937 0 727
58.270587573343 3.0598093305345 0 728
39.9399521579643 3.75962305479375 0 731
0.0752668282208456 3.11825071125137 0 733
7.22976209514871 3.08404298971827 0 738
2.86980804719727 4.5411288486184 0 745
33.324765587522 3.46805958777435 0 747
58.4366258512341 3.8454997885034 1 748
58.4621415586447 3.30327154150426 2 748
0.0325891305965532 3.23395324435977 0 749
16.7133933090934 3.8106275466539 0 749
53.3389696084133 3.19997125171094 0 749
1.57008707610142 3.17751715151775 0 752
58.0795954276432 3.32422163356707 1 753
58.9805030537859 3.13421281925974 1 763
1.30142550087914 4.73751741941518 0 768
0.651860566125084 3.11410587560828 0 769
4.59839248182212 3.18321851101661 0 771
2.28039433154883 3.34751152005138 0 772
54.4071637421918 3.01990439695513 0 775
54.0606453730617 3.02820534013891 0 777
0.00128687021271406 3.07654477289329 0 779
7.16495486534297 3.14528881053885 0 779
38.2102015896631 3.07062095308116 0 779
58.8180743937005 3.00634499310576 1 780
11.807941907057 3.01082011591905 0 781
58.8382413800895 3.83759872527512 1 781
58.3575013430413 3.05370139066474 1 781
58.8623440880895 3.3498514800478 2 781
1.51339058515078 3.1654203569585 0 785
3.00419915574485 3.41971338648351 0 785
14.451251488897 3.28148286987241 0 788
53.4562504880602 3.3583376118178 0 790
31.3792690063805 3.43922705165705 0 809
0.102085653180093 3.77412533178843 0 810
58.1047544664793 3.19755560184691 1 810
41.9016198512091 3.01826217955592 0 813
0.0346672863915623 3.26337746157748 0 814
12.5425631419017 3.41792671979446 0 814
0.200409100700733 3.28257952199244 0 816
1.83410009247659 3.55234966276518 0 825
0.26945867077663 3.15079427678179 0 825
53.7213482339876 3.40057077894855 0 826
58.8207049236257 3.04442726139446 1 827
0.0519999544118449 3.01711470725375 0 831
58.7477184549529 4.88710162492766 1 834
58.9961964324393 3.00048710715957 2 834
58.8347436864594 3.15335088218768 2 834
58.9141286443699 3.13768585596441 2 834
58.7766729837589 3.66342065625388 2 834
58.7836870460285 3.10111665537994 2 834
58.9255476157497 3.01996842510729 2 834
58.9752607068973 3.10578900920271 2 834
58.8625795943393 3.5519901633066 2 834
58.9778578039786 3.07279844684673 3 834
58.9130022094137 3.40749685375012 3 834
0.151596524653741 3.69567701743106 0 837
53.7717246642129 3.1366109902814 0 837
0.565984022147509 3.05573517753663 0 843
1.65577651724847 3.56346853111371 0 851
58.5792193472475 3.08843346294416 1 851
7.87072395661065 3.12979460165168 0 854
48.4795273429841 3.01311503322537 0 856
0.3630332532174 3.07261736059869 0 861
1.11292322280863 3.4521845010537 0 863
0.29012316277108 3.02740310297273 0 870
0.0266914681731863 4.50898998573315 0 872
37.807745164359 3.02275418476111 0 877
5.79919198069097 3.32724039331177 0 880
0.0445569140234139 3.1089275560875 0 883
6.78372264023864 3.24159381882183 0 883
38.4960114463373 3.42309499857197 0 885
0.225858726921707 3.16781073309086 0 887
2.91168238141537 3.16249905871209 0 891
58.0820303188261 3.102606632793 1 893
58.2615063097351 3.15225075562717 2 893
53.560611251338 3.35353440852236 0 894
0.939896555292557 3.02725307587722 0 895
32.3315290586963 3.16774087253013 0 898
58.4296534139753 3.18431604649095 1 900
58.5867296714891 3.07490414123479 1 903
58.8388683282761 3.11881788478919 2 903
0.234740765961782 3.50282042948243 0 904
53.3336124496019 3.03093631963125 0 907
0.789427538318743 3.03714707804191 0 912
4.62916401140216 2.99701376543801 0 913
0.0960052369052367 3.08277351478298 0 916
58.5506207397429 3.02233214286185 0 926
45.9824031739756 3.02988997420356 0 948
19.8924294121094 4.43894629166383 0 949
31.1269496870498 3.29307970160924 0 952
58.7620516721249 3.13910633107953 1 953
58.7692613190422 3.19145750729226 2 953
0.259705861934318 3.1710891152764 0 963
58.4829578645617 3.12904019309186 1 968
45.7429758619461 3.09108339487495 0 979
58.8213289882146 3.37308182613408 1 979
16.3760650195189 3.19829179463927 0 980
12.2093995967707 3.24934750940383 0 981
58.2439531827435 3.17910842758772 1 981
58.8685669772417 3.14780261005814 1 981
1.13693086128138 3.32607947404591 0 985
15.6242170804167 3.05902647684668 0 985
1.94470853204946 3.02660815021335 0 988
0.00829571237074728 3.04547529523176 0 992
0.0400010580774854 3.20065411781412 0 993
0.088527387817987 3.1224562495069 0 995
45.7494434288561 3.11385620366541 0 995
41.7679647613968 3.10176849207123 0 996
51.1268413617356 3.2011684574763 0 1000
58.5797751787208 3.38680613379635 1 1000
