"ts" "magnitudes" "gen" "cat.idx"
32.2609667245846 3.04849646534553 0 2
0.032139857814127 3.16254809675881 0 6
35.4041199383811 3.20599520045281 0 8
36.6553937465973 3.338510689992 1 8
5.93123697377939 3.07748023870654 0 11
36.7755764479839 3.49635369524423 1 13
36.833021222714 3.18333453199324 2 13
36.9288821192333 3.03363076036895 3 13
0.0182819229798254 3.04083555243622 0 14
32.2157754043148 3.52545026621311 0 15
0.0719113067348636 3.06815996982821 0 17
36.4423241030049 3.2640233038972 1 19
25.3068540475135 3.10412103592187 0 23
0.043994234405996 3.21043271522172 0 24
22.6408294705462 3.28350212776091 0 26
0.100225437836248 3.03344810675515 0 31
8.53362431746233 2.99189027862759 0 31
36.6855525822934 3.63695746924718 1 32
32.2299279259478 3.01104855251307 0 41
1.94554709311317 3.18935559638131 0 44
0.356404148638124 3.26465524322808 0 46
8.32153520082247 3.62259708980602 0 48
0.478411929497878 3.17852488362658 0 48
36.7376270367854 3.05176177576268 1 49
0.0584580305181171 3.19631739561539 0 50
8.41421526269243 3.10283890634902 0 59
1.65215740495515 3.20469087433767 0 63
0.461319618386353 3.1650187761369 0 66
36.1739721427761 3.0325547449218 1 67
35.3532493882371 3.6581887714235 0 68
35.3597729258468 3.73447809427283 0 73
2.02071828909633 3.06993227382595 0 79
0.107031580886032 2.99899851959866 0 84
2.95089345122107 3.15082650632815 0 87
36.7766537402381 3.24406853687285 1 89
36.7768517534788 3.28915429663834 2 89
36.3444685332101 4.00897210559342 1 94
1.25716641740237 3.26017822927817 0 95
31.9774005571594 3.33657489123321 0 97
36.9172490990345 3.25087003489451 1 99
5.01708415167485 3.02530581198618 0 101
0.00824965873854365 3.05663793396891 0 102
36.0531307350934 3.29167255310486 1 102
0.680913933743444 3.45575840829789 0 103
27.1496387683718 3.42313587335388 0 103
0.00370705081481058 3.10614798180963 0 105
5.75856572559606 3.40902567752991 0 105
22.2260161592968 2.99547960899621 0 105
8.26780846182779 3.3659940004377 0 107
9.50996165759463 3.26107709153553 0 109
13.0617068081463 3.64945807894269 0 110
29.3368114564778 3.01386961701188 0 115
6.86712779776344 3.43224689880759 0 116
28.7981331424698 3.31670716557585 0 116
29.4488649675029 3.0556451466508 0 116
0.630863530673809 3.25253915392853 0 117
0.421328345949212 3.07456298152047 0 118
0.135164898617365 2.99235965855436 0 119
7.86080891322458 3.1950675107882 0 121
0.047002619730922 3.44017250105289 0 122
22.1630065742481 3.0236112310301 0 124
4.80530335668523 3.32606525931333 0 124
1.92897879035382 3.36374744375103 0 127
0.433109129144381 3.35304738403202 0 136
36.5952854001984 3.17696770203937 1 137
0.0734124265952935 3.61499113114054 0 138
35.4054642125883 3.56567535367201 0 138
36.134854147825 3.06374518585499 1 140
0.140723364628913 4.54014470061978 0 142
0.385375110674262 3.81832855136641 0 145
36.6004996098668 3.07722063595825 1 145
0.0386498519400908 3.62280950619664 0 147
1.75385276074678 3.51126654320973 0 151
0.491771176683007 3.02903508785153 0 151
6.97403350335461 3.22585804374726 0 152
0.0550142895040532 3.06227947543806 0 156
0.0122326135493221 3.49766085064034 0 158
0.00652742928124285 3.2641042320806 0 159
36.6938810424503 3.04176264963963 1 162
0.0908434890716605 3.17846821329257 0 166
0.0148242992094652 3.27609595644093 0 169
2.346892044813 3.36206777430269 0 170
36.5815599557568 3.4669273675936 1 170
36.5823000011373 3.30868923310691 2 170
36.8794917890777 3.56686072386201 3 170
1.08011667762328 3.01062670292298 0 171
0.0945851893111898 3.71810994923276 0 171
36.9604712528266 3.11916044698174 1 176
0.0162325196394557 3.15391221218618 0 177
0.208834193728638 3.13374272500209 0 177
20.9812362185147 3.11822542312898 0 178
0.685614734351224 3.71377728862065 0 178
0.0216347954412423 3.15670833953619 0 180
0.0566594017674328 3.06102923601759 0 184
36.1384244877003 3.2268319813655 1 185
0.62119488123239 3.6645428993746 0 186
0.0507270387090722 3.22880626081132 0 186
11.0694055640615 3.31487015059558 0 188
0.155714930393338 3.01397580789189 0 189
35.5515526967492 3.08160442279846 0 189
0.0703821337229593 3.0507095946727 0 191
2.32997102023667 3.58062761592317 0 192
37.0066067440525 3.12719430834952 1 194
10.8547941147105 3.41757115369709 0 195
0.0336447044307209 3.90862121148392 0 199
36.1639062246863 4.18091240220208 1 201
36.2814410196956 3.47079272902385 2 201
2.78518860649373 2.99519184730213 0 202
22.3986753334931 3.3697657817077 0 208
0.0431985274709266 3.08516980072955 0 210
0.0616475848793488 2.99752850839449 0 210
1.23603756567837 3.3896885010678 0 211
16.9946744831421 3.03712262805904 0 213
17.41115636354 3.61777213778725 0 214
0.187111307817474 3.09248138469695 0 215
36.2100784102544 3.24840913811919 1 217
36.2614992814067 3.0359980216799 2 217
1.0118372778501 3.05362948035679 0 218
22.5249495571287 3.93231001185041 0 221
10.3183028039585 3.08872788696811 0 222
36.5679634589792 3.17153547603235 1 224
36.0414003340151 3.0513526518158 1 226
0.00811280440114608 3.0818322249098 0 234
22.7032940739428 3.65143794265135 0 236
0.00588478362176171 3.45761649877474 0 245
0.033572471042926 3.14647139633047 0 247
3.36779329142692 3.02605729197105 0 247
30.1447068849164 3.09581758211744 0 248
32.0513575715113 3.40355515943275 0 248
0.0218361662090987 3.06472660175928 0 249
0.150704147909741 3.50620259155719 0 250
36.5908143077135 3.07038919012199 1 250
0.070670400162782 3.90959918300219 0 255
0.426044230449381 3.27257005698131 0 260
0.218980169572562 3.43889596431793 0 264
0.391428719003825 3.38614465471986 0 265
0.0168423580585416 3.7991508099965 0 269
0.0102016795675916 3.33784095868878 0 270
6.37265649160742 3.09301331068292 0 279
1.55129269506557 3.12788150717629 0 281
0.0141605565353444 3.08329184789926 0 283
36.4799194861293 3.18550068517816 1 285
35.4646790878686 3.13877185495418 0 287
35.3648892883119 3.60554401674098 0 289
36.4387936714661 3.25368852139905 1 290
2.11010974623178 3.11689566983169 0 292
0.0742071748204081 3.01623336728286 0 299
0.0259818818779921 3.03255204772232 0 302
32.2651960594253 3.079857720455 0 306
1.22619878816486 3.37641899483989 0 307
1.67245139100657 3.21432426973053 0 313
0.771797743043302 3.35124097839772 0 317
0.0532060540414272 3.26524750114605 0 318
1.02743943496752 3.73919082669804 0 325
3.43912469422958 3.00476959923516 0 328
31.7182583835802 3.34031542461822 0 333
10.5613192090217 3.24057923260275 0 334
22.513532909751 3.25723396738861 0 335
0.00762869482992485 3.14240758298988 0 346
7.24993200320041 3.17399452799086 0 348
36.5630218527835 3.06174556007947 1 348
0.0059929249958952 3.45313407113794 0 351
10.3595198691196 3.17091093610434 0 354
36.7089899479501 3.13167528424731 1 354
19.0621617768796 3.18687992102586 0 355
0.00472351623985023 3.02213096236301 0 356
0.0229776548691823 3.68118807566889 0 358
7.79540011319736 3.36592229766501 0 358
0.237794954739094 3.04506643986107 0 366
0.0481214262554973 3.46267607549578 0 369
0.0396868816467767 3.09266127258302 0 372
0.0913140994309348 3.18820531545121 0 373
4.72310429314596 3.16138779990526 0 381
6.30626266617034 3.27443234309239 0 381
12.843400957779 3.11346666320988 0 382
32.1443991669385 3.20019200104265 0 382
0.991289089617336 3.03911542668388 0 383
22.6248165677302 3.74891263699802 0 385
23.9168006002628 3.46188507933095 0 390
14.7854403935363 3.26502616134057 0 391
2.02271778088261 3.41861828243414 0 408
23.9573387743084 3.14817936519625 0 408
10.2838633942122 3.40653449359748 0 409
3.83662400163309 3.21132388268784 0 411
10.3706274332739 3.14209802719053 0 413
1.33334083674757 3.2094096501844 0 418
0.09925893915111 3.19976804859973 0 433
36.4952890387826 3.35591596572318 1 434
1.24214101491381 3.58202220833041 0 436
36.2410818311941 3.66946119868871 1 440
36.2716497200126 3.46198740307325 2 440
36.5385007889979 3.06960735878552 3 440
0.000676437878868285 3.02940680795767 0 443
36.3739482638516 3.21959090448923 1 449
27.2601415128325 3.39108174904588 0 450
36.63361083894 3.75729798902941 1 451
0.115335783089447 3.29691820086766 0 452
0.0643543185458013 3.33348705412743 0 454
7.52288418820558 3.3743952061299 0 456
0.536701856477575 3.13305432801683 0 457
6.7825005546968 3.80024797752297 0 458
8.07002337367833 3.08962976205862 0 459
0.993987401286195 3.00883585642217 0 462
2.12944125285038 3.14988395512207 0 462
30.0193274866819 3.01661386597694 0 466
0.352441919962295 3.20481943962511 0 471
36.3218963203576 4.1603516316196 1 471
29.2743046726708 3.28963264118185 0 472
0.153223324918208 3.57750065647989 0 473
12.1560557379731 3.01293427552182 0 473
5.66727926263634 3.06948391230612 0 476
36.7998853595086 3.35638897702098 1 476
0.28300221324874 3.15246924349584 0 479
0.248809869983809 3.62078992108403 0 479
0.202566435500645 3.14418326698795 0 482
17.3890372956788 3.83584965716304 0 482
0.0672773577280217 3.03285579111248 0 483
36.6247082812801 3.26478378806555 1 483
0.00681396559247878 3.10648954266874 0 484
0.0974805790743233 2.99595591751808 0 485
0.868564579399259 3.09879857103251 0 485
36.5149146080107 3.18992561443337 1 487
16.8348865524049 3.16799611049873 0 489
0.00154647594870713 3.13393459883331 0 491
3.47730984152529 3.59628990031473 0 491
0.0835099780646006 3.0444029148793 0 492
8.68566525568792 3.27135675910877 0 494
0.0425710439456018 3.077921172191 0 495
11.1016852329749 3.50889358765408 0 496
36.0859025506392 3.05319666202137 1 496
20.529211746726 2.9917481879426 0 500
36.4578824349769 3.3695217458474 1 500
0.84135246618008 3.69786959983243 0 504
2.13312118347908 3.09851530008359 0 506
36.5269906058997 3.37406157905675 1 508
36.5368137439116 3.32638848720113 2 508
36.2493078887087 3.36086948246218 1 513
3.08437621223744 3.30584277128059 0 518
12.2274838137333 3.32415185132214 0 520
36.8697302617688 3.18855473444092 1 523
36.7194227377508 3.10779559480346 1 525
36.7753778742282 2.99047185426378 2 525
0.137945941197212 3.01312209886966 0 526
3.95256766208263 3.12235171007745 0 529
0.0230439227466467 3.20786365457597 0 530
36.7024869855117 3.25829402750697 1 531
8.37232508718713 3.27350514869766 0 532
0.794065074401646 3.2833719188308 0 532
0.252367543818763 2.99403914459008 0 534
10.3864048074396 3.0069815627629 0 534
7.48497007639514 3.12031419804349 0 539
2.64471448798857 3.14622130069465 0 543
3.40200698690736 3.25782111002558 0 543
1.0578909375394 3.06651699518915 0 547
6.26247625194369 3.06005377001327 0 548
5.57586501579259 3.06049980586983 0 549
0.0516444555148953 3.29478094393616 0 550
36.7379439993851 3.1941354553613 1 552
0.321806711117313 3.16998246184483 0 553
1.23812280023572 3.16049822167194 0 554
36.3221401252408 3.11307079971947 1 557
0.206022055753488 3.00948637295469 0 558
0.00183106048634476 3.03382170941139 0 558
0.42903553567397 3.16996675842589 0 560
36.2601078375332 3.48065653777906 1 560
36.4108374577831 3.60525635997482 2 560
36.3077813636489 3.0121308492445 2 560
14.4010644235947 3.00419628767854 0 568
36.6418442147874 3.30695746086562 1 574
0.000841549325100621 3.24821127430571 0 575
0.000147109220686617 3.04692595522927 0 575
36.6993704276715 3.14135610598459 1 575
7.08188591407061 3.16740198693812 0 577
31.964657017519 3.27958482359113 0 582
1.92875876134699 3.00511452388382 0 585
1.99022926967439 3.57473105442994 0 586
0.151803939096897 3.30488857027781 0 587
0.190769658998225 3.18950423080887 0 587
0.492879686516116 3.07808582288136 0 587
0.214813212006148 2.99765381398675 0 589
36.7176175566014 3.04189636521388 1 589
10.2487927382273 3.20914384246262 0 590
35.4830674561481 3.09037791512461 0 591
36.5120744689112 3.50949469358977 0 594
0.555086181699814 3.18438716949611 0 594
36.8445529509563 3.05579774291762 2 594
0.0607673522758928 3.06229848302208 0 597
22.6743830380287 4.22528236118259 0 603
0.52632399771049 3.52844015636508 0 605
1.80412895112827 3.69808970240108 0 608
2.68190691999144 3.01173777128392 0 609
8.95486115354979 3.06566581244808 0 611
26.923263992701 3.25120216707653 0 614
35.5469387416987 3.11787392611997 0 616
0.181662602959659 3.58582607736727 0 620
0.636298103219602 3.49333470932476 0 621
0.57207564384748 3.57418387229178 0 623
12.4292611027643 3.33821799482455 0 626
36.52228000733 3.24029303108548 0 628
36.5271974629581 3.08859002257519 2 628
37.0007777264431 3.54928183913331 1 629
36.8886511611376 3.19553074337029 1 635
3.91796247782872 3.35106581794329 0 637
36.0816041494327 3.01088498290313 0 641
26.988170294826 3.26904259453852 0 643
36.8624663466212 3.05720853714959 1 649
4.39965584172318 5.37144499131478 0 653
21.6174646988028 3.01262946738139 0 656
0.011954265190674 3.12639269047461 0 660
0.908574586638081 3.05098887755736 0 664
0.147853059456713 3.5060364925995 0 668
0.361328363012834 3.2866969544483 0 669
0.367517095463182 3.16874534127917 0 673
36.8685460855808 3.11441838394048 1 676
36.8601965423763 3.25322963602484 1 680
31.9578615436082 3.09715491295949 0 681
10.3733997407089 3.67888764698746 0 682
0.0561155572489391 3.20186844136595 0 684
0.045741985590999 3.34488838555723 0 684
1.02174398702501 3.26465043519046 0 685
36.5839067505762 3.04873650368911 1 685
29.88819052591 3.3471510434851 0 686
35.4335977097947 3.04078622182147 0 688
36.9624727765654 3.17257562527246 1 689
32.7756394827898 3.10286302034051 0 693
36.7372216190301 3.1728122474117 1 693
29.3691907211674 3.1905483632475 0 694
36.3535413149834 3.83835681304143 1 694
36.5243502479602 3.02006634112808 1 697
0.0413293891117375 3.45119619646765 0 698
0.236451230961652 3.0123649520489 0 701
2.18204680937247 3.05886330208072 0 702
36.6136384267915 3.10794380296288 1 702
35.3790714478062 3.21200629056035 0 703
35.4096664935968 3.03354864603839 0 703
36.8356427870781 3.22115609217162 1 703
0.0330427101064621 3.10047086722451 0 704
16.1311777252435 3.62528981415058 0 705
0.0563203690471726 3.84910385499612 0 705
27.106275597953 3.43915804469297 0 705
0.625831137164298 3.2781563419102 0 708
12.8351724524033 3.07982774443538 0 708
0.297776998938454 3.20915587567582 0 709
0.0488338970444828 3.18872040490025 0 711
36.6573650617242 3.44577978631122 1 717
0.0632169452541678 3.3918875947516 0 718
22.6954735828366 3.42950915277191 0 720
29.3020678161619 3.16519466494625 0 723
2.15774568817316 3.34260612111288 0 727
0.152011108545413 3.28215095557422 0 729
35.367702588397 3.92963226641788 0 736
0.0180589514939713 4.32129057159744 0 740
36.9013658700601 3.05525078935892 1 740
36.9861004164343 3.08613056555592 2 740
0.232362534579069 3.83415249436115 0 741
0.550137342855067 3.20977318495104 0 745
9.72861876402921 3.79968660995712 0 746
22.9683086450644 3.29520337378616 0 746
0.248139670212737 3.07968171670465 0 748
36.0714723115411 3.35156151022287 1 753
0.0517892194817801 3.5328431269035 0 754
0.506378240082157 3.31439966557309 0 756
36.1637588838671 3.81696374771221 1 756
0.444794679557889 3.05713795147699 0 757
0.00917304869880572 2.99218364175556 0 757
0.170690432239062 3.07883637563835 0 758
0.0215250110070998 3.31022905025107 0 760
0.0669794603513083 4.68934489439576 0 762
36.320670036282 3.00725306929491 1 765
2.15968943639234 3.07873614885051 0 766
0.106756763116776 3.00367677369605 0 770
0.0448264614468917 3.27829360287314 0 772
36.7425487371251 3.37683510434927 1 775
0.00730343136922776 3.03144107509397 0 778
28.9145871495666 3.19246014251268 0 778
1.74022088728163 3.44817260538112 0 781
0.54736018360636 3.47280612109101 0 784
2.98276683115326 3.23831049574706 0 795
1.36789889557783 3.46254664917404 0 796
5.38700549603284 3.21844339945238 0 797
36.6508049125873 3.60118902878599 1 797
36.1508956173525 3.24059740059353 1 801
13.4629297646907 3.39795165496153 0 804
36.140100069027 3.27816199152686 1 809
5.64890102882257 3.13742661421757 0 810
0.447210014322556 3.15808855925437 0 811
0.115512389889198 3.25304990810885 0 813
6.14155715402855 3.05268323674495 0 814
0.19214911152762 3.0705563590939 0 817
0.0373139278248277 3.0384184801907 0 820
0.111555964029764 3.36951171476141 0 824
0.00246244691382175 3.13985981151395 0 830
36.2711451772224 3.17635429279949 1 832
1.62881984047037 3.07441687430562 0 835
0.280941236227376 3.02178220205805 0 836
25.6982232201027 3.00555857594159 0 836
2.93031151242325 3.09539715040089 0 843
36.3034796576571 3.91000156634804 1 844
36.3884241824594 3.07008473512342 1 849
1.65047495734791 3.15179151366618 0 854
36.962342554852 3.88184410540111 1 856
0.196571196160345 3.22291466469021 0 857
36.9995950506158 3.78828066360513 1 860
36.4346628761009 3.26723065472372 1 860
0.141634679788731 3.17990926286741 0 863
13.8366278775132 3.01773770419411 0 865
4.06733065775807 3.24527220509848 0 868
0.0881769711163718 3.246187125954 0 869
0.0533097682877055 3.68221435744984 0 871
35.5115940339329 3.21003716702123 0 871
0.960326264105357 3.02221084158827 0 873
25.1117648026996 3.0813214579772 0 874
1.54864001157257 3.18783754890538 0 875
32.2224697288638 3.3048028989437 0 878
34.5147430423216 3.2373360710246 0 879
0.000756714518750976 3.04045670074093 0 880
0.0123095307930381 3.81444844456821 0 881
23.9387544169996 3.24130680330155 0 883
26.9633766466939 3.1132165583337 0 885
7.74503941039406 3.03393294758258 0 888
3.63589394591215e-05 3.31398248553243 0 891
0.0190658068667696 3.22694284185609 0 891
0.107810169995342 3.50872374449323 0 891
29.8951961172261 3.62517801096942 0 891
36.2868858574979 3.185948724043 1 893
0.0706787822803916 3.00285746232283 0 895
0.00535502255601381 3.01826005459219 0 897
1.17175009810488 3.10696835831742 0 897
0.0798837234890435 3.14104094416847 0 898
36.2389611929279 3.0113116359967 1 902
18.3530111397276 3.62731821849947 0 903
35.7373878351195 3.49761639477621 0 903
11.8035613092856 3.10818965742768 0 904
36.3019157868434 3.34681969741607 1 904
36.1669322623961 3.31282698791213 1 905
0.184865324707624 4.06896605029485 0 906
15.3357414261794 3.04334551459381 0 906
9.08776822434849 3.01871211852758 0 913
0.212519940096445 2.99961628983716 0 914
36.1283696688801 3.25915098578305 1 915
1.48268780384471 3.44140583836156 0 919
14.1539919915995 3.1138492424977 0 920
35.3726987660662 3.36710407598138 0 921
5.45405995304833 3.28800959915431 0 922
0.12108409234501 3.50801339939487 0 924
36.4968274998568 4.42379520365411 1 925
36.5280885940776 3.48375170886698 2 925
0.0540888984417174 3.19712003973227 0 926
11.3679714223594 2.99006116330974 0 926
0.0260251971756338 3.52000417855874 0 928
0.24928958753933 3.32930526827774 0 928
0.15737765108303 3.07251051111381 0 935
0.0262000113145391 3.17400669693122 0 935
1.00721434833578 3.60297463359173 0 938
27.0439920139857 3.52534766131379 0 940
36.4580812311355 3.07241923861745 1 941
3.6105397133551 3.12907986874847 0 942
4.15587446251772 3.1648242973165 0 950
22.5262152043014 3.36702371883289 0 950
21.4261365966553 3.28203257914106 0 953
0.0287580021140629 3.26323841148789 0 957
37.0010076483336 3.26139250511343 1 957
0.0577181579880816 3.21886698364447 0 964
2.30452512326837 3.46180332249605 0 969
36.5856576458641 3.58771054726152 1 970
36.8326245920357 3.4152940187096 1 975
30.3937626068393 3.08712511137655 0 977
0.00530790009166392 3.07481287435586 0 980
36.7043926235378 3.01276154843442 1 980
0.0242644200454295 3.30633173530498 0 982
4.43581131752894 3.08455754706223 0 982
0.152481118860707 3.16625511751644 0 987
36.3466190685608 4.16107136855323 1 987
36.0183940650054 3.77753029132894 1 989
35.7133822613569 3.90928499647604 0 991
36.8010936515961 3.00362265380924 1 993
8.89425970936079 2.99329168339557 0 996
6.0602243826448 3.15645932244662 0 998
4.60092704767116 3.26147628039028 0 1000
36.7844068151057 3.3292453221829 1 1000
