"ts" "magnitudes" "gen" "cat.idx"
67.2552770952518 3.26409035360484 0 1
64.1772210479884 3.12305221447314 0 2
81.7786664441857 3.07981122660537 0 2
81.1300308018959 3.00821754025132 0 4
67.951011695321 3.20470634056962 0 4
67.5848757124363 3.32898005325937 0 6
67.3782162361241 3.6879309637958 0 7
67.5095881528265 3.09602267701122 0 7
67.2702281575093 3.03699497590036 0 7
67.276996446794 3.42699817917346 0 7
0.0556007271110148 3.24184883969138 0 8
73.8514932690589 3.11185085699849 0 8
54.6868474343404 3.06155184625494 0 9
64.2080564918477 2.99741879594052 0 9
94.2200314407004 3.36681412288468 0 9
64.1183770306973 3.15214485904896 0 10
94.4612885790218 3.11319176070748 1 10
63.9469555840492 3.1935118717342 0 11
67.6138071102185 3.47723240277049 0 12
67.2658905205937 3.20242825443159 0 12
80.5897105456526 3.27103220139094 0 13
67.3422186075957 3.60881075093006 0 14
67.2919379323573 3.38283197627857 0 15
67.7096069948666 3.31280117581623 0 15
94.5972617436494 3.22343515565638 0 16
94.8030868645098 3.16739609204668 1 16
68.0294772560925 3.18070719076817 0 17
91.1500121193719 4.58942348272663 0 17
94.2268842220878 3.49991634374341 0 17
69.4303374460252 3.59659994661026 0 18
67.3257096581534 3.47580004654138 0 19
93.6279872952098 3.30483182762656 0 19
67.5924716386436 4.27020739312363 0 21
75.5045251260425 2.99436909054007 0 23
93.6084975727019 3.0692761340078 0 23
67.2541406030514 3.31979610323441 0 24
69.973507623166 3.10654310813493 0 25
67.398503684969 3.158384872566 0 25
94.4721992742077 3.33988228802077 1 25
65.9334421283054 3.38610620151664 0 26
66.6969053300468 3.08781056477886 0 26
70.3627769709437 3.44843957106751 0 26
68.9958805293453 3.46830860022027 0 27
73.9148590361719 3.13323660521017 0 27
90.3521394932249 3.0240325202818 0 27
6.64727464973969 3.2472286544102 0 28
82.3789351513472 3.0082925964662 0 28
95.18243311949 3.81053079014918 1 28
95.194905371423 3.0924198242523 2 28
82.8260628054488 3.00384516931617 0 29
74.332572282545 3.61092600067079 0 29
64.0399007771264 3.35718797604619 0 31
82.4980108313795 3.31300920799706 0 31
68.2940875277851 3.06719153573332 0 32
68.5873243801681 3.24239302716682 0 32
74.0619755435071 3.57810742054188 0 32
0.915587833061349 3.07475291658957 0 33
67.2583315247717 3.58721893921843 0 33
64.1743666490555 3.39530928967818 0 34
67.3086508436409 3.08737342574478 0 34
90.0891105025023 3.09184957019251 0 34
67.3220780805384 3.19999278824958 0 35
67.3522822158784 3.36196408904725 0 35
67.8978628805737 3.33187174965286 0 35
67.2663392547294 3.06457879586807 0 35
63.9778899127672 3.12830188910583 0 36
74.1183065387756 3.27908990023018 0 36
91.0091374990205 2.99607077779585 0 37
67.2680987299103 3.14868258230515 0 37
94.2458914493538 5.52617659892495 0 37
94.811337860117 3.12042642320386 2 37
94.2465923972339 2.99342316023841 2 37
95.0045629437726 3.07622458502027 2 37
94.3143240171645 3.07863677626522 2 37
94.276156358326 3.26254637266423 2 37
94.2574970643469 3.04841770647534 2 37
94.2854337246623 3.49298059337037 2 37
94.6504454310239 3.18368256129429 2 37
94.9818933682301 3.19288679934972 2 37
94.381362446966 3.13048294198296 2 37
94.2469398660941 3.68414957425291 2 37
94.3372505248964 3.15394108954754 2 37
94.2478218872158 3.17368336134028 2 37
94.4037847432073 3.01343766018316 2 37
94.3344015106126 3.25155224475692 2 37
94.480321529121 3.06643841512711 2 37
94.8019959725855 3.20460666623376 2 37
94.3934961990834 3.19400549796151 2 37
94.5554462150283 3.19419057058917 2 37
94.2471462890427 3.22177910876384 2 37
94.7309425510761 3.56103215149999 2 37
95.0589929368857 3.24357021488502 3 37
94.3880435898116 3.1575995547189 3 37
94.3906891195335 3.1341063938296 3 37
94.4131004236103 3.01192284254825 3 37
94.5319146065888 3.13585633439463 4 37
67.3247208748858 3.30958963562525 0 38
83.4237098909812 3.66707926202923 0 39
67.2710681771343 2.99982746570168 0 39
67.3815117352805 3.2799312359817 0 39
70.669802127407 3.03286378613947 0 41
64.6616758618553 3.03275587031668 0 42
87.476141603685 3.12618935660817 0 42
67.6492728177151 3.03984466125136 0 42
70.2668682254637 3.27869383502432 0 43
67.2576270100213 4.55459036832688 0 43
0.00218351757880857 3.23228485331579 0 44
95.0123944626928 3.74960215924582 1 44
95.0334186704381 3.59731871588189 2 44
95.149253952819 3.03965327798106 3 44
95.2122049051605 3.0850947025597 3 44
67.2627382529913 3.03753398680827 0 46
68.9018839301539 3.45013650418168 0 46
91.8785917084169 3.17215396004439 0 46
0.0316629803870703 3.03138128616571 0 47
67.3412686650083 3.22285155731349 0 47
68.8138295893018 3.07601891151138 0 48
67.2557978878295 3.03270835294332 0 48
67.3611962233518 3.08714039037772 0 50
65.5395931257214 3.70682208904779 0 51
67.4614494277534 3.38866728713092 0 51
76.6411013937319 3.04731113956564 0 51
67.4887473642354 3.38955134368537 0 52
73.2663307309695 3.28717079844828 0 52
91.3740082487148 3.63220866467346 0 52
94.1670038840302 3.37645666004414 0 52
64.2061596414995 3.29642483589193 0 53
67.2541674924322 3.27854907046106 0 54
84.2935888896051 3.02939094001759 0 54
67.9792035982243 3.34461058809736 0 55
67.6206091061165 3.36190034423758 0 56
78.3128795160239 3.3649886427703 0 57
70.0883752963817 3.09405711230681 0 57
94.6867213409666 4.27544280068348 1 57
94.7437522021093 3.23094138740929 2 57
94.8105382042308 3.17353494019826 2 57
68.0389655269766 3.016136273278 0 58
68.2997976689735 3.51210356017061 0 59
67.2979534748219 3.69626731955451 0 59
7.57797824342411 3.15836775730955 0 60
73.1049494197078 3.3108863054254 0 60
77.3344448504554 3.20346292898914 0 60
67.4427686969697 3.13260765529542 0 61
67.271103001434 3.07328286680325 0 61
76.8763628076509 3.31796675974294 0 61
67.4047697628045 3.14554279815933 0 63
68.51020322833 3.36131070664164 0 63
67.4146098318363 3.15725542287801 0 64
63.7325056342308 3.54722733763171 0 65
67.2777539182223 3.15296366636285 0 65
0.00124985494958959 3.72454505540533 0 66
67.6389242265084 3.05740295174633 0 67
71.0147093281661 3.35016026930515 0 67
84.667419853569 3.07375173388058 0 68
67.2703256610537 3.09483948336962 0 69
67.3914526371641 3.30219522194946 0 69
68.2070697837114 3.27619356439831 0 69
82.049329814503 3.26712932560708 0 69
63.8427161554166 3.15222790278956 0 70
67.2808391571712 3.099031939859 0 70
64.6993940244814 3.24638581111764 0 71
91.8625118759304 3.0921359294302 0 71
63.7649475321881 3.39666807344124 0 72
72.4525491575611 3.61860607519627 0 72
69.6586261864142 2.99922314427427 0 72
69.8462854797157 3.05359814980026 0 72
94.6495138115522 3.00724302630643 1 72
71.0890597624819 3.03040315489181 0 73
67.4056334884598 3.43867624172589 0 73
77.8173794086625 3.055781140856 0 73
94.2148142733387 3.05157980304657 0 73
67.2574369614488 3.07707049217187 0 74
67.4711140037097 3.17641331063787 0 75
37.8271527479863 3.13248350379721 0 76
93.5591783706938 3.29625167164738 0 76
68.3259685014233 3.0851557639482 0 78
80.3152266638783 3.19278509198448 0 78
88.9334950786795 3.00956551582976 0 79
81.4319941184592 3.64352713557623 0 80
67.3685216198068 3.16499986283169 0 80
67.3912247945259 3.14008492108093 0 81
67.258356109774 3.02690170352326 0 82
84.6552580878501 3.64924749460636 0 82
75.926114509257 3.26074185783883 0 83
1.74199137201065 3.51065494523445 0 84
81.2037442222645 3.48905543093645 0 84
94.3366255687478 3.23688057367923 0 85
72.711000306411 3.25212365198875 0 87
65.1711353116831 3.65877882548688 0 87
67.4000271422286 2.99867436429383 0 87
94.716840066462 3.45153713928769 1 87
64.8110101666462 3.36504255087097 0 88
91.9455312344537 4.74845564504601 0 88
91.7706392010122 3.33056604248348 0 88
67.59194875245 3.02010520878389 0 91
81.4516794548065 3.14281341524572 0 91
0.0557860853306505 3.45583683550644 0 92
67.2538932822446 3.06974890475601 0 92
31.2408704452885 3.11903251564318 0 93
72.5865004949559 3.12838490262888 0 93
94.8055884053272 2.99746835144552 1 93
87.3775071595844 3.25123313937591 0 94
0.765827153779241 3.15329466538842 0 95
6.11226404417807 3.19142068735949 0 95
66.5202835437691 2.99524327922027 0 95
67.3209370721641 4.18971866199539 0 95
67.5269481658538 4.35323601035955 0 95
67.259838357102 3.08030234341846 0 96
82.0315323966485 3.9303627359754 0 97
94.3319670087464 3.96167051277994 1 97
94.5671295692135 3.60649962143741 2 97
94.6106191530329 3.09285593366857 3 97
68.3806841875898 3.17984965940265 0 101
67.3117695220432 3.74801497059345 0 101
72.8192732722108 3.03552184839143 0 103
67.6648028250091 3.04579903876162 0 104
67.257124869497 2.99674447108622 0 104
67.4852184463604 3.14569216605893 0 104
68.4685159119522 3.04279030967636 0 104
82.055880518799 3.16817551757751 0 105
93.5689517770448 3.11315021743898 0 105
71.5738196643356 4.13636095794948 0 107
67.2688095358838 3.01989542366245 0 108
67.2876362242692 3.76214023751665 0 109
93.4676513947252 3.00265539809859 0 109
94.1780783066994 3.21831840715233 0 109
64.6120921027733 3.35816462193361 0 110
78.4752621026314 3.01165069167749 0 110
68.8006963106427 3.11625000554542 0 110
88.4748669854483 3.25583633172377 0 110
94.2161824412152 3.15953551680573 0 111
94.1721808171431 3.01335999042147 0 111
67.2710091004333 3.1219290345926 0 112
92.8706168801825 4.31060063684859 0 112
84.1704892122444 3.03295243112814 0 113
67.6015267907377 3.10594971501674 0 114
67.6179040993763 3.2362215204229 0 115
94.4507213074334 3.03598448024517 0 115
94.8457042557983 3.28332307702247 2 115
69.0362573339541 3.22922858437675 0 116
63.7393521923794 3.35058688675707 0 117
67.369323429813 3.48323652368181 0 117
94.2611204981778 3.19166510705301 0 117
95.0005534665931 3.17102856687183 1 117
94.5574905942001 3.02173690794839 1 117
72.9480132476722 3.20411405614243 0 118
67.3355216892279 3.97976863993581 0 118
94.3043218013236 3.66547064182837 0 118
94.8278067923011 3.01416586805634 2 118
67.308107640644 3.21280147983223 0 119
69.4660566466992 3.01793839981657 0 119
67.5932301967593 3.37261529580596 0 120
67.3984233071311 3.5406643346583 0 120
94.9693376729558 3.21117176555569 0 120
67.2853084589566 3.18229747539359 0 121
94.5549287379461 3.04539663330954 0 123
63.8141052565115 3.11200188031582 0 124
94.2504627801764 3.47490878710762 0 124
95.1957582065177 3.04286638370483 1 124
2.49838296619505 3.00877373624852 0 125
63.7457262804184 3.25770308872344 0 125
69.1297645002571 4.87187869745175 0 125
68.1062160854264 3.78130234569463 0 125
92.2967875578606 3.1899380166548 0 125
67.2577213472372 3.67654022362952 0 126
76.0707265192452 4.15650472135122 0 127
63.6799000267479 3.92871068732561 0 128
63.9473116478092 3.19192204656629 0 128
81.9907617053285 3.21752349544137 0 128
77.4295673228566 3.04656227836995 0 128
82.5616827811804 3.33607173506153 0 129
63.7878480562207 3.96852594703525 0 130
65.9741587274287 3.64578658331421 0 131
78.9811803099711 3.03319333836796 0 131
67.2658188866221 3.29392508416584 0 131
67.452027273982 3.17685056782731 0 132
67.3003145914491 3.36704135068419 0 132
67.302176724511 3.60450801066356 0 132
67.2531004158277 3.42498333628581 0 133
91.6705107894619 3.85692902428763 0 133
63.8454961039292 3.07157267984027 0 135
67.3003042222116 3.01990883232507 0 136
89.7745400704465 3.07606692625087 0 136
68.7991242584031 3.64515011681577 0 137
67.7719587377498 3.47978836226048 0 137
94.1784298165477 3.13331025386162 0 137
94.3408764900048 3.42269665024125 0 137
67.2833884361612 4.282378649334 0 138
67.7274707073862 3.51098142596025 0 138
67.4145471958499 3.66059105564557 0 138
71.9836428405225 3.0799487656635 0 138
75.3523293398535 3.08065143823837 0 138
70.1669874228937 3.02297909689438 0 139
67.2695804819939 3.00265292481361 0 139
70.4886921099122 3.00898913969622 0 141
69.2608601435238 3.01130247825037 0 141
65.1588351584487 3.0881697092728 0 142
70.372987271702 3.8471905963654 0 142
77.6662676371676 3.13333416426236 0 142
67.5257050581996 3.20862271027647 0 143
73.2107142586392 4.3265810905643 0 144
75.2875175897088 3.59426000459551 0 144
63.652266127427 3.54986650696441 0 145
95.093126445058 3.09080661642921 1 145
94.2585405043599 3.28524512395545 1 145
80.9332797167742 3.04275343184988 0 146
63.9315428779073 3.02166782763779 0 147
65.0241625510192 3.73961859351642 0 149
68.9357737441037 3.18408955374901 0 149
67.8225264784947 3.0436370434865 0 149
67.316611738292 3.14873288330855 0 149
63.6657014463621 3.41015959446861 0 151
63.7820592896748 3.31964363284807 0 151
87.8950728230452 3.19762112368271 0 152
67.3828958107847 3.01623115966429 0 152
95.077491752784 3.02542615844843 1 152
63.9276756075371 4.22554967934608 0 153
94.2230305487853 3.00707777423821 0 153
67.3644318515274 3.77441479906758 0 154
0.189500202738428 3.49837682238681 0 155
94.8999807119468 3.00537886606977 0 156
68.0598412291977 3.16638755903337 0 157
63.9980635786475 3.04491268958083 0 159
94.1723199065652 3.17917957482987 0 159
4.72447005957462 3.07033645524378 0 160
91.97288458559 3.05335672666876 0 160
91.4680714659704 3.02105802292473 0 160
69.9796593158422 3.19285541728957 0 161
67.4979780080198 3.24025062512465 0 162
76.629334481564 3.09699294273178 0 162
4.45761949860848 3.4406963082458 0 163
63.8932070825228 3.98519602036176 0 163
63.9020625675088 3.14336645680239 0 163
67.4214646035273 3.11638705362937 0 163
63.7924498304456 3.29663391607332 0 164
67.5914942200926 3.07790048288935 0 165
71.7135367148527 3.27991377615005 0 165
89.5086826254229 4.54711556070268 0 165
63.7600959441417 3.09088796593112 0 166
72.8609908073438 3.27096022304973 0 166
4.5892853919039 3.61996691901906 0 167
63.7462550350823 3.21552463263249 0 167
69.4927123062144 3.0106497669542 0 168
94.195658037799 3.1638515912999 0 168
67.4223475153393 3.39925282193596 0 170
94.4017838181269 3.17987955255395 1 171
67.4842344009082 3.15672441972151 0 172
72.0042653651958 5.00221594394962 0 174
91.3991424971076 3.33442567020571 0 174
91.5430939656475 3.35865870230568 0 174
63.8265631290485 3.1657420398894 0 175
67.5438195678708 3.00589262157524 0 175
67.3011424370702 3.05837678693278 0 178
0.12707942327895 3.30901701482298 0 179
67.9465005625745 3.79066801470465 0 181
65.0246935499924 3.09318007968226 0 182
67.2707030511806 3.46664578140255 0 182
68.157551653014 3.25197814315624 0 183
69.9012945600167 3.02786181843535 0 183
72.3696035383953 2.99789313943028 0 184
63.6673090273689 2.99308840096062 0 185
94.8331372301863 3.75767095516791 0 185
94.9496550262287 3.05771092944328 2 185
67.4374194617818 3.06197827051932 0 186
1.52499111703838 3.57273874532969 0 187
64.9877053238308 3.05224923585234 0 187
63.7685881800058 3.0861220885157 0 187
63.7849312524912 3.03517212625705 0 187
68.2800983118714 3.24044129261071 0 188
66.8994479621346 3.00341638229551 0 188
67.4174070271683 3.44818547158951 0 188
87.6650168047344 3.02580892184637 0 189
67.5615459425786 3.30338008195073 0 189
67.4656766926101 3.10307915899644 0 190
67.2590215232229 3.10041448072382 0 190
69.770696438758 3.11785226292648 0 190
94.2273041230669 3.06196299915109 0 192
91.3463619776247 3.18191592027025 0 193
67.709210543618 3.26927184408707 0 194
67.8696818578724 3.13452113576027 0 194
3.64629839235882 3.93733927966217 0 196
67.2832906969604 3.16000705383325 0 196
67.7890741655756 4.34923980505403 0 196
71.8390453071849 3.46427526747512 0 196
73.317930346994 3.24923247911434 0 197
70.4183224591514 3.17929263768135 0 197
69.3805738524313 3.17551821571831 0 197
67.3400540136761 3.09613531260051 0 197
67.555291171985 3.2514699248119 0 198
73.5637499731276 3.424902654801 0 200
63.828070445723 3.35880974998046 0 201
67.2759575915785 3.18087981648744 0 201
94.2078796545105 3.39320705338558 0 202
67.5027640782993 3.11658657044524 0 203
88.0481481194704 3.21661727221004 0 203
91.8659238922982 3.04070806281688 0 204
94.4103917136982 3.32561657995772 0 204
73.8683948206238 4.29421960863423 0 205
94.1695087267941 3.24710253721066 0 206
94.5954874693223 3.63632023810165 1 206
94.5091573593204 3.08363520324745 0 207
7.28592025909557 3.36122237020782 0 208
69.4081858953361 3.43234662010263 0 208
68.1388371735277 3.45874997565168 0 208
63.8512877191543 3.36528201540371 0 209
73.800970473959 3.06833392403773 0 209
67.5231186201765 3.32627980367155 0 212
67.3922857675139 3.1146626528389 0 212
67.2542622671739 3.4716907770307 0 212
71.0650943457846 4.40075700023114 0 212
63.9069101025378 3.16771590373014 0 213
64.4946371119946 2.99299869265742 0 213
67.2914324912924 4.27717180131867 0 213
94.9168682212282 3.06690609347102 1 213
69.679048071925 3.28588053311501 0 214
68.2994217143761 3.16094799014928 0 214
67.4776502976796 3.20162809778773 0 215
82.0458834136715 3.27920394740659 0 215
0.0213439875026958 3.47847142499064 0 216
63.6581592510421 3.14313379059505 0 216
85.1364098918206 3.54874601557246 0 216
71.1779795959501 3.18334022708096 0 217
67.3819081929793 3.26292179158655 0 218
67.2549999466725 3.04784266848733 0 218
67.3018511653816 3.65038638490657 0 218
67.4886154916611 3.1377099783091 0 219
69.8698785480322 3.04309385830881 0 219
78.8210436503919 3.7453979835638 0 219
93.8344426806772 4.50152313754737 0 219
70.9423779845023 3.68016913667689 0 220
67.6086151985466 3.45102471125044 0 221
68.6855300059073 3.40088155309942 0 221
93.6949689054171 3.87263972995222 0 221
67.4047114038275 3.46071182642623 0 222
67.257383750794 3.11434617540843 0 223
67.4122773348987 3.04102495803253 0 223
71.0177097357215 3.49507887366175 0 223
79.0343934296896 2.99079846747684 0 223
69.8835163780733 3.18835823452491 0 224
90.0752714662558 3.10646227730469 0 225
67.3779481109289 4.3287023656218 0 227
92.7101134853033 3.35102975844622 0 228
67.6276477250923 3.73662724918004 0 228
92.7187796676149 3.17242103748171 2 228
91.6583507606262 2.99853312408726 0 229
67.5982203050103 3.00178843984414 0 230
0.270682491483391 3.75250719446909 0 231
67.5545274858517 2.99138689660289 0 231
67.5214112434541 3.0618885292611 0 231
94.2523578019395 3.22323407252476 0 231
87.6563434417059 3.02641256085092 0 232
69.0808626266623 3.02319599602808 0 232
67.2367463741495 3.04168920770043 0 233
67.2835096091412 3.16723432601563 0 233
67.2648853677694 3.16545070955231 0 233
68.2251281010126 3.07463807106523 0 234
69.3552191918597 3.4091798224593 0 234
89.7268087102024 3.18436974712905 0 234
67.3059953017538 3.11067481702194 0 235
74.3647359410169 3.04012178901278 0 235
77.3026114650485 3.07353407840323 0 236
18.8040448017662 3.04328955961585 0 237
63.8403709237807 3.33830083262939 0 237
67.3376987480666 3.05992480353808 0 237
70.1729160500656 3.1973691483165 0 238
69.3110938168822 3.06883731944001 0 238
69.7626828051861 3.11492845662217 0 239
94.3307258172233 3.54978480332705 1 239
80.9337071286062 3.47848265721184 0 240
63.6689168948403 3.15032441735103 0 241
67.3686395780001 4.50518300123639 0 241
70.4842779345521 3.05280342254607 0 241
75.9082787815715 3.16424959531382 0 241
64.1454351991151 3.1312515922006 0 242
77.4740325465546 3.24830947378109 0 242
63.8476892080321 3.05737336749411 0 243
67.4929518715043 3.15465805054484 0 243
68.7777995037283 4.06752844267614 0 243
68.2872657147991 3.88559697976738 0 245
69.7378433835107 3.21927659249676 0 245
73.7939990441434 3.3683293305691 0 246
94.3115624722997 3.2577534375267 0 246
95.1893327999667 3.75689942014204 1 247
64.1558602582889 3.0982310077828 0 248
73.7947516993272 4.08869418075341 0 248
94.302977045513 3.57833390677013 1 248
67.6780400770477 3.16334563486225 0 249
67.2629039747518 3.17521235227355 0 249
8.01644094504069 3.01702369252855 0 250
64.0388937834795 3.10523582315389 0 250
67.5754006590175 3.5379895164077 0 250
69.3766245619933 3.10015553646436 0 250
94.9820196856551 3.1150844387975 1 250
67.9803539634926 3.55179895705309 0 251
81.7464575073009 3.1207911956353 0 252
69.1808916150524 3.44290652699925 0 252
67.2703453602995 3.00613806158743 0 253
68.8671307093027 5.10885348535506 0 253
67.2956920070904 3.007568276014 0 253
93.6039131031261 3.51993120572089 0 253
68.4066223200533 3.45527818194912 0 255
67.5318153846823 2.99640602181032 0 255
68.3150030204685 3.20561741599985 0 255
68.5259302637771 3.54759290906327 0 256
94.1719204328677 3.08560476502171 0 256
63.7933990263888 3.48203012729338 0 257
70.5649079088366 3.02511719177895 0 257
68.2058158069097 3.1535459568397 0 258
67.7859252795175 3.0647235652935 0 258
67.3036589207341 3.05779429303942 0 259
67.816964348324 3.08846432861416 0 259
94.6299163517258 3.05503760548977 0 259
94.6614059885127 3.0954408680813 2 259
63.8948484936084 3.66374516900535 0 260
86.0463816160277 3.22226233659386 0 260
67.8737935536148 4.48917589167441 0 260
0.0365208877661153 3.02252992637949 0 261
76.3231684842399 3.04092708927428 0 262
68.4504935475678 3.32562513898548 0 262
69.3308424222916 3.64664618770014 0 262
80.2728170833512 3.78250832825769 0 263
67.7716417132365 3.31053006649248 0 263
67.9366095377829 3.80985833474392 0 263
82.893691023074 4.20860470644462 0 263
91.3098075223542 3.17370198201703 0 263
94.3635531186398 3.35682201258125 1 263
16.1309755475898 3.25095145756066 0 265
92.1643864139688 3.28921832036761 0 266
72.4866963342268 3.42031825581848 0 267
72.4724089733112 3.03174416540192 0 267
67.4527949625339 3.43794233584543 0 267
76.6307882789062 3.08368206108286 0 268
71.8805013796545 4.20816448822326 0 268
80.5229949945872 3.06475188818845 0 269
80.9276498442843 3.08905509535107 0 269
79.1386350888162 3.50307129085579 0 271
68.7524765848435 3.19792957901537 0 271
90.7979172523591 3.4851981898707 0 271
92.0129920396583 3.0993502372287 0 272
67.4585727460217 4.1836179118492 0 273
67.4760819522624 3.59115521986193 0 274
53.5169496190421 3.46086490944459 0 275
70.4018255176181 3.07018175821429 0 275
67.325832390737 3.09351735048629 0 275
81.2104639923699 3.22051768927876 0 275
94.4152813027419 3.11792775163679 1 275
64.0400409871542 3.21766253466358 0 276
64.390475632962 3.1412746521926 0 276
63.8994100793383 3.09992966131133 0 276
67.3641353200246 3.89342304399624 0 276
68.0340718143709 3.00263123431018 0 277
70.9724131779398 3.04692070776853 0 277
67.3565831194894 3.00125683137901 0 278
67.3252676872145 3.19452344192255 0 278
67.4326689671896 3.01575541325337 0 278
89.4507043897386 3.20625393627412 0 278
67.7647099193909 4.26431108018048 0 279
69.8062075844306 3.16829793030396 0 279
64.3112155525523 3.16633210198714 0 280
80.9255285008703 3.04794081481276 0 280
67.312690792373 3.01460085731292 0 281
67.2880092928991 3.03464754272292 0 281
88.1213983678786 3.3655728649396 0 281
71.9941139572463 4.07875909264805 0 282
66.5716930474182 3.0722890061151 0 283
94.75051218157 3.5015548122673 0 283
67.3297861857079 4.19266082599566 0 283
82.1031194900698 3.3509344129629 0 284
91.4142804128637 3.01797700896914 0 284
63.7496266538721 3.06843725725083 0 285
67.2542620017732 3.73815490325637 0 285
67.4644052524087 3.46800235861126 0 285
67.5837502555427 3.08606822244485 0 285
85.4714066171987 2.99719725087799 0 285
71.184750129452 3.24383712908813 0 287
67.257230789771 3.64033947193126 0 287
71.8789923340302 3.03037478074015 0 288
67.6561344300693 3.14339492754508 0 288
67.361728057616 3.70750104886793 0 288
67.3538316734952 3.00616289299396 0 289
63.8685056368315 3.06316865897897 0 290
68.4527631659182 3.24613805309587 0 290
67.2648339239139 3.00631737579646 0 290
82.461743138936 3.35690914245482 0 290
94.4991809653391 3.28337898991857 1 290
67.6863878949194 3.20578995037595 0 291
67.4125701813315 3.16248346993184 0 291
68.0715856926585 3.00118438492845 0 291
67.5208517522802 3.11904374676335 0 291
70.3957378003874 3.1091516459969 0 292
75.3311767025082 3.04271326054674 0 293
91.5636462274142 3.11951823197594 0 293
93.8615910447183 3.20532717163158 0 293
0.0948638903734789 3.03323454480888 0 294
63.7399279052322 3.11090277973758 0 294
68.3980008323374 3.52379797067051 0 294
71.072284260796 3.15546455485749 0 294
67.4060205009394 3.12462248388576 0 295
71.9502898245178 3.09580425540616 0 295
67.6177472593021 3.81950453847936 0 296
68.3068321682099 3.13968742907351 0 298
69.9439747580433 3.38308677733979 0 298
76.3949500329551 3.91754947391851 0 298
94.8271003241923 3.12626191856032 1 298
64.0978469713824 3.56681984035279 0 300
64.6640344606309 3.69621848768428 0 300
67.3201739073463 4.0055047867966 0 300
80.3545986184177 3.29747370652148 0 300
91.2862991046776 3.1800248019823 0 300
65.5348030916488 3.59140904593121 0 301
63.8683003568693 3.25099643389153 0 301
67.2590069195881 4.04983505994448 0 301
68.3482022234185 3.02717016218029 0 301
64.0334088193314 4.12578579628472 0 302
67.5650273496763 3.04738541305098 0 302
63.9874192680788 3.07008886192613 0 304
67.2615540155778 3.14472518557777 0 304
67.8829314925636 3.18282162008665 0 305
74.4580502026717 3.01386164787979 0 307
67.5909537898325 3.59460504021112 0 307
82.7438138080068 3.02644216435597 0 307
73.8549269485824 3.3770804278724 0 308
81.1659141764987 3.04338717511582 0 308
64.0759082043489 3.54340096882188 0 309
68.8972778510634 3.03931731636618 0 309
67.3934501572244 3.08620241309573 0 309
86.179148665723 3.63374284338387 0 309
67.7049527699088 3.75486234137101 0 310
67.7361507487464 3.19117415622812 0 310
67.7958004666761 3.04959584337849 0 310
67.6462098629022 3.08029355266065 0 310
80.2287469611333 3.39599046090001 0 310
67.2854656744697 3.74684129180132 0 311
67.2585433616972 3.09914158514281 0 311
74.7166547146971 3.03693584157292 0 311
67.4577343226827 4.04213755664574 0 312
80.8721014178111 3.47475457001958 0 312
67.2716208723085 4.03391892520154 0 313
69.7713847464919 3.1908315638908 0 313
70.0517109894242 3.09771310517614 0 314
90.9825825914155 3.15827615586203 0 314
80.6347116344433 3.04044000950544 0 315
0.0435905888199791 3.41708726210704 0 316
67.2760785890463 3.58613605818821 0 316
86.5992054772765 3.96233701800312 0 316
63.6714132747405 3.30893226835483 0 317
72.7866918469729 3.24312783254273 0 317
92.209039967467 3.0777879493235 0 317
95.248467580396 3.73061314464754 1 317
65.5295917350807 2.99218538883021 0 318
71.0283709090072 3.23609897393853 0 318
74.172766507553 3.47246125653548 0 318
14.3583655072526 3.15914103861086 0 319
67.3111713280787 3.43188658195638 0 319
69.1861817492192 3.06459211900969 0 320
63.773552262216 3.18958332248329 0 321
67.3147516754849 3.2126622302718 0 321
69.6687470367425 3.86734974783478 0 321
67.3664055101484 3.48138525910695 0 321
63.6569790394381 3.06081921731212 0 322
67.2658726795744 3.1712247296562 0 322
94.5049118774284 3.23002435439837 1 322
63.7392189701395 3.52975150257412 0 323
68.1070191805075 3.9123151698666 0 323
67.2554181877914 3.02767997720494 0 323
69.6570300211419 3.28930230347923 0 323
67.8733191840053 4.30111835727495 0 323
67.5055707102123 3.66649026913735 0 323
87.1508517096983 3.0006586222979 0 323
91.8929189101588 3.50973926122165 0 323
68.0930513670531 3.20311040145344 0 324
68.23805744091 3.23956289758611 0 325
77.3444995074882 3.10441899310763 0 325
89.1053513438505 3.49157966265209 0 325
0.0629551969276199 3.05814211617454 0 327
64.065864044891 3.44938897745866 0 328
67.2530617479019 3.07565569297162 0 328
67.3170523100424 3.19458476394168 0 328
67.920827506001 3.15254011064923 0 329
63.7544107155819 3.02079951598973 0 330
67.264507058222 3.16375860879815 0 330
68.6405782514602 3.33205969405579 0 330
67.6464204137178 3.37524662356214 0 331
94.8813493046716 2.99978570520912 1 331
2.55807715631491 3.72357804053794 0 332
70.0215985488484 3.00210073594896 0 332
79.2189135932633 3.26158748082546 0 332
91.4871788071001 3.63438971785356 0 332
67.331390781287 3.01781685801045 0 334
68.1324593405 3.60475293518518 0 334
69.9286964649674 3.46203308661381 0 334
15.6075333294147 4.19031468393378 0 335
64.2610963598674 3.32553513050639 0 335
67.3603286220107 3.39175564340458 0 335
67.3593171328609 3.01551628445158 0 335
91.8876250496704 3.06374841681865 0 335
92.0411452118226 3.38854446192112 0 335
63.6501269864219 3.02578679737825 0 336
63.750024315547 3.0046752650202 0 336
80.1598433466958 3.06859629662002 0 336
67.2636477866839 3.29094567791796 0 337
91.6032379178667 3.16545094298486 0 337
67.2871762576891 3.12252408764194 0 338
64.0006252159525 3.83256397873334 0 339
84.2796155953583 3.47753661201192 0 339
26.9944644456163 3.04227220192909 0 340
67.9657241001682 2.99254723834341 0 340
71.1301909495409 3.06653266103132 0 340
63.9137966985674 3.56414962094817 0 341
77.2431283476742 3.14192042092042 0 341
71.073210481711 3.11014318218877 0 342
67.4531862838615 3.41145688715951 0 342
73.4541266935869 2.99677952750019 0 342
86.6121482809806 3.20688975943184 0 344
82.0443749387374 3.00468228781086 0 344
67.3258245640638 3.33135063670482 0 345
67.3857263116242 3.05619131459122 0 345
80.7119731981155 3.38797185990251 0 345
63.7377932107813 3.05812926660726 0 346
67.4279990053021 3.18037018566395 0 346
68.0365447053082 3.33312740046098 0 346
67.4352846537672 2.99307691429164 0 346
94.7396786410634 3.13204605042415 1 346
63.8449835669169 3.18982916740477 0 347
64.2750372775539 3.51282288195554 0 347
63.7426172612611 4.06426827125918 0 348
67.2665897601257 3.60757833794609 0 348
67.4340691657011 3.06606550891484 0 348
64.9583162595159 4.51597467803967 0 349
67.3850757394503 3.28681118764364 0 349
76.4097674635671 3.42769314235393 0 350
67.2535865024301 3.68303518611937 0 351
0.00458696575684741 3.20676915554256 0 352
0.02406722357124 3.31412103829912 0 353
63.6489343212819 3.14466077348264 0 355
75.0507114062908 3.3398575932503 0 355
4.64227959125852 3.28777100109411 0 356
67.3529191559165 3.26011116956351 0 356
94.2249495034689 3.09446525054521 0 356
94.9307951277394 3.14579983784548 1 356
95.1464609983184 3.1040775718865 1 356
74.4125813371554 3.05976288828495 0 357
67.3030122270736 3.14006757785916 0 358
74.1464264140227 3.49058247124613 0 358
94.1672958526659 3.05384256508957 0 358
95.1445530238368 3.32256090698432 1 358
67.3179423947369 3.11319358754607 0 360
73.8187961712121 5.06503956642088 0 360
0.14303365221853 3.4579685652625 0 361
68.2979784029266 3.42626296397989 0 361
69.0141284283332 3.22214280034418 0 362
67.361180505603 3.17358728013881 0 365
72.139935560624 3.10186477974159 0 365
67.5852883034289 3.27171358765058 0 365
72.241181222278 3.20458783984552 0 366
63.8390246043066 3.19489274554826 0 368
63.783004099076 3.16148596765235 0 368
67.4297392835619 3.39034920971083 0 368
67.3202042168108 3.23032554104138 0 369
67.8398689689476 3.05154728154474 0 369
95.2131292512447 3.30484956909389 1 369
75.6114285487311 3.03399504314983 0 370
68.9439253893589 3.10759370912437 0 370
67.2886396762518 3.20742237752956 0 370
0.28622045844966 3.13306261252442 0 371
67.309858846466 3.15098331609652 0 372
88.768355784412 3.24321031483159 0 372
80.7515992858789 3.31816400100801 0 372
67.3677604236713 2.99556743207941 0 373
67.3092334418354 3.031186770642 0 373
77.4242101956141 3.546844817876 0 373
67.6248174042788 3.95477263274866 0 374
67.3195527193796 3.21402738033585 0 374
68.6624117224511 3.80088072424872 0 374
67.645899138822 3.1065794772596 0 375
68.5282459305047 2.99567128798999 0 376
77.1415057474753 3.39356912863072 0 377
80.789028478098 3.31724695767239 0 377
67.2681702021768 3.20190463992278 0 378
1.84189445627181 3.07259203733266 0 379
63.7137162043012 3.88080949476863 0 379
67.2647654103261 3.191185950101 0 382
80.5020772231761 3.81308988227068 0 382
67.2705747932656 3.56874522396795 0 383
84.8065771166866 3.30332603056678 0 383
91.1388338598977 3.11537904718806 0 383
93.6089530128742 3.56873130186519 0 384
67.4490574582053 3.19363651850559 0 385
67.6602626761837 3.30132155253281 0 386
92.3954137371107 3.45225893413195 0 386
67.3689676630924 3.43271461493065 0 387
67.3547312240536 3.75400687060635 0 387
63.8215839176488 3.30253370672218 0 388
69.1225804892809 3.61766907542255 0 388
64.1398448309871 3.07686359170295 0 389
89.3770464496799 4.47154378859644 0 389
66.4756217114623 4.02211302471348 0 390
94.2054660220705 3.11178852781179 0 390
89.1215043485979 3.20177679977591 0 391
77.5185719300493 3.13025074885146 0 392
67.7060061429705 3.40449576151901 0 392
91.0451009105311 3.38297888881917 0 393
67.360634651065 3.51311245582351 0 394
63.9741874260533 3.05564383616107 0 395
79.3533153226907 3.13172931758857 0 395
91.9152346314917 3.21459996705485 0 395
63.7499121464932 3.06228843808111 0 396
67.420286521616 3.18715212231524 0 396
3.08556741846213 3.21642686706336 0 397
76.1563348516297 3.44978517561978 0 397
79.8541383636382 3.55822825361814 0 397
94.5875115820479 3.1869718166499 1 397
63.7486712082156 3.69834166320127 0 399
77.0134379111364 3.25052955791376 0 399
63.7929399128927 3.66928651297641 0 400
69.0212982560658 3.24521894446915 0 400
94.739414057675 3.7843325928657 1 400
95.0515440245897 3.02184568415487 1 400
94.7445145811121 3.29830771108018 2 400
80.9695326855036 3.61600942906404 0 401
63.6894827192468 3.00656747068664 0 403
67.3310429035277 3.67127019461759 0 404
68.3814101016189 3.45319334236506 0 404
80.9488868549763 3.16091921341453 0 404
67.304742216124 3.32102117210616 0 405
63.7921861907522 3.46461044268628 0 406
91.8763933143537 3.54937544001222 0 406
0.588046580146243 3.18950939662123 0 407
94.8822895569999 3.01931075335393 1 407
67.9762860869113 3.44285421144718 0 408
67.2900679390988 3.21523421253573 0 409
93.7276209911242 3.28493034508384 0 409
64.7672555735174 3.11860690356982 0 411
67.5599679704184 3.126905527398 0 411
94.1888140696016 3.12003406731848 0 412
95.0386705853133 3.82680899515258 2 412
77.1431508084149 3.3104980330191 0 413
67.9728372243113 3.1062015545043 0 413
71.4942084992825 3.55821907870397 0 413
46.1840983462494 3.44810125106414 0 414
67.3659942061912 3.0521772485902 0 414
67.4961415644557 3.04478639850997 0 414
91.8993241369404 3.15589492207538 0 414
67.4445086814771 3.21362880690404 0 415
73.3270706346791 3.42496418586421 0 415
94.8903837823116 3.55725853018493 1 415
94.9217513016717 3.40751761637124 2 415
94.7096538857829 3.01343175505198 1 416
67.4717571242059 3.08086679059739 0 417
67.4509318960761 3.18918639050192 0 417
95.1518013231038 3.41396890800856 0 417
67.314349403739 3.00718790804894 0 418
67.7243793069164 3.01197834104175 0 418
68.7372233764272 3.0644872576541 0 418
67.7625024785699 3.04806914396041 0 419
67.4131417188564 3.31835704927308 0 419
91.8826576386411 3.12723387898639 0 421
68.7897416118594 3.34195541892156 0 422
67.6684981584061 3.81213978361342 0 422
73.1114471565806 3.18675779490186 0 424
67.3510080332974 3.13717670763031 0 424
67.309540181262 3.08075204945155 0 424
67.4508669538596 3.53449478838425 0 426
83.2003142777646 3.33597561570433 0 427
64.9214383134834 3.75972799976697 0 429
67.2964686363331 3.38780270295156 0 431
95.0615033742313 3.27219980799681 1 431
94.9329065149457 3.09762991926746 1 431
67.9686165223951 3.26579139216189 0 432
67.3633027476389 3.18883050326437 0 432
79.4635231726956 3.41719754103677 0 433
79.6071112958831 3.09688558784392 0 434
70.2919292007072 3.18145950646353 0 435
70.7105039871438 3.04454332675508 0 435
77.127494466778 2.99799205493315 0 435
67.310450179999 3.38775299714479 0 436
94.5426813778274 3.20204730826273 1 437
67.6031063574548 3.28814253072926 0 438
80.5179066607256 3.97774455764892 0 438
67.2626549239995 3.03680545320906 0 439
67.3425224227138 3.04064062730755 0 439
89.4021906214477 3.40742068233054 0 442
67.25546077866 3.0787106640807 0 443
68.2405533227502 3.66500127910451 0 443
64.8276289989348 3.47468185246469 0 446
67.2752035903706 3.13410774534499 0 446
84.435995984945 3.54840664209737 0 446
91.4958905060933 3.06245179570243 0 446
68.1416514493754 3.287365906699 0 448
68.8424611793863 3.26792176352568 0 448
79.0269573959659 3.3137551387693 0 448
84.2948216176599 3.09548208435348 0 448
89.5331084116235 3.84335817538272 0 449
67.2546535745006 3.05912856865687 0 449
67.2650401134282 4.04584936624152 0 449
67.7502407351925 3.02576793398057 0 449
80.7272785794235 3.20595266634569 0 449
94.2754255095303 3.11272030645392 1 450
67.2634756672547 3.09886177328575 0 451
91.264671177214 3.29327649250511 0 451
63.746336741154 3.90639169019801 0 452
63.8030331224602 3.81588971682044 0 452
79.1619963575331 3.03551128905968 0 452
0.502979641069121 3.20764078072023 0 454
70.0528729383846 3.03447031288362 0 454
93.7051738583141 3.38294121089681 0 454
63.7023537686646 3.01723943519441 0 455
84.3569908852198 3.14181870067928 0 455
94.194098670453 3.04922880687322 0 455
72.8098444982721 3.18471791872916 0 456
77.0066351904734 3.13974689605369 0 458
66.0552529237533 3.06458704094948 0 458
0.068559282484246 3.11921235959379 0 459
71.721355927487 3.96771650612844 0 459
67.3551546917878 3.61583611455969 0 459
93.4781266113292 3.63484085390407 0 459
94.4034429921521 3.21182016210862 0 459
32.3541310956278 4.24312781903164 0 460
63.9193502373768 3.08632564230592 0 460
63.7475276304793 3.83395874019362 0 460
73.2868900642698 3.1730516840719 0 460
74.9160055093164 3.67823849772228 0 460
72.0670784578988 3.03800081812956 0 461
68.7964241876876 3.42783488098051 0 462
69.7236778243281 3.28755128789391 0 462
93.6907697153077 3.11452219930578 0 462
67.3885874058598 3.23372592597984 0 463
68.1206312424377 3.81218025939381 0 464
91.0195443555001 3.18176734098185 0 464
94.3889545143854 3.19375379086853 1 464
94.649605286754 3.33285961305898 1 465
67.8798463580037 3.04222729258744 0 466
70.7533244333537 3.09642766482987 0 467
67.2847978094265 4.02237421225824 0 467
67.3760422312843 3.4300066479809 0 467
67.2683015052964 3.04308817624847 0 468
94.176238337163 3.27909939860535 0 469
78.6654775505991 3.80720011089227 0 470
80.917755573285 4.18171664868723 0 470
25.0432590981418 3.05563570103929 0 471
64.3711664802229 3.09659264391665 0 472
94.1731173377719 3.27512948663847 0 472
94.1983259622992 3.15987800607814 2 472
72.3575100373702 3.69740465916059 0 473
89.9579482574545 3.0052829736833 0 473
94.5576250401598 3.06668141909777 1 473
94.5752419683523 3.18367882440422 2 473
14.2089375614676 3.21660294329905 0 474
67.857262793661 3.31433960054507 0 474
67.7678398381216 3.51681085934149 0 476
67.3368759671749 2.9962471859088 0 476
92.1460585575318 3.0061692528676 0 476
67.6726813664146 3.03840352547748 0 477
94.5373796776209 3.21920901811923 1 477
0.131726648103007 3.0157650262998 0 479
65.2374300412355 3.85686194113497 0 479
82.083640163961 3.44346249032131 0 479
94.4635222658787 4.77256713043763 1 479
94.5842803003454 3.0372173331957 2 479
94.7999066745032 3.27415190380015 2 479
94.4804688549447 3.0823117732004 2 479
94.5412421911007 3.03227161380838 2 479
94.4665292781667 3.10452390115773 2 479
94.4808906893019 3.10601558556229 2 479
94.5552718074511 3.5066687848816 2 479
94.4923002147736 3.03786464240982 2 479
94.7448146688583 3.05003221673391 2 479
94.4833485746031 3.31563512710847 2 479
94.465229505778 3.23439479482977 2 479
63.8912451593178 3.73972344086626 0 480
76.1980542337845 3.35627667869598 0 480
67.2938983094255 3.15464329506274 0 480
67.3043844685884 3.57747331533261 0 482
72.5843823736283 3.36958440544565 0 484
90.1208066448066 3.0007938608794 0 485
63.7606131999374 2.99840689303579 0 486
94.1925833035048 3.61361546721987 0 486
93.9239522475379 3.40166883641527 0 487
84.7364316153296 3.09801183128054 0 487
82.4074601655263 3.54964226811146 0 488
72.6846349380566 3.19584223600844 0 489
69.5660656067819 3.95069162458573 0 489
67.7673761112491 3.13273088729792 0 489
68.0116444231723 3.25498980557752 0 490
3.1341963872307 3.23252540031123 0 493
81.3844207363309 3.61899090776716 0 493
67.3062898862547 3.00955013613618 0 494
92.04920143812 3.01932558096614 0 494
67.263429169048 4.34970514016185 0 495
93.5506025185549 3.04311383206371 0 495
69.2344144034226 5.48223419155848 0 497
67.2606353278232 3.25979129778359 0 498
67.5228302435993 3.06589074094824 0 498
67.8181546887564 3.12893897825562 0 499
89.4182222765597 3.49099051635517 0 499
72.2887723923144 3.13719670299473 0 500
67.3638427752386 3.21604074199054 0 500
67.2676106241785 3.08632593852907 0 501
67.5124474153804 3.05589745403805 0 501
94.4148036376766 3.59432308398599 0 501
68.1915121441536 3.01376870452536 0 502
90.9806301726981 3.18990284150506 0 502
94.5171531382755 3.11600624541893 1 502
94.8479149130616 3.71200002111715 2 502
67.2672208945481 3.47745655280739 0 503
0.376549800644711 3.34703479013629 0 504
72.1071050065609 3.20449029685034 0 504
65.785750149144 3.09383938939805 0 504
94.6213124978628 3.05096975123631 1 505
65.1628302470489 3.06046186131272 0 506
67.2739846856196 3.52151357484696 0 506
68.8902558093056 3.01792839798667 0 506
67.4380587950436 3.11601251920586 0 506
67.2592959980446 3.05587517314609 0 506
94.2201064176553 3.49138556950369 0 506
94.2397852352027 3.05254817891862 2 506
67.2601688360841 3.08858381982699 0 507
67.7313806163096 3.00114327500174 0 507
67.2565021105215 5.07531933523776 0 507
67.2950543394921 3.11188002685801 0 507
0.681987061956733 3.45528304135255 0 509
94.568541964031 3.35304827379849 1 509
94.6393537954235 3.02241156692879 2 509
67.997316231801 3.06666903870143 0 510
71.3956797783367 4.28804328084919 0 511
67.6452504681674 3.21312905053496 0 512
65.8446505193624 4.24815205269204 0 513
67.4422434486686 3.1871210700297 0 513
68.2191291154052 3.4303877510843 0 513
69.588397734321 3.17632099525939 0 513
63.8506599026504 3.48195101895602 0 514
71.5752303089751 4.06632140885477 0 514
67.2542377251463 4.63551154271941 0 514
95.0204245096345 3.25510757120764 1 514
32.3805489402561 3.1969909924316 0 516
67.4119088719285 3.02254775002679 0 516
63.707722199748 3.19821038833189 0 517
67.5175056737844 3.41817361478372 0 517
67.3477930657643 3.94516142369729 0 518
67.3032082580275 3.23914572384055 0 518
75.6430034695884 3.5999228185254 0 518
0.124126657240605 3.37904061689803 0 519
68.1277903282348 3.00958566419456 0 519
71.6681206765317 3.3442542908493 0 519
67.2723391765124 3.56969947151195 0 520
87.2256383080756 3.94879502888856 0 520
91.1540637993314 3.03690597053788 0 520
67.391461170897 3.16234296736928 0 521
67.3768488407764 3.51820649928538 0 522
85.075839635976 3.47285112615969 0 522
94.4774792219784 3.09448943012807 1 522
95.1789314804871 3.06563481749178 1 522
95.185462494336 3.13678743499356 2 522
67.3196207355872 3.06528209306587 0 523
67.2941067283408 3.09344204931941 0 525
65.0814263528002 3.03920882398798 0 526
67.2652951833128 3.05002665325307 0 526
79.1029661281898 3.24643685483344 0 526
94.9652951811286 3.24612048821806 0 526
95.0284438480467 3.23702775330719 2 526
95.2075587600063 3.59841524233987 3 526
95.1845078928143 3.03810284360534 3 526
68.2119709574267 3.00275166260428 0 527
67.288705600963 3.21796358122286 0 527
77.4541657357372 3.1205246825537 0 527
0.692722292309351 3.07375918480747 0 528
63.7382340057889 3.2499679340417 0 529
68.0080740656372 3.10343738166194 0 529
67.3290182852425 3.16262742616507 0 529
67.2760829204336 3.06872569944238 0 530
67.4285038422231 3.00402918935729 0 530
67.310423528474 3.61648556966334 0 530
67.2637794054739 3.07810576219239 0 530
94.8373204904032 3.14847949571639 0 530
94.844709217956 3.55233903423728 0 530
67.3084903000287 4.62554315783135 0 531
67.329529683172 3.18944123537677 0 532
91.5658120335706 4.25240818864592 0 532
94.326308708153 3.46365150310369 1 532
94.6419144489318 4.11069703068003 2 532
94.5509917324542 3.05684659976974 2 532
94.6452323114037 3.03001075215215 3 532
94.6481022130265 3.00625228122754 3 532
63.7686514440919 3.07537205450408 0 533
66.030607986238 3.61478299110508 0 534
67.5231935528459 3.76641021057879 0 534
67.6178417234843 3.53124217466802 0 535
69.4145194248693 3.82746858796355 0 535
64.4491724948623 3.36325223469652 0 538
93.9616928389474 3.10026462148798 0 538
67.2968100205801 3.13104868326591 0 539
67.3438552960647 3.06579803950718 0 540
74.9976934227716 3.22572969098796 0 540
67.4083117626317 3.02096039642741 0 540
67.2906991942538 3.76146820997742 0 543
71.5073894830369 3.14017721813019 0 543
93.472757327734 3.07326819666917 0 543
67.3137114026946 3.09394183530518 0 544
67.2725865445148 3.34562091302845 0 546
94.8304933495626 3.40700609127516 1 546
91.0475973904271 3.08988317498155 0 547
91.4307302937645 3.27507562170102 2 547
94.3658228530901 3.60047896604862 0 548
63.6628292601793 3.00070638156884 0 549
87.0157572590099 3.08392907316709 0 549
0.0527666461388349 3.12110524786802 0 551
79.4501844756502 3.17778704453639 0 551
69.8669297987733 3.08816288296753 0 553
68.5705132641477 3.42475681020296 0 554
67.2526124754572 3.23046977933262 0 554
94.2520969556504 3.04268934621293 0 554
92.6948810394544 3.09675836180189 0 555
67.3190628211531 4.66139956100982 0 555
92.9100167372718 3.02409820526285 0 555
67.4614191803569 3.06566655708296 0 555
82.1367647099308 3.06621752998868 0 556
67.4104130487361 3.16517142727358 0 557
72.9834516602774 3.02625636340369 0 557
89.8501292354787 3.58565350085338 0 557
0.103334155803397 2.99630678499927 0 558
71.8640917042834 3.60592883658745 0 558
89.146201558989 3.25001689920398 0 558
91.3715450141834 3.18990270348358 0 558
94.7268538274609 3.44970004681306 1 558
63.8100855576691 3.63216642644784 0 559
67.2531287777688 4.41002483003753 0 561
67.4071961086313 3.57988304976147 0 561
67.7845198516694 3.30609106472212 0 563
67.2707004513401 3.14966289994979 0 564
77.6955815376226 3.31528609621338 0 564
70.624420197695 3.07309191473523 0 565
83.9563493199249 3.10121214671355 0 565
64.6555631391722 3.1192497624108 0 566
67.2555362172473 3.29866666005602 0 566
76.9609200803634 3.24301476151127 0 566
86.8842452898643 3.01643839134975 0 566
72.5462593768693 3.87052066773229 0 567
63.7416820049796 3.4370567733357 0 567
67.6131329290501 3.46113691811975 0 567
67.5052177820277 3.16511758312458 0 567
64.4944169888458 3.04322413881803 0 568
67.2871547347233 3.28762393404267 0 568
67.5766033752218 3.44286104567363 0 569
67.2778442773783 3.05669709558198 0 569
63.743646181647 3.34278757803545 0 570
68.1444402472007 3.25151879053081 0 570
67.6062283230965 3.20302705482319 0 574
4.6730963461437 3.00415036563708 0 575
63.884092954936 3.5120348208692 0 576
67.2927172775077 3.44177107389343 0 577
63.7420746267569 3.25124847896957 0 578
67.5244687021641 3.2524796550069 0 578
0.653327541214813 3.09299137135573 0 579
63.7571369292208 3.18410087954494 0 579
74.3453436366417 3.92618500554782 0 579
69.9220138210494 3.12199980883081 0 579
94.6052692615953 3.19813487752188 0 579
67.81028916775 3.08385394090864 0 580
67.3146937436171 3.07544253841 0 580
68.8102226810823 3.23525486665992 0 580
69.8717381617639 3.24928055811488 0 581
64.2124828012606 3.07205937237363 0 582
67.3672418711405 3.19355666003326 0 585
94.5553363836177 3.64027279679194 1 585
67.5427812767126 3.33951710831963 0 586
68.0041868781262 3.31515244692171 0 587
67.2664297449374 3.67832839646715 0 587
67.3417620894112 3.20880083097678 0 588
67.79417670249 3.09764513994836 0 588
68.2214673539623 3.12188764083606 0 588
63.8677323138189 3.11712516371945 0 589
63.8144722919065 3.19788442590521 0 590
94.4157200055003 3.24727690178279 1 590
67.4793578209755 3.15424946284145 0 591
94.4036861694326 3.22498935180097 0 591
53.3394064359665 4.58143233243929 0 592
67.397220781896 3.37761592093209 0 593
67.3346117528388 3.0326918530156 0 594
67.7515886773774 3.21279805575087 0 595
70.4805479481644 3.20248618099931 0 595
67.2543661660956 3.14412957477461 0 596
75.0968389560618 3.19288429778895 0 596
83.1958838037118 3.5743979628216 0 596
2.14170016295086 3.59450051636772 0 597
10.2886581084739 3.11132897984766 0 597
67.2971910010956 3.56698747182933 0 597
63.7401832574299 3.85294554461594 0 598
64.5996141979612 3.18922273978256 0 599
95.1991321536691 3.06271937448411 0 599
68.0698485620623 3.22648542744404 0 600
67.8980378219454 2.99427858558477 0 600
67.2786379157828 3.15254916234828 0 600
65.0272916431721 3.15517079067173 0 601
68.2880538082194 2.99590931486116 0 601
67.4206936122296 4.55101311174684 0 601
68.2635043668239 3.76838989917517 0 602
67.3771816905031 2.99776410630526 0 602
94.1865332809978 4.27900575093786 0 602
95.2056011334633 3.06158856941949 2 602
73.7866084919448 3.15147246256989 0 604
68.484333536439 3.14617196129399 0 604
63.749921179119 3.23792084370962 0 605
67.3642492780383 3.00053051758551 0 605
89.1498083993378 3.31069312365981 0 605
94.3837348568601 3.95774946396987 0 606
94.4511828258225 3.68873616351087 2 606
67.2800031757044 3.43930479363386 0 607
70.7297686113355 3.34429958054902 0 607
70.1832037410439 3.08803658557665 0 608
67.4736566051341 3.11859793704181 0 608
67.2770835855008 3.03183627164446 0 608
67.6517478006421 3.62934851999908 0 608
73.3840539787435 3.45583046460068 0 609
67.2895047553182 3.26411390238761 0 611
79.03753773952 3.34410740658655 0 612
65.1386559801617 3.24528190600973 0 613
67.9057155391496 3.10648772069532 0 614
94.6504527495515 3.05977789066762 1 614
82.362657196637 3.33836262878473 0 616
66.7173580330904 3.1590617150187 0 617
73.5526604573161 3.37647993846526 0 617
67.5069632249832 3.4696157164679 0 619
69.5365169583885 3.69748102664617 0 619
83.4461438925562 3.13379870761139 0 619
92.0179916856497 3.15290866338256 0 619
71.2002056629334 3.08871495670645 0 620
93.62290285679 3.23058157439984 0 621
93.6322089313132 3.01204619870597 2 621
64.1418382476009 3.16696806703131 0 622
71.6376390889055 3.25819746395332 0 623
67.2552125893482 3.77948851812094 0 623
67.4435716315877 3.09802254990832 0 623
68.48031373107 3.31213524410664 0 625
63.7377100946304 3.47871937023981 0 626
67.4321481504086 3.27083254926257 0 626
94.5008370731764 3.03716642506504 1 626
76.1371962548078 3.04859921972008 0 627
67.298532116536 3.37933288626717 0 627
67.3207999742443 3.39681271497548 0 627
68.4671646811474 3.31957145023182 0 629
67.2544100057119 3.03644158233836 0 629
67.2765179423006 3.1246121286708 0 629
67.3515133833737 3.07195871639911 0 629
67.2708311964045 3.91730424401076 0 630
87.8227126489719 3.50640513001083 0 630
63.6754717295947 4.08504422514764 0 631
67.3381566908022 3.23130661639505 0 631
69.0269188757732 3.27034805418759 0 631
94.3399581578367 3.22792541935568 1 631
66.6230285642403 3.30482879314242 0 632
81.7256978215863 3.29032477713389 0 632
67.3841207622625 3.27358210817326 0 632
68.4372474714236 3.19271848190765 0 632
67.3656671368942 3.10209791599514 0 632
68.0218968671191 3.30547821704094 0 632
63.7502666077221 3.27338122078678 0 634
67.3811621164763 3.75751450294638 0 634
67.5459395589528 3.04787624056527 0 634
64.1451225601653 3.29861714660345 0 635
86.5292780971252 3.00470334284799 0 635
94.6127479844533 3.06210894939277 1 635
67.9844913708941 3.27439298645522 0 636
5.21142824459802 3.1343210802772 0 638
68.0618424353292 3.23649389038853 0 638
73.1826364038122 3.28776283294655 0 638
67.3926586533916 3.08414144422434 0 639
78.6503007382385 3.37099402236563 0 639
63.8617893172568 3.17965668354561 0 640
67.2838587311291 3.00320231226016 0 641
94.1964088854643 3.46323474022791 0 641
81.0093634340901 3.05571179914196 0 642
67.268475226794 3.38397400617842 0 643
69.5759235937874 3.11222528137516 0 643
93.3002570699023 3.07893447199441 0 643
0.000543088743492518 3.06569068425333 0 644
94.8093058392212 3.1413272941062 1 644
67.2702330233977 3.01687679222235 0 645
94.7148389753226 3.44344297954094 1 645
64.2914144864174 3.58593107562718 0 646
68.6173449425582 3.02737928688777 0 647
67.2819046607076 3.06306821926398 0 647
79.499859865235 3.04320314882361 0 648
67.3333941623965 3.46030828027123 0 648
70.7173430791241 3.11452136479789 0 649
67.2844247043869 3.14906530822679 0 650
67.389507892027 3.174773871259 0 650
67.2800330471292 3.13225846919798 0 651
82.0524172543498 4.52260926304423 0 651
94.8257305088725 3.13115210448959 1 651
66.0692518546474 3.15102429055307 0 652
65.982811990678 3.16582043141766 0 653
71.9033980686667 3.20065876768146 0 653
0.0467407271821234 3.18278924143159 0 655
76.5778141394787 3.52913931171302 0 655
67.4822946729677 3.21538299071896 0 655
84.6187949804538 3.18965776020038 0 655
63.7635179927349 3.03520612470072 0 656
67.9164158703088 3.86249958354522 0 656
67.306207109645 3.27855236133271 0 657
81.0182718879537 3.98906010109674 0 657
68.1616013312752 3.50602508667001 0 659
94.6279563974222 3.17691391999767 0 659
74.897587417912 3.04447156813475 0 659
94.6356662100149 3.2954822666011 2 659
67.2535376368705 3.06203379798854 0 660
67.5451206963377 3.34879041378015 0 660
91.8898651017416 3.84223997094655 0 662
64.1542510860835 3.26625456007237 0 663
64.099618013008 3.10003966954413 0 663
76.6539196386476 3.1557083150945 0 663
88.5929133380569 3.01548323154022 0 663
81.5293370792024 3.18623562461495 0 664
91.3119919658569 3.52630036363805 0 664
91.9084313050399 3.25737327345153 0 665
63.713881688657 4.90729922354101 0 666
68.41286620828 3.28918644431408 0 666
67.4377736837956 3.02270544199127 0 666
94.4959678668335 3.03487720854185 1 666
67.3997658134345 3.3088969496009 0 668
85.9448185017806 3.3979004228031 0 668
67.4082269429837 3.02359119491288 0 669
63.7563468265565 3.39986562797765 0 670
63.7761482735796 3.0635157321306 0 670
68.532960063903 3.26048346180368 0 670
67.6166922221441 3.36111616436549 0 670
50.9412138716175 3.43410702055509 0 671
63.6696499249466 3.00306033947713 0 671
69.1247725382391 3.16776575877286 0 671
75.7780206306143 3.12523125507384 0 671
67.7863231729956 3.23429782049506 0 671
74.1621227481388 3.51466168507992 0 671
89.6473635518544 3.01468670053255 0 671
64.7739969359322 3.01019548272375 0 672
63.8031663829718 4.12408796453208 0 673
67.2886534648755 3.0947361832833 0 673
94.6262278132879 3.29854026445741 1 673
82.9735911824659 3.03889979990559 0 675
68.3492851592343 3.76453175854154 0 675
73.6335262047605 4.41113925603288 0 675
69.9804250028947 3.31221737812406 0 676
69.7450526565961 3.33639728443794 0 676
70.853640967854 3.18357954861543 0 677
69.086040577838 3.5171234439942 0 677
0.994151661363868 3.61552451040589 0 679
93.7520059108532 4.8486865319618 0 680
94.1954847257254 3.31380502836042 0 680
95.0363707177298 3.72652054980034 2 680
93.8539795605393 3.46922078737114 2 680
93.7542394828759 3.51882125499773 2 680
95.0425539008036 3.7145096955106 3 680
95.0512560353246 3.01338345440708 4 680
73.0659404558471 3.02676302995928 0 681
67.9899033611745 3.07732417245914 0 681
87.0524621833819 3.3427614178789 0 682
67.7325119083166 3.02666929272164 0 683
85.2337970420751 3.76338336991725 0 683
82.8787952039531 3.74914790586418 0 684
95.0126498809357 3.67914074349301 1 684
89.8641852357344 3.0538638952235 0 686
64.9437008442906 3.15230069262122 0 687
67.2681538146579 3.22032630805146 0 688
91.0014492433839 3.03916617462156 0 689
70.4003634264734 2.99147331825454 0 690
67.2726555237763 3.3099594533782 0 693
70.1908469660477 3.09516096589088 0 693
67.3159111128129 3.2497280377875 0 693
67.5350882103793 3.0264560709515 0 693
92.0885920110682 3.00234471385913 0 694
94.2096228489031 3.4865689692139 0 694
63.8792839449887 3.16840625891306 0 695
67.2860828442715 3.01649538656513 0 695
70.3304855025706 3.34538982503408 0 695
0.239431626961909 3.36601942019726 0 696
67.726036064625 3.16953286757088 0 696
78.4564239661171 3.13596763987067 0 696
93.6957644499945 3.18969689370573 0 696
67.5198432507363 3.63282832463416 0 697
67.2892920103127 3.84185974582827 0 697
68.1387310541621 3.19567891471978 0 697
91.1300893151658 3.06099925417954 0 697
69.2292817310286 3.40975252445551 0 698
67.5687427623694 3.1612211918206 0 698
91.1887813974357 3.552788731064 0 699
63.9199847966518 3.19358396270432 0 700
67.9803562418926 3.27695807450613 0 700
3.30936490177082 3.05470855345225 0 701
82.0472458413751 3.07943331538621 0 701
67.4038750604786 3.14223106389211 0 702
69.9473215281381 3.298874779793 0 703
64.5192266574391 3.54866887770273 0 704
94.261314537124 3.09175975970738 1 704
4.75475728136232 3.01518791948912 0 705
67.2731903763369 2.99333677428011 0 705
67.3284225106754 3.26320212393306 0 705
70.6489436520872 3.2520988651177 0 705
85.6669756349188 3.10056697181706 0 706
67.5642239817268 3.51416022302091 0 706
94.3356727623523 3.04369059264813 0 706
64.016839449355 3.0087726561065 0 708
67.2548534708426 3.13700228761605 0 708
67.621086649236 3.64444435372117 0 708
69.0234549983088 3.76947572984759 0 709
95.0056429740314 3.72726177766628 1 709
95.009134666397 3.04932458390669 2 709
67.2546937546026 3.4837154285103 0 710
67.349425779398 3.10892926893254 0 710
70.4762101773979 3.38623689556958 0 710
94.3232429045196 3.00230534722954 0 710
7.20450103188121 3.32738624457498 0 711
74.2095214255558 3.77461828560015 0 711
87.9551044188176 4.12298742563971 0 711
81.868434261744 3.60711919980667 0 712
67.9310964145831 3.03744306444765 0 712
68.6891015696016 3.82113718752364 0 712
70.198127762254 3.39309669861229 0 712
94.9994578279827 3.09801303313249 1 712
67.3409071857927 3.16647116426535 0 713
0.147262964699099 3.30289477007281 0 714
4.26422179931695 3.99200941754047 0 714
67.2627870649912 3.49155969125483 0 714
67.6624596836916 3.05107200280115 0 716
77.9067405203943 3.08542852931697 0 716
66.512193869115 4.48121466145869 0 718
94.6914161129196 3.29056442772833 1 718
67.3112840872887 4.3895740510876 0 720
67.4478056946613 4.44413468563175 0 720
66.676839385677 3.03105273461052 0 722
69.4782321297377 3.06248680810289 0 722
67.4649680151373 3.66592726982952 0 723
94.4328307467237 3.50134824392203 0 723
65.1130865221136 3.04171602356798 0 724
82.8826026006988 3.02483978306088 0 724
67.3385517024387 3.21578081856955 0 725
67.8378850804525 3.292273951814 0 725
93.8842205845472 3.05678629514 0 726
67.5374472129364 3.16520565642314 0 726
74.4225494375721 3.24463974139395 0 727
74.4411573579913 3.14958617153378 0 727
83.9803348525056 3.07075806487825 0 728
67.3220644708835 3.01841936141171 0 728
69.3226107088701 3.05992057909548 0 728
41.4763321727843 3.68009570531692 0 730
64.4101330554739 3.01983338437977 0 730
70.9201806995875 3.38824214086455 0 730
68.2133733562454 3.01277049449294 0 731
82.8142484430024 3.20247113543069 0 731
91.8660469790113 3.16269586568052 0 732
63.9154688865098 4.89457546080988 0 733
70.8498519035631 3.14733935416546 0 733
67.3624553950252 3.09093440569958 0 733
0.00778517043413399 3.17509421963834 0 734
67.480808538431 3.54714467319614 0 736
75.9862366955251 3.45388043042279 0 737
66.1153241547225 3.18423227025998 0 738
63.7412916217974 3.89264672410163 0 738
67.2528600817035 3.00930119307832 0 738
86.7374063253762 3.05638383282352 0 738
63.7814515823503 3.42109634483056 0 739
85.0147956499039 3.05163090540802 0 739
67.3725518267429 3.55531520988605 0 740
67.3187394457401 3.14182831337416 0 743
63.7566568518838 3.22106108324131 0 744
94.7883096637477 3.80670576152938 1 745
65.5309524636135 3.23439622844798 0 747
91.6939181968116 3.07080061201275 0 747
45.7679831551433 3.13630416387056 0 749
63.7649298754514 3.97471532116051 0 749
67.2680249907238 3.08253749563246 0 749
91.0086904901911 3.36454747330215 0 749
66.9576354847069 3.74082001768548 0 751
67.3809518580999 3.08216900748811 0 751
94.2069011217591 4.3479250089665 0 751
94.2397633073429 4.17949820269548 2 751
94.5232999231335 3.149925950562 2 751
94.2106030084648 3.08983201538262 2 751
94.284815013722 3.0426109436211 3 751
0.0167257485643147 3.08305618234297 0 752
67.3675118604216 3.18956863516775 0 752
69.5613164945525 3.26276254606086 0 752
67.5695558555059 3.71106736340095 0 752
4.59813714656279 3.18438145456435 0 754
63.9073970337444 4.24708976507053 0 754
64.3609710522109 3.3756853746593 0 754
68.1412950159968 3.46042993972848 0 754
94.1740761822812 3.11752667240274 0 754
94.7958463225648 4.94393233513177 2 754
95.0608134355485 3.06512519942808 3 754
95.1191412162221 3.12967142652027 3 754
94.851456454526 3.0827187576567 3 754
94.9899123390218 3.27986544314602 3 754
94.8040073523354 3.00400930151346 3 754
94.8021077802451 2.99968779047904 3 754
94.8058748945621 3.09097309711869 3 754
95.0001098735198 3.01105663070325 3 754
94.8227505735036 3.16455396151826 3 754
95.0053054914521 3.02426693942974 3 754
94.9622142642663 3.16499986858798 3 754
94.8491823975327 3.28520884420469 3 754
94.8124298199532 3.16514342309303 3 754
64.0860958137737 3.0781849224499 0 755
67.4401838187371 3.39525127691764 0 757
0.00157743082139406 3.52143008203734 0 758
67.2595724382088 3.57101256763198 0 758
68.6945343980308 3.14284288379944 0 758
67.7648829320219 2.99132981782828 0 758
67.3351323105492 4.4325103077144 0 759
67.3777544833012 3.89981701514218 0 759
68.3912176934441 3.87943222029969 0 759
91.0484115598425 3.60818926349999 0 759
95.0160593420539 3.06059061049835 1 759
0.0486312516691905 3.56562874457565 0 760
69.2012997327252 3.26271095979452 0 760
94.2293716146382 3.87630957928286 0 760
67.2839833235114 3.18065051513231 0 762
91.867511936819 3.01394446765837 0 764
95.0267808877307 3.1580814800828 0 766
67.2533021669723 3.27847534912491 0 768
75.1375604512096 3.30720734480269 0 768
90.5707354728659 3.35103671143394 0 768
94.1677059982607 3.16895475330238 0 768
71.7756381376719 3.12497815708035 0 769
64.2763881733018 3.0452664980708 0 769
67.3029082791482 3.00532414923749 0 770
67.2922873014255 3.71325469044322 0 770
69.6289727448941 3.42523156262841 0 770
64.2838458675097 3.04053359614641 0 772
69.0234969074614 3.2606647578532 0 772
70.7884299228664 3.43329907247499 0 773
67.3360529303138 3.43150798344338 0 774
94.2189141546923 4.06242735036149 0 775
94.4921658950941 3.0706602167999 2 775
94.5162406912496 3.36824718592706 2 775
94.6634570058834 3.42415670222551 3 775
94.5845869673682 3.100829287034 3 775
68.2127366596392 2.99195899739844 0 777
94.7033877295714 3.0297780697187 1 778
53.348251236263 3.13033403216255 0 779
67.3022926326504 3.09679461474048 0 779
94.4563078841002 3.1797429786062 0 779
67.238472357291 3.82013231662128 0 780
90.9829917092985 3.06312810321651 0 780
67.6285663534954 3.30797450626296 0 781
65.9356241768096 3.22833715006011 0 782
66.1589685855121 3.13844521237685 0 782
77.7334091466113 3.34047292599865 0 782
67.3050533994738 3.02859457973793 0 783
67.5038677886162 3.323939209265 0 783
89.2864343398451 3.82410183093689 0 783
67.3864757580627 3.11766487356168 0 784
68.1958960764537 3.34920704074304 0 784
74.8058526932531 3.07700012248279 0 784
67.6440906109661 3.32111605902974 0 785
85.3719281168506 3.09351582779713 0 785
94.2608979590975 3.19075178412137 1 785
67.2575954563766 3.09402166319741 0 786
95.0242764614179 3.03357474987432 0 786
63.7373974005677 3.07167488627921 0 787
80.2978698360775 3.23607946016557 0 787
67.267320752115 3.1068496199601 0 787
82.0743583209746 3.53841713205574 0 787
42.4632656228174 3.03203635667939 0 789
67.3614297138628 3.32498600093364 0 789
67.2933190923929 3.04784683194849 0 789
73.4446569414178 3.10042423023299 0 789
70.3301418776412 3.21326332939083 0 789
67.6261435368212 3.31581709817788 0 789
94.8060388087567 3.10172727751697 1 789
74.5352929305324 3.12540542150854 0 790
74.6353293985315 4.01437067444315 0 790
0.20876526191229 3.00462187230241 0 792
7.40946763073968 3.17060226404507 0 793
67.4355451284589 3.81834963237335 0 793
18.3834009068353 3.32154572519257 0 794
63.76457955912 3.44409000289744 0 794
94.3445162302621 3.67313940786171 1 795
94.3480795073015 3.22916034687203 2 795
64.7417279863417 3.27941989993418 0 796
67.3544321378134 3.15117882487095 0 796
69.2696019292826 3.01897192434897 0 796
94.3756209942319 3.55870879386437 1 796
84.7947206297689 3.0115445975924 0 797
68.1714958048172 3.23896359711046 0 798
63.9074185144919 3.18284359479647 0 798
73.9443271039402 3.44170454295563 0 799
67.2923530796688 3.19746587255572 0 799
95.2358219465047 3.70757638187596 1 799
64.8631260109623 3.05983991507232 0 800
63.81132971835 3.69678722087268 0 800
68.3294448510148 3.57497402132923 0 800
63.9054247823146 3.2839938800388 0 801
67.2783440543245 3.09425943877601 0 802
67.6558679540558 3.88787650058399 0 802
65.9162445873223 3.3536040803521 0 803
95.2478179158449 2.99838211395455 1 803
74.3889873332032 3.3877118275535 0 804
67.2562941520581 3.3123160744972 0 806
67.6597941117693 3.04593059208127 0 807
95.1246120820094 3.0672589994068 1 807
94.5547735937678 3.63692161788529 1 807
94.6752597137627 3.47232059467396 1 808
68.8035986374717 3.23394820215608 0 809
64.9288237228031 3.60654620615219 0 810
94.783623771257 3.04314026655566 1 810
94.8598125468294 3.12430793026671 2 810
91.3403363273713 3.06842613473084 0 811
67.4268101521368 3.31464602146745 0 812
70.9166751361704 3.06293925813932 0 812
63.8007668202266 3.08762389569068 0 813
93.5809697770307 3.0122961760287 0 813
67.3198030121797 3.04889430333605 0 815
55.9822787223512 3.03049024145445 0 816
70.4516214495549 3.02235061330444 0 817
63.7733918955635 2.99114688381239 0 818
68.113276423089 3.10869399261941 0 818
67.4946677110949 3.00092905451035 0 819
80.5463033986184 3.16067423920707 0 819
89.4765427229492 3.11658453211402 0 819
67.3750605059319 3.16780865537452 0 820
89.4427261886234 3.04180188306296 0 820
67.4736116981245 3.13850264996321 0 820
63.8274127025325 3.08809201705568 0 821
67.446779884209 4.6846481900168 0 821
67.3642826433554 3.16169073859413 0 821
67.3185403438457 3.23410351816959 0 821
64.3470717791255 3.48088741421325 0 822
67.0079948015323 3.0326902226471 0 823
91.6116279075494 3.01957896742581 0 823
92.0621444112086 3.28709381311276 0 823
67.2813090257643 3.15322353920215 0 824
67.887541848885 3.08300259906553 0 826
74.1607546522017 3.1746258773024 0 827
84.8390157240644 3.49873891906714 0 828
67.5255667099096 3.2039409737073 0 828
79.844820144735 3.00413415629529 0 828
94.1670590684989 3.32886854611995 0 828
94.671401962713 3.14781915695708 0 828
67.6108758228057 3.06881850668508 0 829
67.2571799278791 3.11049194004955 0 830
70.8014316434829 3.29110745835266 0 830
95.0589995662619 3.11378021281144 0 830
75.6042862080742 3.2632955273048 0 831
88.5015436864346 3.2332434703046 0 831
67.9402947708297 3.25853512879481 0 833
94.1748001610941 3.14283040992739 0 833
63.7491392744477 4.13659222961261 0 834
67.5626960664927 3.17280938199306 0 834
67.3640742012279 3.07554717290376 0 834
67.2881929763604 3.01159459917866 0 836
63.6741474959654 3.31900960307644 0 837
65.5162382774309 4.04820590135033 0 838
67.3331649706913 4.48921183998427 0 838
67.6758720613915 2.99373701622841 0 838
91.0519529693141 3.41233103919531 0 838
94.0685245627256 3.37985151916477 0 838
67.2590124890151 3.01420728801913 0 839
67.3859355113783 3.05094691423145 0 839
67.5900388703737 3.16744172349018 0 839
68.1042983634069 3.53068406132388 0 840
67.4950972912347 3.29251605953741 0 840
0.322291246852795 3.51790471148725 0 842
63.856067538499 3.19818782353877 0 842
67.4466293895512 3.34865852514635 0 843
67.3331007725487 3.21199764158895 0 843
68.8165001954417 3.04907346365101 0 843
67.3546794904451 4.08697045541768 0 844
69.3206968526674 3.25399398326711 0 844
67.5466603557307 3.61062536923568 0 845
67.5818563801949 3.32408561001879 0 845
94.9549919133029 3.38189066130866 0 845
95.1350731412107 3.03779393476381 2 845
94.9885577523989 3.13515110750165 2 845
68.1978701692055 3.68267708458998 0 846
80.7650625799134 3.14215268834296 0 846
67.7607336286683 3.61928702809172 0 847
82.2822419489794 3.12890978018805 0 848
63.834022615727 3.06811690629424 0 849
78.9534724973496 3.13859404509332 0 851
67.6406547873144 3.19148850565049 0 854
67.2905976215362 3.42182830993371 0 854
0.0361144793900087 3.25357142923898 0 855
81.3977802393861 4.94198418492414 0 855
94.4297361268804 3.4772093006735 0 855
81.4091158395745 3.21218301778497 2 855
68.2323327031553 3.24110310524884 0 856
68.7706294735098 3.12032347657081 0 856
44.9048659892646 3.70422786297944 0 857
66.46455940069 3.02903946826845 0 857
93.6409852226154 3.03382234305328 0 857
68.5593306852207 3.84161208858555 0 858
67.2805587832417 3.29925995778051 0 858
27.8126952656153 3.15542779385091 0 859
67.2547374019849 3.0364127222562 0 859
67.3094481601402 3.35441316982854 0 859
69.3066318223574 3.43918440121236 0 859
68.6727374675363 3.10589871523049 0 861
94.1946089909741 3.15829161679214 0 861
94.3058252264633 3.43177005048807 2 861
72.617297012347 3.80207424481748 0 864
90.222604900025 3.06977493983227 0 864
63.7391218154817 3.48914515167752 0 866
67.88804058873 3.21775749796864 0 866
75.9842160711396 3.02804186344897 0 866
67.268873904898 3.33176536166959 0 867
90.9964523221944 3.34885815648202 0 867
67.4607486532691 3.24730027924944 0 868
67.5217882162991 3.01552883406424 0 869
67.3389961696081 4.28256508998851 0 869
67.3469226133053 3.12042861725776 0 869
67.2935520313884 3.83830090193126 0 870
74.0184301876858 4.1064036628592 0 870
67.7349547694255 3.03814181649979 0 871
87.9413606059342 3.03804756697312 0 871
69.8580551123064 3.19835526996386 0 872
76.0545137334088 3.63748546333527 0 872
80.602514083321 2.99741025027931 0 872
75.9870527261094 3.02265457068946 0 873
76.5121944777893 3.84120502826725 0 873
91.919977347688 3.47459806811221 0 875
63.7501654137672 3.14571817295967 0 876
67.6340611325214 3.22664535160538 0 876
67.3012403512306 3.70387866363749 0 876
71.3702094556285 3.16733949381772 0 876
67.2886899941154 3.1477477332617 0 877
74.824750865897 3.0080672863381 0 877
67.6504407312053 3.28594857079644 0 878
67.391140972592 3.63350199431284 0 879
78.729344695352 3.06001982246728 0 880
94.806597576923 3.05959856934733 1 880
67.2904392954638 3.31795099145745 0 881
67.9057070394428 3.07710244698248 0 881
94.9657508872722 3.00967344649771 1 881
67.2544070078648 3.30271894431289 0 882
72.064952785853 3.56624524538874 0 882
71.117753238677 3.10337467631636 0 883
94.8616999694884 3.18107207508094 1 883
63.9819642941703 4.45472967437936 0 884
69.6536952826428 3.02987556940048 0 884
69.9271973528332 3.17199566459944 0 884
64.5587190961276 3.38191471359815 0 885
67.4137802088035 3.00105411012954 0 885
67.3056136383225 3.2793713823958 0 885
67.9249063619953 3.14277822843619 0 885
71.1564594393724 3.12563135011336 0 885
67.4626620273382 3.22075854076447 0 886
70.0018253841446 3.4137163485308 0 887
67.2857625221716 3.32017474476808 0 888
64.1476697456206 3.66308568826903 0 889
67.5414148921469 3.02689892900734 0 890
67.9935965932725 3.18867722699797 0 890
67.26533161072 3.41009328568791 0 890
67.440962150049 3.36075091114783 0 890
67.3022051158786 3.32450616718285 0 891
63.750786929419 3.89864828789021 0 894
63.9235194235833 3.7288746587444 0 895
70.6102818446066 3.67735609714028 0 895
94.1940209732082 3.02006401346774 0 895
63.9549651991534 3.3418265475849 0 896
67.4953482535756 3.25197594083919 0 896
87.8795513039477 3.13931597032456 0 896
80.5221126919755 3.17084459490666 0 897
89.2107991924945 3.7004510727591 0 897
72.1670022475673 3.13095120079381 0 898
67.6692457337969 3.28934402070277 0 898
67.2633345175579 3.59380516365602 0 898
88.5283890492726 3.12662883787173 0 898
63.7412787054034 3.66321002526134 0 899
67.3478562721262 3.01031960764236 0 899
67.5196136089492 3.35588500553643 0 899
67.89680654215 3.32214145907983 0 900
67.7392896027895 3.18814625883363 0 901
94.3772833724313 3.10627550127077 1 901
67.3913872333448 3.32854771042348 0 902
91.0176543820511 3.11490125709084 0 902
3.81250878761957 3.03035727026921 0 903
67.2701340204738 3.70266001602261 0 903
64.2377514988503 3.11494577031901 0 904
71.322939434746 3.1024091820174 0 904
67.3993171237969 3.16406601583648 0 904
67.8508656858444 3.70775326830735 0 904
65.7157620701517 3.65021823712346 0 905
67.4481955276122 3.59894911848907 0 905
67.3221231275563 3.43329935180635 0 905
94.3141394292481 3.45599126287683 0 906
94.2442598908628 2.99278587298071 0 906
69.0289415573071 3.3804494339972 0 907
82.1419138363025 3.16313614991347 0 907
85.621079455864 3.72338216929077 0 907
67.3797878025433 3.82654795275962 0 908
73.9638933879801 3.72906397075574 0 908
90.9783244518394 3.17409330945738 0 908
64.075653682507 3.12622241710711 0 909
67.5824992076223 3.25223145543428 0 909
68.0715520467423 3.61371286479308 0 910
68.2412490180317 4.00193016946374 0 910
82.133221607763 3.03444620934433 0 910
68.7603550533422 3.22169003341937 0 911
66.5711861857719 3.29215988907072 0 912
85.9116306006676 3.1664702123574 0 912
67.8978654435176 3.10887057002912 0 912
94.9136916531522 3.16713198318671 1 912
1.64973746400159 3.10315203523468 0 913
68.0406338906088 3.01994612200108 0 913
71.4081119752399 3.01533606452461 0 913
94.4084250528638 3.02790031844626 1 913
83.6134171346657 3.35734570849426 0 914
92.4775111106295 3.47940942594437 0 914
67.2895085179225 3.05226039900725 0 915
67.3669374253047 3.30361547323877 0 916
6.52106602101983 3.22548655576244 0 917
28.1168771892542 3.05455520322989 0 917
67.3028393434854 3.25206165830192 0 917
67.2807610779606 3.05234288725348 0 917
67.2859467172868 3.09956930961944 0 917
94.947075437667 3.0661095687243 0 918
94.9472701066413 3.05529396487379 2 918
95.1095540806703 3.14110149151267 3 918
63.6961966615782 3.10015351419776 0 919
71.2313816610434 3.11369737349178 0 919
0.142127713616501 3.11380670990539 0 921
67.5333058883567 3.04532411379907 0 921
89.2935767356321 3.00692406034258 0 921
64.0950684324432 3.08163372165703 0 923
68.4751750953991 3.25886230151712 0 923
66.1385747774832 3.0595742232074 0 924
83.3291538820301 3.12059514676706 0 924
0.0649954381067413 3.39456926153297 0 925
63.7826764740477 3.26760766874323 0 926
67.2917399190071 4.50390226998662 0 926
71.0757258122804 3.41476262957897 0 927
89.5877644752921 3.06773298609471 0 928
0.247645438001428 3.12980524441881 0 929
67.4507660018618 3.14209551381423 0 929
93.6080007786385 3.34922916427139 0 929
0.0613598615352914 3.17707926234869 0 930
67.4708685172983 3.19576363770833 0 930
82.8770526350973 3.00034412101204 0 931
91.1762958075508 3.01618690472751 0 932
67.3265337032055 3.16924472121743 0 933
67.3622448027787 3.32399870714735 0 933
72.4015766392152 3.30137869412244 0 933
67.2621560231711 3.22036322273378 0 934
74.2218840531935 3.60920319149344 0 934
64.4533754273286 3.03403638631164 0 935
94.4078264335809 3.05482809530673 0 935
95.2411951538913 3.01349823293479 1 937
63.7925922547778 3.34475557682655 0 938
67.2826455588888 3.15373803711705 0 938
70.5377517422877 3.29620728438216 0 938
70.9492391170406 3.42062047750337 0 938
94.2648799163096 3.14667016649544 1 938
71.8772987656192 3.54849661750763 0 939
93.5622323641214 3.16718610515226 0 939
69.5732950101003 3.46583033770028 0 940
80.7167956662988 3.14555876200707 0 941
94.2419661324656 3.16576909276793 0 943
67.2571054571195 3.01882113585854 0 944
70.8922747118238 3.70038455796395 0 944
92.6107353693422 3.09133972381373 0 944
7.38126739660616 3.15314189022187 0 945
74.3745904889453 3.02808796322494 0 945
94.8572971382916 3.01820401835854 1 945
63.7409406833939 2.99906737538449 0 946
67.2766765670195 3.05614944503219 0 946
67.2703228159782 3.01622545254091 0 946
67.2950339169494 3.08558147569395 0 947
67.2595533886642 2.99880321858223 0 948
67.5322497214022 3.22388945387647 0 948
81.1806478142177 3.309476966019 0 949
95.2399088125483 3.23891129769242 1 949
67.2881131797858 3.42731932337619 0 950
2.55097154877885 3.09180370667979 0 951
56.9750152790444 3.82578426976478 0 951
71.8494897232253 3.0469240729237 0 951
71.7714485489871 3.19454091164503 0 952
67.367654008239 3.45558527981429 0 953
68.854700272016 3.04670988018988 0 954
94.0199845184904 3.01598752869342 0 954
95.1011025295399 3.01155083385118 1 954
94.6031865437443 3.81987956718607 0 955
95.0028831400419 3.06951619611787 2 955
94.6388738098973 3.08694038791308 2 955
67.450259563125 3.03428100393232 0 956
94.1969321827511 3.13148983215921 0 956
94.4007339672923 3.25780522910143 1 956
68.3582209100497 3.5409072329672 0 957
94.5210019014582 3.18373242072996 1 957
0.376284195288982 3.53180249034832 0 958
67.3180038671269 4.33752733152727 0 958
68.3163315743718 3.74525449449864 0 958
67.4710598796792 3.18934233992374 0 961
91.102704201687 3.10786398705677 0 962
68.6341815502212 3.0166686170639 0 963
67.6202503665587 3.01826478730553 0 963
67.7023005385071 2.99178334303973 0 963
63.6778971317022 3.09692536908294 0 964
70.6145620493255 3.24856426942454 0 964
63.7138026580033 3.30891146210712 0 965
67.3189004529343 3.32379284387454 0 965
67.3455952709234 3.60698087967804 0 965
67.2556979352416 3.42585845945263 0 965
94.1783719897691 3.88845757888541 0 966
69.5662102949103 3.82081077553002 0 968
80.6432275433302 3.49908204399132 0 968
63.9056204288402 3.21172552452312 0 969
67.4938440192574 3.08172957669474 0 970
67.6711401360617 3.2786818524912 0 970
63.7507358648754 3.12908643924613 0 971
0.0172373852900383 3.32628030053309 0 972
0.179023235803985 3.2441202211194 0 972
67.3552909647645 3.12177905425445 0 972
0.302447663948483 3.25144539558708 0 973
67.9259458821973 3.04792372311194 0 973
92.0176244885891 3.00251591268408 0 973
63.7719491412101 3.09145204516219 0 974
75.9479866402158 3.60985310786224 0 974
63.7421756371282 3.17775822993134 0 975
63.8421489406387 3.1201171706699 0 975
67.9946164868811 3.34233132840092 0 975
95.1386373301899 3.26602021368533 0 975
94.6840510610298 4.08818686653212 1 975
94.9292008569023 3.44118231682698 2 975
63.7535639197238 3.07704171165009 0 976
67.3068267451838 3.06487157443145 0 976
78.0599672779731 3.14298272337919 0 976
67.5105741457752 3.18475148408804 0 977
64.822559870874 3.04495225407935 0 978
67.650913852354 3.06141576385077 0 978
68.5343757457584 3.04165462485099 0 978
68.0088505930618 4.11421461836544 0 981
69.5507059344551 3.38835240252542 0 981
79.5302901898849 3.18618252696537 0 982
63.7964376023553 3.16350844741948 0 983
68.3919215129773 4.14435141622391 0 983
67.3104417035586 3.09234596788003 0 985
80.983651743496 3.08640225589917 0 985
64.0322719034125 3.05473760557984 0 986
67.4448670806813 3.0829072787542 0 986
67.3352417398301 3.0318382853601 0 986
83.8504024798245 3.08734556846937 0 986
90.7737720376847 3.21443199286922 0 986
67.4309377126032 3.08390816997141 0 988
67.5281885951494 3.35018966834924 0 989
64.1492704553635 3.92448411666091 0 990
67.2718796548517 3.09885143499586 0 990
63.8571941892803 3.58560581092297 0 991
67.367462044199 3.26032472447486 0 991
67.7608841408828 3.02308681442826 0 991
89.2360615457962 3.22108061558631 0 991
89.7520345242556 3.40865440805071 0 991
63.7585200912238 3.07915530297449 0 992
91.6107702553636 3.54999334984926 0 992
94.4400179604806 3.16792721487334 1 992
69.309354647486 3.11342157805669 0 993
70.1183265845601 3.26478752601599 0 994
67.2913521674668 3.7003292627389 0 995
67.5297582119755 3.00548761837182 0 996
68.3433251959369 3.10509217122976 0 996
70.6507739597257 3.0207365930876 0 996
84.8476690075653 3.12348113958988 0 997
5.6028568640034 3.04063253670727 0 998
64.014062577778 3.6819361335303 0 998
90.197585372499 2.99319658369331 0 998
67.3672661733667 3.26506006465404 0 999
