"ts" "magnitudes" "gen" "cat.idx"
0.561288762657265 3.00898602994746 0 2
31.5679374059286 3.30809385497889 1 4
5.86866078387698 3.22544364810265 0 9
0.00167385657347014 3.21651782479304 0 10
1.15637216424558 3.12159930533055 0 10
2.61023226221633 2.99227329963463 0 12
28.7023315532465 3.08289562545589 0 13
24.2062458643536 3.09843312492519 0 14
0.139414036935404 3.12601717378719 0 14
0.186217517781389 4.09761878251851 0 19
6.3637353536825 3.01069098731811 0 19
31.6436047113125 3.13241089429144 1 21
0.633163490036222 3.25597665361971 0 22
0.0853376638883354 3.16725067977602 0 23
1.56608903124297 3.05040443182855 0 26
0.0133478250796193 3.58341568523 0 26
2.18264606361881 3.35468981815192 0 28
8.45196234418744 3.01797154544123 0 28
4.2735072104358 3.62137765849962 0 29
0.0719539938755719 3.57555344727357 0 33
31.8596386282329 3.14584685677569 1 33
0.0213719900121657 3.23445461964055 0 35
1.54480223092252 3.11758114625915 0 36
0.129996172589276 3.33594236646921 0 36
2.12608602642782 3.07290218072764 0 38
1.58665116280314 3.15633644553341 0 39
0.668961383666866 3.11914012062652 0 40
29.8701285632119 3.25674510388215 0 43
22.6646464995234 3.56334309012631 0 45
10.0014435797288 3.34692054330764 0 46
0.0886671747469835 3.64814361718113 0 48
0.213597987389507 3.655222801973 0 49
10.004087706795 3.33903643934093 0 50
22.5523233038607 3.31862584048888 0 51
0.0228887066815145 3.07178750848652 0 53
9.45911123438866 4.13526609536116 0 54
0.0135997262358991 3.09326963613111 0 57
1.23415082764692 3.03298397799985 0 60
23.0714282609963 3.26106849800625 0 62
25.0917945258532 3.07852273045215 0 62
0.185930713537632 3.0350644205387 0 66
8.20901810866627 3.4550989348345 0 66
26.921100810645 3.04487413135267 0 67
31.5210525369748 3.33786903845846 0 69
31.0339011153296 3.4846948884683 1 69
1.06094279099466 3.37157409846733 0 73
31.1118821398445 3.02114609484839 1 73
1.41830612227906 3.10587882226302 0 74
0.016096684952016 3.08769384865494 0 76
31.2485043121591 4.4238133620102 1 78
31.3389318575264 2.99586609531732 2 78
31.4008244363681 3.03762148962859 1 79
26.7653515855734 4.53349906222043 0 81
1.46214545389246 3.1084044657808 0 84
6.69642214232358 4.00122269599569 0 84
25.0845778796668 3.8770997913365 0 89
0.970190073051859 3.01211776357557 0 91
11.9111388648999 3.24461637549615 0 91
0.00880064849671657 3.04637394589717 0 95
1.84904616204975 3.0742431562077 0 96
27.1654640235638 3.54188754606741 0 96
28.3010839680564 3.0153433007734 0 96
31.2333579775036 2.99825345167346 1 98
0.0556736159419857 3.35094885333962 0 99
0.0461176202601574 3.07540794297886 0 107
13.7394273412259 3.1902434733725 0 107
0.167133651870389 3.56023878924302 0 108
12.1199964545187 3.76733012690712 0 108
0.0147075626076293 3.09240945975616 0 109
0.190987627411247 3.42829964435342 0 111
31.7688398399946 3.52446213304671 1 111
31.8082796445793 3.20511630856982 2 111
0.0131201312610506 3.67628911784426 0 112
7.71631141861927 3.04636742531566 0 112
0.0332855456379501 3.13799111274864 0 113
27.2222076330163 3.54466758569023 0 114
0.0266470623594729 3.34348108478502 0 115
31.1389038422235 3.0114047390775 1 115
8.4282211557958 3.9842158176468 0 118
0.0219073489145661 3.0001985996749 0 119
1.51254650454947 3.50271806696095 0 119
2.64672556644445 3.04970519944661 0 120
31.1919849067085 3.35510946114424 1 120
29.5370006332911 2.99973468671992 0 121
0.180156816701385 3.04591973043034 0 122
22.5473453929247 3.47728469408556 0 122
0.175433247779471 3.2338084522532 0 124
0.0939307367424611 3.4722091148429 0 126
0.133385997310259 3.49547878762014 0 140
0.124693712695244 4.82689204505099 0 149
0.114008506988538 3.39125925309956 0 149
10.0319091634834 3.33441158910562 0 154
0.326796897018977 3.45290681140728 0 156
30.3209398704481 3.29189065207648 0 157
0.0635833892742106 3.17166917123111 0 159
0.443619732172421 3.10319608132837 0 160
1.9727076797825 3.02302779734508 0 166
29.8183941201491 3.80670918330279 0 167
18.3763532685437 3.00092445766143 0 168
29.9147109409643 3.60392019568959 0 168
31.4789382004269 3.55041015244007 1 168
31.4942546872443 3.48949451741302 2 168
31.7582765453585 3.18602335550456 2 168
4.635031276581 3.40221656703631 0 169
22.5679766278257 2.99384116356974 0 179
10.3630231185049 3.43460061300209 0 180
31.5258126476869 3.00157446839817 1 183
31.0834884002429 3.12502525683126 1 185
28.2371213386689 3.06520896884239 0 187
2.88194599135004 3.70655288455981 0 188
22.6957550135507 3.1866348750163 0 189
31.5601975821514 3.17945348194921 1 193
28.1625653270781 3.11077361958341 0 199
2.11313899043396 3.6573701577027 0 201
0.0433651055397119 2.99983009490809 0 201
8.49013518930943 3.82235575424506 0 202
26.9514670388614 3.17083649672096 0 202
31.4060046869885 3.54361517477107 1 202
31.4184397994167 3.02064518053715 2 202
0.0884242800789479 3.00815036043589 0 205
27.0296640822828 3.07141661212649 0 208
1.72187734097425 3.19731872400738 0 211
8.10144528448148 3.14273641113817 0 211
18.7122527283458 3.58313252079071 0 213
31.8504300801173 3.05747924774222 1 221
7.36407488582717 3.12542946127424 0 223
22.589257323813 3.01533060106639 0 223
31.0301832001746 3.14950096259349 1 223
0.424006336028424 3.03676920481492 0 224
29.7743104099183 3.48209666632553 0 225
31.8274215549786 3.20758181908137 1 225
31.8705182896551 3.26593534552784 1 226
0.336468392743218 3.33774521377561 0 228
0.44373931423499 3.55274236255631 0 229
30.1896478789065 3.46243060680921 0 232
28.2348670593707 3.94576776044408 0 233
0.975227659214089 3.03943284522986 0 234
31.745540547799 3.10291817510498 1 239
7.5522771797981 4.30467195782332 0 240
0.422335437119698 3.83319980840475 0 241
0.152279778479781 3.85648140823443 0 243
0.0911288311390088 3.44428163889422 0 248
0.180419527525174 3.52711957220743 0 253
0.0115303176856933 3.19155090621587 0 255
0.0448470597361331 3.02334919685683 0 255
26.9162264053775 3.29157674429386 0 255
31.6712576143068 3.38461009730641 1 256
0.108569244008779 3.22591530061653 0 260
0.117667728228665 2.99385516372233 0 261
0.201043156028648 3.203226398799 0 261
28.2907835038854 3.27154400291668 0 263
31.073896354213 3.62586572391297 1 263
31.1242777087147 3.80993281381538 2 263
31.5117905306531 3.13416942758645 2 263
31.1353625187113 3.20148780164359 3 263
31.1487388337731 3.06553463103331 3 263
31.3306705634199 3.39464795632661 1 266
31.3595291252983 3.01590062486 2 266
0.00395806713261476 3.09301536426926 0 270
0.304733114434097 3.38442921752727 0 274
0.0496647652144208 3.63259007013336 0 275
0.211988396716087 3.24034654922431 0 279
23.5805564572355 3.41302708931446 0 279
12.8371990958083 3.53803106410853 0 280
0.176088055331311 3.18805422690469 0 282
0.140986221708523 3.19724371081316 0 283
0.969915802783587 3.13224557860111 0 284
1.69953181352787 3.15451353670926 0 285
8.72859328115825 3.5048221695021 0 286
29.4629526515591 3.37182479048469 0 288
0.381434193515841 3.02909469707257 0 290
3.64030680083764 3.14267163671069 0 291
0.37791283164489 3.29338672758633 0 291
0.0559893883328835 3.43630480937972 0 294
0.122176286497669 3.02276021290234 0 295
26.7191433215295 3.014250438439 0 298
0.0230767151736532 3.76563965958819 0 300
31.6868502105676 3.61658905556951 1 303
31.8686310694113 3.10700889893176 2 303
0.147542332912633 3.08968251710089 0 304
0.165442725103765 3.32969671482139 0 304
2.12945126593794 3.04725854844313 0 308
23.4756010945042 3.01538401802364 0 309
31.4394585857258 3.49859114132176 1 310
4.49877532276718 3.08346452961932 0 312
18.7559336576929 3.05593692864304 0 312
0.0274264149832503 2.99767614086132 0 314
3.06273370932686 3.1396604677834 0 314
13.3407352782244 3.05187177071111 0 315
0.0601589928653721 3.16732518899224 0 316
5.78915299733845 3.20806404922547 0 316
8.01669563605157 3.04868542967707 0 317
15.2506437949187 3.82508932485257 0 318
22.673836344634 3.07450728597208 0 318
31.753065019529 3.52664341163086 1 319
8.18614890755004 3.61340283061606 0 320
0.0141136242639418 3.19549568804218 0 321
2.08739768043869 3.02468704722912 0 324
15.2538435361382 3.45820514522499 0 330
0.243620199059614 3.03997917397075 0 331
31.1187074698132 3.02499913173226 1 331
6.29400047300348 3.32395014590569 0 334
0.0510745148675032 3.066268071412 0 338
19.2502779174617 3.45546068469799 0 339
8.58021003273151 3.26116574535408 0 340
4.97041596898177 3.08831065061958 0 340
10.1630591387053 3.09857394928432 0 341
24.6205432400233 3.18560307269405 0 341
0.0124231192763371 3.03762916548643 0 344
31.4211727247197 3.20746280998632 1 344
31.2978517850019 3.22770301309998 1 344
31.5783355004709 3.88828047068553 1 345
0.196434187711046 3.14461269820342 0 346
0.448570686052402 3.06244872436236 0 347
0.0518001853724558 3.01418967722208 0 348
2.8200374779316 3.2285319359068 0 348
4.26544732000028 3.01379359280532 0 348
31.6412305395674 3.07277509859277 1 348
1.94961273470294 3.46051596916344 0 351
0.295984173647148 3.25545559857693 0 360
8.07626384932612 3.51596896270788 0 361
26.6428283542832 3.19718746977691 0 362
1.63548890510593 3.15479148216628 0 362
2.2245471264891 3.3228034128171 0 366
2.11937936814826 3.76474974743357 0 366
5.04826638400293 3.50248520397952 0 369
0.0515605166712865 3.48109340414057 0 371
31.7972600522075 3.00267841897532 1 374
3.59314532378489 4.83395646598616 0 375
31.6604035439991 3.27879024312224 1 384
31.6759310701486 3.03095705347094 1 385
9.25056966618709 3.39164678069382 0 386
31.1542381750509 3.26766391583873 1 393
0.266570222916763 3.04750598603809 0 398
23.8444399061249 3.40141199850209 0 401
0.00688606132465508 3.16299679296496 0 406
28.2893450341443 3.05176772773856 0 406
31.9232519738466 4.66865559356698 1 407
31.989595428227 3.3732019837597 2 407
31.9758467726208 3.51358868848376 2 407
31.6138108166956 3.22364989259527 1 410
21.0668364267446 2.99691170757772 0 411
31.4843193037991 3.02044678104672 1 414
0.0354465400837423 3.43265830845451 0 415
0.178347229832572 3.15947530902472 0 415
0.103108078749608 2.99391094546754 0 416
0.00764188118324031 3.36505572622604 0 416
26.1971166885124 3.27752818988033 0 416
3.30825716279757 3.35557551093549 0 417
19.0976739830942 3.20036299879332 0 418
31.2073974801783 3.08677316068131 1 419
25.8119130956458 3.06480081634454 0 424
24.1869965318737 4.84216367817528 0 425
22.540087032525 3.08699014031383 0 426
0.0343307335899001 3.28755598346705 0 429
4.20314722725217 3.43309485974149 0 429
0.0380532924693837 2.9983501644001 0 431
28.8654243811936 3.0849583568112 0 435
30.1706546858542 3.55275223923955 0 436
0.345974196271157 3.00519350464592 0 440
4.51494063929353 3.40441621785846 0 441
24.74478932144 3.62601355521745 0 442
0.0397876747898926 3.02666772338187 0 444
2.99820002999507 3.09018246536227 0 444
31.7571885414977 3.52735696934281 1 447
31.8791084584404 3.37201575133863 1 453
0.0395678257407582 4.45475958283025 0 459
22.5794862151886 3.30375152964154 0 459
0.273577912836393 3.01589444200277 0 460
27.0632902616887 3.22375358583118 0 460
0.116734153757211 3.31610596541885 0 463
29.8089997964958 3.52321850557577 0 464
17.7660408439983 3.19657480022571 0 465
27.8567209434233 5.58542468754522 0 466
31.2251400078271 3.0357930751714 1 466
27.8622837933317 3.37303347636019 2 466
1.25603446745417 3.57112776909524 0 468
0.305469598959488 3.08864412314425 0 469
31.9953125767965 3.06470947711099 1 470
1.51698788837924 3.17296523646972 0 472
0.635734648547791 3.29446168425023 0 473
0.0523976071562396 3.02111174213622 0 477
31.2217798367232 3.05665046823866 1 480
31.0394688569099 3.09471424476112 1 482
31.0442927005345 4.33163060655521 2 482
31.1459333862443 3.40412716293024 3 482
31.157598381139 3.08831580794899 3 482
31.1329666188879 3.14749475857393 3 482
31.8651124053245 3.44235334184266 3 482
31.8653599445301 3.32104466563061 4 482
0.676140497820035 3.28642209784471 0 484
0.0898872634351167 3.01059963823829 0 488
0.163474231246728 3.85123965528427 0 489
22.4743812583138 3.79888247617399 0 493
8.19741752404005 3.03141400073948 0 496
0.0184596112775627 3.00658937017427 0 499
4.63324539075374 3.17946707693372 0 500
0.232396471401464 3.31013999747498 0 501
1.96717850128728 3.9485128084802 0 503
29.7858399771226 3.29128560079919 0 504
0.402382158120051 3.13865561175461 0 506
0.0194462035125139 3.61044663412756 0 506
0.769549283677511 3.25600518995377 0 506
10.41044112749 3.01417091647076 0 506
31.2183959154967 3.24545801886061 1 511
5.91834400483288 3.21087449215613 0 514
29.7728411875683 3.4581561286462 0 514
0.85233316686557 3.18722106853536 0 517
31.2622429222424 3.11193995994589 1 517
2.77845531092824 3.49593151346522 0 520
0.308999344828228 4.76434367340788 0 521
31.0213170842057 3.23804776582058 0 521
0.0651187072264457 3.55348399563624 0 522
0.630987869076991 3.71339711054072 0 524
13.0284529164248 3.07061572729206 0 526
3.07818207357366 3.14346933042149 0 528
20.9019356457638 3.28870029865403 0 530
31.2611197199762 3.11364759422283 1 530
12.9152031926771 3.59756114641681 0 531
23.3471144083924 3.2829226003494 0 531
14.1048302214373 3.85585237943603 0 532
31.6041517459411 3.16788698055401 1 533
31.1309952420738 3.34608289945627 1 535
31.8466799720923 3.25139811150685 2 535
31.8817281699907 3.08477171750359 3 535
0.0771994310532058 3.61202655228759 0 537
31.0349968095865 2.99148594562362 1 537
31.8541696059142 3.16954341291432 1 540
0.950823561358282 3.50998624860957 0 541
2.54045313271415 3.00703039106595 0 541
17.618953612162 3.80823982825944 0 541
0.0392596622254707 3.00704819662229 0 543
32.0027664158583 3.803914735425 1 544
1.74681572770077 3.44374360431088 0 550
0.382085174657448 3.26390049087989 0 552
1.10414505109461 3.03680855069693 0 553
2.54969003593958 3.00232364412217 0 554
0.174697423888708 3.34690927652209 0 554
5.89608868536273 3.28733455554103 0 557
0.0433176488725436 3.00727161611336 0 558
3.39911051043904 3.21954470150711 0 560
22.6658136579046 3.12169445714679 0 560
1.10879022585236 3.03312205200731 0 563
30.0955040456376 3.47937402833471 0 563
27.7735891592711 3.11135937153472 0 564
0.065522192526909 3.37827311945243 0 568
31.1385844614446 3.00511240637284 1 569
0.250642610485374 3.53884727041692 0 570
0.270684115270861 3.08681148361068 0 571
27.359476172769 3.12620450051504 0 571
0.0381289773214401 3.67204805598721 0 572
4.67565791629573 3.041754791795 0 572
4.66188936994132 3.65147590929691 0 576
0.00725661811887637 3.06890646108338 0 577
0.00777438537017627 3.14615133606633 0 577
20.3998292664551 3.1054007716371 0 579
7.46041268548912 3.2774598354669 0 581
4.90075248825928 3.0055604555384 0 584
8.52873136829558 3.44000919824493 0 588
1.31819649022468 4.39640492567376 0 589
4.63426262399172 3.32777133254319 0 590
0.0694640274620605 3.36498419545994 0 591
21.0742700323372 3.20240643219938 0 591
6.44776503193935 3.15709724498248 0 592
31.9946396089249 3.10235920490888 1 594
5.19751295830445 3.09291749553976 0 596
26.6681493871853 3.26665723258582 0 603
31.1886239199989 3.00013977719673 1 606
0.260903237252612 3.23272290060918 0 607
30.0249662010952 3.49355707069349 0 607
0.00330850320651883 3.11167935060493 0 611
0.0821648455778216 3.29586369045105 0 611
27.7062002432483 3.61307087710736 0 613
5.34189944154666 3.50286817211962 0 616
23.3967648063941 3.53063735623074 0 618
31.8701488607653 3.04000472206303 1 618
4.84424079136148 2.99893441592999 0 623
12.7662661459953 3.1987472398751 0 624
4.61197223049383 3.57053310050523 0 628
31.7623755237177 3.38723111768398 1 628
0.0599982779324148 3.13389523462207 0 629
3.06909082078656 3.11311067099585 0 631
1.5731949545006 3.57599327223076 0 632
29.5800375490844 3.88148059290221 0 632
2.85057575726859 3.2793417198737 0 633
8.82824946814332 3.29091897037585 0 636
24.5184285146956 3.19497785678316 0 636
31.9318000382368 3.15355757891012 1 636
31.6673513210003 3.0024917121986 1 641
31.699494200044 3.06853318313586 2 641
10.3655996503517 3.04850288648271 0 643
25.666149265422 3.16353489725129 0 647
2.4887062613213 3.42541208067041 0 648
0.534281434426417 3.20622205705263 0 649
4.2835543326313 3.14311715326183 0 650
0.0300360727397907 4.29978308463025 0 651
1.24491243871957 4.14504105700722 0 653
2.99820935039202 3.05428518103089 0 655
0.248268040821715 3.33569274451515 0 656
4.74279546299913e-05 3.07116726559974 0 657
6.79145101834026 3.47661432969218 0 658
3.11801306347741 3.24754788552648 0 659
27.0545591417813 3.14070733769676 0 662
31.2632617467638 3.48770192758854 1 662
4.62826554774805 3.40977768699997 0 663
0.119000429379669 3.26425818612322 0 664
0.0720299497743816 3.11850094700731 0 664
2.36137130064479 3.3982602067434 0 664
25.7627549333431 3.02410118898833 0 664
0.00516210951503971 3.25598104384868 0 668
10.9943989579031 3.4123363434615 0 668
2.0003799023242 3.20752059885761 0 674
0.0134687864125968 3.63135504682511 0 676
31.7181014231496 3.01224383811279 1 676
31.8708883694928 3.22131085837307 2 676
31.7228183651063 3.75442282468969 2 676
31.7510917077368 3.0355962800185 3 676
0.127982805836308 3.46622638048502 0 677
30.1458883501894 3.08380313804797 0 677
0.861350703007896 3.0556060681537 0 683
31.4842860425446 3.2974171109112 1 684
1.62484109368712 3.02767616548315 0 685
31.587486948501 2.99862323625202 1 685
31.8263110717848 3.25208840231025 1 689
0.143203196360592 3.55376818920424 0 691
31.4729937735569 3.42826648632752 1 695
31.897503069285 3.05448073773017 1 695
31.477058268892 4.22443794117799 2 695
31.5274734874597 3.21067747447733 3 695
31.4822027970436 3.26484947486439 3 695
31.4928005713642 4.35289604063939 3 695
31.7020045221216 3.3005627549563 3 695
31.482487622831 3.08174921427365 4 695
31.5449437148815 3.07457324119562 4 695
31.5359659958145 3.35771909432842 4 695
2.10484928934493 2.99913430584409 0 697
0.810830723149511 3.0166835945968 0 699
0.438135188334596 3.54055902673609 0 700
31.5280223471668 3.23859080394228 1 700
31.6213699412549 3.04841387215252 2 700
31.7524976784651 3.39811115528805 3 700
7.44011373140557 3.41161533014716 0 702
19.0306740823833 4.26515984032926 0 703
26.9283063289777 3.24297629959617 0 703
0.0862607030904343 3.57785176448514 0 704
5.61128573116966 3.13231318451544 0 704
6.30762264508461 3.50438048481975 0 705
31.6765027669348 3.08118153053833 1 705
0.126144536049606 3.28643024359552 0 706
31.657603678675 3.86722943539536 1 706
31.7276883546627 3.8162243920046 2 706
31.7692236852297 3.57263720244046 3 706
3.87033024633738 3.22734900967284 0 708
31.490799197843 3.07581325308321 1 710
27.0067314183153 3.49909758942739 0 711
0.0500078851903995 3.04106446431839 0 715
31.5044647154022 3.0411884436186 1 715
0.276421694042595 3.15444488307412 0 719
0.14923305965401 3.2829540586128 0 720
2.23172370527776 3.49203403028465 0 722
0.277241929144706 3.80270264091923 0 723
31.9989535227973 3.07820643858617 1 725
10.1429480947689 3.73782132586906 0 726
9.3272283775448 3.13415785849022 0 727
2.20872759342136 3.69902095800717 0 732
6.13067916527964 3.36403832540976 0 734
0.0400877509502423 3.02524315511459 0 735
31.3533908172135 3.31363601393255 1 741
0.0130428065498214 3.29084904846524 0 742
2.5395624341107 3.08271978348748 0 752
0.573684065041186 4.12280828516786 0 755
27.1054039248593 3.25510501863489 0 755
6.87357225559143 3.21708115470616 0 757
31.6803974652753 3.13259604815318 1 757
3.21250802695439 3.36560522603498 0 759
29.7850232755255 3.03575956177057 0 760
31.601085700709 3.09730258915334 1 762
0.455968866059406 3.09061622013754 0 764
0.763045557878559 2.99325769334917 0 764
10.5523972127248 3.22316745035988 0 765
14.1852709535329 3.08245342634333 0 767
8.43628743608333 3.14644530490321 0 768
0.0714682236967855 3.07366534078607 0 769
31.2725420721431 3.38127953317522 1 769
31.1678777636584 3.26821537925984 1 773
20.5861136581173 3.76168692574223 0 774
6.84058687915123 3.04641247882063 0 776
6.8930522807196 3.12578261744058 0 782
1.39844237450521 3.11337800579975 0 783
23.3584053175195 3.08596417344008 0 783
4.74164865556469 4.19717675837355 0 786
23.8250329494613 3.31289729829359 0 787
25.822580774817 3.01890660266867 0 796
10.8879123964649 3.07275179684354 0 797
0.699840594424613 3.33757037446136 0 798
15.2710784973587 3.06425182782349 0 798
13.7673396204945 3.82343011667813 0 800
0.177349570346268 3.5436496569926 0 801
0.0402118307458718 3.01004794259648 0 802
2.86485475801611 3.12036155213136 0 805
31.5035465770956 3.02715727582489 1 807
0.0608014730797024 3.01288961654975 0 808
1.62676280788571 3.20567178624311 0 808
7.63654898949956 3.27084955243914 0 809
27.0203944785761 4.31011725834931 0 811
0.0874940391775575 3.13741447239234 0 813
0.248056396717799 3.13928980997335 0 814
0.0378321815243148 3.24117333709002 0 816
9.56729048975329 3.20470785735101 0 817
6.07302947802035 3.00395896130314 0 819
0.075761868409665 3.2143866695385 0 823
1.48821069668509 3.28773527869515 0 824
31.0588391918313 3.07273447728383 1 824
0.475517677749626 3.06075865247587 0 826
31.9321971285712 3.21405238367355 1 828
0.0582815462615974 3.21081870950203 0 829
26.9969990435002 3.15684464417865 0 829
31.8771740297411 3.64886450950036 1 829
31.8810599454974 3.44049761518477 2 829
31.9404838914506 3.41184382441038 3 829
31.9318687406882 3.37994616553617 3 829
32.0075469799081 3.05673737134485 4 829
13.0729167132648 3.29428738693576 0 830
0.46356109983084 3.39302431584082 0 831
3.15511406067884 3.09884448397739 0 836
31.5449656992309 3.1367828190804 1 837
31.5451643663458 3.03036252456529 2 837
29.3004916698236 3.23479428351107 0 838
0.712973392451476 3.25524475183571 0 839
5.7179937912281 3.25633295046246 0 839
0.585118565173039 3.48932310793642 0 839
31.8373168149587 3.33624677796654 1 839
31.8012709998615 3.00064253248996 1 839
31.2733161031824 3.02842317085308 1 839
0.0271589730167779 3.30342828175822 0 841
0.0892977917171838 3.09601639197048 0 843
5.11223306835399 3.16557362689348 0 845
25.01334568691 3.13945483057827 0 848
31.5463804394562 4.77451609500827 1 849
31.9727877864163 3.26339372434068 2 849
31.6498281962482 3.51477714951457 2 849
31.5823197464332 3.08523546291082 2 849
31.9603387434888 3.00336895035826 2 849
31.5481216293086 3.21095872707221 2 849
3.60359978771186 3.09631137167194 0 850
0.429071764702822 3.20677674505434 0 851
3.49743968017915 3.303048169039 0 851
0.000271935380189954 3.00624750945314 0 852
29.3921605005629 3.03280550980163 0 853
16.0528997708169 3.12902562130343 0 862
0.208335791033264 3.01260062589749 0 862
31.1783591510352 3.02696594019968 1 866
7.36080536581833 3.16477775956089 0 867
27.2672455189887 3.08305693840662 0 867
0.423089796041807 3.16828158457208 0 871
0.348805447362335 3.44979874288324 0 873
31.1081380948048 3.0444242888786 1 873
29.7856880765497 3.08727810619086 0 875
31.286863919729 3.36821986691127 1 875
9.27035470740089 3.05046692025303 0 876
0.00665823063746285 3.294004597261 0 878
4.58388765388558 3.10173043908139 0 879
31.798805289352 3.30752218063124 1 880
31.8659739886978 3.01047800048973 2 880
23.906728268988 3.53955779408023 0 887
0.0150750912320266 3.32295517820987 0 888
0.741288926428404 3.22302011621661 0 889
28.2315904992704 3.06537004580478 0 890
12.6118049749182 3.30287496814556 0 893
0.0772081332723293 3.0607291824693 0 894
0.423663105758881 3.52711731939706 0 895
0.668130253786049 3.08356333813582 0 899
22.6573047752084 2.99417994747368 0 899
27.4786788566044 3.46674323076693 0 902
2.2574852383321 3.34660198134419 0 910
3.13195362066853 3.67184072740282 0 910
31.0619370615199 3.04103938889039 1 911
31.2140219935847 2.99151378449161 2 911
31.4097306535987 3.2742448266183 3 911
31.4124958111606 3.38787775916644 4 911
0.5532368605925 3.18073270863555 0 913
1.1066656037604 3.01341071254265 0 915
31.0398345458411 3.08605054742239 1 915
31.2165291790474 3.00859683057903 1 915
31.2529698467068 3.16363853706237 2 915
0.199884375053126 3.31831115773633 0 916
0.0600472698788658 3.3765601823058 0 917
2.16633236831391 3.52442086350477 0 918
3.30787583160802 3.1584819299124 0 920
0.807578796404169 3.12305524561224 0 920
7.80104049159596 3.17339722423365 0 921
31.2289883722225 3.35912049157476 0 923
1.33976496040788 3.08295548780205 0 924
31.3743184035734 3.22855474128192 1 924
31.6736842649147 3.04631937612584 1 927
0.859575042798269 3.13457153719572 0 929
0.0075452952431046 5.05322520151972 0 929
31.8186396059204 3.09054581288933 1 930
10.9628202824475 3.54587873885863 0 931
29.8000955944566 3.39074431028433 0 931
29.8117044273493 3.29385885809388 2 931
17.7062718037013 3.47058133770812 0 935
11.5052624634067 4.15217936312169 0 936
31.3922127919827 3.24168518975454 1 936
14.4188987303744 3.59189897859208 0 938
0.313877844412378 3.29541264847115 0 940
22.5708819135869 3.36342292164883 0 941
29.2654498773094 3.0964692667216 0 941
1.42995641710264 3.28738730614715 0 943
0.0647447087465204 3.13927046506491 0 944
0.046742607697935 3.18455684087727 0 946
0.121100023846771 3.31122647539192 0 946
0.116104885425141 3.01202995915616 0 946
0.184293260463684 3.01350165110838 0 947
0.379172991005116 3.30882623392872 0 949
23.0477174886455 3.12696216652688 0 949
24.0005656954657 3.04186350122787 0 957
0.0615967344195598 3.28279094164868 0 960
12.9187388086239 3.41471205037911 0 962
10.0626441535218 3.39117990421003 0 964
10.353631671934 3.3109074382666 0 967
30.253043817214 3.38959016643179 0 967
31.8907578355163 3.01365332939946 0 967
0.0135354520070491 3.52128256438615 0 968
0.0327505840255351 3.80174255056109 0 968
22.8697683197228 3.28699249762943 0 968
18.7648395732601 3.14670275828456 0 968
0.00802903118975476 3.11276462670462 0 971
8.26949160811145 3.03533579686139 0 974
6.13697849209772 3.26783573477077 0 974
31.1377897496891 3.38669945466619 1 974
0.0503066554007932 3.24031458463443 0 976
0.331746130076933 3.27203135979099 0 981
31.0991424763665 3.36592854752586 1 982
21.2364409652194 3.00001302587632 0 983
7.70119199038541 3.71962020729556 0 984
0.18090995237743 3.65080471845682 0 987
0.271314498926774 3.17402007878167 0 990
8.65912612631429 3.11326862612911 0 990
29.8002546013856 3.03782732573969 0 994
2.18185192656745 3.02500608216725 0 995
22.9177039562957 3.5133589545164 0 998
27.1856747225294 3.15584470438664 0 1000
