"ts" "magnitudes" "gen" "cat.idx"
71.0096180279948 3.8660642528038 0 1
97.228436338401 3.65634274985036 0 1
63.8574663994277 3.00389680219882 0 3
97.4724865820957 3.40957784177283 0 3
97.1778072684317 3.00959388734133 0 3
98.1401261475209 3.56261475269527 1 3
67.282026362101 3.12412175394692 0 4
70.3471799337956 3.33562052827006 0 5
98.0986574639276 4.1030047540398 0 6
98.2011956526178 3.9084173598561 2 6
97.5246257272907 3.15773376328749 0 7
97.135078143938 3.08798155238029 0 7
67.6733719688187 3.18664852074703 0 9
96.7433161420908 3.06346143458917 0 9
95.8179970385392 3.39132075265467 0 10
67.5047518743369 3.09598973476088 0 11
67.3177664323457 3.2260149605816 0 11
86.9116273028006 3.39145379284866 0 11
64.2346866540074 3.54382150490898 0 12
67.758250628244 3.27642728645295 0 12
96.709774705512 3.05152336099475 0 12
68.0843520587066 3.04652781200411 0 13
87.9265817937073 4.38172251055188 0 13
96.08498403331 3.72194238412171 0 13
95.892232968313 3.0735785745747 0 13
98.2349617953603 3.17449473834914 0 13
96.6934329924027 3.03807848921316 0 14
97.1566274029203 3.21061047388193 0 15
0.332540772311145 3.07220250278489 0 16
63.7977786038233 3.57663721174222 0 16
67.4856974543425 3.00032302053631 0 16
96.3254724893916 2.99946338888648 0 16
68.7817951816676 3.74509755268982 0 17
74.6662380753529 3.32642692646808 0 17
97.1326873417381 3.6691168537083 0 17
64.1306356764853 3.17257647871762 0 18
66.9908700354736 3.26375717776191 0 18
97.3024735976067 3.80635863153656 0 18
97.3092035145367 3.45408272795767 0 18
70.339812490577 3.09643172467788 0 20
98.0287313340396 3.16143066019482 0 20
97.2493068473367 3.03782082966588 0 20
69.452309519265 3.06396731868547 0 21
80.8845786033413 3.32950321059787 0 21
97.158499274953 3.03461111891353 0 21
97.1665595316387 3.14591358266539 0 21
97.1823714103943 4.10926077306191 0 23
78.7042743499122 3.14643321821714 0 24
96.911218404606 3.06150964399416 0 24
67.8147034328345 3.32415483597457 0 25
67.2865674250924 3.38481182211246 0 25
95.8787049910764 3.57421947280077 0 26
71.0666665763774 2.9912509362583 0 27
67.3024643518307 3.07659589486318 0 28
67.5524711010652 3.43522321033856 0 28
69.7924136548622 3.4616561772803 0 29
67.7791255741692 3.27067941025437 0 29
96.9188807805484 3.12747451810446 0 29
97.5688114741017 3.00105945822428 0 29
96.9811762016428 3.24733830681363 2 29
68.3347689043005 3.33767497829889 0 30
73.5160869586507 3.13034943386351 0 30
77.915774905226 3.6487802475997 0 32
63.9365477573654 3.40331979987059 0 33
67.2979962546619 3.17541573110297 0 33
69.5107260696971 3.16005028732913 0 34
71.8238701273564 4.64445260867469 0 34
96.6813778759872 3.01904995513563 0 34
97.8156540126331 3.32166295983669 0 34
97.9505896718683 3.02516580447995 0 35
97.1595756608162 3.99039718722565 0 35
97.3296363582466 3.0790203751731 2 35
67.9453329988945 3.22830188896114 0 36
67.255893926688 3.39539009611994 0 36
95.8861072054074 3.07432783513323 0 36
97.6206382084731 3.47588258497703 0 36
97.7071480897511 3.02852875506001 0 37
67.2683065139706 3.30932579200889 0 38
67.2877309279916 3.12468566167638 0 38
97.1422277045212 3.02019666632426 0 38
97.5908996190545 2.99276519118101 0 38
97.5910325147277 3.30455359079148 2 38
78.6730217068623 3.3366554327761 0 39
67.4918704602819 3.29685582241854 0 39
71.0059644991038 3.18288370481369 0 39
96.9563082911309 3.48504395795553 0 39
67.5478979344141 4.18317219934078 0 40
74.9754723107413 3.18731401028866 0 40
67.2849840586903 3.74858620746335 0 42
67.3149384226602 3.17067251315643 0 43
70.8069636121868 4.03020251488864 0 43
78.6932539901302 4.00974667524166 0 43
68.4214052840943 3.39543249268212 0 44
97.3915721464814 3.7363574453486 0 44
91.9097927218018 3.19677042093884 0 45
96.7067719849976 3.22617636816565 0 45
97.1778294172754 3.07906773880429 0 45
96.7077571407299 3.10721155458986 0 46
67.2631735890398 3.13313525155357 0 47
97.1854030879139 3.31338744827916 0 47
80.918786539605 3.41532354421599 0 48
74.3316592727153 3.26792028603295 0 48
64.3984531701002 3.19299115703027 0 49
67.3489139056508 3.12714791188262 0 49
71.412005215982 3.16271117134238 0 49
68.1443538827251 3.04721368201136 0 50
97.0184450695419 3.22191718677476 0 51
97.3228140034252 3.85409274941702 0 53
67.8650310832959 3.32167484063254 0 54
67.581349134374 3.60006363341078 0 54
69.8305469567124 3.81043781098002 0 55
67.3571589278248 3.74263994207506 0 56
67.3332044143115 3.02121003616325 0 56
97.7693507816363 3.26898497108471 0 56
97.2393343162377 3.96335898783125 0 56
97.2888487934544 3.14124311917668 2 56
67.3024678545882 3.77606429618475 0 57
98.0186118788358 3.11769047782536 1 58
63.9783003354547 3.30144016838264 0 59
95.8128430628703 3.65092826774682 0 59
95.7948517838805 3.37126981482015 0 59
70.163684706025 3.21893894472902 0 60
69.5186937551204 3.07019277167674 0 63
63.9138520471743 2.99634686609319 0 64
96.5573806604421 3.28472560277201 0 64
97.1347707564112 3.00181119801393 0 64
1.33994517929807 3.72110688023155 0 65
92.3141810467719 3.01717965164315 0 65
67.3702433517966 3.34082150729724 0 66
67.425356067927 3.0116962184721 0 66
0.260177409984707 3.20617305939359 0 67
68.014728467598 3.49045506827405 0 67
72.9487219686795 3.23198724724143 0 67
74.7851334546703 3.26309457172162 0 67
95.8900339420473 3.48264417343627 0 67
96.9407938718155 3.17265909172435 0 67
97.2025485827603 3.36828876995924 0 67
68.8970032192874 3.03231425698198 0 68
88.1240189894328 3.14849402770455 0 68
96.2007290287176 3.23305389375382 0 68
96.3170136047343 3.48788849608188 0 68
97.227922946285 3.64230822017435 0 68
97.1807878844358 3.02774918064016 0 68
67.3446845073538 3.80600054206512 0 69
67.4548124885661 3.10333663983796 0 69
93.866358816986 3.27530659359098 0 69
97.2922953319979 4.24086279166232 0 69
97.3426338122753 4.00534537845226 2 69
97.4280186326465 3.67910680255854 3 69
97.5043076162143 3.15247364287084 4 69
63.9067014801983 3.13155032724239 0 70
69.3326775881882 3.63556071429412 0 70
69.8408917662236 3.46355820019349 2 70
67.3530966216651 3.13134418009379 0 71
95.8966953823286 3.08264438853429 0 71
97.0551213376744 2.99873996464592 0 71
97.1781848472481 3.05282695864988 0 71
67.280505470298 3.08085368307943 0 72
75.0118591088791 3.05735948121122 0 72
75.7369380046084 3.39111600125397 0 72
97.2194079216577 3.15875837313022 0 72
56.3442248611392 3.48234346376088 0 73
63.8766653187998 3.21134430523363 0 73
96.4788280502541 3.14655745644371 0 73
73.7163618802327 3.0457931450605 0 74
70.402627831296 3.02880672946695 0 75
68.3935627206423 3.0001716243756 0 75
68.3413615186524 3.43823421136341 0 75
81.061328896941 3.90248440542505 0 75
96.22531229387 3.256655195055 0 76
65.3260708551632 3.01197455709584 0 77
97.9837310823884 4.21410464178646 1 78
98.0035563957767 3.06870731492956 2 78
67.2535134874688 4.19055792530668 0 79
63.8228579521765 3.06378077790188 0 80
68.9426256035232 3.0302856808534 0 80
75.7198780064875 3.90998233287955 0 80
63.9316357033044 3.46310740003052 0 81
72.306507098215 3.65082069548343 0 81
68.0911096909774 3.24705502179503 0 82
98.1875411187191 3.58482842569261 0 82
97.2162728639133 3.43848529086971 0 82
67.2810923410134 3.01822868163879 0 83
97.2143777656691 3.38812229892578 0 83
65.0426985868791 3.0700965289963 0 85
68.2020286923789 3.28606078545897 0 85
96.0505296297345 3.78037440570935 0 85
96.1306360691428 3.08264981628398 0 85
97.3130624254506 3.46039330439541 1 85
66.9711967428573 3.28175493104167 0 86
95.7824587020736 3.1802032751794 0 86
67.3025063003537 3.03859835548454 0 87
81.3657502901296 3.03402610709942 0 87
95.8896347761978 3.02063570735647 0 88
98.1602351669808 3.21064036733618 0 89
67.2833610375776 3.07556987999164 0 90
91.4732659728175 3.37576068566559 0 90
91.4794725331649 3.17371359486986 0 90
68.1915883875174 3.38742449223046 0 91
67.8858039821589 3.62905262750226 0 91
97.1333004220216 3.38221791627539 0 91
97.2127233591883 3.2001191499398 0 91
97.6564932106801 3.03997038861813 1 91
81.4143609297696 3.62714522452936 0 92
95.9744424399807 3.34544115353456 0 92
97.7641617490251 3.21660560755064 1 92
97.3040603794895 3.86501985497216 1 92
67.5248181418963 3.26518592554736 0 93
77.2528073161181 3.08087911253379 0 94
91.8986569709364 3.04458344443388 0 94
64.307356346811 3.64415786093665 0 95
67.309154205646 3.69463774364868 0 95
67.3154364351905 3.20762832563185 0 95
67.712124342585 3.64779294411683 0 96
97.1257844667147 3.31723016295019 0 96
10.5348833739288 3.02752535688055 0 97
96.3049107454468 3.17867390720938 0 97
96.4754814891121 3.28778194996877 0 97
96.6578968907887 3.26448468386404 0 97
96.6626361676008 3.12671892647636 0 97
97.1278334198937 3.13194858847142 0 97
97.1737605550094 3.6752864914058 0 97
95.8687075258073 3.0368112983599 0 98
72.4461824083032 3.04487232683455 0 99
94.3087381132935 2.99315893788496 0 99
96.9436297565754 3.72948805223024 0 99
97.3236081249114 3.54891593871539 2 99
97.7977423305667 3.96401401926135 2 99
97.8190826406078 3.31583060923022 3 99
78.8713200863742 3.21201507541039 0 100
95.8933983726438 3.28538298822018 0 100
97.5925772994581 3.45949176461452 0 100
0.0401089305958981 2.99658004347487 0 101
63.7573279771007 2.99821820335717 0 101
67.3526094842998 3.01777535333505 0 102
67.4077761731156 3.38994196004101 0 102
95.8114706247322 3.19758765557476 0 104
72.5313874201721 3.05595277136723 0 105
67.3275103352438 3.81629620999308 0 106
8.29572358167412 3.68511979723938 0 107
91.6847860396452 3.19527738694985 0 108
96.4205872768553 3.06944029359351 0 108
67.2988984541735 4.02644148770197 0 109
73.6752354531788 3.01489841938279 0 109
79.7511395143169 3.30988710848016 0 109
96.7994275296867 3.11887691747823 0 110
97.1845395152499 3.5763251188686 0 111
63.75382633907 3.13139970847465 0 112
97.2781460831375 2.99283523328578 0 112
97.986259270791 3.18554680333081 2 112
97.8108826707839 3.20234223355199 0 113
97.6569374468463 3.83297576526552 0 113
97.5125720649476 4.11282606399939 0 113
97.8103175367863 3.0431465389306 2 113
97.7407606254725 3.45673747077102 2 113
97.5202630119783 3.98389584619521 2 113
65.0775110792252 3.23220279650953 0 114
67.2938806533063 3.16069854376194 0 114
68.0702129483015 3.77482699520497 0 114
73.5736058192591 3.94771918506962 0 114
67.4592887783687 3.16863918581957 0 114
95.167423114164 3.03401892840311 0 114
0.00630085614082388 3.77382931932801 0 115
66.2309025482539 3.75828113725202 0 116
97.1501910494689 3.31285557114986 0 116
67.4745793903791 3.61686391459679 0 117
69.2755961549081 3.02158199532615 0 118
67.5690236915048 3.06554565719939 0 119
68.1371125818418 3.78106744195828 0 119
71.9344626151591 3.28588555278832 0 119
97.2442688830962 3.7871889105187 0 119
97.4364391255047 3.0095099900878 0 119
79.3143741206559 3.04722220688804 0 120
71.6449033757558 3.07332611150875 0 120
0.493855759290624 3.18870577014868 0 121
96.3469451261152 3.16506390692097 0 121
93.501770779562 3.01832434231053 0 122
97.4462422745275 3.20559380386562 0 124
72.9805054091248 3.065835794016 0 125
96.8001703945256 3.07013335423091 0 125
97.3011146167976 3.08208404500776 0 125
97.2564956746213 3.44226252037191 0 125
97.5007830839411 3.04530192210418 1 125
67.407461275724 3.81475860241859 0 127
95.8858684968972 3.52743020825245 0 127
96.7210589481278 4.43346618407765 0 127
63.7442162420782 3.03041444924269 0 129
67.3546876870297 3.82264118605516 0 129
97.1246238385277 3.38324273001184 0 129
91.0955154535386 3.18198314490637 0 130
96.4507341326792 3.46562757251569 0 131
97.4276407528413 3.23393382901257 0 133
97.550877504277 3.13957533948883 0 133
70.8219876895056 3.4321361930038 0 134
96.3788113019218 3.59289788934389 0 134
97.6966074988325 3.01816910470306 0 134
97.7271716962976 3.19448670091149 2 134
97.7819458821942 3.21118384284992 3 134
67.5047653051675 3.45281424850849 0 135
67.553413896577 3.15126500026139 0 135
84.4759298716889 3.25581320067963 0 135
95.809942823102 3.0172195449087 0 135
96.3165107945055 3.1207536229291 0 135
97.1560333321385 3.13295626104813 0 135
97.5592603612739 3.13990604539825 0 135
97.1839558881634 3.14754732214442 0 135
97.193083648404 3.56002816188603 0 135
97.19640330262 3.08223035010869 2 135
29.5781170534689 3.03084376309468 0 136
63.6996904449404 3.2877081232291 0 136
65.6010084564406 3.33957978185416 0 136
95.6603255588873 3.35576602505551 0 136
97.3372042225527 3.68555239817269 0 136
67.2703186658546 3.10480976601432 0 137
96.3306763870203 3.22196593350669 0 137
98.1412175591694 3.01969454934389 0 137
67.2584813669379 3.50350964416329 0 139
97.2198776771732 3.00807762221854 0 139
97.0762743074583 3.3422155102356 0 139
97.1708726254728 2.99907843386753 0 139
0.312417983029946 3.66149419876203 0 140
68.0632763468745 3.03883454256715 0 140
69.8839423563813 3.15995947070578 0 140
96.3061525241491 3.34186672979469 0 140
68.1102972338351 3.02890841320569 0 141
95.9770599462726 4.8935099988477 0 141
97.4424255288328 3.01350889085004 0 141
97.7023902286116 3.37304603172913 1 141
63.7997427163917 3.54595790111112 0 142
67.7639606316543 3.23377199786794 0 142
95.774519342006 3.07466662179 0 142
96.3144552880581 3.39589801353943 0 142
96.9145911562181 3.53619614607413 0 143
97.2192970479585 3.3181062064794 0 143
96.9207844390174 3.1681124245915 2 143
68.8659932345223 3.0021156168575 0 144
68.1986556875294 3.38620150107504 0 144
95.1419647307196 3.0070457903432 0 144
97.5049217057015 3.0568531034468 0 144
97.1591044768649 3.13886524863043 0 145
74.499849936903 3.40078730785027 0 146
76.1560560576948 3.01818610161499 0 146
67.3640955133216 3.19355571600234 0 147
70.8635647961541 3.02204635913471 0 148
67.4070007640046 3.14823263280776 0 148
80.3564117139042 3.15419355748757 0 149
96.2377897347124 3.76075501088991 0 149
68.0845921781099 3.3396243324792 0 151
67.2559263189181 3.18997223913919 0 151
67.4710405801071 3.02764867785354 0 151
97.1264536385201 3.31794991989568 0 151
97.2078186198702 3.34256989438054 0 152
67.7452054569836 3.63273976932237 0 153
67.255068464827 3.42175247601427 0 153
67.3006294874226 3.01102118531102 0 153
97.2014425386253 3.1873146695349 0 153
98.0627657752233 3.42716755889231 0 155
98.2486430936005 3.18244853215725 2 155
96.3078135819044 4.16854242202851 0 156
67.3872835073561 3.33976667210491 0 157
67.5343985226925 3.6527276917709 0 157
96.0722703117667 3.29825439457878 0 158
96.7096305706812 3.52330462924714 0 158
97.1347747044562 3.24137574129818 0 158
97.385015312076 3.03879963189246 0 159
73.6235386029574 3.03127097526184 0 160
25.000127526875 3.12797942301704 0 161
96.3152718805895 3.28466804451647 0 161
70.2264570474182 3.49857614096902 0 162
97.0213156112327 3.06959319297465 0 162
67.1452236049209 3.08365123041434 0 163
70.4583046351416 3.72155745080192 0 163
97.3407614261706 3.41580323553494 0 163
67.4346930848672 3.57985103233139 0 164
67.4184454427139 3.41287161202602 0 165
0.131647341712745 3.05722271866937 0 166
85.3128985261536 3.64122934067189 0 166
97.2777751422992 3.0797851974612 0 166
67.646815875368 3.27048220614527 0 167
97.4775894298602 3.16242870810964 0 167
68.7691367330502 3.66941807047059 0 168
67.5099588304382 2.99632552072384 0 168
72.4768657217025 3.68491192931385 0 168
97.1765388929017 3.63173409463139 0 168
97.9341056363831 3.20053031918604 0 168
69.5071164496649 3.18385024963487 0 169
98.1950981924117 3.07287070111359 1 170
96.3256787702434 2.99443664265786 0 172
97.4804450611041 3.21851426448503 0 173
67.3201707784187 3.11921976687367 0 174
97.1595488449016 3.01091799325845 0 174
67.3698873337461 3.02401503132119 0 175
63.8990030953585 4.40703231172816 0 177
97.7079979433969 3.30771236014508 0 177
97.942705655221 3.8451922464953 0 177
97.2641853487495 3.13744131319718 0 177
67.5269515169544 3.30151542573405 0 178
97.7489003723307 3.7284414879122 0 178
97.1955413603603 2.99699983374323 0 179
93.292028359922 3.45019998438514 0 180
96.3101001974165 3.10044753103646 0 180
96.9483538083168 3.34239461819447 0 180
96.1306854439677 3.55400382732151 0 181
96.916324929647 3.1859621723937 0 181
63.7688867724627 3.10991269534166 0 182
67.2779911011214 3.56052697982899 0 182
67.3878839522489 3.4832615941187 0 182
97.4916142644151 3.20411692792329 0 182
43.6862614189279 3.02949051187999 0 183
67.7574677970622 3.11462361431227 0 183
68.2217065923483 3.69947995335674 0 183
69.8690072357513 3.07362462250983 0 184
69.5048618943142 3.31691486122517 0 185
69.7767530396648 3.51123291136666 0 185
94.3976517539151 3.8547811624593 0 185
96.3402709222438 3.28064351004184 0 185
97.1246184325436 3.24379702110413 0 185
97.237567933351 3.40997651457631 0 185
67.3885921884203 3.47090030940517 0 186
97.2594860973324 3.54467751313089 0 186
95.9126319622685 4.44205597143709 0 187
67.2785219404373 3.00462334065779 0 188
75.762855444577 3.00188267818844 0 188
97.2693742513008 3.14508748001623 0 188
97.6626602443673 3.33300644786195 1 188
67.463670160865 3.1549467176907 0 189
95.894541818081 3.07493264766759 0 189
98.1157246333023 3.07097124159909 0 189
96.9468821316824 3.00200603117095 0 191
64.6513514783928 3.07367153684773 0 192
67.2826145149857 4.03641665410102 0 192
67.2562653218555 3.19151078762818 0 192
77.2546180465296 3.39839572941152 0 192
89.874749471317 3.04593145275624 0 193
97.7700924896051 3.0545643151812 0 193
97.4324369562715 2.99479892308604 0 193
97.3408856647827 3.18326811187385 1 193
97.4948937938656 3.06179424689906 2 193
70.5921228511681 3.04588389278143 0 194
67.8784777924314 3.89083938102957 0 194
80.5006454740358 3.33851371705647 0 194
97.2718383303507 3.10962268046744 0 194
0.00500986004408114 3.27232916519257 0 195
64.0244877562032 3.47654279869827 0 195
67.465068678748 3.2176868183081 0 195
96.6786554060931 3.02935580018209 0 196
97.2587774835378 3.11601188116698 0 196
97.9942655886796 3.03244615073388 1 196
97.1627635357033 3.20748648468229 0 197
67.2537597493155 3.14100708069456 0 198
73.8196610037031 3.06273476967137 0 198
88.4621128604992 3.03599268272452 0 198
97.1308349423478 3.17669059427347 0 200
97.1575086161238 3.75338121198957 0 201
97.9898281725509 3.21599835624198 0 201
67.4502911452784 3.14275967230451 0 202
95.7848878741593 3.11242968511816 0 202
63.6656236903875 3.11895661340572 0 203
67.9294857513441 3.4302333096244 0 203
68.4113895041086 3.6599676740944 0 203
95.7250253739434 3.54941205605127 0 204
97.1244890222653 3.01721677211465 0 204
2.05020484758892 3.03774038162866 0 205
67.2535500596684 3.12088403280328 0 205
67.9719200449098 3.00524579288159 0 205
71.0258355789691 3.32054332794914 0 205
95.9425793066164 3.04555739744383 0 205
97.1593153669719 3.02045516598636 0 205
97.224520723921 3.51340079120401 0 205
67.3028322808768 3.05963718334438 0 206
97.3028996681655 3.22877785990147 0 206
97.677703600919 3.61767014851547 0 206
67.3409731379142 3.12260442630971 0 207
85.6656342756555 3.21276859795659 0 207
97.1353644222539 3.74900325221144 0 207
96.3309562717747 3.95147344304306 0 208
67.3546864096278 3.06900004328677 0 209
77.3596063940791 4.03526669554352 0 209
63.7507350094817 3.17516734235747 0 210
67.2994453526559 3.57675300882962 0 210
96.8104483543124 3.36373954703535 0 210
69.8820713039532 3.01646162426108 0 212
65.3522364503572 3.12732585338066 0 213
64.1257197753934 3.42062654765858 0 214
69.6928769454628 3.39168061082077 0 214
67.4682694296662 3.98932189255097 0 215
68.324735482382 3.0934464566722 0 215
96.3422635446856 3.09006384036966 0 215
67.5260759807127 3.65645383284237 0 216
98.2206980761326 3.30044703903443 0 216
4.95725983227306 3.26702176909773 0 217
95.9301055305305 3.23091334244611 0 217
97.2688706200608 3.42045123935849 0 217
97.2887648321381 3.10915191400796 2 217
78.6603676589088 3.28337446463113 0 218
97.1627471778926 3.33954179400123 0 218
64.0005317086044 3.37910812359217 0 219
95.1513776226357 3.17645808045623 0 219
96.9373738506476 3.36688575735489 0 219
67.4869803953537 3.11493551913081 0 220
67.5726139933138 3.51958251350008 0 220
89.9096372105431 3.04055618532801 0 220
97.0365407857729 3.35442787653368 0 220
97.5006908251435 3.61669882734013 0 220
69.4322990039828 3.50442518067013 0 221
67.2727246512045 3.24671825936398 0 222
67.517885343716 3.06258811222513 0 222
96.6596223519432 3.09581200927506 0 222
97.1776901055447 3.13314609505824 0 222
93.6618477568848 3.40872612622556 0 224
96.8270539354866 3.00633257925179 0 226
97.1629803288504 3.04732938016308 0 226
67.3159255182886 3.21665504223298 0 227
97.1784810973732 3.18283105509406 0 227
89.7014102295992 3.06936688943275 0 228
67.5554585932848 3.34240560421803 0 229
67.362786664361 3.13657907500738 0 229
97.1860640816438 3.06360867024836 0 229
96.3062687362879 3.25582271477626 0 230
69.0104664981246 3.98448435192351 0 231
72.5822215601286 3.44378300107006 0 232
97.8620198254746 3.28721073903816 1 232
97.8679779151046 3.02217139351513 2 232
70.4699598127856 3.68196057078733 0 233
69.4018750140924 3.41086222402282 0 233
67.3469056198692 3.41897137999365 0 233
70.7854284567308 3.06764847760355 0 233
96.9118911003537 3.14697739963334 0 233
67.3490021219666 3.45060217742908 0 234
71.1398142634685 3.57184680012641 0 234
82.1967774686783 3.09265571836537 0 234
97.0025509077251 3.20372653478 0 234
2.14036778239659 3.06588055186734 0 235
67.7668303193325 3.82896924833081 0 235
80.0563323213052 3.33203149285443 0 235
67.2785983515653 3.09471831248616 0 235
75.4332815325774 3.07158212616656 0 235
29.3765059639038 3.03536543158574 0 236
65.2891949137134 4.62976933343304 0 236
97.195343888127 3.00348960691969 0 236
95.9122387498947 3.40170121451759 0 238
96.6615368767888 3.21223202422992 0 238
97.3086669605289 3.41922264097445 0 239
67.8517714946133 3.02394098372582 0 240
67.2604250065741 3.17948441214089 0 242
97.206665848998 3.11082519090828 0 242
97.4119283062541 3.03014898496327 0 242
67.5435877321594 3.32729396343125 0 243
3.90559773851986 3.14552072461978 0 244
65.5270955845404 3.05856163718366 0 244
0.104700914474603 3.33111586869564 0 245
92.080216206146 3.41208642884573 0 246
97.1403036531276 3.02807300809061 0 246
97.1601167021723 3.3027387257909 0 246
95.7994688792101 3.17439784402351 0 247
89.4603200461851 3.18402440440552 0 249
67.2536813531625 3.22475754526731 0 249
67.2544913123511 3.22875908769558 0 249
95.9277431749287 3.68555954599182 0 249
97.1631423833835 3.07402226827164 0 249
67.2854461955381 3.98850448883715 0 251
98.1617211126389 3.80239370649581 0 251
98.222688205064 3.96850910533652 2 251
63.9381051222125 3.18315533562482 0 252
67.2544284968643 3.0598503175111 0 253
97.2905473305193 4.17938028423964 0 253
97.5198087334744 3.07545036574729 2 253
68.0296621250468 3.09969983689156 0 254
96.0330672916716 3.36995335187866 0 254
67.4289620535349 3.1921604776792 0 255
69.553893420862 4.1804818249854 0 256
97.6932936310575 3.13120896690179 1 256
67.7460273911948 3.20545016756071 0 257
72.496739075494 3.20240233857105 0 257
97.002064889526 3.07186655380769 0 257
97.1998999267011 3.22870193701908 0 257
97.9407969207775 3.10692580739588 1 257
98.0585227291838 3.14372054595793 1 257
73.3181194693817 3.59095781490275 0 258
67.2766764698573 4.20658368700395 0 258
64.4875663760293 2.99903984251225 0 259
65.0598611801365 3.05802575576852 0 259
95.845315455319 3.25354493053851 0 259
96.9946525755676 3.2653279652049 0 259
96.959805724214 3.09605797856261 0 259
97.0593924828299 3.58990194600262 2 259
67.2772549273878 3.41275003865698 0 260
67.758932779359 3.79653185977032 0 260
67.5674462070171 3.02815141932977 0 260
91.5442992923769 3.00560624073534 0 260
0.034558901450339 3.03209567110497 0 261
66.8937461548118 3.06124350649778 0 261
97.3545003608571 2.99001660597661 0 261
97.3835470124844 3.1010240065913 0 261
68.9127729741641 4.77879727889209 0 262
67.4047157052607 3.09932157744519 0 262
96.958015888117 3.16315279972694 0 262
96.7583504233978 3.29652344960984 0 263
97.2212051614675 3.06605660965145 0 263
97.2347702750178 3.01481021248679 0 263
94.3513968624759 3.07860117560475 0 264
69.8184409651972 3.09417342102641 0 265
97.1884651760428 2.99876079982654 0 265
81.2045792878604 3.70841275712839 0 266
95.9347365066556 3.53947325665616 0 266
65.9250432434798 3.12777441015977 0 268
97.2594581246333 3.24170067192912 0 268
97.1584374507154 3.89224473040624 0 268
67.8584829785394 4.01119853687034 0 269
64.2914715184523 3.00924363158033 0 271
64.3421070088524 3.78319997631145 0 271
67.2600961063707 3.49345697936923 0 271
72.6653003069207 3.12273106521056 0 271
95.8485179371842 3.2261086254863 0 271
97.4393286576064 3.09018590774715 0 271
97.7091042947984 3.11826196751742 2 271
67.997819253064 3.13552174007206 0 273
96.0285683198915 3.03443371173696 0 273
96.9327483637395 3.05158631510515 0 273
0.00625004133409124 3.08439968848911 0 274
63.8351183313153 3.17130340060175 0 274
69.9668074406061 3.12464514032501 0 274
63.6972652959969 3.76762248488396 0 276
63.9234214329123 3.03994781935218 0 276
82.1239959656483 3.23575492101935 0 276
97.9308960414298 3.77548056514431 1 276
64.1163255567477 3.06253540066315 0 277
69.2516159807493 3.85803582965486 0 277
67.4311930845367 3.01424672909473 0 278
95.9140621903872 3.04213752392737 0 278
96.9050051990483 3.07735772171964 0 278
67.4762664124721 3.02311785873306 0 279
96.4282931847218 4.09440951606056 0 279
74.3631468014889 3.56849101013162 0 281
97.3236385195816 3.15083482481871 0 281
68.1215823330162 3.39997573300694 0 282
71.5834532660834 2.99084179881515 0 282
96.6334589501167 3.21132089335756 0 282
95.7927632504829 3.02855603593478 0 282
67.2560773455593 3.32155920096137 0 283
67.3194072118499 3.2520380790391 0 283
67.4189355525588 3.61021163586694 0 283
89.4296290627957 3.42937630102055 0 283
97.2899928223754 3.2363779613445 0 284
67.366452722253 3.03190045272003 0 285
67.2597863499142 3.50406092154001 0 285
67.2665449941718 3.30666774448137 0 285
87.25021600463 3.05512266092706 0 285
97.9224023386154 3.21574041714346 0 285
96.9280000639493 3.56364207102211 0 285
67.3524938943714 3.17423225170149 0 286
3.98126338074279 3.26371734938912 0 287
65.1638011566552 3.09157873647553 0 287
68.1508497737263 3.37568927651241 0 287
70.5526478569339 3.04082407152353 0 288
97.1589399955006 3.97695562409673 0 288
97.2571701474131 3.30796509109958 2 288
97.6325869891432 3.15152753689783 3 288
67.4437993048809 3.53002098280646 0 289
65.4822001941877 3.1552422184571 0 290
63.6776128320284 3.14913916062046 0 290
67.4113719067735 3.30752389267192 0 290
67.3092262189073 3.39851576053658 0 290
95.6885942631132 3.15957375085017 0 290
97.9520906824425 4.03597798733703 1 290
97.9707637124399 2.99869673417966 2 290
98.1532728184022 3.8934328038461 2 290
63.7576081809967 3.14510870147395 0 291
97.3950856037097 2.99212022212712 0 291
0.00677157658189937 3.01989836982058 0 292
67.4314276542065 3.68029528893359 0 292
95.8919668187411 3.88949637645864 0 292
97.1973491809349 3.11204555750019 0 292
96.3094602708393 3.23488640925871 0 293
96.3410868096549 3.07679220542768 2 293
63.7405728623499 3.08005666997372 0 294
67.2569756872083 3.25854925816846 0 294
68.1027907754535 3.00864111762676 0 294
71.1123452941632 3.7643933097133 0 295
96.3335690127533 3.31943855243017 0 295
97.2723340823973 3.25945822755538 0 296
0.108829683273186 3.17597956614632 0 297
66.6285187524097 3.63446928669381 0 297
67.3276997308039 3.26847014703075 0 297
67.4096866320923 2.99727044084431 0 298
78.8197673546483 4.08920897935853 0 298
83.0136496119119 3.28532405329922 0 298
97.134127849288 3.06371637187671 0 298
97.157047971434 3.71238543779959 0 298
82.2226838151756 3.36891177613996 0 299
96.7137492732717 3.29782009759669 0 299
67.3705260302532 3.37929836491034 0 300
67.2812444404826 3.37332174571639 0 300
69.2905635527907 3.00609595041586 0 300
96.3177845349817 3.2881226533584 0 300
63.7869317964833 3.1538670467729 0 301
67.3477015673468 3.50686928178092 0 302
97.424978718271 3.582157404708 0 302
97.4369520802834 3.10524211990834 2 302
67.4275709172537 3.10460339179538 0 303
97.1949513708541 3.23965776996748 0 303
67.2591047759654 3.60283825747845 0 304
96.3134367402906 3.09017780897243 0 304
63.8066874846614 4.15355969047584 0 305
63.7769800117526 4.1117411579683 0 305
67.6459536140925 3.46124410838714 0 305
97.1628880120298 3.47058550154876 0 305
97.3305391053827 3.24659943659082 0 305
97.1791102541716 3.15848577193043 0 305
68.0990475642244 3.27445343533663 0 306
67.4822369656113 3.56986263253349 0 306
63.7532152808152 3.20014738740143 0 307
69.7196512148317 3.1450332079328 0 307
89.3033724228496 3.1777279138445 0 307
97.0502865573955 3.80942177921547 0 307
69.8052843272504 3.19288873406778 0 309
97.6762385744182 3.49322477833584 0 309
98.1209780063928 2.99912111334516 0 309
97.5116970126789 3.24448585617307 1 309
96.8918048047854 3.65460324744322 0 310
97.1422663027243 3.47664082863871 0 310
91.2523312527145 3.19874865577001 0 311
65.9488489587288 3.04148243538885 0 312
97.3699909655903 3.49286698064208 0 312
97.8569304375369 3.22136501914192 0 313
66.1583967464635 3.27423594527472 0 314
78.2064519003567 3.03683787215812 0 314
68.1245246283636 3.6709542254066 0 314
97.3348074234854 3.23713374120259 0 314
97.7910214906831 3.55631155357046 1 316
68.7790061634933 3.06409093038573 0 317
63.8162570992667 3.13911654969927 0 318
81.2500329002787 3.19157067724096 0 319
96.1616007935169 3.32326258293738 0 319
96.2703395739702 3.47255422073142 0 319
63.7398608541093 3.7746805710398 0 321
97.3540539856317 3.1350284319553 0 321
97.3041016920712 3.11152944085703 0 321
67.2723830299777 3.34892622421521 0 322
63.7588836342106 3.69198899524993 0 323
67.3991240937791 3.38516581371409 0 323
80.783400819498 3.13892228095006 0 323
67.278410306559 3.09940914247261 0 324
89.7291289268483 2.99316636803842 0 324
0.0667160228891665 2.99850427881206 0 325
95.6894562590793 3.12092720494928 0 325
67.2633396848056 3.04929299598357 0 326
96.3149548540703 3.06370639183989 0 326
87.2937930771396 3.27856735305801 0 327
71.2065069223069 3.00356750506469 0 327
71.795203621381 3.04188780108682 0 327
1.37601220779508 3.02198351642205 0 328
67.7336658474943 3.41884826212214 0 328
95.1516054799822 3.00384901337387 0 328
7.64982333407656 3.73835216451696 0 329
67.3609708887028 3.12176377935136 0 329
91.4409356866987 3.22385133393192 0 329
67.4083445628422 3.45510244798681 0 330
97.4060358840434 3.10193556282291 0 330
64.0729116614302 3.07729571837938 0 331
74.4013172200376 3.31191168191941 0 331
64.1487741692874 3.30043108748508 0 332
97.2387562422996 3.09643688185582 0 332
70.622632074883 3.16448227106447 0 333
89.1204626963941 3.2572454159094 0 333
71.4895452563179 3.69926810447004 0 333
96.7095634546953 3.02821593925046 0 333
27.7169838950552 3.23320480938764 0 334
67.3267364960796 3.34099867487776 0 335
63.751721031223 3.33945074773236 0 336
88.7000069022669 3.10410179552421 0 336
96.749503993402 3.45999741738986 0 336
96.7450615757177 3.00488024935393 0 336
97.1341861830833 3.44857674756532 0 336
63.773327515541 3.97537495519581 0 338
67.2933034185193 4.46993973584347 0 338
97.2939508248459 3.70348348640885 0 338
97.2944557206498 3.02094506807604 2 338
77.4152573219366 4.09996242472709 0 339
95.8244659020036 2.99470980815887 0 339
96.3173728168331 4.74690432229773 0 340
96.451357272537 3.78293535923201 2 340
97.0636369580679 3.98994282208251 2 340
64.5089461555851 3.275562833336 0 341
67.3197905238436 3.89823873885543 0 341
68.3052006669143 3.43892174157316 0 341
67.4333640357253 3.00938777883137 0 341
97.2483947500967 3.38840083955249 0 341
67.3117919735321 3.82186586157524 0 342
71.5967097312492 3.12064170891114 0 342
97.2141787228304 3.47145046986641 0 342
1.78240131260834 3.06774300985659 0 343
65.9724793512213 4.07723990574879 0 343
69.1931618512898 3.72851632084377 0 343
69.7669604400464 3.23267516694729 0 343
95.7799082952446 3.06840514594793 0 343
97.6761606536038 3.27575096064117 0 344
0.234460692873706 3.18402932284906 0 345
64.1223073720799 3.69616539188732 0 345
71.2026160154243 3.53718754813492 0 345
96.9634869229133 3.22802092377523 0 345
73.1217707743485 3.34501442641024 0 346
71.811587686506 3.18229504548344 0 346
97.1322529970817 3.25614284927309 0 346
67.2611428800403 4.37389986026516 0 347
67.8064665427247 3.46473339626842 0 347
68.5025019553422 3.05776782200023 0 347
78.7752496481197 3.23264926316735 0 347
97.1922866359223 3.59552888220622 0 347
64.1046672908734 3.90391508783895 0 349
66.3681590528525 3.48639901213495 0 350
97.9974542214156 5.02767596325285 0 350
98.0020256885738 3.09797935885861 2 350
98.105575070596 3.1866787906321 2 350
98.1737671476984 3.0505180666731 2 350
98.0675500186478 3.36632474269764 2 350
97.9983770149499 3.43233818865826 2 350
98.1754843903649 3.15602257802109 2 350
98.1166548133813 3.04688555503801 2 350
98.1986413917336 3.49926239466685 2 350
98.07022851635 3.17598946014181 3 350
98.0094066489337 3.40324839011149 3 350
98.169837525035 3.19163802609167 4 350
89.1942267636094 3.68605748413189 0 352
95.9168606054789 3.60867416800344 0 352
71.2794841460759 3.62000430133488 0 353
4.60201498253542 3.03214949586437 0 356
69.2721813607725 3.4692164059285 0 356
73.1693820111858 3.28741195880584 0 357
67.2695970401454 3.01491647050994 0 357
64.5590067019942 3.02312156949482 0 358
97.1630660748064 3.19987814029868 0 358
97.1253579357568 3.23645936713627 0 359
97.7912422298342 3.38262677164608 0 359
97.2089958866605 3.01307466525415 2 359
63.7638643580948 3.18848665484483 0 360
97.495247340555 3.42993997503937 0 360
97.5953913108476 3.03183165373965 2 360
63.748742341857 3.51257431939514 0 361
67.2962226256617 2.99373116665386 0 361
71.1051165705252 3.1908935562143 0 361
83.9438293829656 3.53726194649639 0 362
97.7593502008628 3.2189832215422 1 362
98.0036052076418 3.09112217464393 1 362
97.3165756250976 3.03533610330789 0 363
70.8111891771179 3.47273728699056 0 364
97.0340423299842 3.21339347750548 0 364
97.220845389904 3.40500667891583 0 364
91.9329676286063 3.20178161506074 0 365
97.1609620093719 3.14523566484755 0 365
70.2641699790586 3.0149657327959 0 367
78.1262401813528 3.114651899339 0 367
67.2640910200784 3.12207104504964 0 367
67.2526526882768 2.99994993477915 0 367
97.3646013621568 3.32530712037713 0 367
97.4058034747244 3.1866029015735 2 367
64.3741831089531 3.39569952558396 0 369
96.1495250141073 3.36874443544876 0 370
2.98222598881516 3.35776750287702 0 371
10.6481988526394 3.14860512299228 0 371
97.6398259624712 4.44273597838881 0 371
79.1282088771581 3.34013755022636 0 372
96.7534758908358 3.61545922263922 0 372
97.302709627462 2.994385315371 0 372
97.4740849631705 4.48458926349434 2 372
97.5232791176007 3.05412682040202 3 372
97.7155363388967 3.0383478799201 3 372
97.9562550660006 3.14494317280103 3 372
97.4774062397455 3.11762756616237 3 372
97.5931664838117 3.07552740848681 4 372
78.6837730552881 3.09099978481888 0 373
95.747418651946 3.35173295611463 0 373
95.8334800091934 3.08614806830131 0 373
96.7008942057744 3.4113530967761 0 373
96.350438389199 3.23306898186182 0 374
5.12794646030255 3.3291932912436 0 375
63.7797062302255 3.18458732510826 0 375
72.7066666572636 2.99290549516599 0 375
72.6556194913439 3.90282411598376 0 377
67.3802036053035 3.17074750499179 0 378
77.9784601154777 3.15443434142169 0 378
70.7363203498339 3.55674987852247 0 379
67.6690606100696 3.17584715459937 0 380
95.8618726348326 3.03451525887915 0 380
96.1949466236688 2.99355030462174 0 380
97.1265013708093 3.13610153941758 0 380
97.174635223974 3.12895020295001 2 380
95.8608644533666 3.24746254099853 0 382
97.366781842695 3.65466059277753 0 382
97.2582886369252 3.01204477250408 0 382
67.254564290101 3.00078456400288 0 383
97.1900473694755 3.02630708448011 0 383
95.9186209406586 3.71106592372349 0 384
96.6290344634796 3.05082403494286 0 385
97.201598224835 3.15657594192552 0 385
97.2450491730383 3.53664088697125 0 385
71.0429769857639 3.13320159108496 0 386
67.9143218144863 3.35605172394281 0 386
70.8135325378563 3.1732465192104 0 386
81.7138480508315 3.52641232703888 0 386
97.0612461896765 3.41409551570428 0 386
97.2048663093912 3.10532729991572 0 386
97.7976697936582 3.26205677235314 0 387
63.7488848957588 3.06157789279477 0 388
67.5622875737159 3.42584245122089 0 388
97.7284612344908 3.2138990739298 0 388
65.6851873953464 3.25319848791753 0 389
67.3152958838814 3.53041893022606 0 389
67.3434490715741 3.37039766486909 0 390
96.9121350294442 3.69462938309752 0 390
97.4765193359378 3.73234133945812 0 390
96.9220332451478 3.2406989097881 2 390
67.3014776674372 3.6125313537385 0 391
84.8727123243489 3.07073429247689 0 391
96.9219775165648 3.26039976946283 0 391
97.1977019900183 2.99883483975396 0 391
97.6425659955276 3.13320755474887 0 391
97.2002233323783 3.12592425338753 2 391
67.2742462203793 2.99130490300589 0 393
67.2990448496863 3.19670455175662 0 393
95.8792903524504 3.59148120612824 0 393
97.1619602048648 3.00731538358052 0 393
63.6582318597986 3.51556247254489 0 394
67.3070143598017 3.17890831575364 0 395
67.4180131368594 3.61939761180165 0 396
96.8584252048489 3.01308200179231 0 396
64.6217934736447 3.41279589626193 0 397
97.1727983115923 3.7142514193629 0 397
67.2535534139793 3.08561527321076 0 398
70.6184152369715 3.02810364966395 0 398
64.4674193725461 3.06866815340018 0 399
67.5500062270015 3.00972121216004 0 399
96.0065048454005 3.43429361753822 0 399
97.62854671942 3.24791516515139 1 399
67.9563956669995 3.11883648940893 0 400
80.144177146423 3.1226918511172 0 401
64.148139011281 3.05381339188095 0 401
78.5112258436227 3.04477850118836 0 401
67.5008166309846 2.9984003185374 0 402
95.8025790980379 3.01873641271851 0 402
63.7374053050977 3.25233881972812 0 403
68.1077747127119 3.79246393841069 0 403
67.2952280100922 3.76195596607313 0 403
68.3699892503698 2.99976642874252 0 403
97.8963327843037 3.2246913422263 1 403
67.2820386657014 3.58423100862745 0 404
87.8000782460965 3.36769787086347 0 405
69.1107686948477 3.05555047303407 0 406
67.4043726538149 3.00549703414112 0 406
96.9046828998875 3.30040578103346 0 406
67.4759598008607 2.99172058932922 0 408
97.2355662785438 3.065785055201 0 408
64.0966696069196 3.17639673753269 0 409
71.4236743464845 3.77842142506878 0 409
67.2875706290204 3.15936081709947 0 410
96.3428336750626 3.15305134899137 0 410
97.794334243498 3.2388095863562 1 410
70.8824795489121 3.05276153708151 0 411
96.333735259309 3.40983687979916 0 411
42.7762467431478 3.05025401583043 0 412
97.5061880049696 4.31510172782857 0 412
97.2108646350209 3.29258426365106 0 412
97.5281788933333 3.35732998120139 2 412
97.5554372225963 4.30760615620992 2 412
97.3419376788637 3.4357355481278 2 412
97.7953519530043 3.18270265143707 3 412
97.3455291120099 3.67387887926486 3 412
63.8046913041242 3.52560648697135 0 413
77.8100788156486 3.38665591502677 0 413
67.6841798452135 3.48246910598391 0 413
2.00963427517504 3.06479986019511 0 414
67.4270703117188 3.20976137562708 0 414
96.30954854104 3.12222954635755 0 414
97.3284873513403 3.49519243178091 0 415
97.2040603274037 3.76949623919212 0 415
97.3357472833459 3.10672929869396 2 415
97.2686131315932 3.60825363089745 2 415
67.2821599777791 3.30511441734342 0 416
69.3711058873536 3.15595091710614 0 416
97.1258175441244 3.25637279820174 0 416
7.12468466255859 3.48464386878044 0 418
69.7333188542276 3.00798742947709 0 418
97.5541507317491 3.60506163323189 1 418
67.269628334137 3.08507378564777 0 419
68.5611851169878 3.97392965233144 0 419
67.3281305858418 3.97825674592976 0 419
67.4672001073745 3.22038412950422 0 419
97.5953518126489 3.33727911638081 0 419
4.93510393765368 3.14181355001504 0 420
29.8718763443281 3.74626195969757 0 420
97.615240966649 4.71770743077412 1 420
97.6382031455488 3.38948562106601 2 420
97.8736195007732 3.05065025248349 2 420
67.312453790565 3.34396606249538 0 421
67.3069752213255 3.17786632404752 0 421
67.2615235987025 3.19845313167551 0 421
96.446975362075 4.28448756352444 0 421
97.2462031206416 3.01297747191344 0 421
97.2072920717795 3.32661129879809 0 421
96.4615547893194 3.2637548252374 2 421
74.4716664857946 3.36954515901371 0 422
63.9110217696689 3.00338921924985 0 423
71.7891671379831 4.1223106350873 0 423
68.2785794676351 3.04751220979525 0 423
69.3977042294166 3.03610705786422 0 424
95.8190830491648 3.07827311501177 0 424
67.3390938677415 3.13037168802962 0 426
97.1795228085143 3.11679131775594 0 426
1.64906111687639 3.06627842530446 0 427
67.4309792939813 3.06966556978982 0 427
68.2622922819047 3.2107939023325 0 427
1.3052746898926 3.3254483435863 0 428
81.6728382303204 3.8559194335043 0 428
81.2110199891052 3.14124215424135 0 428
95.9620931598708 3.53290109815817 0 428
95.6986389984411 3.14039042158692 0 429
97.77663741061 3.1977804904028 0 430
0.0223282454757361 3.18512154481686 0 431
67.3253285846003 3.31566769258397 0 431
68.5368251978394 3.11262351210749 0 432
68.6005381290476 3.08792677238034 0 432
67.2969979500787 3.12338405547457 0 433
98.1219311604407 3.10152433919492 0 433
97.317114344313 3.18277555631576 1 433
67.7028428800974 3.23676244620484 0 434
67.3986408477662 3.18413551784526 0 434
96.4948586516171 4.04617830469928 0 434
4.41110581055135 3.50567912539049 0 435
63.8727376413016 3.1332118000099 0 435
97.1866597802777 3.08124848523493 0 435
67.4335126114776 3.32773612709721 0 436
95.3012399698051 3.08744622776771 0 436
95.6517840421347 3.07885120277106 0 436
97.74017911585 3.2153596601883 0 436
64.3071358791138 3.14402436380037 0 437
96.3721273035956 3.27663492260747 0 437
97.0079536385373 3.99978280903032 0 437
97.1762418596681 3.31316884950408 0 437
96.9329292283885 3.36825557042748 0 439
97.1788352071665 3.18590878329427 0 439
97.1627470588581 3.12512808167341 0 439
97.440272815237 3.1813158559194 0 439
63.8063332399016 2.99858143423428 0 440
68.2436656826033 3.1395091470457 0 441
96.6020509838058 3.48338928885059 0 441
97.4598052169866 3.13055191531822 0 441
97.1956495050652 3.22275587178096 0 441
67.4418855605278 3.42251558353429 0 442
96.1639877898621 3.27073989340733 0 442
97.7205086113695 3.05196805343408 0 442
97.4528224455903 2.99622576004368 0 442
97.7223674894321 3.11234402502615 2 442
91.8579869488393 3.2544048896813 0 443
97.0617807482516 3.06614761476246 0 443
97.2603883817599 3.11280881922808 1 443
81.0175824465985 3.32786027534393 0 444
84.473553642452 3.06771696650188 0 444
96.7246128949865 3.38579275265009 0 444
96.7425496834955 3.59716631245025 0 445
95.4428286155236 3.39359458626058 0 446
90.5964061650372 3.28144216747613 0 448
75.9049991253959 3.60448402115556 0 449
67.9583393031743 3.54788179464505 0 449
63.7724026029767 3.0093411239444 0 451
97.1617077538742 3.10942206189481 0 451
67.3884013814333 3.01821063581537 0 452
68.4300173724976 3.14236972586525 0 453
68.2175653341089 3.56291413350148 0 453
78.6561386005621 3.15969352862016 0 453
80.1592604550626 3.01876334984556 0 453
97.2323696042854 3.17774091182527 0 453
97.93269345057 2.99196965114818 0 453
67.3524275290006 3.01727474544292 0 454
68.0784798881293 4.09696527801905 0 455
67.2872903548798 4.11041898630578 0 455
97.2509493507132 3.10123003225197 0 455
84.1811718566985 3.81912806292185 0 456
69.9032745747458 4.27263101983691 0 456
67.2902832115609 3.26027901003282 0 457
97.8998554299242 3.17822069556404 0 457
96.4848971254979 3.0267522305097 0 459
72.3318291737985 3.35085570471354 0 462
83.9499932036234 3.31197174174451 0 462
97.9483535133248 3.59912683994514 0 462
97.9549975829677 3.81403948770511 2 462
69.5012857288228 3.06843809498396 0 463
67.4368022858668 3.71362285511695 0 463
84.9951413438622 3.43235462588479 0 463
95.8857420628581 3.41211441469705 0 463
98.1189860144902 3.22937961508564 1 464
63.7451128453076 3.6841977580864 0 465
67.3139107292209 3.11163251594615 0 465
95.7989851649374 3.27460695965021 0 465
97.3744179158921 3.03089671153526 0 465
97.1760375566506 3.02975884191547 0 465
65.1394158799676 3.00257630788778 0 467
97.5158631808797 3.24536984897309 0 468
63.8385706323307 4.79542208099675 0 469
67.2559428525435 3.00574642421251 0 469
67.4502891533711 4.8075579623695 0 469
97.6209417551097 4.47588413013581 1 470
97.7776279477317 2.99301555162845 2 470
97.6306397689177 3.25853781436867 2 470
97.7098177837937 3.03973018659496 2 470
97.6320216989095 3.00925879692379 2 470
97.7683756160637 3.03283216367864 2 470
97.6457839291699 3.55656587817408 2 470
97.641167646615 3.28803939096467 2 470
97.6581999040317 3.50545874749071 3 470
69.3815407479884 3.06895793817445 0 471
63.7762714401005 3.06179344601788 0 472
97.2678460733855 3.09305804899319 0 472
97.1268143328151 3.01767882997895 0 473
97.8477938347303 3.37446236358887 1 473
97.853997699555 3.23516312421019 2 473
65.2971571398318 3.17109904638479 0 474
67.4409446477994 3.05657497182014 0 474
97.5647834044461 3.23866414679508 0 474
97.4748240558505 3.22884737856909 0 475
97.4787953669543 4.08592375900801 2 475
91.2641387712047 3.08679399434712 0 476
95.8634685985695 3.29828124731209 0 476
96.3276846807618 3.15481289373292 0 476
67.4526686105589 3.17194157414199 0 479
67.7547945091736 3.13967088408201 0 479
84.1696125770072 3.20059884762097 0 480
67.699603210459 4.01005035782057 0 480
91.4695395646298 3.08932223822827 0 480
67.3305255337963 3.35860865806293 0 482
97.0051917719548 3.11639700488476 0 482
97.1862914863042 3.08171679742391 0 482
67.3808998639591 3.15894163146739 0 483
95.8789980306784 3.5545558569794 0 483
71.6774856935608 3.97827818603313 0 485
67.9876470762889 3.3201008246623 0 485
89.196405339795 3.03930399960386 0 485
95.8343778553477 3.57834176258589 0 485
97.2249746880657 3.34188967980454 0 485
67.9592495683233 3.0614999231417 0 487
97.1851913680306 4.83896540319422 0 487
97.2065440129371 3.32302905317425 2 487
97.240035003511 3.08139297543944 2 487
97.1993611360559 3.5419454388626 2 487
97.1947839172649 3.53956394482344 2 487
97.3755369295856 3.41189422099843 2 487
68.5225257470049 4.24640316495543 0 488
97.1823230191381 3.30406652997491 0 488
97.1969994984299 3.06297737306265 2 488
71.4285255502184 3.28852457722961 0 489
67.426289263784 3.19214125804572 0 489
67.7699740319598 3.39267784528146 0 490
65.6595049086311 3.25042327566438 0 492
97.0920696136042 3.42569330645312 0 492
67.6657615824922 4.49132890265217 0 493
97.1551416120593 3.08492637730915 0 494
0.111171787632051 3.28585848502431 0 495
67.2607394102638 3.41411119491881 0 495
95.8888900743846 3.03016935736878 0 495
70.4475258204463 3.03152718801205 0 496
96.2057250739261 3.22360628718093 0 496
91.378063620739 3.18721234624705 0 497
70.0246065631082 3.21320411901982 0 498
68.9153287823549 3.00067396975905 0 498
97.1663091730835 3.06255500343063 0 499
81.6770100215081 3.0377726456319 0 500
67.3511982556931 3.7523764274022 0 501
63.7619441237083 3.52283967472032 0 502
67.3165570519995 3.02965011021486 0 502
67.2576124999016 3.10652657332221 0 503
96.6961397869432 3.08707545433963 0 503
97.1536950743354 2.99128784458968 0 503
0.882225464725141 3.32521910147221 0 504
77.4150467351089 3.32097553360937 0 504
67.649201880983 3.04271426335238 0 504
67.452532361321 3.21575656448219 0 504
96.3182187961794 3.12831087981884 0 504
0.0915664088614193 3.51471905404529 0 505
97.6574301189418 4.29627220574485 0 505
97.5395274522987 3.1144679041972 1 505
97.6630676019493 3.37326438068953 2 505
97.7014848651656 3.51736332950676 2 505
97.1800431679195 3.07484939250914 0 506
97.1905555719923 3.08556477767171 0 506
97.2823842212511 3.16311692240856 2 506
97.2516903494833 3.22370430973363 0 507
63.8306446521224 3.86774091110856 0 508
67.4859117702578 3.65148743095805 0 508
67.3963666129531 3.30801190970136 0 508
97.1246589783307 3.07972381409143 0 508
97.12606605736 3.04257541127865 0 508
67.6040786150148 3.01818925924089 0 509
66.762095954492 3.88026462653661 0 510
95.9075094811816 3.29905014686302 0 510
97.1976695235361 5.13358421625478 0 510
97.8373024461967 3.13178422347719 2 510
97.4053806589779 3.21201181992762 2 510
97.2143712187656 3.15318286839343 2 510
97.6580010400442 3.05331646805909 2 510
97.2305318290135 3.47706014015168 2 510
97.2432937484008 3.35079900932332 2 510
97.5310796339671 3.47801098954984 2 510
67.8824311706594 3.59069965152895 0 511
97.0844681340501 3.21811511451572 0 511
64.8344310983852 3.07135663486693 0 512
71.798599073028 3.02131038617133 0 512
64.4706127982787 2.99224663045802 0 513
95.6807171228227 3.04958246840357 0 514
97.2566966774073 3.18106228045713 0 514
0.200202745285618 3.20780831667071 0 515
67.3212883061617 5.02129356268255 0 515
97.9019423809175 3.46188751263525 1 515
67.3084520286977 2.99468444302513 0 517
67.4562485529028 3.07165209533932 0 517
67.8951701249729 3.13462372595802 0 517
96.6977437665602 3.37305685930335 0 518
64.4747584467957 3.00288083890378 0 519
67.6936150820131 3.03277531034804 0 519
85.0783400315217 3.15264532673764 0 520
72.5478035462283 3.08630992597849 0 520
97.1594626664585 3.16388702972399 0 521
67.2921964370552 3.3325774091343 0 524
97.2828033666861 3.26616134852562 0 524
97.1885878616287 3.21263404219306 0 525
67.2748486379393 3.22599917275558 0 526
67.8958447069744 3.12103756061681 0 526
97.3368888709953 3.64307888266844 0 526
65.9104804558028 3.11476074101497 0 527
87.519839278639 3.0927053834581 0 527
98.113681816517 3.15963331922849 0 527
67.3172614153139 3.97260265609257 0 528
70.9041181842444 3.19423928194872 0 528
98.0447615168107 3.11135897707764 0 529
98.0011594190535 3.77790868054893 1 529
98.0586521113589 3.3604721387781 2 529
67.3128965371896 3.06635692967169 0 530
98.0825002727573 3.1498149948142 0 530
97.2238371027227 3.11262069167876 0 530
98.090823682099 3.17468201943189 2 530
97.3166756759136 3.83053097965627 2 530
97.381466308998 2.99070613619609 3 530
67.8662355787821 3.38782107883467 0 531
67.343016104856 3.12655188390019 0 531
95.4266441123873 3.10308866509062 0 531
96.2088987339475 3.40126238604395 0 531
97.1984323384542 3.24911024878707 0 531
97.2002321676372 3.24525715912972 2 531
63.68884779779 3.63577730455762 0 532
68.3232404121571 3.21896973214009 0 532
95.6013823400703 3.35774265783718 0 532
97.5013547395163 3.62642517069703 1 532
97.6273060357714 3.35177311725411 2 532
64.0861136994762 3.01423495426944 0 533
72.2367686421291 3.12779531620071 0 533
67.26607598366 3.26563608694923 0 533
68.0427632651347 3.3744772468406 0 533
63.7630003505103 3.46372709574079 0 534
67.5178311526869 3.07649639139813 0 534
96.7283278411439 3.35069238857523 0 534
97.477159208601 3.46653271058272 0 534
97.5737582393729 3.1195241211111 1 534
97.6165072675112 3.19096754600144 2 534
68.2385431956512 3.15005054935822 0 535
90.3235267367374 3.11720920686031 0 536
96.9337857449392 3.31872976637647 0 536
67.7230555232251 3.26152228543168 0 537
65.3211490568544 3.01047403986191 0 538
74.996698790375 3.30358680291017 0 538
97.1652277397671 3.04960243619916 0 538
95.2014445559643 3.05983965237763 0 539
67.2601665841555 3.02047597627758 0 539
98.0857421140924 3.01797260308307 1 539
97.6135384207398 3.52550881188456 1 539
66.9637287653665 3.15316067737648 0 540
67.3331543715947 3.89987477067503 0 540
91.0431201535548 3.32784572099056 0 540
96.9263594431343 3.14654056416761 0 540
97.228494677278 3.28488541749833 0 540
97.2880970903612 3.14936009672851 2 540
63.6617420476689 3.03922698909129 0 541
67.4452000751169 3.10038750061102 0 541
97.1597793223943 3.03013403210116 0 541
67.3927806998076 3.34633609964657 0 542
67.2873102484911 3.73305585533217 0 542
97.3627722596345 3.06583403850021 0 543
97.3366857669408 3.50398759284235 0 544
68.1348749682488 3.07583816204812 0 545
96.3102270890901 3.14977213517395 0 545
97.0314710044204 3.44339236414733 0 545
98.1635628285771 3.14203001227692 0 545
67.4816817268876 3.2593838918638 0 546
96.9383934386464 3.10677831550105 0 546
67.2557928561105 3.02067129731141 0 547
76.2438356297912 3.05173291843993 0 547
69.3565659213713 3.24095623322939 0 548
70.5808259509355 3.96419794169216 0 548
96.2859400038131 3.42235943336629 0 548
67.6161043849197 5.03140296233549 0 549
97.7874921433935 3.16475004016502 0 550
98.1634956563754 3.66260730392999 2 550
71.0391042335999 3.00691512858058 0 551
95.9589613271711 3.07901802710387 0 552
97.8245797283488 3.92060357513932 0 552
97.1955985784977 3.27815005412445 0 552
97.8380840987139 2.99693059984468 2 552
67.4114605743727 3.37659061124614 0 553
75.9632230055452 3.59041489896062 0 553
97.1766545544266 3.28137566272154 0 553
82.6536831439602 3.21432593344871 0 555
95.8409659607699 3.09517752309053 0 555
97.1552484585566 3.04013096604769 0 555
97.286577624952 3.4908000382605 0 555
67.6627778563375 3.19588902158731 0 556
83.8259329418484 3.21772383945917 0 556
97.1272373025362 3.03904856188034 0 556
74.0376976151375 3.01054207704326 0 557
96.3087445725056 3.30514390072827 0 558
97.1837108740027 3.11474982876275 0 558
96.04548041569 3.33975394374442 0 559
97.1942445586544 3.04136164744768 0 559
97.5632528460726 3.11896052894887 0 559
69.4390779815479 3.06263998772428 0 560
84.2633702780617 3.45077177519037 0 561
96.3107519705181 3.05195951598357 0 561
97.5146078336051 4.85662765709302 0 561
97.5374592699605 3.58378963781417 2 561
97.6410544520076 3.50490464172776 2 561
97.627452574776 2.99718651222324 2 561
97.5302301151297 3.44354562381749 2 561
97.6337740983337 3.02288933094369 2 561
97.5260963197426 3.60148042168482 2 561
97.5305594483114 3.48812700526492 2 561
97.6392883293339 4.26032279552468 2 561
97.9342371159312 3.18407416992284 2 561
97.8429528411684 3.07267507872826 3 561
97.6602850505223 3.43025848337847 3 561
97.8622112416201 3.59708760059179 3 561
97.6429000644272 3.29151642617178 3 561
97.6656952153098 3.04252948935581 3 561
97.6438123402816 3.52796794636096 3 561
97.7356660514334 3.27379160240002 3 561
97.8714132600038 3.89092815508023 4 561
67.2601576804819 3.61055861691799 0 562
90.230658505688 3.4463175715736 0 562
67.2805002577602 3.44480438559242 0 563
68.3688670599371 3.17591974939601 0 564
93.9238363457098 3.9912561729623 0 564
67.5513360850532 3.26967236587025 0 565
72.09433435164 3.01851875372595 0 565
67.7325132800568 3.08678169528439 0 565
97.6061594315132 3.14712900112344 0 565
97.1357907790171 3.19645459275685 0 565
63.7999138136535 2.99309290816448 0 566
95.7795014463958 3.50587996769686 0 566
97.1622744502326 4.5912249946 0 567
97.6445198505923 3.11152842244883 1 567
97.3913338825401 4.05347632784896 2 567
97.2621547558227 3.25378973236034 2 567
97.4246145324552 3.28596364176827 3 567
98.0615092391852 3.32249367584622 3 567
97.3931660987084 3.60263176616453 3 567
97.8023667192696 3.19577558866723 4 567
97.9659487933249 3.15874493810987 5 567
64.115253743718 3.06094926027214 0 568
67.5323919594321 3.2476748076799 0 568
96.3354283743593 3.81438328219734 0 568
97.003601577158 3.10623319862694 0 568
97.1273237744917 3.30515018900906 0 568
97.1631069475745 3.33652321421622 0 568
83.452801313302 3.09102603045402 0 569
97.6989970162403 3.57302552271481 0 569
96.9422310798047 3.32576836634639 0 569
67.2549629569844 3.44277441579355 0 570
97.3998995183092 3.8585460826117 0 570
97.3857025952277 3.3783911793662 0 570
97.5163098549655 3.93541241740074 2 570
97.4316845584725 3.11771239836888 2 570
97.6329661235197 3.45291962977442 3 570
4.21776936642155 4.29251990215979 0 571
68.4363953525571 3.03268701528826 0 574
72.0673572631566 3.48558987919617 0 575
0.625721479289617 3.41868692826701 0 576
97.3263116908647 3.07655603121838 0 576
96.9126923649483 3.12680155008677 0 577
97.1558188870395 3.45320354321085 0 577
97.6779620363184 3.15977880875662 1 577
67.279195898394 3.06380100787697 0 578
73.6320323834241 3.20139398417739 0 578
95.8438164720786 3.00179797609551 0 578
95.9164713245446 3.01614408806397 0 578
64.0468071995721 3.87633033826843 0 581
72.1994904955917 3.17787943701881 0 581
98.2469229234655 3.27017850580917 1 581
67.2759356495618 3.01424003401613 0 582
72.9315203361335 2.99026223040161 0 582
63.7776704895514 3.34391401930653 0 583
97.1963290370613 3.17056563982735 0 583
67.5847524899777 3.09231128538728 0 584
87.6890437953333 3.29174928859571 0 584
83.1831174073328 3.10699240353644 0 584
97.2281656797573 4.93135029362564 0 584
97.961742158727 5.68920307606431 1 584
97.4977351268143 3.52396242136459 2 584
97.3714201758327 3.08457162330256 2 584
97.2319550896537 3.42477814239344 2 584
97.7433741513601 3.09837985701073 2 584
97.9683764063725 3.20763510562803 2 584
98.0034622825048 3.86041033888746 2 584
97.9731628355284 2.99002581709914 2 584
97.9828095127504 3.45098322785016 2 584
98.1444595725969 3.56839127974771 2 584
98.1011205507958 3.2392019002334 2 584
98.0194238908497 3.32213189841314 2 584
97.962062013575 3.30726213464892 2 584
97.9673934987614 3.03215489314003 2 584
98.0847226676524 3.68878184346973 2 584
98.1686557837109 3.49747687270107 2 584
97.9639171632846 3.45960662495043 2 584
97.9846522228387 3.31039343767468 2 584
97.9759336024942 3.02303162482312 2 584
97.9773911813463 3.11867101556019 2 584
98.1635582278448 3.12434503572335 2 584
97.9659970227127 3.36107703069153 2 584
97.9737604737928 3.09135673454566 2 584
98.0619920811912 3.66633366423641 2 584
97.9686828666436 3.06406537565641 2 584
98.07729684934 3.71101796335378 2 584
97.9796954815189 3.07454888316789 2 584
97.9793332678778 3.26338506052413 2 584
98.1083517046464 3.0857144451462 2 584
97.9651783104016 4.41628422700191 2 584
98.0021912351664 3.07142130507533 2 584
98.2090816545559 3.5453776526369 2 584
97.9659129188874 3.35275610168029 2 584
97.962014411111 3.202659557308 2 584
97.972636365996 3.04540226669308 2 584
98.1055672761906 3.61800251526492 2 584
98.0232145426284 3.07413824531776 2 584
98.0876126117859 3.49931621880007 2 584
98.0395005184737 4.60410532313822 2 584
97.9683232627412 3.37574884074354 2 584
97.9786300253391 3.52924296014315 2 584
97.971853123424 3.79788705070195 2 584
98.105299164517 3.43780045520779 2 584
98.0354016513281 3.03502791447501 2 584
98.1070171983914 3.06123748936828 3 584
97.988917606277 4.35593278315054 3 584
97.9821882657644 3.23515373546094 3 584
98.1187594786394 3.27969839966096 3 584
98.105430009221 3.36970686531928 3 584
98.2001221982255 3.34420843425558 3 584
98.2518503610981 4.02542045584552 3 584
98.0448985953639 3.15664766555369 3 584
97.9957933927363 3.31254596388285 3 584
97.9965123425038 3.62052718661312 3 584
97.9949897204211 3.28317680574703 4 584
98.0244682661265 3.2716759545065 4 584
98.0878777936647 3.05957805583359 4 584
64.4279558903122 3.23015553246304 0 586
97.4180175099607 3.12211086052341 0 587
0.727489413653509 3.22222272491919 0 588
67.316496320984 3.53371953964493 0 588
67.3657395904327 4.12773794681795 0 588
94.1665670064202 3.06418597586327 0 588
97.1316608483798 3.1712537530883 0 588
70.656597782399 3.11497442738359 0 589
96.2607867154411 3.51889827968126 0 589
97.1566154354881 3.07510017556672 0 589
68.9668053680284 3.23381968017478 0 590
63.7475865858423 3.34699456551176 0 590
65.0668263538546 3.02119594464497 0 591
67.380181380486 3.08118666969 0 591
97.2279710429365 3.3793888379743 0 593
0.00504908216023419 3.31746037370557 0 594
0.037464699036764 3.05793610005718 0 594
70.592871305845 3.18801045874224 0 594
67.3294004243498 3.05360730015872 0 594
97.3714776227978 3.30562662924556 0 594
3.18938965664642 3.05397766013775 0 595
67.5572131678311 3.09076103239932 0 595
67.2903082215767 2.99929502453402 0 596
67.3195651755917 2.992654564217 0 596
70.1746855771009 3.01168743271317 0 596
0.526131900607518 3.09506343144723 0 597
77.5226835103321 3.40892160455227 0 597
71.0442439523482 3.31435617501358 0 597
67.4025480546354 3.32182392953099 0 599
69.2925299202478 3.94367601025997 0 600
69.9553700806836 3.02056057176543 0 600
97.2589989560793 3.26084679252512 0 601
97.1521360693714 3.18644801157772 0 602
67.2624320850379 3.47621369887732 0 603
95.7839170885688 3.03159205241937 0 603
97.1441219695596 3.45390083137005 0 603
97.1667816280234 3.06693845243352 2 603
68.6996011095099 3.86149273760149 0 604
82.5177126634028 4.54014793868221 0 604
96.334927133123 3.04863506866482 0 604
63.8646131271216 3.86843877173119 0 606
91.8678500077188 3.43730095196382 0 606
96.3105156203736 3.36231529309158 0 606
97.4413401037261 3.1018953485594 1 606
97.4714345498182 3.63070183922883 2 606
68.1573111079628 3.20407066919607 0 607
89.5456011001887 3.07908605512861 0 608
97.0074001910277 3.06067610348785 0 608
97.8432923427124 3.04474451031875 1 608
67.2920487307293 3.12234927940827 0 609
67.2839129862854 3.07421858091392 0 609
97.1308886144862 3.12118818557069 0 609
97.710907426369 3.03451456539364 2 609
63.7365309242319 3.04958700329667 0 610
67.3750904738304 3.08839070345246 0 610
67.3297377879856 3.02997830732024 0 610
97.1821364282831 3.25957569941907 0 610
97.3310057055429 3.40514555386321 0 611
97.2212397082748 3.23957986317911 0 611
97.4911200503865 3.46336060875677 2 611
67.2739280632028 3.03222604053367 0 612
67.2559518823818 3.15008948422732 0 613
96.1219614623542 3.46697581880648 0 613
97.2520705960601 3.17511732583578 0 613
64.3118279335763 3.18145265072675 0 614
67.4287114182782 3.02584605354271 0 614
67.3220942170346 2.99094629769064 0 614
67.4566485600136 3.78244215578877 0 614
97.7016738956806 3.00983346273446 0 615
95.8821241629628 3.61872576110939 0 616
67.317307139533 3.26106467855892 0 617
70.8725265772129 3.04968974651419 0 617
97.2092003770901 3.01669290099667 0 617
67.6453940274249 3.52718930811736 0 618
67.5135287727938 3.11936987703122 0 619
95.8991896399646 3.1827696945987 0 619
67.3137956199321 3.75492061013669 0 620
67.295175875435 3.05227702047105 0 620
0.146206774989629 3.1423094199821 0 621
96.5644890841627 3.26594435532749 0 621
97.2206961341681 3.41326183338961 0 621
98.0573707422854 3.1415716938969 0 622
97.1824200536746 3.08818547457282 0 622
98.068523233497 3.18829849487854 2 622
65.5147838205054 3.5628817559068 0 623
67.4727669510009 4.75378910227187 0 623
97.1283795030691 3.3041971358004 0 623
67.333178474957 3.12187988939086 0 624
68.584216898498 3.01463320608229 0 624
67.2851472635766 3.48116981276352 0 625
97.339810792062 3.0529145779461 0 626
97.3571077624403 3.48359707828165 2 626
97.3662841594104 3.20312008246634 3 626
97.178612095949 3.34916697638564 0 627
75.4663165781486 3.18573593292835 0 628
78.6464955458336 3.03915959715577 0 628
74.9566052157086 3.85260377997197 0 629
93.5465303162904 3.63579640997426 0 629
67.8354709332805 3.28946456318755 0 630
71.2356707039532 3.72731045766922 0 630
97.2290460299636 4.33491247492942 0 630
97.3941597197114 3.66640389456278 2 630
0.0115433294953127 3.24993083895187 0 631
66.4822508210177 3.32735993233917 0 631
67.5268733962897 3.67599144941062 0 631
96.949038386552 3.8677558919947 0 631
91.8875088231932 3.27401137950077 0 632
97.2505221263591 3.64031375912998 0 632
69.4968376392678 3.34632435021069 0 633
97.6021752271142 3.25043121055333 1 633
64.2542412027872 3.46214490957569 0 634
70.1439586619975 3.77926628306148 0 634
69.0854060060342 3.3676131437492 0 634
67.2526855556691 3.08679242076027 0 634
67.2907859040336 3.34407792500972 0 634
97.7550744720111 3.10010981973693 0 634
69.374416908809 3.2241040652751 0 636
0.186811741088487 3.02317518099446 0 637
76.7194857495514 3.32850826494965 0 637
75.4117684260431 3.61028307804302 0 637
94.8191960837457 3.07309592777555 0 637
23.850657222951 3.32030154333012 0 639
67.6671477206561 3.74650203613481 0 639
73.4704971620938 3.00295634956231 0 639
97.6904031300849 3.18275382739597 0 639
97.2838595174468 3.11599221185997 0 639
67.2616668228507 3.00601950996512 0 641
67.3468496107296 3.00257107389626 0 642
67.2619005301429 3.12388998777372 0 642
95.0310864932564 3.44202445426318 0 642
68.3684797315616 3.31710952664393 0 643
80.5537204139555 3.09615728539007 0 644
97.2332927425402 2.99005478742252 0 644
97.2720939661192 3.13067303394066 0 644
97.175937617679 3.57773486992516 0 645
98.0735942737192 3.81891358481464 0 645
98.1619403617577 3.11097699477728 2 645
97.609515267186 3.00030241278049 2 645
68.0109714289272 3.65351661513222 0 647
67.6119796340334 3.1154626919007 0 647
95.9074551496032 3.25065346919575 0 647
96.3837300493306 3.14736279876475 0 647
97.4014029327157 3.02698245605171 0 647
73.5604876533047 3.77469640870369 0 648
78.1987819490126 3.18306865974046 0 649
67.9063528858951 3.44240833618852 0 649
97.4488348395533 3.59417651500479 0 649
63.7702115447226 3.38106193980312 0 650
67.2639927550908 3.78913619804521 0 651
95.8411848677636 3.42488535443451 0 652
97.2690224193831 3.30479110463862 0 652
95.8546593323393 3.43431377574929 2 652
67.7706613660588 4.1574359648388 0 653
92.4091219805784 3.69380424896525 0 653
67.2808337006706 4.45527577512841 0 654
69.7443414639994 3.02895187020426 0 654
97.2331850009321 3.12687768454494 0 654
98.0934096872613 3.11098191700785 1 654
67.2604650225375 3.59302140409618 0 655
64.092359742976 3.19914489275557 0 656
67.4547041959812 3.17859039622202 0 656
97.7398691956403 2.99359812552696 0 656
92.8351755326948 3.28998206419487 0 657
84.9146573412204 3.56221436845703 0 657
64.2352726720619 3.26199783151991 0 658
96.1051893511117 3.15646195079716 0 658
98.1124883158041 3.1717853279349 0 658
67.419078550174 3.80680422260947 0 659
67.2673381599861 3.32264013659352 0 659
97.1758879141461 3.21791261030184 0 659
67.3689312040786 3.31812159294759 0 660
95.326743809922 3.49898903997924 0 660
96.2932727205683 3.04164722756011 0 660
96.9332997907987 3.1371205226421 0 660
97.709622897563 3.70327858232074 0 660
97.1597283846391 3.01321358746367 0 660
89.4548691538315 3.09050408966114 0 661
67.4058088155941 3.29892924546942 0 662
78.0659240949139 3.34524162946591 0 662
67.8393953196433 3.55552661100908 0 664
67.3600225549625 3.07834391999703 0 664
67.3113918743308 3.10847462116082 0 664
91.287970394647 3.18758519968353 0 664
97.1360394293887 3.07964196924594 0 664
97.5157430628121 3.46900536351298 1 664
97.6996104783634 4.02988991754802 0 665
98.1623085432027 3.49332555148898 1 665
97.734063998665 3.91357979565687 2 665
98.1763204901772 3.35488851636331 2 665
67.8160224152528 3.87963748674149 0 666
74.5109412207303 3.12632076840604 0 666
96.9914387492415 3.07088922815733 0 668
97.6965682407516 3.08338781321759 0 668
97.1469352835058 3.46263625346389 0 668
97.2637879968823 3.05378471845639 0 668
97.4543428808911 3.41894970303192 0 668
97.7280696547138 3.29628194237463 2 668
96.4300595382023 3.05723598827223 0 669
67.7324230328437 3.48699557840244 0 670
67.3587774287935 3.04991176659807 0 670
63.7393009281315 3.17537628993928 0 671
67.2722312163966 3.50832706597725 0 671
68.4546754325781 3.13286325355198 0 671
97.1574606346789 3.31651743414345 0 671
44.057574404208 3.05378296720659 0 672
63.7868047960339 3.04051758882356 0 672
97.2752063723487 3.01734032342621 0 672
71.0307748212062 3.08169579093069 0 673
97.9125692053669 3.63045493636255 0 673
98.0477743761288 3.6117168701529 2 673
98.0619122350525 2.99400555502901 3 673
97.1422599181313 3.21417234073805 0 674
97.4276713194481 3.83659735631693 0 674
98.0088662006699 3.04498705480672 1 674
72.9003108870208 3.04599855117431 0 675
67.4155666846756 3.14783264499585 0 676
67.2691472314128 3.39649437296275 0 676
5.5426569100339 3.0574260541021 0 677
70.5854097552847 3.19440956501102 0 677
63.801408014992 3.41378410605285 0 677
67.2862980797599 3.4142357933677 0 677
96.3172677140323 3.07820845278069 0 677
97.9621408057671 3.12135128812049 1 677
85.9479496033019 3.24364965987618 0 678
63.8248140067825 3.21818790234124 0 679
67.619462179297 3.09147361320892 0 679
78.1440357066517 3.05794262450455 0 679
79.0500774189145 3.01389807244658 0 680
97.1481953102697 3.08836852907587 0 680
97.6750715735933 3.01008499229077 0 680
97.2305148095143 3.0437220308611 2 680
67.7936884943422 3.52244090648367 0 681
97.540438341656 3.00839682878868 1 681
97.5563015263848 3.46264404630153 2 681
64.334054322491 3.25081972381476 0 682
72.2015576914731 4.38189207612086 0 682
98.0902064447098 3.04126911166625 1 682
48.2690715762559 3.72783303877318 0 684
67.266298258619 3.4706508095802 0 685
92.5088514117106 3.0223733280544 0 685
98.0219970592104 3.70353070078864 1 685
98.0869121141828 3.07808899489798 2 685
69.2591607184897 3.22257827308491 0 686
91.1970541105361 3.05399006139123 0 687
97.1704966836774 3.03435570113673 0 687
97.4505193288423 3.11438617508336 0 687
97.3047730080672 3.30975040869694 0 687
67.3231754712318 3.06984054248312 0 688
70.8635475999181 3.30860726159477 0 688
97.6398154586356 3.71387359772904 0 688
97.6497259318199 3.57706614049451 2 688
97.8559792113289 3.42856006661508 2 688
83.4881524109414 3.22940099726492 0 689
97.126545374498 4.16566860284198 0 689
71.335816086002 3.50472107578727 0 690
68.5143391883585 3.09278324263427 0 690
80.1914173536379 3.00547718850253 0 690
96.8857604889122 3.19019976013561 0 691
96.0071041501974 3.25128472297076 0 692
96.2172766277939 3.11093081830437 0 692
67.3629368175392 3.32475043334381 0 693
68.5527459497929 3.29222042577051 0 693
97.1337109306295 3.23232337363939 0 694
97.2067997159502 3.00935363323612 0 694
63.821029792479 3.43569113625955 0 696
68.5859313361802 3.18757420699479 0 696
96.3175361440547 3.0705831593667 0 696
70.8180639238993 3.46622807427278 0 697
67.3984305677089 3.09526834062277 0 697
96.7250716798234 3.14888177237604 0 697
97.8591686577808 3.33749987268066 1 697
63.9269916044558 3.03619513535282 0 698
97.210691270725 3.16427317230441 0 700
97.5118571749152 3.78079082164005 0 700
69.7794895596283 3.06632942236405 0 701
97.3437853647567 3.60110791726106 0 701
72.1484311520385 3.06550224722789 0 702
70.7489873613408 3.07824871324902 0 702
68.0092646665297 3.45516827485497 0 702
95.6619454264581 3.43866404264076 0 703
67.2601391612474 3.17181092412252 0 704
67.2682186782935 3.02283400997587 0 704
67.4960706124054 3.15597501534359 0 704
96.9349587341835 3.02387572692457 0 705
97.5203869121421 3.45939724397253 1 706
85.7034992604316 3.85847062315383 0 707
97.2061123346124 3.02218251778236 0 707
73.1079180949041 3.44434463275262 0 709
67.5651676719436 3.18348400138525 0 709
96.6069334661386 3.48041606163217 0 709
68.4828734017921 2.99661670382119 0 711
96.6603677572952 3.36311857888288 0 711
1.24085008135001 3.58482886317036 0 712
81.5302186707353 3.09385098248893 0 712
97.376024824178 3.51239311635508 0 712
67.2642062115049 3.0969057436313 0 713
80.5284669395194 3.04829456451832 0 713
96.2046352554102 3.0525514586604 0 713
66.7032779384328 3.11091324178762 0 714
96.7127991500351 3.01775370363994 0 714
97.1276131686718 3.39277156095229 0 714
97.2558019805946 3.0150531050394 0 714
97.4932185455498 3.54489897139468 1 714
95.7913571874935 3.13859575910325 0 715
67.6965693611229 3.53589140942791 0 717
96.3611809923342 3.26936570785132 0 717
97.1312170263732 3.57822676834893 0 717
67.255309055965 3.21206388765643 0 718
67.4700037862975 3.62380415972041 0 718
86.5381382700226 3.25318027405348 0 718
96.8512756479903 3.50263199533515 0 718
74.0439411453416 3.1395043806893 0 719
97.9188527897493 3.23994609208101 0 721
97.1841281522636 3.74580686286853 0 721
97.5088916495249 3.35706038644925 1 721
64.2601543735128 3.4834092783116 0 722
67.493101595808 3.2210322909583 0 722
97.1949714507516 3.15402330196199 0 723
97.1612953067396 3.5570889749201 0 723
67.4451837402236 3.64205338696356 0 724
67.2796996897402 3.29991949149579 0 724
96.9960757910655 3.59396957740249 0 724
97.1787762543812 3.28590575716084 0 724
71.6751337978956 3.52463120062375 0 725
77.5322623557826 3.49147490221707 0 725
93.3813644798487 4.04063178975183 0 725
67.3284232322822 3.16352253486942 0 726
68.5140108514356 3.1705719717421 0 727
69.1070470628066 3.36317293246321 0 727
97.2187789071614 4.73976028404356 0 727
97.8065466040947 3.10265116193408 2 727
97.223820018065 3.66354714549129 2 727
97.2891775715794 3.1202594047132 2 727
97.3209342355731 3.19775967385437 2 727
97.8581448819823 3.14791185543155 2 727
91.9034124040143 3.47469240001177 0 728
64.0149734656288 3.40666745320346 0 729
67.4268216111841 3.29845677305287 0 729
97.1875387492153 3.50265775198893 0 729
97.9325920559738 3.17393195579727 1 729
97.9356274343548 3.30443948066611 2 729
98.1031831128061 3.17299589187449 3 729
67.2894362660396 3.11846784760464 0 730
92.1657939860507 3.85333899343828 0 730
0.21876666130006 3.17651510949776 0 731
95.6666612809951 3.89364799033344 0 731
97.674208128107 2.99085136189371 1 731
97.209146476325 3.57274396487136 0 732
97.7014724192947 3.79256167166627 1 732
1.07371954316684 3.23464918373821 0 733
96.4390548013922 3.18455140467211 0 733
96.7069341373937 3.04899118344943 0 733
97.7535868976072 3.01943013260525 1 733
97.78468908174 4.48037482829266 2 733
97.8152570224313 3.41217395287341 3 733
98.2250935285678 3.43895742509386 4 733
65.5155482994554 2.99858621106221 0 734
78.4193057248292 3.11877212504109 0 734
92.1055428751825 3.24864025421927 0 734
97.1427927974895 3.55769176714466 0 734
97.1836907739648 3.84023448570535 2 734
67.4103523360741 3.70017673952132 0 735
67.3048534749352 3.37331103629752 0 735
82.0581785611031 4.08161772978139 0 735
95.9357795027919 3.00506246422843 0 735
97.4159072858766 3.44742498164597 0 735
97.1654857901164 3.18054608671003 0 735
97.5171039299846 4.22113302520664 1 735
97.5355247961937 3.28345667402955 2 735
75.9108168214669 3.30458094439021 0 736
67.4961332270076 3.72562922463179 0 736
98.2288729036033 3.76403038617336 1 737
97.1186174245384 3.239380549954 0 738
95.9183942888011 3.2074211918861 0 738
71.0223532471852 4.00220257388943 0 740
96.6892946549243 3.04094175198591 0 740
68.3685891966494 3.12922522406219 0 741
97.192437010492 3.25186635417861 0 741
67.5033177507393 3.19005462174299 0 742
67.2921003638402 3.29301926467929 0 742
71.8943771099064 2.99718487202153 0 743
97.3053264342185 3.85532613491039 0 744
97.3062258478844 3.08770743455058 2 744
97.4325129480448 3.38158759355203 2 744
97.436038955134 3.06930422347228 3 744
63.7808558242915 3.01383516926654 0 745
97.1607958010647 3.00459339265146 0 745
93.1575465063892 3.96120831015089 0 747
67.7654016508526 3.0584135491512 0 748
67.3262447877757 3.04931044268091 0 749
95.9051192438352 3.4382371779715 0 749
95.8179002595918 2.99720709912615 0 749
67.3365634668936 3.41677947108905 0 750
97.3036670391954 3.77926247906524 0 750
97.3089134137407 3.08637646591952 2 750
97.4012205888758 3.81703459971748 2 750
97.4940637546179 3.1043864369166 3 750
63.954538179833 3.07484762790448 0 751
68.0180719791304 3.23546063513229 0 751
95.944973808721 3.00242583826531 0 751
98.1991198409621 3.10789109542083 1 752
64.3122106763671 3.31717955731806 0 753
67.2677038619115 3.57988934435412 0 753
68.2274047050598 3.53983656071691 0 753
97.5542110030993 3.230829857184 0 753
95.9848342673406 4.64550246520832 0 753
67.2599206142597 3.17752348918878 0 754
67.3609135655155 3.24915333745111 0 754
93.4738896040488 3.34445622449881 0 754
83.3954894273708 3.04895814009481 0 755
80.5334992636251 3.0391815740503 0 756
97.3086480936746 3.59844804468788 0 756
68.138206450355 2.99598467254122 0 757
67.302690944737 3.05409920678704 0 757
0.0405474766564007 3.13578702795729 0 758
70.0791493604793 3.16368273973507 0 758
71.841801794875 3.69558525159795 0 758
97.0231980388286 3.30531277095192 0 758
1.14764258856857 3.14308010534984 0 759
65.2020359164111 3.24001530895619 0 759
90.4541084252717 3.61593860250762 0 760
97.2341299994307 3.0159218424039 0 760
95.838939254318 3.07337434691432 0 761
67.2796104701108 3.10586209124321 0 762
82.4651908799792 3.17085650663193 0 762
63.7547579712309 3.18911200762103 0 763
96.9373738015502 3.5218250377948 0 765
97.2624141252802 3.14897616122938 0 765
97.8020516465038 3.08107810734539 0 766
97.7958644802954 3.15749905859746 1 766
95.8373712341996 3.4242898011942 0 767
67.3195034505088 3.02023793428658 0 768
67.3107284423046 3.12836178795937 0 768
0.0394665289516746 3.24527437527266 0 770
97.215527611504 3.50020793356782 0 770
97.3155745293513 3.24459202723523 0 770
67.2567578805522 3.57409412209617 0 771
97.3006981284019 3.22400564220457 0 771
69.1149301299215 3.28586741908335 0 772
67.2642173294255 3.67284496661796 0 773
68.2855311777472 3.09610228954437 0 773
76.4230351210239 3.407536486992 0 773
78.6444580027962 3.76165385072804 0 773
96.9238622070288 3.11490122893432 0 773
67.3581534452359 3.2182216644353 0 774
95.8903883022832 3.74509350584653 0 774
63.7741541896592 3.38855786649375 0 777
86.5025037695745 3.08134546284624 0 777
96.9395499111738 4.05913717839305 0 777
95.5076468012287 3.33692516106136 0 778
97.3570110807002 3.01132816971677 1 778
65.4597495581044 3.11771333127551 0 779
67.3942072838952 3.42195161049156 0 779
46.6870467245537 4.6753780050693 0 780
95.9497221684398 3.15296850845986 0 780
67.2737167195904 3.27852279485891 0 781
67.3274962545352 3.47736131085991 0 781
97.8998200672397 3.04036107479769 0 781
63.7811164190976 3.12675954843612 0 782
67.4475490542317 3.03506819377556 0 782
90.5253235483098 3.35547483561177 0 783
67.3035148991149 3.13114655709606 0 783
67.4800198091974 4.09286301162673 0 783
96.4442246343147 3.21135551438903 0 783
67.4401431720105 3.98152214769007 0 784
70.8150512166586 3.42187651549748 0 784
69.4059917360342 3.13262342364655 0 784
95.8886258284711 3.92288243125917 0 784
97.1450727944458 3.23343180148565 0 784
97.1752758466069 3.09862376791457 0 784
96.3903982207848 3.04291164216239 2 784
66.6568848615286 3.02043937638159 0 785
67.3183837247382 3.1727561293782 0 785
78.4313914296894 3.05470008247128 0 785
63.8141783986698 3.07473824816724 0 786
71.3222695394515 3.03062832025286 0 786
95.7864965473525 3.04117980164181 0 786
63.6922792932533 3.41846289330776 0 787
91.5881439500747 3.73957336607332 0 787
97.1349716157888 4.20118828630683 0 787
72.9229404338227 3.33083477561047 0 788
67.2587047292147 3.04008060293698 0 788
63.9357289438745 3.24297182507004 0 789
68.7456659330095 3.15405232761323 0 789
96.6031916808825 3.04030281285056 0 789
96.0830204427922 3.24882908736807 0 790
67.6513020344264 3.24696322690626 0 791
96.042097916406 3.25135207030666 0 792
6.73171002812136 3.02357124226181 0 793
67.2867193668072 3.69748374118953 0 793
82.0840815879029 3.89979718443349 0 793
93.027325716377 3.20102215648621 0 793
97.2175819110016 3.6343449424304 0 793
97.6364036332487 3.36415388328312 2 793
96.671812112898 3.11603960452768 0 794
63.9857643471429 3.12172029438857 0 796
97.2894823881604 3.20588036572557 1 796
97.2935429370702 3.63632323838919 2 796
97.5675905061927 3.18230346602116 3 796
94.874259228675 3.20796468239647 0 797
67.2555230504558 3.93586438006732 0 798
67.3054543350632 3.06690095598565 0 798
96.8720278767519 3.94029801375219 0 798
96.8732859309024 4.40891525974638 2 798
97.1837559744748 3.05868730087424 3 798
96.7642122014004 3.24726204935245 0 799
1.47707926441029 3.44698807439705 0 800
69.9173294961681 3.82152432718271 0 800
75.0443819685013 2.9941811447812 0 800
75.7775074781806 3.3576549071936 0 800
80.5240468967712 3.64736167588868 0 800
97.2404772250484 3.55891180229567 0 801
70.2453452497733 4.86947450497571 0 802
77.0716124398468 3.21245974336377 0 802
73.5727657672053 3.17157335860583 0 803
67.2575975052785 3.02900712048091 0 804
68.2664093965315 3.05862361197644 0 805
67.8959826651938 3.07881975678585 0 806
67.4851286854345 3.07754906707427 0 806
97.1854021494143 3.00820237283976 0 807
74.0286647990372 3.00312018982967 0 808
97.328511826374 3.06443021922074 0 808
78.6454362857792 3.28983592726074 0 809
96.3425735425904 3.05845724178272 0 809
74.1044711911413 3.31283433687175 0 810
71.7700638434036 3.06829384608996 0 810
97.5241967121622 3.07804886464624 0 810
97.5311771693172 3.84961486657088 2 810
97.6151932962805 3.42174081105191 3 810
67.2542921782215 3.69020754951241 0 811
67.2601195118773 3.20020073847908 0 811
97.2451677222978 3.2529874411947 0 811
97.3673619095205 3.83294856772244 0 811
97.3314257982449 3.06361550977665 2 811
67.5038924286975 3.2904614513622 0 812
86.0070532380418 3.16378251086742 0 812
74.1205185956419 3.39228904541759 0 813
73.5964708032886 3.98558565074104 0 813
97.2423420266517 3.3248751713924 0 813
67.4912814908374 3.36436073120002 0 814
96.3829899304829 4.47222164885141 0 814
97.9916578206606 3.06185985733055 0 814
95.8090645486754 2.99992213814797 0 815
97.1260730517498 3.0736809432252 0 815
98.0314445205124 3.26670324530754 0 815
97.2833341382775 3.01698863186302 0 815
67.385194857069 3.11757073843938 0 816
96.1210565191611 3.00272219937013 0 816
97.0694565541844 3.02682729514287 0 816
65.6084163721472 3.54280032257277 0 817
67.2868222361289 3.00473029267394 0 817
70.7745702833507 3.20905181232326 0 817
67.2755124844671 3.09706493326985 0 817
68.6818105026753 3.01968422067685 0 817
71.9929558740484 3.64003810331151 0 817
96.8560316180072 3.02307265184364 0 817
96.3548965312289 3.06238742347259 0 817
0.138882148702634 3.00063999957258 0 818
67.4101874926652 3.00914346674028 0 818
96.3080259436841 3.04391371432714 0 818
97.2547633379264 3.23470370230538 0 820
97.2972810166686 3.20793365646866 0 821
68.8011157543491 3.63080389939381 0 821
97.3428221307729 3.23045813736581 2 821
70.9297145321934 3.07640688796542 0 822
91.2553197397746 3.05686288528996 0 822
95.1490599402453 3.39225115451264 0 822
67.2946963153144 3.0089224205134 0 823
69.8596741614013 3.10670471359589 0 823
67.2810920305286 3.15280850313107 0 823
67.4691595699842 3.15383546225985 0 823
96.5285771985037 4.11747692942409 0 823
97.6370618161002 3.0521949290152 0 823
95.3105032349639 3.09747880675872 0 824
98.1560260017953 3.14744204265701 0 824
73.9077885572823 3.00519015408247 0 825
97.6461646384031 3.0489252498877 0 825
64.9767220565721 3.31176565629646 0 826
67.9909075149384 3.71645682379486 0 826
80.7714705118311 3.06544539602531 0 826
82.8105195058297 3.67463009701506 0 826
97.2344373845739 3.02295521285137 0 826
97.2363432587257 3.00379707181491 2 826
96.3165730456664 3.00018847830611 0 827
0.277750989439875 3.18937628523108 0 829
63.6998615208261 2.9937574703063 0 829
96.3243198805193 3.30600690798819 0 829
96.6268148518306 3.52456173739825 0 830
96.7081501071376 3.15825703529727 2 830
63.7450140302038 3.25705598120361 0 832
67.286039696999 3.0960160200841 0 832
70.3557479420406 3.0963549839919 0 832
67.2618019126037 3.0797328433388 0 832
68.0315736011626 3.37939403287105 0 832
97.1546846729034 3.07044115663521 0 832
97.2099141503971 4.32004033048643 0 832
97.2103406590781 3.46976612519492 2 832
97.2351404162593 3.3548717746266 2 832
63.7572660936556 3.06883271471407 0 833
64.8116487330475 3.11329923489991 0 833
67.2661654444 3.12285459753466 0 833
67.7687833017253 3.06637708759433 0 833
67.2561035882819 3.08176119082411 0 834
67.3266027736234 3.08446205810469 0 834
96.657089105356 3.04788661045443 0 834
95.8697568372421 4.32086012257969 0 834
63.8753617730503 3.72475530769483 0 836
67.3835470112272 3.14753164409806 0 836
63.6717612364049 3.65212222449795 0 837
63.78165894754 3.62282508391877 0 837
77.8634505298938 3.44232139081907 0 837
68.2348102947026 3.12264115154196 0 838
67.3246612555791 3.49926726850005 0 838
78.282903015621 3.26870286459022 0 838
74.210838829107 3.04797432165479 0 838
96.3280442266343 4.0634801254093 0 838
96.6791070208517 3.15879467257354 0 838
63.7896804693466 3.04437826418373 0 839
96.9229051992821 5.51278503095901 0 839
97.1595074080561 3.7238027817026 0 839
96.939520688567 4.16764934695946 2 839
97.1547008172485 3.22243338422678 2 839
96.9411626206867 3.3885631016845 2 839
96.9291642211241 3.25455280739005 2 839
97.8990841385015 3.01744771734391 2 839
97.1424498863677 3.59650153774846 0 840
97.181945607975 3.17218737140562 0 840
70.4583873629882 3.03605060535372 0 841
74.927090965558 3.08545444930416 0 841
96.7349779886892 3.07779803402357 0 841
95.9420879921173 3.51746204294586 0 842
97.3830773493926 2.99055588509953 0 842
97.684761834533 3.08161087140332 2 842
97.6978342828294 3.39929239060117 3 842
0.0703471375810501 3.22255814304934 0 843
81.9845023665154 3.05639733434413 0 843
95.7929127023135 3.6482069852954 0 844
97.1280530049802 3.22446327592477 0 845
67.2592312799081 3.17501347819247 0 846
0.517548001302876 3.03436929099768 0 847
67.3424060976218 3.42638591976649 0 847
67.7804880545525 3.28956876680371 0 847
82.8645317940278 3.21276327960264 0 847
98.0986107880988 3.79326160091636 1 847
4.09391635605647 3.18420890504013 0 848
97.7163941184797 3.11615335159349 1 848
67.4762181805014 3.05588269191615 0 849
67.3260637379605 3.51185500003219 0 849
97.3636445049003 3.20697310712245 1 849
97.8938753390118 3.27334639577944 2 849
96.3042622297224 3.00882652078643 0 850
67.3753451168503 3.50503780482803 0 851
97.1571320704042 3.08440261571209 0 851
67.3895383434285 3.80136335551507 0 852
75.4209959861795 3.70473126777356 0 855
96.9157367828775 3.00035088010381 0 855
63.7883656825993 3.47533504455026 0 856
96.0252301938092 5.46611818095356 0 856
96.1226324003492 3.8620132355358 2 856
96.1173292745073 4.11452831778192 2 856
96.0290797113836 3.45920786668734 2 856
97.7681086450099 3.8771566198169 2 856
96.028280024773 3.7451961245454 2 856
96.2336261409081 3.20010793108961 2 856
68.010788433601 3.0240850468472 0 857
96.0655251137625 3.82889951849837 0 858
96.4296219490332 3.0457733053842 0 859
67.7026702673567 3.06102361273196 0 860
97.1253792347903 3.3216722553299 0 860
63.6532087274719 2.99609769434129 0 861
96.5206760649564 3.52037802985788 0 861
75.7963968259635 3.20357530320702 0 862
67.3229026069459 3.03382413204641 0 862
97.9518568808951 3.0241618048675 1 862
67.3206894512582 2.99537536673599 0 863
86.6225158556541 3.02693034682196 0 863
96.9612637305113 3.02883389762269 0 863
67.9868512213098 3.13439963176962 0 865
67.2910245736854 3.10691679017365 0 865
67.5289519483814 3.02391967091669 0 865
96.4470493594736 3.10795869877802 0 865
96.3345645467067 3.09088818014577 0 865
63.7475728233616 3.03368639811823 0 866
0.154544170081163 3.05576405379859 0 867
67.3339368313308 3.3551918950011 0 867
67.6556530041545 3.07203637365164 0 867
67.3926442945783 3.14676513991478 0 871
97.1702895126189 3.83798347728876 0 871
63.8169909884986 3.22795084123943 0 872
97.2258666135958 3.0062475302954 0 872
97.2782401449319 3.28431156007863 1 872
97.1641410595145 3.06496528570932 0 873
64.290857550659 3.13557675638269 0 874
67.2855538128085 4.95275700534591 0 874
67.4421770468842 3.12027259902991 0 874
96.5185945799287 4.28227564695587 0 874
97.360293573203 3.2665981054259 0 874
98.091086815096 3.15707344410265 0 874
96.6032543160919 3.34614454224137 2 874
97.3730907123243 3.16552678705354 2 874
76.3242756636795 3.71507735834434 0 875
67.3705056763031 3.01808963610568 0 875
97.3902907904592 3.02609110196073 0 875
97.8842373408835 3.10718968433811 0 876
67.2526109118586 2.9968793431619 0 877
67.2868515901212 3.22033322939261 0 877
97.2075500330741 3.48788535186612 0 877
97.8821502006419 3.15352228257541 1 877
97.6513054505728 4.05466443530065 1 877
98.1348669124948 3.45131050600952 2 877
97.7104652228079 3.49223562936128 2 877
97.7276689180379 3.25863979283511 2 877
97.738747233411 3.44158226677369 3 877
96.9178406838483 3.01792871124982 0 878
97.1507910386385 3.10157789128814 0 878
67.5584036242506 3.17531063283076 0 879
68.4186095359773 3.12057092825353 0 879
96.6718695071348 3.01973510927588 0 879
64.080393549092 3.1926319647756 0 880
67.3651684653384 2.99284720105909 0 880
67.9589791747234 3.04414041156872 0 880
67.342254560717 3.19282573878716 0 881
97.552647115361 3.0439855259659 0 881
63.7533332807175 3.43649339894673 0 882
67.3780992550778 3.32025470927726 0 882
95.8867818300923 3.41763615034751 0 882
96.2616592857174 3.146422309449 0 882
97.2323207832656 2.99056440501524 0 883
80.5819809431261 3.26082142538659 0 884
96.9196082140298 3.19796510086128 0 884
72.4292481563252 3.68822900036357 0 885
95.880839776519 3.67273860260858 0 885
0.137878641910441 3.70383160549456 0 886
98.0343917248328 3.9810867640203 0 886
96.6720602111033 3.13167769625264 0 886
97.5614358950377 3.11309453605786 0 886
95.7782109066442 3.07880926080401 0 887
95.8643485077751 3.46539678712156 0 887
96.8990350353565 3.02767046585099 0 887
96.3790648719727 3.30978380081404 0 888
67.2708164277724 3.5222871469922 0 889
64.1861210105842 3.39175661015769 0 890
67.4814201746754 3.22776750232024 0 890
69.1862336466061 2.99106389028486 0 890
67.2544827357702 3.02524452329291 0 891
67.8540013090822 3.11321312137644 0 892
97.7195254766449 3.05138856051467 0 892
64.0519496192062 3.17381561655861 0 893
67.4569842512843 3.06754265509966 0 893
97.0446172322296 3.30031988027847 0 893
97.2357001853613 3.08540492076209 2 893
67.2627488011911 3.6184558821785 0 894
86.7618089591119 3.7244811806685 0 894
97.0015975917682 3.02762882760976 0 894
97.2757119507205 3.95312632518168 0 894
97.1898764442829 3.18236658960637 2 894
97.375777289126 3.2072372733938 2 894
97.2702155404881 4.11842897233452 3 894
97.2714745351982 3.01947549233915 4 894
64.4114349348583 3.18048756118559 0 896
95.5262379758322 3.30471417639665 0 896
95.8093231024402 3.41271834848404 0 896
82.0400679515871 3.26590513047897 0 897
97.1258541504651 3.49713426885118 0 897
97.1298456929233 3.0640589152856 0 897
90.8593323115724 3.73265551842436 0 898
97.2622121446309 2.99327739846654 0 898
67.3924765047503 4.04939554270464 0 900
67.5207601420062 3.34688298141989 0 900
67.2619871873992 3.01483264382496 0 900
67.373602857189 3.0094837409686 0 900
85.2198325995326 3.29752868954974 0 900
5.0872888673455 4.20430892534793 0 901
63.8104233957798 3.46815870037184 0 901
68.4378043311768 3.06929770917415 0 901
97.6751747991808 3.32396237437817 0 901
97.2216081008381 3.26469227158542 0 901
67.4619157987161 3.17151508696391 0 902
63.8680562504224 3.11092875346394 0 903
73.0441553595626 3.49507180061874 0 903
67.452862517183 3.08495485621189 0 904
69.1690939606456 3.46358603342664 0 908
95.8817991929818 3.19455307058764 0 908
97.1439471955217 3.20515080811335 0 908
67.2537097352704 3.25345077761248 0 909
67.288982331264 3.96877682372887 0 909
69.7235103081484 3.40110446982434 0 909
97.4154780500297 3.36422163266637 0 909
68.2627396865189 3.44323109004248 0 910
68.1212300898076 3.34663464069393 0 910
2.2416330640759 3.2086516927227 0 912
70.0236557063423 3.01026183346474 0 912
97.4689771479771 3.53697297923674 0 912
67.2811158145181 3.02335175006992 0 913
67.2595561926457 3.13207114025762 0 913
67.3460440016495 3.03031948888518 0 913
96.4301275494747 3.76499462811252 0 913
74.4110074200804 3.09424662149605 0 914
2.41763921553101 3.71524353687166 0 915
67.3065109136707 3.28994762921616 0 915
89.2151222122243 3.06924652009553 0 915
95.9702168524376 2.99176406701255 0 915
96.3126510620285 3.12949180448965 0 915
63.8081839044078 3.04074406187295 0 916
98.2139368384245 3.14210238288136 0 916
67.3288717424713 3.10603521358911 0 917
67.8505115830589 3.00970437396274 0 917
63.7425131195703 3.24529122937549 0 918
67.8229307621009 4.15914772679418 0 918
97.1342236097347 3.06062642489882 0 918
96.6796855066887 3.15629294763781 0 919
97.348126387514 3.44026468827826 0 919
67.3874474496601 3.91341439548338 0 920
68.3444764433195 3.36578797530282 0 920
96.9176146117739 3.81011290558925 0 920
97.1422317973494 3.13246372215297 0 920
97.1600393185892 3.0091274524319 0 920
75.3459484261717 3.02724533230904 0 921
67.2995638360033 3.45686058440105 0 921
96.4345474764395 3.52373099384102 0 921
96.3629409651685 3.83545174994561 0 921
97.4891181060979 3.21959572704516 0 921
72.0526854060448 3.35913110253084 0 922
81.1488870460956 3.37439262539656 0 922
67.3767147550649 3.15975246178055 0 922
69.1210120159821 3.34266026846264 0 922
98.0077905126188 3.56235256834437 1 922
98.1343665192642 3.26881216280702 1 922
67.2590701682662 3.04506708092957 0 923
67.3440369449499 3.54240206247637 0 923
64.8032091579355 3.13078698659279 0 924
63.7936933187636 3.04543120783627 0 924
77.6968517487733 3.03096318382054 0 924
97.3805400301885 3.52320540611605 0 924
72.3728746714888 3.28775761257849 0 925
97.790065346732 3.19727015776684 1 925
0.0104685525036397 3.11067402568407 0 926
97.2518369029956 3.0539184898502 0 926
92.8008058734043 3.50629003458442 0 927
67.2541068522572 3.18439602054345 0 927
77.2453439286014 3.50602704562507 0 927
97.158871106459 3.00327442001236 0 929
70.0268634142977 3.48199228223304 0 930
63.7666325348373 3.35085659087864 0 931
67.8026475330888 3.27130259730366 0 932
67.5848936820865 3.1042487756367 0 933
95.914818515514 3.69363263749511 0 933
96.6579275396835 3.65839880073265 0 933
96.9369810627025 3.09637775343614 0 933
79.931369649151 3.12170611832212 0 934
96.4912106014473 3.24770920583948 0 934
67.5017457497055 3.67962396560681 0 935
96.6719392743048 3.04246053640889 0 935
97.8869507345178 3.07408995767532 1 935
97.2659936381776 3.27550790679608 1 935
96.929389160141 3.36467446303349 0 936
98.1230465910795 3.46421604330486 0 936
0.264976066835906 3.37283786230632 0 937
97.4936192226403 3.50161156516207 1 937
64.1247233868802 3.2731886905053 0 938
86.7237390314095 3.10079493518465 0 938
67.4209931700011 3.58401023990614 0 938
97.1758671184983 3.00601089507801 0 938
97.2332343175459 3.4834948306598 2 938
63.740205650939 3.42735725730181 0 939
96.8033784229984 3.34463962704609 0 939
65.7127330523029 3.31004952289621 0 940
77.9346578539635 3.26454401509812 0 940
96.333328600181 4.38168800858395 0 940
96.505602900465 3.34745640446668 0 940
71.6276329826097 3.08190156270885 0 941
88.4782439743976 3.34646544763922 0 941
96.3120076065912 3.08436956872192 0 941
64.6307920139807 3.85660400013559 0 942
97.3630658574209 3.35792921513223 1 942
97.7928377129732 3.18755816407386 2 942
67.4132568575936 3.26444644849081 0 944
89.5889690479267 3.09591862766125 0 944
67.2853299474091 3.1230731918447 0 945
97.0792353670966 3.01951714659258 0 945
96.4087583904823 3.09883656447226 0 946
63.6994597015207 3.58226134081633 0 948
71.2618836855061 3.10662603379888 0 948
68.58264744992 3.58358353974548 0 948
67.4652941211948 3.47901316744847 0 950
67.9818931358024 3.32993105622424 0 950
95.8368188851155 3.29592400390827 0 950
63.9231709363359 3.7734696048749 0 951
92.6347643745079 3.51898685890651 0 951
64.3410355573594 3.03692970097894 0 953
67.3429920488211 3.78058180166909 0 953
67.3361490818437 3.38456584480857 0 954
68.6393730261785 3.12231424430905 0 954
70.4809598696358 3.00973105023541 0 954
95.2409243038822 3.22435258073654 0 954
68.2278230116709 3.28751817545515 0 955
97.7256750713926 3.26208206715578 0 955
97.7342584858739 3.0258496155212 2 955
63.8187537571443 3.5718954619516 0 956
69.3908928445682 3.11352439527572 0 956
74.4552672221417 2.99669748969871 0 956
67.2922605195201 3.03123818336604 0 956
69.6939969127319 3.29523081587517 0 956
70.7664090774821 3.10453614292226 0 957
98.0151447293587 3.32837905033091 0 957
97.8521592439533 3.08251359846857 0 957
67.2532303519527 3.05789324132777 0 958
78.1907490892209 3.72521254586232 0 958
95.9921403503043 3.1860560463624 0 958
65.3169481384171 3.03833087750658 0 959
91.3928160330303 3.09685078739839 0 959
10.4242890673381 3.33924173195035 0 960
97.2496448476695 3.43983570590163 0 960
74.0095306366388 3.40063952277788 0 961
67.415820317302 3.15020735827364 0 961
97.8782952644673 3.29868759324499 0 961
97.7047148189667 3.03158199315787 0 962
67.2584869429521 3.00836828950811 0 963
94.9906527240729 3.1746646604317 0 964
97.2632358604513 3.14892292239931 0 964
97.3438385280332 2.9903656041515 2 964
67.2599916510758 3.11983763885252 0 965
97.5959275594032 3.0130983143498 0 965
47.7684835127025 3.12191213852947 0 966
67.6080409587165 3.76855699386088 0 966
68.3833071728734 3.07011543221971 0 966
97.1565922699295 2.99128087621729 0 967
97.0072846253341 3.04957094568206 0 968
97.1514448408485 3.79801179972317 0 968
98.1506782381136 4.00080498397192 1 968
63.7003760816765 3.1789509325695 0 969
97.1445587024821 3.14222313295001 0 970
97.219581279447 3.60241007522559 0 970
67.4397118818615 3.01276940909757 0 971
96.918605363602 3.02867940058447 0 971
98.1616244721033 3.38205036441938 1 971
98.1826703424791 3.60454432071056 2 971
73.9596784897018 4.03008581063028 0 972
73.2852893409374 3.04931353971433 0 972
78.7104521061894 3.02748056917998 0 972
97.3987447581525 3.0814419156871 0 973
67.7665211919098 3.10508763315555 0 974
85.3478947088002 3.13104298984448 0 974
67.2529200677958 3.0346569813451 0 975
96.9303953652793 3.06215356473785 0 975
63.8709588078714 3.25625729925186 0 976
64.2281685229059 3.26270703606351 0 976
67.2642220810239 3.43434341032215 0 976
97.9174071119204 3.34302376839912 0 976
97.1701219993345 3.3154639135837 0 976
97.9240083248481 3.13459505935012 2 976
97.9394449816442 3.21494349206201 3 976
67.4046855273608 3.22626762350112 0 977
68.7231878145583 4.059621530486 0 977
87.8184651887467 3.23452168020656 0 977
95.795491124926 3.0555085520101 0 977
64.2234998011785 3.81878224090729 0 979
64.3344933255804 3.18207693737817 0 980
72.0545057913223 3.37238230951882 0 981
67.416672459108 3.25044116014738 0 981
67.2571665026636 3.46444130526478 0 981
97.3102027978325 3.27304422332896 0 981
63.8375503646834 3.12380013554331 0 982
95.893517632952 3.07818075449189 0 982
96.0166039424363 3.08610736856116 0 982
97.2036582764069 3.17376469963258 0 984
97.173524966843 3.10876944571507 0 984
79.3586517711779 3.02088891805198 0 985
67.7306084671322 3.06225991820846 0 986
74.6713050532955 3.07658053330475 0 986
80.7174748365934 3.09816454464275 0 986
63.8367578925057 3.04636570165627 0 987
97.1343725700974 3.6584622804502 0 987
97.7027460514372 3.00544902567822 0 987
97.4358144184814 3.34854130625629 0 988
72.3597456636047 3.2978554327106 0 989
67.2654239785845 3.14465576855404 0 989
67.3249744015049 3.08709247686973 0 989
97.3084245333255 3.15796403745498 1 989
63.6747568169983 3.0551509920566 0 991
96.8551800917778 3.0967897861253 0 991
98.0220625491154 3.42362915496143 1 991
2.76771079816346 3.24810860802463 0 992
67.4115543604481 4.04085643518037 0 993
63.6751108024521 3.19608930807923 0 994
73.8677122747729 3.36087826092038 0 994
96.6623268255257 3.30983596725113 0 994
67.367794555638 3.00982284938947 0 995
97.5724244054445 3.58242584638513 0 995
96.3226023004264 3.18205541992617 0 996
93.0295173616787 3.0331961207749 0 997
67.3253454222856 2.99960201903346 0 997
19.5001454775266 3.00756550087816 0 1000
63.7511707853193 3.18248529664789 0 1000
