"ts" "magnitudes" "gen" "cat.idx"
67.3600361595327 3.14485005805618 0 1
102.893233705467 3.12310617480824 0 1
67.363942124031 3.33262930811304 0 2
69.3520377925624 3.0262211999351 0 2
102.97001880763 3.1169628655349 0 2
68.1999748284452 3.10348324563244 0 3
67.9528466212669 3.52168760919004 0 3
96.12169812042 3.67154382256827 0 4
67.2528005558138 3.25489429883523 0 4
64.0199969132807 3.68957105574735 0 7
63.7797564808028 3.32980960245959 0 7
67.2891781349986 3.09996722229019 0 7
71.3133746947375 3.76444444607404 0 8
96.6828996232429 3.03588062732042 0 8
1.8883796388355 3.01714395251989 0 9
99.8875245276751 3.00101933519935 0 12
103.472061447314 3.08830874513739 1 12
67.3253651588581 3.15597283840707 0 13
99.5443114087924 3.69557261384022 0 13
102.522428788778 3.03632123245033 0 14
64.2244609376547 3.42696265661632 0 16
71.6712063016071 3.54838299070299 0 16
97.6730401596398 3.11034667765873 0 16
67.2578981391799 3.14188569127693 0 17
67.3519135507302 3.09790254575679 0 17
67.7060641638719 3.74703979340559 0 18
96.3845383896384 3.11932433253793 0 18
104.233674807222 3.00287097602137 1 18
67.4931743836161 3.01543051639413 0 20
82.6613894754569 4.28406291153204 0 20
103.49749346166 3.22569648291296 0 20
67.3768242200926 3.00575683526118 0 21
69.5873332213692 3.25827346276162 0 21
71.5271929877452 3.47507178500314 0 22
84.8455993194912 3.13529181612914 0 22
63.8790830544652 3.00685640534833 0 24
67.6309366402467 2.99377002249414 0 24
89.8220068403645 3.09127645622351 0 24
67.6883589345023 3.11983135606677 0 25
97.1480499107009 3.3306484700772 0 26
67.5648231525227 3.38073447013836 0 29
86.8842338827385 3.08794561421967 0 29
95.7829992533336 3.25631081497571 0 30
103.636300446679 3.01081053356555 1 30
0.350016661236499 3.01564318147875 0 31
81.3001690217255 3.17172856368254 0 31
97.6575884514156 3.46691566222501 0 32
68.2424353191772 3.04082372343885 0 33
103.467436728281 3.02913757928352 1 33
67.8799833647944 3.42291144151385 0 34
75.7110407991768 3.24822885759973 0 34
67.2733295115617 3.60248626876125 0 36
67.4729900665998 3.03645263729203 0 36
63.7435563847897 3.35515880186978 0 37
67.2756196775075 3.09006049762861 0 38
86.0939701632001 3.35308824544939 0 38
83.4090681947951 2.99743461527518 0 39
91.2973047921494 3.33344466241266 0 41
66.6055662303273 3.43823917116132 0 42
67.3305580420115 3.04150504486893 0 42
88.2744354248722 3.12437866138997 0 43
71.9045740536107 2.99417435569615 0 43
68.4385246710905 3.00885891538378 0 44
81.4730457779651 3.07600163057653 0 44
63.8375881894419 3.22156403273521 0 45
19.4749437798597 3.00724323338125 0 46
76.4997448480359 3.12250743091912 0 48
68.6281952648956 3.00235877078032 0 48
89.7078037077212 3.11450481108019 0 48
73.0758475483103 3.15037977873587 0 48
101.130234536107 4.07484101286977 0 49
103.547983796156 3.16377641132486 0 50
67.3555109344175 3.19674590718842 0 51
104.087852544365 3.08184610604232 1 51
71.5663776557048 3.38597114024205 0 53
69.1696856949464 3.05893444489416 0 53
67.2813132249473 3.75309983516526 0 53
95.7605741139532 3.73159860425854 0 54
103.298632071567 3.83849745304792 1 54
67.3937871783471 3.73776391570079 0 55
67.2775728927675 3.41067743784613 0 56
68.1049464505869 3.74208345783394 0 56
0.138933532676763 3.02236546073564 0 57
67.2591126284248 3.11874067329959 0 58
100.639729722178 3.61999122244686 0 58
67.5604516701042 3.83161638739314 0 59
73.123021780006 3.59152313370458 0 59
87.5018834857519 3.06674971660187 0 59
82.2892526794642 3.84818456034669 0 59
104.109330426882 3.19592310031603 1 59
67.388968478081 3.12192613569661 0 60
67.821906053669 3.44062650479349 0 60
65.8444416544937 3.44100421737745 0 61
87.766839122794 3.0021786280546 0 62
67.2728828164913 3.36223829258883 0 65
97.2093629717933 3.00712481460849 0 67
1.18056574969069 3.27202416352443 0 68
97.7137578414535 3.16470671641347 0 68
76.6689797575522 3.32343089697344 0 69
67.4755034035358 3.31373750401481 0 70
69.3321904851272 3.06975771232824 0 70
67.3991020610521 3.03587991238326 0 71
71.9025583670994 3.05233693665782 0 71
2.21242321729246 3.75895653745208 0 72
68.3565543261406 3.32323245972473 0 72
100.486272420949 3.44523759444929 0 73
67.3211828930481 3.08281835095011 0 73
67.4553369121918 4.08780994976356 0 73
102.823711745515 3.04575647891029 0 73
65.4248510609312 3.68291695742516 0 75
101.600735616011 3.20320171826776 0 75
6.43691489683728e-05 3.18648781069153 0 76
64.2728679318789 3.29282473735165 0 76
71.1199832762785 3.15721173160589 0 76
67.3736674006759 3.17307849382308 0 76
1.49976227091476 3.0443740990624 0 77
74.0485299170406 4.21219354435078 0 77
69.4227685365098 3.29637293205678 0 77
67.3950515622286 3.03539360897586 0 78
65.4386105909306 3.30792008056529 0 79
103.041030913407 3.83731236946038 0 80
67.2772154006006 3.00236558388577 0 81
67.2572099578187 2.99548318525454 0 81
69.2640664183426 4.34045427335778 0 81
67.3616913176791 3.06001940589394 0 82
101.22610720914 3.05090314109147 0 82
71.6187581966991 3.16149935813723 0 83
71.3200862621039 3.56226650707905 0 85
68.2018182853548 3.61748038678682 0 85
82.2929700066428 3.05648579967608 0 85
67.5243628550433 3.60153468770901 0 85
70.4275811984918 3.3648021859339 0 85
92.0506818321244 3.11401363239972 0 85
67.2605457720477 3.52911157988031 0 86
65.7321984789757 3.00295699138821 0 87
95.8367156554014 3.12801169942228 0 87
67.290187637192 3.59460838128077 0 88
22.6058359393295 3.29686173382144 0 89
88.124893185683 3.00976298189296 0 89
101.148701816685 3.26040212847034 0 89
101.47798984678 3.05173065676557 2 89
64.6011695994798 3.14386871185409 0 90
66.4484932135311 3.19540492716392 0 90
5.52898064002303 3.02887797335412 0 95
63.7207818734371 3.03928926775053 0 95
63.7483098436135 3.08977528094737 0 95
67.7265808633463 3.24637780654733 0 96
72.9259043095643 3.2151332493977 0 97
67.3132701352782 3.74022838307944 0 97
68.9150100050895 3.07474405726531 0 98
67.8475619864805 3.04106362632316 0 98
98.1091132609313 3.09940284660312 0 98
88.6232955433653 3.04476891318492 0 99
82.8729611887399 3.48005429480278 0 99
83.9621319044079 3.12647735628198 0 99
101.071739596783 3.29110795106736 0 99
40.4593897144576 3.23633775663053 0 102
67.2929362458805 3.87042749830273 0 102
69.4215881554869 3.29173122506687 0 102
64.2343488175418 3.09507130399299 0 104
65.0147785477613 4.0468105242704 0 104
97.4890262833423 3.29000099785446 0 105
103.393384666628 3.09761519059754 1 105
73.328505435648 3.06393403318927 0 106
87.2274699148651 3.08532424044555 0 106
67.3111537758466 4.08391042340437 0 107
67.3069389102505 3.15951612730413 0 107
67.3398838272973 3.11638330583265 0 107
93.9846183426835 3.00321197547429 0 108
73.4633863393339 3.16749663103731 0 109
93.7875929936095 2.99084918035767 0 109
67.4235441264853 3.2009939059312 0 110
80.5269362417936 3.07110431237586 0 110
85.1079026438011 3.26986091908178 0 112
67.2739708133753 3.30745064211337 0 113
63.8106504663196 3.27039892153583 0 114
67.2562419017093 3.33586991966972 0 114
94.7328441779991 3.32249209256457 0 114
103.708743804115 3.43755617629911 1 114
103.753852169196 3.44049205279459 2 114
103.801651341111 3.23327751012042 3 114
70.7583612209682 5.00448239630356 0 115
67.3126998757447 4.20162282215258 0 116
67.6288061059399 3.16324342240113 0 116
99.4795643610248 3.0229215175216 0 116
64.2577181519181 3.01645511033134 0 118
67.254048320899 3.09176451697491 0 118
98.1683109678619 3.93161676837518 0 118
70.3653709591334 3.92039116454548 0 119
68.7597793256146 3.23217632003352 0 119
97.3864350607476 3.07215420587794 0 119
67.2745208002647 3.08881306748796 0 121
66.8788324855334 3.19673749164957 0 123
103.178425144215 3.30517387405554 0 123
103.310877074934 3.74898966793285 1 123
103.696984016084 3.0627210550167 1 128
102.903880418415 3.17117902134618 0 129
67.2651756502197 3.09419615886218 0 130
67.2956062788803 3.00173680657376 0 130
98.1511690610287 3.4206471603133 0 130
68.4153980478968 3.43514868021439 0 130
63.7465339444665 3.03333156079081 0 131
47.5914929017179 3.70863822398333 0 132
67.7673931122336 3.76485140344668 0 132
101.362307933007 3.19890424818417 0 134
67.2599572842345 3.20809026198919 0 135
72.5594965417017 3.13251042229644 0 135
67.3219922051667 3.2316139684457 0 136
67.4037670913032 3.00246249126578 0 136
70.4382697687709 3.03442288001069 0 136
67.2719244972473 3.12887822649969 0 138
103.901889717187 3.36718207182931 1 139
67.2613396304995 3.89517476924621 0 140
97.1810624362757 3.24577216795469 0 140
65.6235802646808 3.00778634458267 0 141
67.2535982697678 3.15135038688914 0 141
103.848665208769 3.29469394554829 1 142
95.9613499671158 3.11300402422513 0 143
99.5858319917308 3.09479578468374 0 145
101.613257985377 3.06621086403636 0 145
63.7680863356434 3.19851818240473 0 146
69.1058238140991 3.26500024486147 0 147
68.1842525272882 3.02840010221176 0 147
67.8197475421566 3.42150154253586 0 148
101.91334594782 3.08451095335739 0 148
64.1158416159713 3.55869520067028 0 149
67.2936645136163 3.00285030559475 0 149
95.8901918047215 3.23218944612511 0 149
95.8226659991015 3.08469181075728 0 150
80.8663932386428 3.16916150728473 0 151
101.163779562328 3.12356051105011 0 152
102.824176574532 3.01995328501873 0 153
69.8462832461309 3.09280680528124 0 156
63.8345105256763 3.02612778657455 0 159
99.8982003940474 3.17362170545655 0 159
0.228393509503942 4.19964582145394 0 160
67.402176569778 3.47431395916941 0 161
91.9085798437993 3.0177937960267 0 164
103.694621612764 3.36977834048174 1 164
73.9756140322273 3.25121796853233 0 165
67.3696071358094 3.16438238344306 0 165
63.8147671964643 3.04666830234716 0 167
67.3702639237731 3.48661614651897 0 167
0.886807580487805 3.00294171012707 0 169
67.2602168802948 3.19028891501005 0 169
63.7706839418431 3.52976606840174 0 170
67.2870652186365 3.00727169064211 0 170
102.840066775056 3.5719640890008 0 170
66.986872465017 3.1499050482752 0 172
98.0118796516123 3.16530664394965 0 173
67.266926969028 3.04295734771479 0 174
67.3202245918349 3.08413614223037 0 174
72.3015220153257 3.06693265585338 0 175
97.6854448963796 3.7717211370948 0 177
99.8865173802995 3.01051836205328 0 177
103.808504921365 3.1586473953129 1 177
104.018363971477 3.11808491207531 1 177
67.7860319088281 3.12416917589837 0 178
80.0390419638718 3.19653294596036 0 179
68.6383251918691 3.72096462569846 0 180
74.0615649696412 3.02696881531987 0 180
67.8149646885047 3.01265603837174 0 180
67.3439819756531 3.01789005718252 0 180
101.103887232487 3.00408021359209 0 180
104.166044925553 3.57115451522431 1 180
66.1191700518669 3.16771306118516 0 182
67.3386402331903 3.18352033354851 0 182
67.9579729975458 3.05978981658614 0 183
102.832258049953 3.30597681018578 0 183
82.0176098351694 2.9914390517001 0 184
67.8400845983103 3.22329560934426 0 184
97.7910068414417 3.17626990625071 0 184
64.6674155691818 3.19829969875721 0 185
67.3013198570275 3.008025034289 0 185
67.4755177630238 3.03945344640979 0 187
67.6867240131938 3.0531775142847 0 187
67.4112114027679 3.16868883136376 0 188
66.1063303400768 3.37059961148322 0 189
103.656189482407 3.00999816177956 1 189
67.2548245931874 3.31521038044073 0 192
67.4086099326663 3.3345088552055 0 192
67.2862178885646 3.03169500948976 0 193
67.6618559605637 3.49585146230878 0 193
81.4319926215022 3.14338647337853 0 194
74.9644352572288 3.45052371318985 0 195
67.2636262927715 3.05966711330561 0 195
75.7927573395134 3.17879002725472 0 195
67.4506062913667 3.02044855489173 0 196
96.9122536071007 3.1462681356564 0 197
104.232060722755 3.28267801847773 1 197
63.6517109879644 3.05594460713571 0 199
86.0391573528037 3.1095125942548 0 199
74.6913176947713 3.03857285618361 0 200
63.6826267927063 4.35225905590082 0 201
68.0760999356903 3.23029013139871 0 201
67.579658029398 3.59042387391958 0 201
99.6061001099024 3.02789314671966 0 202
67.6942094154777 3.51014277324399 0 203
67.2561809409159 3.22024946603754 0 203
74.0276738286744 3.03661647817022 0 203
8.25737097008632 3.02446748495453 0 204
67.2690705247398 3.35792390662456 0 204
101.936663700642 3.12348685936904 0 204
67.3420315876269 3.69890708291342 0 206
63.7595585296212 3.41773519936892 0 207
67.3836600115243 3.0066989933768 0 207
74.1328394384954 3.08768333616165 0 208
70.4253392894212 3.0355188040044 0 209
99.8923806134586 3.37325607376271 0 209
71.8538121666425 3.32007582187911 0 211
97.7211388781789 3.0765933708832 0 211
63.7534124308596 3.42294734650009 0 213
78.6904161056387 3.39068893602358 0 213
69.3122634749502 3.04411650859055 0 215
95.2961793737773 3.12022865629898 0 216
100.039590030375 3.02846496573187 0 216
68.5657849989871 3.035921175563 0 217
100.496180690621 3.34359674099488 0 217
67.2667709623986 3.06795349320796 0 218
103.726170017365 3.09534582068856 1 218
63.6971052616737 3.09757724228121 0 219
69.7540571076406 3.10952678270972 0 219
92.1974410477125 3.06998673695196 0 219
102.86970777457 3.80404055450951 0 219
67.6831795419098 3.60397970962895 0 223
97.6852440701964 3.2999840173426 0 223
67.5481188762767 3.0687012841294 0 226
67.3469620595773 3.21968928945242 0 226
96.359545804378 3.05151782629328 0 226
67.530115609181 2.99115879144767 0 229
70.3493701426386 3.06110067576997 0 229
67.3061360887976 3.00926541003447 0 230
67.3103354328556 3.29166320848696 0 231
64.0758101578961 3.17433872299942 0 232
96.2846176832517 4.16182128237239 0 233
67.2666539010019 3.33491672746311 0 234
67.3579385452266 2.99026778866934 0 234
102.487139610691 2.99825429466642 0 235
103.723483983175 3.23375350274578 1 235
67.3859891876728 3.78268604417888 0 236
99.6910217699412 2.99346759176517 0 236
69.4269793497761 2.99559155008171 0 237
102.114480036396 3.08610868587581 0 237
80.4627401229095 3.06407083063511 0 239
68.2660245952941 3.59805008899646 0 239
79.0022938851189 3.35948855686021 0 241
68.5975431150177 3.3613905536014 0 241
63.7395309261299 3.18307179827973 0 242
67.7261053196738 3.43473477961038 0 242
79.7183730425007 3.40652434953398 0 242
102.840150070389 3.13416609611672 0 242
63.96884220954 3.17758694224955 0 243
82.3147015531297 3.78977025826016 0 243
91.8912841984892 3.33738020906349 0 244
50.3199329462846 3.02930963543343 0 245
67.2531277618569 3.10729747064446 0 246
0.0694364707121165 3.0527496668981 0 248
67.3271716456964 3.49450616188858 0 248
103.237918765475 3.81716878177686 0 248
103.538228089436 2.99287265793155 1 248
103.589658388146 3.60394514646331 2 248
104.006277712275 3.08416768763011 1 250
89.5236495651303 3.15778741399498 0 252
71.1521843430962 3.42397694613401 0 252
83.2807086287399 3.45201283229834 0 254
82.2246714313161 3.54858281577172 0 254
65.324243897284 3.12611949834661 0 255
68.0770544536575 3.12549761282391 0 255
95.7906053907383 3.0842229429212 0 255
73.585206490722 3.24315258427014 0 256
67.2949317532977 3.10092144229684 0 257
91.0406525785806 3.25255316636741 0 257
103.113692037769 3.1148964918138 0 257
101.143848822283 3.45192083290967 0 259
103.672812748681 3.44095569619373 1 259
102.845261520348 3.04165444336774 0 260
67.25685202972 3.7130198942269 0 261
1.02459167468909 4.08571603827256 0 262
65.6979367153429 3.06711825987715 0 262
64.3201744022706 3.56149418010938 0 262
67.2698810576711 3.84791288303083 0 262
103.786781458165 3.36387532163432 1 263
67.2776801469527 3.57182814248825 0 264
69.3906360051793 3.22364401156131 0 264
67.7508997769523 3.24179797718268 0 265
68.2605415213584 3.43358482845488 0 265
67.2601884582007 3.39683331854132 0 266
67.6183911383029 3.07144061605426 0 266
67.3435921220392 3.21442656075288 0 266
103.095233340724 3.11762130425794 0 267
67.2850228505577 3.04484094977328 0 268
67.2663837243117 3.51011804787432 0 268
63.6531647964423 3.62698782888282 0 269
81.7844899873204 3.70207580209185 0 270
97.6939425139453 3.16592286421617 0 270
100.215843715046 3.29114588620482 0 270
99.5761520797492 3.70339050391275 0 270
67.4214007971879 3.15414029669272 0 271
69.2207571641632 3.49625343827403 0 271
72.140264844098 2.99241306124704 0 272
90.4364916135858 3.26017846013554 0 272
94.535215593661 3.03975447433541 0 272
63.7662440923241 3.1903693522921 0 274
63.7909835174256 4.07182616346114 0 275
66.8776208917509 3.08581320545917 0 275
103.91536788105 3.47749765940836 1 277
67.3600122361104 3.73220686735565 0 278
68.1277613458323 3.05699484145221 0 278
68.7779616951825 3.24009651470243 0 278
72.4174193276321 3.32574392160811 0 278
67.6215258970267 3.48559441784893 0 279
67.2903433951132 3.17078993208559 0 279
71.2072940068898 3.98342889626413 0 280
63.6595696701768 3.22184752449656 0 281
65.9980502456532 3.29057680824518 0 281
63.76670243273 4.0321581899756 0 282
75.4675959676434 3.02518281559421 0 283
91.3408765850736 3.99091815414579 0 283
104.214521136804 3.71206234749062 0 283
103.334331826055 3.4032057130061 1 283
64.3248726459443 3.00098687049678 0 284
71.5708437018514 3.20299655453519 0 284
71.2363480574837 3.22408291799654 0 284
103.563291739886 3.18416795482058 1 284
63.7439188505 3.05354405949428 0 285
67.2597085806147 3.18947058274124 0 285
53.7080031809122 3.04105122532949 0 286
67.5336376081718 3.12431164382867 0 286
102.98226210667 3.0322377209703 0 286
67.2530886681403 3.02139196738563 0 287
80.5796318715445 3.05135062742085 0 288
0.71129029612925 3.66820145061671 0 289
63.8962536851242 3.20055056177215 0 289
88.0788607900291 3.32229994864235 0 289
92.3867342115359 3.35286125448574 0 291
84.7210382552842 3.02725493263692 0 293
67.3725598900709 3.03252840945278 0 295
67.6524278414568 3.24132482618105 0 296
68.8953571378033 3.43372017358702 0 296
79.8617186004864 3.18359789492878 0 297
63.9227412066827 3.34048130608255 0 298
69.115116648046 3.09563246662059 0 298
103.059866120089 3.50554402274678 0 298
67.6110147200664 3.11532609857248 0 299
96.6136814660137 3.01505930171046 0 299
67.4820376859217 3.59161166659715 0 300
75.8539721946568 3.56620252514163 0 300
101.122561261842 2.99176390027443 0 300
104.181133131012 3.29658143358895 1 300
67.2883938698202 3.40310373070246 0 301
71.2221764756513 3.47382694511524 0 301
64.8510126943655 3.12280222234243 0 303
67.3991086241375 3.01063104741358 0 303
97.902425987312 3.44332400013621 0 304
74.3588671371861 3.01170169466947 0 309
67.4343690690458 3.01236458885813 0 309
77.7976797474084 3.31439682876391 0 311
1.84349990024608 3.13463740879681 0 312
69.6899208124316 3.17384119567641 0 312
68.0980208097761 3.04313898607727 0 313
67.2896317649583 3.04056321081722 0 313
68.3374023476946 3.21565578119666 0 313
67.3800029754172 3.30762149322996 0 313
67.2663697084207 3.33339189726434 0 315
63.740641160884 3.04509946185684 0 316
67.566424770662 3.91235320451837 0 316
96.5801104300842 3.42393372793773 0 316
68.542114831932 3.07322484146978 0 317
67.2940557827979 3.13519143270971 0 317
73.4993047999864 3.17887843608418 0 317
95.6313372746102 3.09157033426703 0 317
63.6540785188896 3.34146930934141 0 319
87.5569947199978 3.13206246129295 0 319
67.4168753884461 3.08192602376071 0 319
82.9680437592739 3.03774155208174 0 320
0.276429035858228 3.37730708375961 0 322
70.5118587172826 3.15714357429994 0 322
101.148892754367 5.04249360337777 0 322
99.8897926382522 3.20616505633809 0 323
63.8994819570159 3.11736323129243 0 324
4.75345788451903 3.28344261778474 0 325
67.4526051157625 3.43286462647393 0 326
74.1748923863126 3.13264445978152 0 328
63.7645170529717 3.26054033951471 0 330
67.3074643224648 3.09854837092393 0 330
77.8898166199548 3.01627847080045 0 330
97.2259298073414 3.41740745067576 0 331
102.826865167289 3.02030068150579 0 331
102.841405782589 3.43563847048291 0 332
68.8575914157202 3.48622947252271 0 333
91.0629226124813 3.020038986196 0 334
67.5191174151747 3.62114868676761 0 335
87.8178920727821 3.06875255146154 0 337
103.350821046838 3.00767189734437 1 337
75.1587406878498 3.39208350964716 0 338
64.6616772175969 4.05087304441586 0 339
67.2330673858517 2.99803869887709 0 340
63.6766060945576 3.22090589998472 0 341
68.4106602974598 3.18982611505831 0 345
101.122330274878 3.18410461310242 0 345
67.5874496009328 2.99993903323858 0 346
93.7825489722195 3.66826220670203 0 346
101.505786873031 3.14609473056628 0 347
97.2266659566411 3.04834176712497 0 350
70.413271636423 3.02376633249365 0 352
100.447008924428 3.17814039537249 0 352
103.44883081315 3.11081285912561 1 352
68.6854762428868 3.03632637978198 0 353
67.3397564728732 3.26435054603718 0 353
103.247871618016 2.99488885456088 0 353
64.1290078240412 3.78132389965361 0 356
65.3527815651274 3.05724368957715 0 357
67.4805133477692 3.17372866346362 0 357
70.1476008027821 3.33436891413333 0 357
67.6360141768868 3.02971602605329 0 357
103.653053294149 3.0787263769376 1 357
67.2788098446597 3.09011854740077 0 358
63.7090214861315 3.22916067141 0 359
81.6696151885401 3.22099220593396 0 361
101.171764897393 3.00290291743664 0 362
96.7567573669949 2.99396850817739 0 362
69.1625082873212 2.99566723259912 0 363
96.6258860389498 3.18193738303754 0 363
97.9230527423889 4.40330054895603 0 364
67.2747233714558 3.05223641897017 0 367
103.112503980536 3.41855570554463 0 368
103.437821724467 3.48642151981965 2 368
67.4899289143751 3.01567768318419 0 369
95.2061885185923 3.34722720096841 0 369
73.0465571613287 3.12131638336471 0 370
67.4589535614976 3.08705175326608 0 371
67.3705803790102 3.17294472121743 0 371
67.4460966986236 2.99996904173138 0 373
22.2503371236791 3.36349589132038 0 374
80.9546646173419 3.37234054039183 0 376
103.776481280782 2.99834721112236 1 376
67.2672698053098 3.38080492344508 0 378
65.8153520606971 3.2996824133981 0 379
67.257234304539 3.0330942179989 0 379
97.0182197225377 3.13018616725956 0 379
69.9895820841002 4.11081063674314 0 380
72.4010382257468 3.25236310017017 0 380
97.8486404493049 3.00228397978439 0 380
64.4591421327845 3.39719165129159 0 381
84.2492821904168 3.9714930241411 0 383
104.073345609688 3.45345048475548 1 383
63.8616616666007 3.69001572469459 0 384
67.6723833759727 3.01802993705628 0 384
67.6698066962769 3.08253688732205 0 385
71.1804328015494 3.3451919678464 0 386
67.373662547244 3.24578131079091 0 386
102.858860957098 3.0144746814383 0 386
63.7396702648504 3.57160507912951 0 387
68.0084862201172 3.26189097715263 0 389
67.8110044748236 3.76439683377226 0 389
87.0237700565665 3.36776602646173 0 389
65.1308320182816 3.34608817221437 0 390
69.2453876582964 3.144298712033 0 390
63.844764996491 4.52931033762224 0 391
73.4215648246482 3.07633160952237 0 391
103.67043604467 2.99895643263926 1 392
67.6131337032073 3.51583360676773 0 394
45.2843596077165 3.1925847003646 0 395
91.0156744753693 3.52732341928353 0 395
103.236953699517 3.11642912602175 0 395
67.7583393242716 3.25045244337214 0 396
67.2889899679328 3.27781565086156 0 397
97.128354683226 3.05395114931169 0 397
67.5608245905245 2.99740033098645 0 401
93.7187665062273 3.17515230345402 0 403
99.4555069987501 3.26227215415811 0 403
7.8724679456172 3.01372241543674 0 404
69.7305462630807 3.11744813651289 0 404
70.9517938112785 3.01001056097137 0 405
63.896306702869 3.44118078696337 0 406
0.523566694803274 4.2128826899664 0 407
67.3275705829483 3.07928264474817 0 407
67.4253493593353 2.99770792731114 0 407
40.4921218684485 3.46508572529598 0 408
67.5533108289017 3.06745963627476 0 408
67.3207357245884 3.25625512123248 0 409
102.390405514141 3.45996867473839 0 410
63.7101675543646 3.05701229460016 0 411
67.2850176878267 3.17880343119327 0 411
78.9140907625842 3.39478450179589 0 411
69.3380054011611 3.67236415801343 0 412
65.0862323321654 3.38165187114888 0 413
98.1179760520937 3.37702343903854 0 413
102.8422033321 3.04331547593084 0 414
67.318746440148 3.40453969505296 0 415
103.707310053676 3.11180768230834 0 415
67.8428862198357 3.02204596898049 0 416
103.961394641063 3.31518929502998 1 417
67.5468698086183 3.03609697561922 0 418
74.097961208949 3.34434452737523 0 419
91.8994736421545 3.2588585004017 0 419
67.301139453203 4.05074757559303 0 420
67.7280623660426 3.04112900563104 0 420
64.0258307547011 4.4174331186978 0 422
67.2560678647756 3.13562791416385 0 422
68.2016746623616 2.99461363515979 0 423
69.8406395538 4.45224179539434 0 424
63.7570247674462 2.99653565334318 0 425
0.0218911273127065 3.81836909104418 0 426
67.2779463237391 3.60979623499299 0 426
63.7775223042455 3.08629441945253 0 427
67.6702906885354 3.30884601767823 0 427
63.9863414282971 3.69246314862868 0 428
67.2631016477245 3.07710098034137 0 431
68.2704671215538 3.31262520477942 0 432
75.4872501270251 3.07521711648876 0 432
67.2717844394277 3.3551019982323 0 433
67.2967559719311 3.02799174506552 0 436
70.3193089112389 3.24768098640413 0 437
67.3090383187369 3.6632936798529 0 437
67.293209411886 4.68780473858858 0 438
39.1204068717192 3.01664162208849 0 439
67.2644940501232 3.0374714120698 0 439
67.6397860761622 3.35542652310226 0 439
92.8490293819548 3.02327530177331 0 440
65.3872677049443 3.17428186028427 0 441
63.6796310892874 3.22126693244995 0 442
71.7345869519914 3.07118217001423 0 442
32.9850289149324 3.22158196962775 0 443
69.6181224458669 3.105919473967 0 444
102.834342759522 3.17524785610544 0 445
102.853818415022 3.04294186963272 2 445
102.198501068628 3.35735523708072 0 446
104.21802481844 3.2905193023517 1 446
104.236605582868 3.22716686672043 2 446
97.4312746836904 3.44694372312128 0 447
104.249585437336 3.24354989980195 1 447
102.542531721444 3.07768742910627 0 448
67.2697143443882 3.11535336945599 0 449
81.8185033988725 3.13522265026126 0 450
83.820360366773 3.01877538149785 0 451
77.3557228420708 3.08841760329898 0 451
67.3263676883771 3.63423270393968 0 453
67.4172486257518 3.59597902529551 0 453
101.104966609734 3.30644274973716 0 453
67.7547683774172 3.00751796850293 0 454
97.3011443343622 3.1121261912474 0 454
103.655148162254 3.15672455575164 1 454
97.1282845295339 4.0036685024359 0 457
103.943355159116 3.45406109886401 1 457
103.82872715963 4.25297951463564 1 458
103.908529523495 4.22670659976031 2 458
103.999560085105 3.28176406687369 3 458
103.915754083091 3.05060644308557 3 458
104.013318804411 3.30743503015623 4 458
98.4041606202858 3.22317426228814 0 460
99.328496525972 3.34529926835249 0 460
97.7294172393152 3.34374602391352 0 460
97.7811170054728 3.21584782889365 2 460
68.2405956243325 4.36238567927688 0 461
100.667013035967 3.08646619596812 0 461
103.73127428906 3.05368165109282 1 461
71.5272020596481 3.2146255022431 0 462
69.4267525845905 3.0345090937185 0 463
69.6380264494793 3.86240654863097 0 464
46.161069376777 2.99762871890986 0 465
96.241792446291 3.53314146127748 0 465
103.40685513148 3.21848733060687 1 465
71.2628753480903 3.23588471133537 0 466
67.5803483268532 3.18827978437343 0 466
67.4895001211233 3.02797901611805 0 467
63.9123255531994 2.99631305962115 0 468
96.721207571838 3.20661155630527 0 469
102.322093996716 3.14120689744323 0 469
63.7288762299704 3.07618778780969 0 470
91.5193341189773 3.18358377872834 0 470
63.7448824618849 3.20153885278742 0 473
64.4351547797046 3.54282801536685 0 473
69.1228364808249 3.18949671915843 0 473
69.6419600562085 3.08471609699562 0 473
81.2243959049097 4.02373714812138 0 473
12.6316600566958 4.10319617054923 0 474
67.2962760723664 3.34849891163987 0 474
67.2575244544948 3.35173489171457 0 474
67.3389513244649 3.18815025278732 0 474
102.935834013196 3.01196289145458 0 474
103.413453526077 3.82989980469961 1 474
103.543683920529 3.50609323322079 2 474
103.872389253481 3.25736066466635 2 474
1.15180126594263 3.25251804990947 0 475
65.3372435021158 3.02181470336846 0 475
70.6281175611702 3.57945359720607 0 475
67.4175125966825 3.24313453952497 0 476
67.2945483920956 3.15119808025399 0 477
67.2736842799245 3.34270537311911 0 477
67.312591364312 3.16972294604675 0 478
1.46588647833896 3.02594961714351 0 479
63.8022138691614 4.30285376637883 0 479
67.2725547714779 3.20637955873601 0 479
97.1593173861747 3.03742600130412 0 479
84.195082223357 3.03257140582173 0 480
67.2607895200071 3.35046315262471 0 481
67.2527295351962 3.27948487945817 0 482
96.5286954619837 3.09377281067782 0 482
97.6923710898098 3.00144021499114 0 482
102.850115663581 3.04527261851777 0 482
64.0730249604917 3.26603961383675 0 483
63.9069402585818 3.17048729147124 0 484
82.068571080149 3.21303300008419 0 485
102.841128138175 4.71558630598599 0 485
102.860869288437 3.31587996453641 2 485
103.036652127538 3.53793753162552 2 485
67.8055825748167 3.0725695260124 0 486
7.40633122421226 3.45340992675827 0 487
68.2063266665227 3.17711901783591 0 487
80.589517105113 3.43240942481988 0 487
102.827730133922 2.99401688097642 0 488
63.7762732800873 3.88567680430792 0 489
63.8435461570703 3.02078275683609 0 490
74.1388669672875 3.60649776306588 0 490
97.5391041815099 4.17215690811681 0 490
96.7048959987881 3.47940098662297 0 490
99.8679486985921 3.17923056704206 0 490
103.62645501269 3.15018433412666 1 491
103.680377302387 3.45483837940939 2 491
103.76315101468 3.52929892780794 3 491
103.066855764109 2.99148298805784 0 492
68.2084222831227 3.7467067576041 0 494
72.2860026615498 3.1278638843566 0 494
63.9602473158039 3.19279318592871 0 497
67.5135632677549 3.71113621460325 0 497
63.8446167300274 3.79234083903013 0 498
71.0832400588412 3.26743312294758 0 499
67.2590418830994 3.09993112219616 0 500
97.7208802683656 3.322646860315 0 500
75.2217087147239 3.4639612735913 0 501
103.001668475501 3.35389975727653 0 501
103.627365950243 3.38084329956402 1 501
78.5019015334171 3.04003442570667 0 502
97.1264462086885 3.10212677998306 0 502
63.7214502436876 3.19881068990233 0 503
100.320201906593 3.03439197088973 0 504
67.8809922611907 3.31021036292259 0 505
91.3364115875521 3.74723759566381 0 505
77.2505568701283 3.14550036418129 0 506
29.4432318068692 3.50195093579693 0 507
67.3266781627589 3.21513438262866 0 507
0.788049100872142 4.123647108149 0 509
8.79604910428114 3.14624358903456 0 509
101.243745833385 3.11878438274945 0 509
80.1592427679067 3.30447416713746 0 510
67.2981920292521 2.99825497492616 0 511
101.986063168601 4.40391660266419 0 512
63.8334801823734 3.32793609320635 0 512
76.4766492654385 3.41668609561981 0 512
103.827662872237 4.24428693119273 2 512
104.079339564013 3.34300226205935 3 512
104.01503629946 3.02977723870299 3 512
102.844243830032 3.05516631619918 0 513
67.267340584116 3.03894325486701 0 514
97.8801089265279 3.0078512306518 0 514
67.8728558793235 3.14064649606778 0 515
66.6007674699703 3.49128455577093 0 516
68.4342459103435 3.17114178211341 0 517
66.3876130182286 3.07895627211036 0 518
6.85072536660925 3.53548485566279 0 519
63.7398105595752 3.39878369824946 0 519
67.2533562280576 3.08727351820401 0 519
82.7149690330073 3.27719011387508 0 519
68.5548015156902 3.2967047123335 0 520
67.4649745635195 3.07113699056755 0 521
67.525079547195 3.34695504981931 0 521
67.6494441806147 3.07344332403661 0 522
101.150970484801 3.15357593313142 0 522
76.6263277325323 3.11212006204883 0 524
67.2825456789758 3.30081673108638 0 525
102.906522902089 3.3907372461094 0 525
103.849865192295 3.01242245758536 1 525
103.854941204282 3.38911805068835 2 525
103.994516733911 3.23883765673405 3 525
70.9758633539057 3.31330574792458 0 526
63.8684935967983 3.09435038055673 0 527
63.780192911755 3.02037931131399 0 528
67.625183719775 3.06253617567906 0 528
25.9537785090406 3.12173186361481 0 529
73.9544623747769 3.25779637709131 0 530
103.438067974503 3.87667745444072 1 530
103.453532477726 3.32946906097594 2 530
67.3186762861524 3.36367992463543 0 532
71.2742107233479 3.03668798858438 0 532
63.9644845889427 3.02050724810588 0 535
97.9890206261232 3.07213433399256 0 537
102.893345867077 3.47171732341665 0 537
63.6578017008447 3.10097481803925 0 538
96.9695938972727 3.32564789251618 0 538
63.7830161594541 3.13643411352402 0 539
63.858926704965 3.18267231899026 0 539
63.7553404717816 3.77522386992644 0 539
85.3110064764216 3.396862261148 0 540
97.3535367507939 3.018078840494 0 541
97.6543261040546 3.15263289645749 0 541
67.5022850312141 3.12242508633711 0 543
27.0721009801048 3.23974400670781 0 545
67.4045742969094 2.99998072310775 0 546
99.9566937669533 3.74996125552551 0 547
67.914305620038 3.05411791409081 0 549
75.9053132514149 3.14862850881359 0 549
68.9041399101359 3.201627712571 0 553
79.8976723757547 3.50468788625328 0 553
103.029355042817 3.37521930574297 0 553
102.863817660472 3.5485169378036 0 553
104.110682116569 3.95991496669447 1 554
63.8639453394321 3.11819801255731 0 555
67.741611916236 3.31623934046731 0 556
67.4670521025734 3.14785797326076 0 556
91.1128423490073 3.15501778154538 0 556
63.7454389688425 3.05113599750789 0 557
92.840029943021 3.16837671477448 0 557
73.499244081581 3.18504770136057 0 557
67.8696725582802 3.08852338947321 0 558
93.557144787754 3.04440079126416 0 559
103.76322401802 3.33696822997047 1 559
67.2823971808167 3.97439358718043 0 560
84.47657387 3.88220808203845 0 561
79.2464126538172 3.4456132642245 0 562
75.6104078151574 3.08162992831374 0 563
68.9159773744456 3.18727583732569 0 563
69.3298059278314 3.55688853982511 0 564
102.827390153391 3.21550329238955 0 564
101.218869637179 3.00900115045376 0 565
83.1660880588348 2.99277803431635 0 568
0.0569071193901261 3.76979282001956 0 569
74.9179213551322 3.32418513113893 0 569
64.5374518290002 3.00044196792767 0 569
67.4578679642738 3.12731424173968 0 569
70.6405556672176 3.12890954115069 0 569
103.392380287386 3.14162427757072 1 569
104.183519141031 3.58110002402535 1 569
64.1982927917066 3.03005473153414 0 570
68.839757320671 3.65576856030863 0 570
75.2467018384823 3.61022290061593 0 571
84.5173889984274 3.21241869059144 0 571
0.0694192775700108 3.30725627384075 0 572
79.7369403836119 3.43816083992259 0 572
97.1724371503285 3.34280403162195 0 572
64.1539488842458 3.08973248129363 0 573
67.2695244959035 3.10151659660567 0 573
67.2863346409795 3.07031686586232 0 573
69.4889822197898 3.76613037677715 0 574
70.2181139332205 3.14455805711175 0 575
104.150506048677 3.19233364736751 1 575
78.4629898996876 3.92754751519272 0 576
91.4856381036271 3.23187603643241 0 578
99.9172624264081 3.11529675410966 0 578
67.2604690238872 3.16699491889427 0 579
67.3791729958475 3.13328796491579 0 579
96.0563494708021 3.35389784921916 0 580
69.4652473224077 3.05050484020305 0 581
97.6993140927332 3.03878557716246 0 583
67.2889269856276 3.62708415760459 0 583
72.4280037237267 3.14140515984316 0 584
67.3457929051855 3.23952419686259 0 584
94.1814676518124 3.12123285344219 0 584
102.692944345023 3.38762647243383 0 584
6.76315033211253 3.28784744227306 0 586
75.9695342920709 3.19775211659342 0 586
75.9970307728119 3.30661986470478 0 586
98.8123384259481 3.05047193761381 0 586
103.927840633997 3.27864911025026 1 586
104.001586688964 3.25674765419503 2 586
63.7848523900274 3.03501798003403 0 589
90.9956018222723 3.15991214055194 0 590
102.830829530816 3.15088914779983 0 590
65.8214610957804 3.35265406363157 0 591
98.8450950305123 3.10620172233284 0 591
67.2563321418789 2.99461740689054 0 593
39.0516040956732 4.32056604543375 0 594
103.382355676246 3.3180055148578 1 594
68.3217039106066 3.57830147706591 0 595
63.7515129910628 3.00182553684635 0 596
68.4404692828257 3.63469709262639 0 597
85.0660529580176 2.9917835077985 0 597
0.0159684310440095 3.28485568090234 0 598
71.7703129142809 3.34598949947229 0 598
67.3104193926506 3.5973961458074 0 598
102.835642683459 3.17272624667911 0 604
68.0429434780302 3.01748061876063 0 605
63.75369639514 3.01157502713868 0 606
64.1841403991959 3.39841326457389 0 606
67.6633866079946 3.19238880788826 0 607
103.763626222247 3.08399204394447 1 607
0.0864131631574998 2.99956769461846 0 609
5.77340889042325 3.0883570503758 0 609
96.3075720305779 3.13850005359371 0 609
103.362613773653 3.00822991023886 1 611
103.297358157792 3.17946244887967 1 611
67.2839205043077 3.07190533133219 0 612
67.2950629612021 3.59481411274825 0 612
67.5602255980455 3.13020645817512 0 612
99.8290593034299 3.8637372989776 0 612
70.557298577173 3.17594907191756 0 615
95.8016574382899 3.64752012342076 0 615
2.27668123518861 3.59584016713252 0 617
102.826710277491 3.38586938820811 0 617
68.0019372259366 3.96667737893209 0 618
0.0762856628264679 3.33508109094253 0 619
67.3138696043282 3.28359349685615 0 619
102.828805895625 3.08069695932353 0 619
69.5223432122 3.4905911472092 0 621
78.589735315019 3.08943879681172 0 622
103.488533456378 3.85585199649152 0 622
96.6679430830814 3.13221260217664 0 622
103.355551438852 3.56267433692192 1 622
104.004548403596 3.0577462966712 2 622
103.388641267122 3.05137180176791 2 622
97.5268012228276 3.09559681354761 0 623
0.00565146323447742 3.03971618406049 0 624
64.8680609592269 3.0563615519062 0 624
67.3460972274215 4.716730447231 0 624
99.4096879907023 3.04045725854693 0 624
67.477219741662 3.21508121408587 0 625
67.2611374524126 3.08178489112041 0 625
67.3249327323025 3.00597462125573 0 625
97.2122888026555 3.67111325159693 0 625
74.1301821661855 3.15782138199093 0 626
97.844877605281 3.72167965615059 0 626
67.4148631744419 3.11692966156796 0 628
102.864499470651 3.27601603434649 0 628
103.523599102142 3.40797331336885 1 628
2.21075568850425 3.51835276783529 0 629
67.4267241709207 3.36064083550589 0 630
67.4695520236498 3.17544510118963 0 630
103.884969815825 3.03081079017145 1 630
96.2110716861404 3.13010997205743 0 631
68.88469505929 3.28887740352132 0 632
99.4581761379811 3.3119894961479 0 632
80.9584709105547 3.20713629207802 0 635
68.3390500601158 3.47981612997886 0 635
103.377322174096 3.47899544172273 0 635
101.594441997595 3.64621480071071 0 638
67.321271175783 3.05187303250364 0 639
71.2074662075409 3.47617141870862 0 639
0.0926257630474177 3.11286109221393 0 640
103.07807262568 3.08104407830251 0 640
103.541423241306 3.23082091170824 0 641
67.3210981425526 3.37444723053508 0 642
68.2362426889298 3.0819549342288 0 643
67.2587475927442 3.15729234733281 0 644
99.4787657463473 3.07282912618552 0 645
63.9612716857639 3.21123773623032 0 646
79.1484913280265 4.00857900957003 0 646
69.9298095826645 3.00163106905083 0 647
96.3258970847455 4.33312639265489 0 647
64.3688187204078 3.04077146361271 0 648
103.991591463312 3.18511553267895 1 648
67.4755132306996 3.17298691570367 0 649
68.8236034834663 3.71605261378977 0 651
93.5987629565897 3.73776615398721 0 651
77.3201148794008 3.0107009482683 0 652
68.6441553904045 3.33537928262121 0 655
76.1620727573202 3.02016573083073 0 655
103.676229324871 3.16640813641626 1 655
67.2945574489401 3.09093634130534 0 656
64.6969577865408 3.70573476412372 0 657
103.861044522423 3.16345908484219 0 657
67.4954519195103 3.05061091011509 0 658
70.8481570924609 3.11850253968079 0 659
68.9420399447767 3.08502132618854 0 662
93.5808118831621 3.20452434331356 0 663
103.71945533201 3.67184151667411 1 663
103.732995917921 3.07064181410462 2 663
82.8283313685797 3.52131209156455 0 664
64.5548462754107 3.30010600243759 0 665
66.145212094008 3.42721608045666 0 665
67.2602993342682 3.11405483961802 0 665
75.3918282091021 2.9995722301456 0 666
67.2591464511733 3.62930551508834 0 667
74.9634678963976 3.2735941478494 0 668
71.0443665296761 3.04136396193137 0 668
67.3370594575311 3.83010381596309 0 669
96.9151245727134 3.66510096404406 0 669
67.3296861378786 4.63041289349377 0 670
70.0868036306197 3.07577228251045 0 670
97.1952249456401 3.11016241030519 0 670
103.653047237293 2.99291256853553 1 670
0.0582896812613475 3.33849685829319 0 671
67.2543399836979 3.00158974649046 0 671
101.930690520898 3.01534029528842 0 671
103.556083999788 3.06485690208467 1 672
67.3326403685892 3.5596177344433 0 673
101.115328887528 3.29568598026483 0 676
67.8000693923413 3.18206470178607 0 680
71.0370065982162 3.56918429541566 0 680
98.3661053064682 3.2275759343296 0 680
67.5096208843058 3.13440018603938 0 681
89.4906102091857 3.59788379150843 0 682
67.6521385350575 3.13224689285212 0 682
67.5132870433318 3.11105080415029 0 683
67.2552648494871 3.02787304122405 0 684
64.9626467054445 3.57582337467845 0 685
65.3134139578483 3.13427373633858 0 685
67.3693903532505 3.04774561250425 0 685
67.4728041802609 3.16471868794667 0 685
67.256996017611 3.10838503168678 0 688
67.278650801406 3.03723957345902 0 688
67.4169988988087 3.12522305922135 0 688
101.412965787202 3.53761667441871 0 689
63.7658946579444 3.19921132832605 0 690
67.6506224000296 3.26812778948931 0 691
83.7402276614739 3.03046762675733 0 691
83.0442134851394 3.41677613211491 0 692
63.7786973768017 3.11955724974964 0 694
99.5679391594972 3.21676406097389 0 694
102.523684111357 3.21381505093594 0 694
103.923586144093 2.993423404998 1 694
96.0580852757185 4.23026105533551 0 695
103.628504531439 3.03443440774591 1 695
4.97328038755658 3.12591293947206 0 696
68.7684227599577 3.40692925576194 0 696
102.826646503534 3.56216836906566 0 696
67.2910539930809 3.83589430655384 0 697
96.1643802385336 3.18846706605164 0 697
63.6496186989632 3.21826624247555 0 698
64.2662789704041 3.42320914209043 0 698
102.974078254633 3.11738232337872 0 698
82.8224870282789 3.29995275707335 0 699
67.2765935349306 3.18715735864629 0 700
67.3481654378774 3.31511058448229 0 700
68.3719151908086 3.84517081978054 0 700
67.3036259444612 3.41863753227125 0 702
72.3857533735964 3.8615370949365 0 703
103.074119581009 3.06157592016439 0 703
103.257716998601 3.12542661054927 2 703
46.1370988710396 3.03319298874932 0 705
67.7231442999472 3.79095981720868 0 705
69.6437993850963 3.12754624506523 0 706
67.4737027581398 3.05163244463758 0 706
102.885392240015 3.52857712358945 0 706
63.7577041959287 3.40244071106202 0 711
63.8349365443147 4.47072260045231 0 711
67.4267311011589 3.18699882166036 0 711
103.763245733901 3.08522048369097 1 712
103.803733934783 3.64222515514769 2 712
104.135562658735 3.17503848228758 2 712
104.065335755938 4.833979219221 3 712
104.094487406132 3.04728667214236 4 712
104.172314197768 3.13102177580934 4 712
104.227760532361 3.09461502820149 4 712
104.136881483132 3.42668760399604 4 712
67.6813968303226 3.64633660554305 0 713
103.687354463832 3.15384441267886 1 713
99.4892608896751 3.0493465162765 0 714
67.3769849854689 3.20280766185427 0 715
95.9210226262829 3.21961464916953 0 715
102.852105347605 3.52532667935577 0 717
75.7816881358355 3.32898848440078 0 718
0.11500032354931 2.99054871515308 0 719
67.4345781710808 3.19865330122393 0 719
3.81656501753043 3.0454825375486 0 720
32.6525712700358 3.09444558873807 0 720
93.6975890050235 3.2130706969417 0 720
68.7333231712614 3.24929035938316 0 720
102.835540735335 3.87774372464694 0 720
67.5723339610979 3.02352786756255 0 721
67.3721546660942 3.4955363913401 0 722
80.5241649924703 3.53138808462958 0 722
101.021724955528 3.08746918535162 0 722
69.7039089903448 3.65864448932552 0 723
104.135038594463 3.20571624340424 1 723
1.30868998519566 3.13495052637878 0 725
63.6572153322176 3.10056687218845 0 725
63.7679766998085 3.13949204345331 0 725
69.0935130208926 3.12909887002483 0 725
68.8470689739844 3.81206479435324 0 725
96.6651916340225 3.08433041478628 0 725
74.5202754826197 3.89318050853371 0 726
83.9812880333994 3.33139795792127 0 727
97.6698977457196 3.14190776754313 0 727
99.4547499278684 2.99111418356272 0 727
78.3861470852853 3.03882586707539 0 728
99.7363340909075 3.07990776468537 0 729
67.287920679174 3.01197668624281 0 730
104.072276709349 3.35187036801331 1 730
67.281640505202 3.95180092430428 0 731
67.3637509724148 4.35005625244208 0 732
65.2913228754278 3.24818536753762 0 733
90.7270126856341 3.37946840772344 0 733
67.3298564254021 3.03067059648769 0 733
82.1159424553923 3.54214141343398 0 733
68.3328538938516 3.06618194691925 0 734
67.5861656986169 3.31613272093976 0 734
0.0847849560920569 3.64180573153862 0 735
103.690080414507 3.38463858031908 1 735
103.806363750241 3.79133201382262 2 735
103.745936139453 3.46997617571145 2 735
103.901389486332 3.69106589783396 3 735
104.026345717015 3.95739142592071 4 735
67.7410895207263 3.90838638255376 0 736
67.5422922316538 3.00682911458044 0 738
67.3882970054971 3.42440610574366 0 738
103.06293138856 3.16993506367592 0 738
67.4511107032016 3.07365685241033 0 739
67.2610053337214 3.27639780851167 0 739
67.4034455324948 3.24739103045609 0 739
81.6921565775458 3.03573163484544 0 739
89.8251098597782 3.11031118409547 0 740
103.931995947826 3.66678019266844 1 740
101.66839710925 3.005000152734 0 741
97.6101720024822 3.01682547811258 0 744
67.2650021032726 3.0004764265836 0 746
67.2919337752861 3.18600677634013 0 746
74.7112734252172 3.44223863039979 0 747
75.1885190637176 3.17251226113508 0 747
67.2599127095759 4.30521349468048 0 747
67.3079217446679 2.99833596364221 0 749
67.3093009691437 3.04211226396042 0 749
4.38973869747278 3.38527830366362 0 751
79.9109389136614 3.24001917778639 0 752
71.531593602138 3.33173775361241 0 754
97.3160697617802 3.03823540826162 0 755
69.3834027148434 3.19285082922656 0 755
68.1370343513749 3.15771604952877 0 755
96.2171090704972 3.48214825355592 0 755
89.3986908183507 3.20355161396885 0 757
67.273214556096 3.28694571962462 0 758
67.3153534533185 3.15513124589489 0 758
91.8643442286942 3.00384666544373 0 759
67.2934575717293 3.12595903838659 0 760
102.888046007322 3.73201250392269 0 760
63.8198032607073 3.00787450786107 0 762
71.428130241366 3.51208355722314 0 762
67.4351894706379 3.10407171591081 0 762
67.2705414661445 3.0872895481572 0 764
67.2611946301784 3.40984582203818 0 765
67.3404654541491 3.12504659720173 0 765
63.7621421944052 3.09348685231903 0 766
68.488515980569 3.54189784497219 0 766
84.5647597520866 3.04487784374191 0 766
63.6501431512557 3.69957330577561 0 767
67.379523469436 3.10876939224221 0 767
67.2658101240295 3.52872343350639 0 768
68.4061620576602 2.99188829770775 0 768
67.6455903277141 4.11441976028471 0 768
63.8678490234962 3.05077665342299 0 769
69.7253242344607 3.60419280431196 0 769
67.5857425735061 3.1651423242483 0 769
63.9592855286736 3.25951589100023 0 770
68.667255021002 3.32963979393745 0 770
103.294799525271 3.03940826280893 1 770
104.106753630777 3.43885354109506 1 770
67.2761921495579 3.69761089573242 0 772
97.7555865796645 3.9302216118519 0 772
67.2779664024494 3.00150909804359 0 774
101.103131596571 3.11695711879208 0 775
102.896405585134 3.63627836684624 0 776
104.080474724741 3.71881493431984 1 776
104.145053655561 2.99815860237673 2 776
67.2830546057366 3.10961060620283 0 778
67.2568988616092 3.00768861253893 0 778
68.0512704105863 3.54621603887043 0 779
67.4494402858683 3.22295169942334 0 780
70.5779125905704 3.82936100579538 0 780
10.037508103488 3.75863466774484 0 781
72.2490448072484 3.32279490381435 0 781
95.913323594758 3.14710927118672 0 782
64.3455124248426 3.19278719045374 0 784
69.867229405499 3.32267255304371 0 785
67.2603565138447 3.17913330474157 0 786
70.1600271627747 3.49055240767848 0 786
4.45088196582283 3.06091053913837 0 787
67.2712139343592 3.84469063160321 0 788
103.728546489588 3.38644883445093 0 788
103.83166078365 3.12633261635772 2 788
4.78429757170114 3.26474520246776 0 789
82.8234031406506 3.02528477974848 0 789
67.5734019968794 3.07942065201116 0 789
64.7711495520495 3.06473593257438 0 790
89.8143603320274 3.08318523981379 0 790
66.6806817213096 3.57542369391896 0 790
63.7457424163172 3.90786416048867 0 791
86.1863986096722 3.17416295631717 0 791
69.3100730084818 3.36818327329143 0 792
71.0014558110834 3.05544892372997 0 792
97.9183703772626 3.18322244301448 0 792
79.4592994767959 3.32633987001391 0 793
68.5230381803898 3.1364433254204 0 793
84.2012284567072 3.36643231845901 0 793
0.261066810230721 3.2205571413491 0 794
67.2725244917561 3.11363933890403 0 794
78.8988090173908 3.01514505977608 0 795
65.2236926509377 3.2557563978138 0 796
77.6845503525896 3.07892748113638 0 798
67.3048816898588 3.46081937956017 0 798
100.881355739795 3.39980540359139 0 798
104.154575890376 3.03337818507747 1 798
70.7957805160442 3.24162352259514 0 801
103.453583772127 3.25091447622301 0 802
68.4359789700743 3.20063856932787 0 803
65.4456345628815 3.07956386765273 0 804
67.2955551575901 3.0215178982981 0 804
63.7404401276125 3.06056215611563 0 805
73.4922223755876 3.14811726850219 0 805
63.7536133293232 3.00460129648677 0 806
67.2670080876154 3.03718688759299 0 806
67.5621192668416 3.13970560606178 0 808
95.8620209224128 3.14162701029182 0 808
39.5169538958588 3.33869876681048 0 809
103.537960065509 3.3240297053541 1 809
67.263435152763 3.30618074843532 0 810
73.9952311481082 3.33774205374676 0 810
97.6679388520763 3.12678654420623 0 810
67.2677138920701 3.96743012180447 0 811
4.36276210841215 3.09830089561015 0 812
63.9005125119363 3.33553681157121 0 812
76.0606228489279 3.1925392938707 0 812
103.308556612795 4.16705050900051 1 812
103.38978741385 3.22772346158096 2 812
97.6536692739567 3.221401328583 0 813
99.660333463577 2.99193629435301 0 813
98.5854476511078 3.31009415622999 0 814
67.4630721066535 3.25324063507579 0 814
67.3093516564978 3.15519119503978 0 814
63.8172664490192 3.07485224384004 0 816
67.4013513906508 3.42487015087098 0 816
71.4517819103654 3.32347155690962 0 816
85.6281890855656 3.03454293131133 0 816
102.938022618249 3.65280840713083 0 818
103.901246404722 3.66362808978096 1 819
67.5648962379913 3.0443396423788 0 821
80.007675543788 3.28139271924778 0 821
63.7584353498181 3.32245295616732 0 822
70.8866065315916 3.44922201572821 0 822
67.3179329411962 3.17157716744948 0 823
68.0256856567721 3.39412371407965 0 823
88.7349818207229 3.84320324483388 0 823
74.6614641149686 3.1492236539635 0 824
67.435240835069 3.06044423965457 0 824
63.7517515741172 3.18270587707805 0 826
103.041888812278 3.04005524392139 0 826
63.7904514959215 3.47729254505392 0 827
67.2728329715295 3.01382571683878 0 827
67.2585173784067 3.09288963311696 0 828
67.3048285655787 3.28479697163118 0 831
63.6669951800162 4.57252398939602 0 834
63.8367846591463 3.00130063910119 0 834
67.3173757768735 3.76777359119077 0 834
101.095503310572 3.06808367418668 0 834
81.5165995388232 3.6947827014757 0 835
101.277626267147 3.00017366041375 0 835
0.0771082255275296 3.26237532765142 0 836
73.7953475810955 3.0967883845256 0 836
68.4636097707359 3.37876011883107 0 836
67.2950858503052 2.99549993341377 0 836
69.3879540953373 3.55987233717509 0 836
91.3863335775837 3.03203007019265 0 836
78.7629132457554 4.16091226596556 0 837
103.66242287469 3.37499435947274 1 837
67.5240887282855 3.12032721845976 0 838
97.6661641179141 3.35140984601955 0 838
64.4604127505777 3.11418167938295 0 839
68.5562480812281 3.52844029884392 0 841
67.2764237079552 3.76824178084411 0 842
67.4241893527668 3.25199382535349 0 842
67.5973965392184 3.11698430618593 0 842
98.9910925852478 3.33848516890688 0 842
104.238440137414 3.57729364816191 0 843
69.1647064721604 3.53317637345583 0 844
97.7480377642742 3.06256722023906 0 844
102.942779875904 3.58540304979199 0 844
102.834237270772 3.15443097384282 0 844
67.2568625113136 3.18342083250716 0 846
72.0558638830859 3.95198828681182 0 846
53.4051060258252 4.37198147161598 0 847
64.9131722798902 3.99802281618029 0 848
67.000192180547 2.99891655751644 0 848
97.8305475591164 3.0892365787401 0 849
67.312378487119 3.64355768509562 0 850
73.1446311405466 3.17567317218155 0 850
95.9276883632714 3.19883624644943 0 850
97.6710710777619 3.68305890017009 0 851
67.8290458007723 4.06256819638243 0 852
101.137326314262 3.0513595101882 0 852
67.2860566209048 3.58157658937797 0 853
97.8208949979038 3.29463635031143 0 853
104.044386606877 3.35593276846737 1 853
103.407847161618 3.55661874511777 1 853
67.274058457294 4.40702261608865 0 854
67.4960008349694 3.22609183575074 0 855
67.9223747068259 3.11165961201716 0 856
69.1096634217454 3.12297186823131 0 856
67.6131124197913 3.28685769601189 0 856
68.5154633695076 3.41552625243807 0 856
80.7127581900261 3.77947294706399 0 856
99.7307688731576 3.12193813740171 0 856
68.135183068593 3.25915839442627 0 858
67.5012660450214 3.3260514611925 0 859
77.2559872603489 3.02286585615726 0 859
97.6732410561782 3.35747298533355 0 859
72.7565310730848 3.05515468698638 0 860
68.1618069971395 3.76866396625867 0 860
102.106386368496 3.60746796388616 0 860
103.923117992574 3.3495664390295 0 861
104.200883959282 3.12840695937797 2 861
68.0004321842047 3.04962148859463 0 863
101.153756539077 3.11551737725752 0 863
70.4403769577368 3.17630366520258 0 864
67.2727200254115 3.51149839922967 0 865
74.0065079840961 3.4555959816591 0 867
89.2339789219495 3.08221447639228 0 867
96.512491602142 3.19679746291072 0 869
63.8315173094699 3.08443518886902 0 870
68.489616604987 3.15998502922214 0 871
94.819107038183 3.35911051865755 0 873
67.3210225389857 3.40432804156222 0 874
88.5076113871633 3.70647732992319 0 874
67.2926874095966 3.26240156692435 0 876
103.488008186667 3.18711047407026 1 876
0.0222993427028575 3.10036901436894 0 877
72.0438935828527 3.23188637014473 0 878
63.8774358136343 3.33241847625641 0 879
99.6960911107327 3.06732216616416 0 879
63.9508642530682 3.38887879519969 0 880
70.1441126621827 3.85276125741837 0 880
103.57217345315 3.04319596376667 1 880
67.2551752872048 3.42728553549141 0 881
85.1542037638315 3.56055159492034 0 881
63.7528781283345 3.48937637600236 0 883
101.148379695899 3.19553937916281 0 884
103.389489402277 3.28185894561727 1 884
67.3299626316893 5.19114928799484 0 885
79.9746364825817 3.53144477283897 0 886
67.2965667876929 3.00708388529149 0 886
67.661762959153 3.04191688048103 0 889
81.9800200000244 3.16193366159447 0 889
68.546569745339 3.6552237647876 0 890
37.4121465517569 3.02709324722611 0 891
69.0816230906499 4.04257030905381 0 891
67.5094976189576 3.31112241283147 0 892
68.0439717149035 3.20806049244656 0 892
95.6555451737193 3.2989710388424 0 892
78.0600799208258 3.39789755162817 0 893
94.0546049928898 3.35910302188052 0 893
96.0376529218493 3.64099012396241 0 893
103.341071507641 3.48592652708031 1 896
67.6676555889153 3.39060391840407 0 897
67.6208489488436 3.87487510793121 0 899
67.3789413264 3.08552460207214 0 900
95.7819112795678 3.79807514770571 0 900
67.3031273566321 3.31745810279217 0 902
67.2872534588946 3.31798333209072 0 902
74.9270633634538 3.11538824467293 0 902
97.9744299244493 3.14694597561968 0 904
101.252811888632 3.9618454190489 0 904
96.3129385359123 3.1926208871059 0 906
67.2616093781527 3.10179095242348 0 908
63.8388183111135 3.62864379424783 0 909
87.8374910781858 3.07089933913658 0 909
99.7818652137302 3.08708957153012 0 910
63.9017265242753 3.31709743753417 0 912
0.696999408198308 3.9361914958278 0 913
101.492494227523 3.30727049671489 0 913
68.2718707594596 3.29355617576668 0 914
67.2751418031787 3.54495792485355 0 914
67.4248150658318 3.29879604743201 0 915
72.4207831195133 3.70483397410852 0 915
97.2225520134675 3.28640694639073 0 916
103.890380603475 3.0098925142038 1 916
76.3213276888246 3.10256165357466 0 918
67.2793600186001 3.01537871707067 0 919
67.6769296371039 4.66953248801867 0 919
68.0056465962834 3.26574703862477 0 921
102.861501260533 3.02605851607938 0 921
67.4727639211001 3.04890739313071 0 922
97.7448360505524 3.07656706649599 0 923
68.0028958467604 4.60204998478164 0 924
67.8887092805887 3.26690412372974 0 924
67.9946510522727 3.37996587687766 0 924
97.1628954811535 3.1182687218833 0 924
67.4155632656657 3.21934196632136 0 927
96.7274302119584 3.26905828738636 0 927
67.3225127493705 3.01286025889531 0 928
68.0237883067627 3.19190418206877 0 929
67.7744761102188 3.84082674574406 0 929
0.0607562954203823 3.08007533617008 0 930
67.4905786972221 3.1240205979733 0 931
103.443551159664 3.05790992031637 0 931
63.7834482602579 4.54857680908557 0 934
64.0637273693777 3.05269900033452 0 934
101.937529970579 3.07391237258842 0 934
103.003752174258 3.12509375996883 0 934
67.6487728923394 4.29039278113928 0 935
67.2796513910475 3.03894378141571 0 936
73.7066100169134 3.06612511025887 0 936
67.2566586120568 3.28675852338181 0 937
76.6552774877955 4.19720732677329 0 938
79.5918382555003 3.07450855538465 0 938
95.9517030877472 3.24588953018205 0 938
67.4133532363475 3.23326233975449 0 939
67.4059711393854 3.13061620909581 0 939
95.8833807301034 3.25353220914616 0 939
70.1031564571199 3.37691361736545 0 940
99.8145434638841 3.17065644099962 0 940
0.0191754650654755 3.23246512870746 0 941
67.3321346219298 3.39890485080369 0 941
74.0958148204507 3.34848904978729 0 941
64.7085586435353 3.31831030095858 0 942
102.165197872528 3.07348385628099 0 943
69.2041334758199 3.15596784952476 0 944
100.726852158707 3.51189658153698 0 945
97.680070934438 3.28134220926447 0 945
101.182619827517 3.62764421334313 0 946
67.3662858524314 3.50557171854458 0 948
97.6818767205118 3.17113112359223 0 948
98.2485485240247 3.0195262098651 0 949
66.6896820320823 3.00837598960118 0 949
70.1793709611532 3.034763660799 0 949
97.6573923785627 3.00335802145561 0 949
99.9130347580907 3.54247134329401 0 949
103.878210577857 3.36862710567444 0 949
67.3132156816967 3.25225774528014 0 950
103.059283717442 3.00166594512162 0 950
103.857316562654 3.62793166045929 1 951
103.97848157374 3.40992249092207 2 951
103.990120659209 3.84794337559328 3 951
69.5490453570841 3.01232439522153 0 952
95.8883640215667 3.16664463646164 0 952
0.278434510986996 3.38131698539058 0 953
67.2600543326433 3.03938135489792 0 953
97.2171904974835 3.56632748360794 0 953
63.8301666911762 3.90766192667735 0 955
72.0893025583714 3.01210436099318 0 955
103.540392302423 3.15374444765055 1 955
67.4235957529458 3.11979396520131 0 958
103.065923398273 3.66639510380497 0 958
67.2844340681383 3.51496139649699 0 960
67.2988332531312 3.06368345834149 0 960
67.4819007176341 3.41122978319087 0 962
103.260972062805 3.29529616699163 1 962
64.2370537818798 3.11058180934226 0 963
67.7122773818469 3.33154191263968 0 963
65.5672168438339 3.14161935200756 0 964
63.8785156469623 3.30813530448052 0 964
79.8983867394146 3.24694367401412 0 964
103.277251510994 3.11442877811444 0 965
4.44396500794185 3.17405029019871 0 966
99.7893181359997 4.08806102321062 0 966
102.780368711289 3.53336421925009 0 966
98.1022630085873 3.04079811822724 0 968
65.5947084547219 3.17743602923765 0 969
104.079748112689 3.17507299167739 1 971
67.3239309759288 3.6290116524398 0 973
67.2748426613353 3.12623096305581 0 974
67.8622333320963 3.72895980209332 0 974
99.7142225906414 3.25683794558283 0 975
67.297928021197 3.00099404631337 0 977
63.8455895766484 3.29302049846916 0 978
67.2544218318209 3.19276267094703 0 978
67.3819764457972 3.41345354286371 0 979
101.276508308501 3.31842800610335 0 980
101.136057402544 3.18123315338727 0 980
85.2800492483069 3.0872779728821 0 981
102.988247861017 3.01623913689934 0 981
63.7036190737585 3.04151858098137 0 982
68.1721557658183 3.70948623520899 0 982
67.2767706226695 3.52852951320677 0 982
80.40904801331 3.82352258737594 0 982
80.3822954659112 3.06683508937861 0 984
101.930840069474 3.20865314133755 0 984
67.8316221401041 3.4980362285964 0 986
74.7393523482593 3.20723455763859 0 987
82.8483317214976 3.90875164154146 0 987
89.6677646085333 3.53014303160873 0 987
67.4586057335692 3.43674233559978 0 988
68.3462090576963 3.18437757376713 0 988
67.4372012762598 3.02673684930187 0 992
67.2652027556145 3.30060196640899 0 992
67.6116452278375 4.02182469415887 0 993
97.9933300565792 3.12603775014613 0 993
103.50238366912 3.06849809498452 1 993
67.4901474994497 3.25519225208248 0 995
74.7342184354428 3.07748890146273 0 995
101.145948253798 3.82102887246588 0 995
67.2645721988552 3.37371881009234 0 996
94.1658873763791 3.13298775959733 0 999
0.179604394662601 3.55868539436205 0 1000
65.3633703003556 3.22948113931008 0 1000
