"ts" "magnitudes" "gen" "cat.idx"
97.3952361750284 3.03533656240564 0 1
67.5208609557754 3.04610844444309 0 2
67.3133625576695 3.07913298847917 0 2
97.8486367647138 3.19901591665108 0 2
100.841655702078 3.21331604379294 1 3
100.940634691523 3.21583328840059 2 3
100.496794880771 3.42040642667095 0 4
100.578864628009 3.00733431981556 2 4
97.969890501715 4.11959414465037 0 5
100.705807338449 3.25747668017687 1 5
101.085877605913 3.18617018851753 2 5
67.4591505520575 3.10098490928996 0 6
99.9852945980615 3.28466228948104 0 6
2.22626501973783 3.08049318369335 0 7
68.2269037723555 3.78882927087197 0 8
97.6656814712368 3.6750579930686 0 8
63.7377216748281 3.04983341591995 0 10
68.3573708387318 3.11865659849915 0 10
95.2416052758581 3.1346863345071 0 10
97.4828080236253 3.22204251523606 0 10
67.6532680688759 3.39931218439411 0 11
0.0217355818782483 3.0865513606759 0 12
67.3540105734208 3.08825729196787 0 12
63.6497027324992 3.60921027899648 0 13
63.8469380783905 3.22989403763451 0 14
67.6584694434947 3.97674847529202 0 14
97.7953252454858 3.99834257806785 0 14
67.4620355302462 3.09437195038735 0 16
63.8837501661934 3.08470056380897 0 17
100.562735267144 3.37159557023687 0 18
67.8732457489878 3.20056710003665 0 20
99.9143328806191 3.00825328406897 0 20
67.4602953299698 3.2142740011441 0 21
100.014208570932 3.21277564592303 0 21
76.3932453004283 3.16191448028574 0 22
69.4623242803086 3.19052469976114 0 22
80.5294230673867 3.13151649300435 0 22
97.7144783833684 3.24031105724288 0 23
97.8563729617841 3.59465517503963 0 24
100.817702759736 2.99858176751228 1 24
68.145897748189 3.63996079881245 0 26
97.620666481905 3.552113822269 0 26
99.6146292006038 3.53772727994194 0 26
76.8440369638288 3.12669173968844 0 27
67.3264868113188 3.54921566005137 0 27
81.6989848616969 3.35869996366764 0 28
67.3249671617594 3.6660572370756 0 28
100.700602129074 3.41876609931759 0 29
100.720357840101 3.00803214220853 2 29
67.444442895119 3.08807706916275 0 30
101.080626306432 3.14232909133255 0 30
2.62749492064757 3.00103635471349 0 31
86.0181510999784 3.27021309715032 0 31
0.0196690845042936 3.20827124674481 0 32
67.8061871453684 3.60858632605817 0 32
67.3774390272537 3.34160797503823 0 32
96.0338414148619 3.78298505476501 0 32
67.2983801601562 3.1219831102979 0 33
67.2785949646488 3.06413485690817 0 33
84.6345412133972 3.06608394720821 0 34
99.887705019834 3.00093025015157 0 34
99.688729161486 3.18002585220156 0 35
64.4280247532935 3.34072543730539 0 36
100.292914199234 3.23979604777592 0 36
73.898308314953 3.3936953280837 0 37
0.00941761931607169 3.28530589181836 0 39
63.7483246614026 3.100868304603 0 39
67.2619357348972 3.26415781584367 0 40
73.8946333359577 3.22547965408726 0 40
99.5434969947133 3.55135270490917 0 41
68.7504821365994 5.76291549711143 0 43
95.1458123078857 2.99502277834479 0 43
97.2816674868706 3.87249312522144 0 44
97.6646248174537 3.06397275080558 0 44
63.7975406141845 3.11269355944455 0 47
68.9037859850576 3.04035850597926 0 48
97.7202624326658 3.80152670316147 0 49
64.2976265461618 3.02473539356927 0 50
68.0960125230422 3.12079012975019 0 50
100.254526816056 3.06121845771006 1 50
85.3449719184865 3.08072830010933 0 51
95.777978549128 3.38179431572333 0 51
100.549032522812 3.75644595688641 1 51
100.570784159023 3.36264149607043 2 51
100.568658491137 3.72456933966171 2 51
100.569208830013 3.02674250935427 3 51
98.4096376246812 3.40154272406313 0 52
69.6773447733618 3.28717695442155 0 53
64.0359876684127 3.23675347093603 0 54
69.3531099617135 3.11041196878863 0 56
70.7516162276064 4.03164464442309 0 56
67.2642461555532 3.39591683439301 0 57
68.7100959435223 3.52593176076444 0 57
67.7451510624386 3.09184550890459 0 57
99.5938930122937 3.0337794175187 0 58
69.38941969924 3.92260291145509 0 59
95.6839294079937 3.19475526907544 0 60
100.603467466057 3.32022596632283 1 60
64.1282543192471 3.71984359719394 0 61
74.0724306762956 3.06624337315746 0 61
67.4565507110367 3.3544549101741 0 61
67.2599096228661 3.89624840858389 0 62
73.641246003472 3.18770800323152 0 62
0.660853509687126 3.0575780826908 0 63
99.554442243069 3.07542859054065 0 63
99.9792596675754 3.05840064523727 0 63
99.986024482766 3.16709348620542 2 63
67.3907577891116 3.18975498023256 0 64
67.4746334127396 3.06447816575164 0 64
99.895878533175 3.35189379396062 0 64
64.1089837834509 3.07851261044668 0 65
67.2703331305349 2.99776573700053 0 65
82.2679965573425 3.07762821616008 0 65
67.4920543081331 3.31919585862091 0 66
89.0732587196994 3.0765276636344 0 66
17.05001144332 3.02850680605503 0 67
67.5281748578178 3.45655106196325 0 69
67.5723475038687 3.19134886042113 0 69
63.7164417484975 4.49893440358191 0 70
63.7592479088918 3.09344287459594 0 70
100.733233164977 3.55217695055013 1 70
67.4452458223861 2.99135405058105 0 71
64.9187686918989 3.38275040697741 0 72
70.9688526433261 3.56292576786464 0 73
80.2888711606118 3.28778658760215 0 73
86.5579894993575 3.30096163316831 0 73
97.6932091118949 3.12746715687487 0 74
69.1160466279043 4.10262405387643 0 75
99.9376293318729 3.25914254615869 0 75
100.050306052837 3.34641260013635 2 75
63.9394494121036 3.23062607795221 0 76
96.1936988884902 3.25909775013408 0 77
67.3491816304569 3.13795836805621 0 78
99.646958781689 3.0515458759814 0 78
74.8636470900664 3.07055448821436 0 79
88.7443972625831 3.22795934540077 0 79
100.293909325533 3.147139043722 0 79
64.5720135112909 3.02342462359477 0 80
97.6759759572166 3.35918178026802 0 80
67.2880564657685 3.16391590022561 0 81
70.8910726039586 3.24300599529762 0 81
64.2458851292585 3.0247270624203 0 82
91.0510476453734 3.72322419217424 0 83
97.6524601046562 3.18526553058892 0 83
96.4741585206647 3.12774718974302 0 84
67.2775497911332 3.04904695337911 0 85
65.4730754279687 3.33814423953033 0 86
67.3188492298373 3.12994212284379 0 86
67.2580906292714 3.81217860521895 0 88
67.6023516675174 3.03985474581022 0 88
101.024390232497 2.99765294680185 1 88
64.0571935818145 3.19010918012592 0 89
84.8615438775739 3.09462048455482 0 89
83.5221004664299 4.0363742127004 0 90
71.2594733405758 3.0594687966754 0 92
100.687524470094 3.24371323745059 0 92
100.809737214334 3.13579927440906 1 92
100.919125333728 3.30475416319567 2 92
66.6087358679848 3.06953386823532 0 95
93.440788869262 3.26559623193367 0 96
74.7381258092163 3.11807181405835 0 96
64.353709683018 4.68026950223778 0 96
70.8874346818481 3.22437795201024 0 97
97.4375995384087 3.43063113746567 0 97
67.4562546522532 3.32762700730173 0 100
67.6870291523445 3.84040254987082 0 100
100.150366756921 3.24174285650003 0 100
67.4585070637798 3.67956619175927 0 101
67.3438680474776 3.135915264635 0 101
99.5128816372745 3.00151121181245 0 101
69.6476647515632 3.01042982669976 0 102
98.057129057041 3.63230723479444 0 102
70.1119661329023 3.56437026848451 0 103
71.4284245321343 3.07742731935035 0 103
67.7691147827267 3.62767364052425 0 103
97.7579710574158 3.03590829178278 0 105
68.3692467426387 3.05335001892693 0 106
74.5333071822504 3.18484007893643 0 106
68.3693481043201 3.2036919356991 0 107
67.7785570505707 3.57315438051248 0 107
99.6447952687148 3.2027371912787 0 107
68.6458731360841 3.09433246196152 0 109
67.2750525444686 3.16957397866348 0 109
100.295651137577 3.30524507698079 1 109
66.9959816850477 3.11094784267209 0 110
64.5960723172684 2.99443777543716 0 110
89.1472950563741 3.24943849186691 0 110
97.363042703839 3.19534461279782 0 110
73.9461989294481 3.14317690284484 0 111
68.4309364902018 3.09007555794112 0 111
63.7566191478997 3.86143672469594 0 112
69.5113827475859 3.11085036985761 0 112
100.365017425715 3.59263637823526 1 112
100.366758693193 2.99489697587839 2 112
0.100547363495734 3.23440711142168 0 113
63.6602451826044 3.0207209934007 0 113
78.6383893278322 3.38303704215427 0 113
95.7740053419771 3.06780184103851 0 113
67.4137863862412 3.75597306283249 0 114
67.2871849907195 3.52247480338996 0 114
68.6623750795511 3.37123564005234 0 114
101.111404893202 3.56191069770284 1 115
101.158305865646 2.99225546787204 2 115
67.279762746885 4.02297099734378 0 116
67.5592422330925 3.09325050935966 0 117
76.2784091510865 3.42830686061549 0 118
100.222942977287 3.51940471094828 0 119
99.5111935621432 3.34242007309767 0 120
67.5071246730847 3.37662567884423 0 121
95.8279946008024 3.00824944764832 0 122
97.7418314563933 3.10604289550444 0 122
101.103187363808 4.12983103206381 1 122
101.158143646084 3.10029681026825 2 122
101.118339678568 3.45803078647412 2 122
101.128490471361 3.28924442947549 3 122
90.2886372776017 3.93202233569464 0 123
99.6457297559192 3.09215914659331 0 123
64.1511577807688 3.91387758231913 0 124
99.4838061419628 3.45208736044971 0 124
68.3260156804802 3.59014698383218 0 125
67.9896292396466 2.99239008824975 0 125
63.7979020239568 3.07877804507023 0 126
92.9279114703349 3.10725514224437 0 126
96.9230888274817 3.55899278597046 0 126
67.3802949478542 3.33929573145607 0 127
67.2836593083876 3.30114375963785 0 127
70.1428211837713 3.06675693547775 0 127
68.3151455171345 3.85912804071601 0 127
91.7091260555921 4.34766148067501 0 127
99.7691712189189 3.00549732740875 0 127
63.74175192484 3.00626529732425 0 128
82.0344549663165 3.08997514407397 0 129
1.87585241918077 3.32651209010945 0 130
97.7346109708704 3.17525315661669 0 131
92.8217864184331 3.03219346237785 0 133
63.8105404482704 3.34996962766347 0 135
68.990680195873 3.21213004934887 0 136
99.495972983201 2.99890362116251 0 137
67.3000614031026 3.1549203523854 0 139
67.7411395342561 3.6622007338049 0 139
67.5775841411691 3.29621800713138 0 139
100.590414687086 3.51629562135618 0 139
72.8836179545932 3.11713132851784 0 140
1.03461761995788 3.45415049156395 0 141
13.1802125579784 3.00634040807237 0 141
69.6999660883602 4.1870392622237 0 141
67.633005927064 3.43581338705259 0 141
67.2554337463613 3.48085153394668 0 142
99.4778209763447 3.74371054249781 0 143
99.7709884678028 3.08557968671047 2 143
90.4633710610788 3.02615339830703 0 144
67.2579527528991 3.88991659504112 0 145
67.3246742758563 3.30696827432211 0 145
70.0613323769264 3.69804991495134 0 146
65.8108392099998 3.39774102336307 0 147
67.6814155849028 3.30600496693295 0 147
67.2893017564288 2.99607705123885 0 148
101.188661922681 3.25366971894484 1 148
67.2793377151354 3.4536910969099 0 149
71.097952186718 3.58327257729157 0 149
100.113159153027 4.50037173210294 0 149
78.109491976213 4.16338034458894 0 150
67.4656825460351 3.03634298606155 0 151
68.9467425235173 3.11944679712967 0 151
96.3729757060531 3.01590874622151 0 151
100.945578312948 3.23918594593183 1 151
67.7678944795591 3.00703403994543 0 153
67.3577162785763 3.61453463633133 0 154
81.2627963902105 3.73343434217588 0 155
42.9455835002882 3.36324992824355 0 156
99.4704412002199 3.02278359476088 0 156
67.7797133671568 3.32247465313832 0 157
96.0064703747454 3.92627985980134 0 157
75.3148331435914 3.47165877874498 0 158
67.5200484230227 3.12161796949305 0 159
97.6535091762735 3.55771992321061 0 159
99.4558634126175 3.10522729413896 0 161
100.670839473353 3.20087963410815 1 161
100.714704089729 3.03781148200182 2 161
101.164127214691 3.66337249855817 3 161
67.2555833925264 3.31596001946736 0 162
100.451754739256 3.16249768411629 1 162
67.7740089408594 3.118101567241 0 163
67.4117969343597 3.41279049656258 0 163
67.6572146646347 3.21012452335921 0 163
67.2552627854806 3.70289287086405 0 164
63.8563543394018 3.22106873097618 0 165
90.4159287462647 3.22358447778008 0 165
100.017138786125 3.28486405417792 0 165
68.2765496766239 3.99045989370185 0 166
67.3042659396833 3.10460493811561 0 168
68.6982557689052 3.35320294520687 0 168
67.2683338100741 3.5216798709237 0 172
67.2697450832796 3.22331250606449 0 174
80.5827749921447 3.2500622143659 0 174
80.6108844241138 3.3359385573226 0 174
100.831439203482 3.2238903494334 0 175
100.401985649 4.8822169204976 1 175
100.452340531668 3.58610150774699 2 175
100.409714886921 3.31441767850721 2 175
100.438695970637 3.06266618104911 2 175
100.790930028483 3.44767067843772 2 175
100.448089806767 3.18251040208393 2 175
100.571348873895 3.10379047513146 2 175
100.494391575455 2.99272695602881 2 175
100.464239565501 3.25662194425249 3 175
63.7875268201581 3.23877145944352 0 176
99.5950548391647 3.10285705713104 0 176
67.6581135826574 3.08631323690338 0 178
67.5652755594827 4.89535926581409 0 178
0.0667778669062887 3.56990483762342 0 179
68.8450730016492 3.32969718782961 0 179
101.118904109792 4.21875523549687 1 179
101.21069090834 4.01532114029087 2 179
67.8013767058037 3.22889627579609 0 180
99.6462901198095 3.21979390199082 0 180
1.12811529829679 3.46425839939126 0 181
68.1177911062099 3.75630049008251 0 183
68.3509931944201 2.99838560267272 2 183
67.3035106813842 3.68439484571644 0 184
68.8660537446164 3.46176725663677 0 184
96.0274467961764 3.29838694849907 0 184
95.8562297035915 3.08469551372826 0 185
67.2824416562972 3.14440672147118 0 186
96.0987278652393 3.14977126764104 0 186
100.061298461642 3.15122736626858 0 190
2.15528142480003 3.26515559895106 0 191
67.2626754966364 3.37761716126027 0 192
67.2900801551903 3.01558612855612 0 193
100.29436505584 3.24335387005118 1 193
100.295316400184 3.01236176421326 2 193
67.3450328485562 3.83071034008349 0 194
63.8028340297287 3.19357628169788 0 196
64.9181480606013 3.41800665461333 0 197
90.0481336442801 3.1407223525147 0 197
99.8847584463156 3.01777530925963 0 198
63.7576665985422 3.76407044023004 0 199
94.3060145406212 3.36621949318416 0 199
77.1649995585774 3.20648355452795 0 200
67.6521066024803 3.00399450303742 0 202
67.5323239031098 3.11040717910413 0 202
97.731728590819 3.09034479935052 0 202
99.6890840125359 3.45665796231999 0 202
96.6648487864369 3.1178693280592 0 203
64.1126271201041 3.071822117248 0 204
67.1179052932912 3.90169904440581 0 204
67.4203570701672 3.04226361991954 0 204
74.7157143739431 3.08969695553513 0 204
94.407756092713 3.01782023085655 0 204
64.5509875121127 3.01175311866636 0 205
69.1496536117875 3.2870283580532 0 205
68.7498964226316 3.72106138496966 0 206
67.2825218411783 3.52201496009353 0 208
97.8115095418376 4.51029936285742 0 208
67.4969059612606 3.28370664075486 0 209
97.8045816322268 3.0990160740196 0 209
67.7801474664107 3.76553772120079 0 210
80.7141094332774 3.36885066680045 0 210
68.3098834038296 3.60101706912962 0 211
99.4574689367754 3.31642808080783 0 211
77.6285238093204 3.2317498573954 0 212
80.537882680714 3.14453598872257 0 212
99.5373181542529 4.26355000462947 0 212
69.2434693137676 3.22311978055471 0 213
68.0312189393239 3.00921929601661 0 214
70.2701636331041 3.78524501494838 0 215
69.70603607649 3.39720227860764 0 217
67.424662868826 3.12907296499214 0 219
67.630496714119 3.08707814780725 0 219
99.8251347523151 3.07520098237613 0 219
68.0952182846906 3.28638943819201 0 221
95.8933643436358 3.14654721570771 0 221
99.9405941873292 3.59306930487975 0 221
95.8275629655079 3.10149033840666 0 222
95.791934442021 3.98136920841959 0 222
97.2191310240194 3.22719221029823 0 222
99.686542618658 3.36954844774395 0 222
67.2867950705932 3.02675243395526 0 223
78.8778003934851 3.13687156750834 0 223
67.3127063028503 3.18475962665774 0 224
83.1421478295256 3.41008327277967 0 224
68.1991136343006 3.761170120314 0 226
70.3003820939762 3.34746036903301 0 227
63.7784922554784 3.09521932508895 0 228
67.2996443301623 3.35679944672776 0 229
96.9640959482603 3.21039559535615 0 229
99.8153614753763 3.09227742145892 0 230
67.2526800473331 3.61114204802562 0 231
93.6193121238233 3.00489755036981 0 231
67.7212165070959 3.17187797020984 0 231
82.5867172930739 3.07050427294932 0 231
68.4082738585578 3.3900644084989 0 232
97.6670043783478 3.08785216110583 0 232
101.225852864542 3.21666725767808 1 232
69.7492564532487 3.41624791833348 0 233
97.373268252837 3.21065768103302 0 233
67.2566690325596 3.04821581222559 0 234
70.4804713532419 3.14278204636871 0 234
69.3456980899879 3.7977077296645 0 234
99.6964580155631 3.10570185303054 0 234
89.4940879617978 3.38162010142056 0 235
99.9159707261108 3.776964538133 0 235
100.837173124523 3.15086594799746 1 235
100.039364540871 3.39458344714273 2 235
99.9223765894878 3.8177189991135 2 235
100.128769016145 3.86999870103613 2 235
65.1457955550251 3.17458515066913 0 237
100.667653061197 3.06188193134535 1 237
67.3006700219795 3.19453913158929 0 238
1.46881572674668 3.11875245217583 0 239
66.6276964763919 3.21542342938645 0 239
99.511668341107 3.11216458280373 0 239
65.7714969975351 3.03069468262951 0 240
76.5719350504771 3.29871605383844 0 240
100.050887868695 3.61810038909507 0 240
100.368646582053 3.2564412368083 2 240
68.2762717847308 3.47292221750528 0 241
67.3094783288329 3.00235187438146 0 241
67.7709256598658 3.2430792258567 0 242
63.7322082130954 3.11516832742753 0 244
67.2996929936985 3.88186507282483 0 244
83.939085297522 3.01061785068614 0 244
14.1577693527259 3.09924612399489 0 245
77.865035405688 4.46331182713327 0 245
95.8493775932205 3.18988383105601 0 245
100.340098179258 3.13037753010904 0 245
67.2821111081859 3.01443032066275 0 246
14.6884806418808 3.23411819225371 0 247
78.5911567348884 3.32361131768342 0 248
91.9215965178104 3.26655652696586 0 249
67.3454793844771 3.33349116815169 0 250
79.1604645591654 3.57432560902226 0 250
67.2956303432725 3.84461652820516 0 251
97.6587587534407 3.09970447736708 0 251
67.5611883886485 3.07207008290648 0 252
67.2748097740205 3.59079490594595 0 252
67.2811916616679 3.34024987990877 0 254
67.2638232063566 3.19691547859197 0 255
99.8083880288539 3.82026893328673 0 255
63.8079624802639 3.16270311132995 0 256
63.7743632826747 3.41478392359618 0 257
98.5771301982039 3.24372809715176 0 257
5.11815777922792 3.27980895822501 0 258
67.3045639913702 3.0042736542849 0 259
67.342458392643 3.40184951116692 0 259
67.2755521832394 3.32425665622801 0 259
67.5978403037884 3.20401279201123 0 259
67.2685025056329 3.31999408463669 0 259
70.8095172196642 3.49050840905098 0 259
97.3231849164474 3.13394457084162 0 259
71.4973473872092 3.0101911734059 0 260
96.5648697941668 3.60825997432477 0 260
78.1667745761857 5.23785424735468 0 261
67.368464846963 2.99324438056077 0 261
67.3612945831758 3.1116009991277 0 262
76.2428094845172 3.51607131567261 0 264
72.0933332123883 3.67298959243801 0 265
67.3179368556999 3.29999195076527 0 265
67.3874888510113 3.26734998402393 0 265
83.8190006588876 3.27133832632103 0 265
68.1362466864414 2.99336052393422 0 267
67.3711770999171 3.24625456173457 0 267
67.792541381584 3.31329136114776 0 267
67.3235704290006 3.42276870591625 0 268
82.5223635699653 3.51796921194808 0 268
96.709056249066 3.26834784577541 0 269
64.0730595439087 3.0292077569998 0 270
63.8695485075201 3.19616991411135 0 270
67.8290262120521 3.00432181940319 0 270
67.425303774568 3.22965572868034 0 270
67.873467182377 3.25433211586936 2 270
63.851797932212 3.72896897678775 0 271
67.4383119464294 4.75490464386368 0 271
72.3524156946525 3.31668179398732 0 272
90.5304061420824 3.1212137411612 0 274
68.9638698099012 3.63268940848389 0 275
67.3609052393564 3.30884000361503 0 275
87.0417478650732 3.00466671360485 0 275
0.0595244114890202 3.36169863336781 0 276
67.3991073078139 3.03733492206038 0 276
69.8549933003178 3.41949824377449 0 276
99.6931769553972 4.06484390471984 0 276
71.9668002944548 3.98493283050864 0 278
101.211388180268 3.03159031962577 0 279
83.3467241820135 3.61379473978333 0 279
70.2861859770838 3.08446683071944 0 279
101.032962351087 3.09153614969719 1 279
101.223651765313 3.10786625901026 2 279
96.4737256078484 3.69863373241766 0 280
100.788009647726 3.12577337634552 1 280
67.2571576704652 3.14579052735562 0 281
68.2234827382723 3.16696894486495 0 282
67.3915165632748 3.23747356506924 0 282
99.6156989085191 3.08968555501344 0 282
97.7958637838903 3.42415432091419 0 283
67.2545027964017 3.05221746776141 0 284
63.7401694679088 3.21047459235481 0 287
91.7773049629664 3.12323471707054 0 287
67.4950396629434 3.33403875567702 0 287
67.2550613715883 3.07557074650473 0 289
99.816948361441 3.43271010200232 0 289
69.161548994655 3.07507701393761 0 290
67.2977232297029 3.23893933677567 0 290
73.176017564627 3.11184931888927 0 290
71.0098823352518 3.09539031299334 0 290
97.1892210854399 3.18579268377444 0 290
95.8107717264213 4.00331596808354 0 291
97.2313534029968 3.44031085641971 0 292
68.7580499288066 3.5445468581601 0 293
67.3640520018026 3.9222639813276 0 293
0.00444516284290998 3.1666575425096 0 294
67.2735236163928 3.42932732987072 0 295
91.4558442302798 3.20235017253093 0 296
67.3662601577682 3.02583904146208 0 299
100.498186378488 3.83480590083113 1 300
71.3694474419326 3.90429499330924 0 302
97.1718486359577 3.40561622053736 0 302
64.125849830129 3.21081958445752 0 303
67.3706565344942 3.00827014041504 0 303
94.8243138446355 3.28002483470903 0 303
95.7779179665065 3.33055772616483 0 303
67.2604649056275 4.69113042260098 0 304
97.1783086442069 3.17096423656434 0 304
91.15030254521 3.05834755276348 0 306
85.6114951647757 3.74398842475203 0 307
99.582738199973 3.70310458493907 0 308
99.8160017714759 3.23173171176373 0 308
99.7751186968746 3.4471744433306 0 309
67.2635549614795 3.8268364352522 0 310
99.4963871839716 3.11745096390975 0 310
99.6122598082449 3.23039868012869 0 310
67.6646543940631 3.15390486262064 0 312
70.1791558489169 3.14987881384967 0 312
101.243912525223 3.1666671880759 1 312
100.00467742082 3.09939022398379 0 313
100.654320657234 3.02449612139156 1 313
63.9548427226552 3.4084300777031 0 314
75.5012000091569 3.34934104678125 0 314
67.3589838620922 3.35667298596883 0 314
67.4270164560695 3.30715970911125 0 315
99.9428046375902 3.10977072745085 0 316
67.350061896019 3.09580268803003 0 317
1.39352216934126 3.14175408818522 0 318
67.2607059526915 4.41322903754006 0 318
99.5380219212255 3.34864554532705 0 320
1.46362162628386 3.22920163517338 0 321
98.041683456373 3.05597223815656 0 322
66.7044572522309 3.62847227267512 0 323
98.7283701826556 3.04437053046796 0 323
65.6093818432758 3.50913107510278 0 324
63.7756516574742 3.14589380073113 0 324
64.9289237716289 3.49559007957694 0 324
67.5144278012584 3.2535726643251 0 324
67.5330811944968 3.07811481668868 0 324
99.4731247640776 3.01902407304224 0 324
1.55375930693069 3.2455055674163 0 325
98.6969203606446 3.27909281806133 0 325
101.0532743295 3.16009594063486 1 325
67.3199349861738 3.12601595578646 0 327
80.819706111068 3.37486885880174 0 328
96.2308922929298 3.04865430816461 0 328
75.8724986481144 3.01135124182047 0 330
38.0366080833176 3.05321446000365 0 331
67.4616170898597 3.17449234161337 0 333
68.9905774946189 3.11225453068232 0 333
79.0935893566969 3.19707106859497 0 333
67.6980975220799 3.81943096950703 0 334
86.860619164852 3.45435233664607 0 334
22.6439011362241 3.25154697270179 0 336
99.4603806498097 3.03097514093382 0 337
67.3151787025464 3.05307585999467 0 338
67.3683034194344 4.65583812092131 2 338
2.46618111051332 3.14671423828836 0 339
69.5124454800955 3.25697046007608 0 340
67.4423957239563 3.13394881994374 0 340
64.7114083371473 3.40425034018238 0 341
64.1267665006504 3.03192039393075 0 341
88.2920985232455 3.40129669403161 0 341
67.4125771298653 3.9486596008365 0 341
97.2594761899263 3.73319640166621 0 341
98.1395060003572 3.02634731066634 0 341
76.1175482409655 3.03713747847628 0 342
99.478595182963 3.17373514267126 0 342
100.337270032362 3.30590791259113 1 342
76.2347369518805 3.38851441719162 0 343
95.9025706596273 3.14902921828199 0 344
67.2942073969506 3.39308861567766 0 344
70.4381338849845 4.02058264272822 0 344
100.594186441255 3.28494098416329 1 344
67.304241013898 3.36697756190106 0 345
73.5783239218439 4.11419959870011 0 347
99.6861164673825 3.07922916898584 0 349
0.257117330922858 3.06371361408791 0 350
86.6530793687284 3.3827834538161 0 352
65.5084566413956 3.09178819833606 0 354
67.5557989722466 3.01074458809421 0 354
100.557131640357 2.99986978379659 0 356
96.317954005983 3.24209357879999 0 357
66.6725248954643 3.20559992219185 0 359
80.3984962388823 3.35818836949613 0 359
72.3548951812955 3.38284424928653 0 359
95.792266215464 3.03289277600829 0 360
99.7601642917999 3.34687345961374 0 361
100.296497590488 3.06378697787649 0 362
67.2615754015446 4.16153648411127 0 363
67.6949611768301 2.99399467277008 0 363
101.055621257032 3.67388319105408 1 363
70.6854209107734 3.10096356937394 0 364
71.9196581223691 2.99901237361605 0 364
63.8376217786339 3.12357183896125 0 365
67.253355028563 3.11745292271333 0 365
84.8052418260212 3.3197472835658 0 365
99.4843183492495 3.32447693758147 0 365
0.642412344712905 3.28167349383213 0 366
10.7121914837644 3.59174548752532 0 367
67.2789743630229 3.81303903548046 0 369
63.7782195647953 3.56368618235163 0 370
0.06739376802101 3.88995208042439 0 371
99.1745908348951 3.44091057418155 0 372
67.3277916246953 3.25186803566437 0 372
67.8996347793512 3.65927576001831 0 372
67.258472433578 4.40655613736958 0 374
67.288388474261 3.37906550192891 0 374
101.161496737158 3.03592215640386 0 375
101.221075354057 3.05978018095343 2 375
67.371928181761 3.20694899903872 0 377
69.3202790416605 3.98093938128201 0 379
65.633661856142 3.63561851588984 0 380
66.7009931837445 3.31360919691027 0 380
72.5937837087236 3.21883616006181 0 380
96.5429466376573 4.84385256459507 0 381
94.7375431267111 3.64034198008015 0 381
97.5483823224385 3.43700004422698 0 382
0.987953551800027 3.11595964453662 0 383
67.2601673067274 2.99139407185177 0 383
67.5908593662844 3.72503605691764 0 384
95.8023078917538 3.47081851509586 0 384
68.16596159127 3.20075316971367 0 385
97.6525488884174 3.1030686674137 0 385
65.7414359296519 3.05534276545577 0 386
81.034347507688 3.28976441479737 0 386
67.4169739403112 3.30958806022063 0 387
67.2687875875245 3.82803553024611 0 387
69.070120273614 3.30399767904026 0 387
67.7336796438374 3.03002119707742 0 387
67.4611781196994 3.6827074941256 0 388
64.1360470452884 3.50310236813574 0 389
64.0754305313174 3.10320022343068 0 390
101.07272120214 3.2136921736166 1 391
67.355029480286 3.12992630744765 0 392
91.3449858098505 3.97709960880843 0 393
99.7119956984305 3.23378638144032 0 393
67.3819484649747 3.11471847469589 0 394
67.3568008179409 3.16353649795328 0 395
81.2170453713818 3.07469908148751 0 395
67.3342241245601 3.16704953150748 0 396
96.4823460504164 4.63566206603531 0 396
96.4905078927653 3.20261180285528 2 396
65.5467137103948 3.166414637687 0 397
67.4123150187902 3.29627075192003 0 397
68.840851865518 3.00289197393917 0 398
75.1761665918872 3.22202803302608 0 398
64.0828557041379 3.0255716715277 0 399
67.2710854336887 3.13288705428033 0 399
67.4446077994696 3.38820362525107 0 399
71.6126756921863 3.06889106012735 0 400
92.185955462282 3.73434064143108 0 400
99.6153190621484 3.01744192636858 0 400
67.3778936906878 3.24600773127631 0 401
67.2619737163886 3.35437031246051 0 402
70.2786992574178 4.10155242244709 0 402
69.7863478274209 3.49920761785518 0 403
67.272928767367 3.02563288255938 0 404
67.6684747520256 3.03406061470232 0 404
64.5638294151373 3.13395351595879 0 405
67.4756347117694 3.07908058062421 0 405
68.8571505838311 3.44130749978704 0 405
12.644942871179 3.53216684205314 0 406
99.8835794577941 3.12369647301375 0 406
100.934405042538 3.17735127807359 1 406
101.237170406831 3.13886893078002 1 407
68.9811024944587 3.03708236178358 0 408
63.7441008674902 3.54750936050857 0 409
67.4106986215228 3.19725608622242 0 409
67.32134809046 3.23592910017847 0 410
67.5728329386883 2.99641051531821 0 410
63.9608237383887 3.11697459305901 0 411
74.2899849800379 3.22273043808512 0 411
67.4306828317766 3.84429132469936 0 413
68.8128902745633 3.78823726958616 0 413
99.8887646200889 3.17757050553109 0 414
67.3155783337156 3.19070727143396 0 415
67.3003028901299 3.11502998857216 0 415
67.440964753766 3.37842188066977 0 415
97.1882261705543 3.78631665262012 0 416
100.913246775259 3.00557851573466 1 416
96.4219327548497 3.29604601960246 0 417
66.2785817994809 3.13873406069425 0 418
67.2834841558153 3.32835544232806 0 418
101.00601971846 3.7637691816627 1 420
89.4757345261112 3.04006434183826 0 421
94.4406476356035 3.06891836453217 0 421
87.5762295214053 3.25549788330654 0 422
96.9571943571553 3.3091420016697 0 422
97.700645884007 3.38328915602389 0 422
78.0128990187453 3.9715290216783 0 423
75.9740318913327 3.5119112317069 0 423
67.5170957464071 3.11345661530839 0 424
80.8001548191063 3.747650640096 0 424
81.140578836344 3.16780564332206 0 424
88.9988375412659 3.02943923715534 0 425
64.2790814511174 3.45891115395256 0 426
67.7079647734303 5.06578463338079 0 426
71.1999287505861 3.26635442080067 0 427
70.9114993804765 4.12156317745223 0 427
9.73390841023737 3.45573936589927 0 428
68.6822772774511 3.20653951668729 0 428
80.8885960864141 3.2077494110799 0 429
68.3812146263699 3.63569316098471 0 429
99.5333003212171 3.06305338587684 0 429
63.8565154801217 3.99731510644202 0 431
67.8825934708804 3.0404365057771 0 433
63.9814472121301 3.30686383145959 0 434
69.9602569042661 3.34239758056109 0 434
96.3214622679806 4.54000017057572 0 435
97.7049942283409 3.12847565304245 0 435
89.7307721915803 3.11387680455674 0 437
4.60498965843428 3.40086413397166 0 438
67.3025082022338 3.73927926249496 0 438
67.2890634727664 3.71448133914782 0 438
63.9031896123321 3.42135022431563 0 439
0.179016180591079 3.29880188801859 0 440
63.8274654148526 3.10832622179511 0 440
67.5453764975988 3.24003226284432 0 440
67.5325046965291 3.07193667831093 0 440
71.4182860220858 3.25695473631052 0 443
95.8153570919607 3.28628209594472 0 443
67.3281933280763 3.74191836312987 0 444
97.3853155390668 3.05905213014773 0 444
101.139077372597 3.17574243760538 1 444
0.273414629492512 3.04737313913414 0 447
81.178740891595 3.44984019274295 0 447
0.0109280525742773 3.36127197456976 0 448
69.5607792411765 3.66745249736628 0 448
96.9476395059733 3.48118527051252 0 448
63.7654052351283 3.92905986453833 0 449
71.0867645938294 3.05947768044267 0 449
67.2721686158368 3.26272491329191 0 450
67.3841384230461 3.49174014225695 0 450
67.9470591469765 3.03012089580176 0 450
67.0541482291916 3.19983490816612 0 451
71.9423376128174 3.66835507131068 0 451
67.9377992178177 3.08529274734967 0 452
67.2565216266562 3.01899696782919 0 452
63.7150536467231 3.03887827198505 0 454
67.4702572408558 3.36563072849097 0 455
94.1691041575136 3.27876032194692 0 455
98.6326911856262 3.57263505322499 0 455
99.8125752291463 3.13735586400768 0 455
67.2555406859374 3.46799089079309 0 457
101.061363249765 3.32167808315225 1 457
101.076066738547 3.23070233329238 2 457
101.116604398605 2.99477095298699 3 457
90.3379222203192 3.41538227590636 0 458
95.3968193149466 3.51814590711649 0 458
97.2713985304096 3.13426319142831 0 458
64.2927189094723 3.51609611181615 0 460
67.2612233387171 3.04153996455968 0 460
97.9902180429416 3.88570315961546 0 460
67.2926081451476 4.02070089017573 0 461
97.5996984050525 3.04468180467394 0 461
67.9549987761385 3.01422396473001 0 462
76.2261468631076 3.03311201673859 0 462
67.7073846671569 3.07226098695496 0 464
63.8815546683725 3.01301301770189 0 465
97.1744986359363 3.28916501393423 0 465
67.2875433985935 3.13085480897378 0 466
66.1040307681556 3.00875740125427 0 468
84.8158553935717 3.11969708508792 0 468
83.5627447603321 3.78652084200939 0 468
99.7045976898918 3.15647090922395 0 468
63.7426221255011 3.07422992568699 0 469
74.9231087106303 3.23189382684759 0 469
100.535264581207 3.62810936913071 0 469
99.5656858626207 3.00811878620133 0 469
100.628230033053 3.05117291465945 2 469
100.556062226519 3.04511673556264 2 469
67.2552384104802 3.12023697019392 0 470
100.389025737512 3.19205550937787 1 470
65.3208179272533 3.90993998498568 0 471
67.4277835806782 3.21900795233984 0 471
67.3807395286316 3.13521126478173 0 471
67.4637707512019 3.33750708379237 0 473
83.598742602102 3.11331135951891 0 473
0.148879413695961 3.21405767021644 0 474
99.9034832994545 3.79642520245346 0 475
8.78724524606348 3.20496362823052 0 476
63.7432802906689 3.35379567695808 0 476
67.2528715774283 3.38498470580424 0 476
67.4933560118553 3.0637750655453 0 476
67.8749650254948 3.09080274138827 0 476
99.4657236376871 3.01786184198863 0 478
101.095279000447 3.05376532810359 1 478
95.8809302844856 3.03390790630813 0 479
68.3783840359764 2.99636325260623 0 480
67.4418860322622 3.30393346827438 0 480
67.5142677904533 3.88233229299839 0 480
95.1436780184141 3.10111523297134 0 480
70.3943949551663 3.16245905691642 0 481
0.0319328016714304 3.1452636093445 0 482
86.0902982208642 3.39035959253621 0 482
99.0060745690284 3.1774435722447 0 482
64.2642301580811 3.54322473912435 0 483
68.0482523411861 3.30826379114921 0 483
64.1299611060937 3.02216469916065 0 484
67.2724304721458 3.36565504322944 0 484
63.7462426793214 3.10226754087156 0 485
77.0835462790626 3.08809550851649 0 485
66.7849928378932 3.51669775905739 0 486
67.2536283800948 3.21592032965626 0 487
96.9130160942537 3.6344347998747 0 487
99.5378580411052 3.16051767913091 0 487
67.6468376356325 3.3197740657474 0 489
68.3147454880229 3.23600401672768 0 489
67.5480772407674 3.55104144009876 0 489
71.0037201473167 3.06878232888118 0 489
96.0779439289092 3.4144842458868 0 489
0.0197295765540922 3.27794170908141 0 490
67.3138659284053 3.64438710472892 0 491
99.8412547296431 3.15803665921527 0 491
67.4543143414665 3.07260043120969 0 492
83.9127671858525 3.3054648706371 0 492
22.8387514613025 3.6925771303129 0 494
96.4751293133378 3.02406098178413 0 494
97.6870855163079 2.99853030418762 0 494
101.089123332987 3.21824318551996 0 497
71.5137195372642 3.42884880101861 0 497
82.0541989227245 3.27482519173206 0 498
97.1803587874336 3.07549471187269 0 498
98.196938926095 3.28940986544191 0 498
95.674268811395 3.73589580453111 0 499
100.650043053766 3.17598173035842 1 499
63.6716612695629 3.12222876365412 0 501
67.8336579055449 3.06740184346495 0 502
100.47167925395 3.04057041259511 1 502
67.2627449478996 3.32277076326127 0 504
68.9461334085902 3.2322776915649 0 504
77.6268476659187 3.03232812859174 0 504
67.2830100868475 3.3004792894133 0 504
99.9008429461193 3.49420346303786 0 504
67.6644108431924 3.12360499820483 0 506
67.3134083958903 3.61403218741909 0 507
83.0214588734991 3.01093988791864 0 507
1.86219317292751 3.41564099006585 0 508
0.0137652553867517 3.31735229255825 0 508
66.6774402117683 3.37002809270965 0 508
71.5825482149024 3.24932011509141 0 508
67.2952803261812 3.20813142276762 0 508
100.522692156005 3.18947923186412 1 508
96.5182281708195 3.34588647588679 0 509
0.182252606266939 3.07100189631143 0 510
67.3018153148043 3.11306724027142 0 510
100.347711572314 3.07291984979941 0 511
67.6726875087349 3.00607598156203 0 511
97.1081342748335 3.11201655441255 0 511
65.8190353575923 3.5508959617823 0 512
97.6582935990694 3.12887611606568 0 513
84.6521968285385 4.07616462792697 0 517
95.7940304206165 3.44779917607531 0 517
97.6700919041561 3.01397327347751 0 517
63.810802267426 3.27918547942291 0 518
67.2656207942329 3.2918278771123 0 518
79.8213913951863 3.09983595127846 0 519
95.8449139952865 3.21743624357809 0 519
95.9534232606419 3.0733354132127 0 519
88.375099535423 3.26197485797778 0 520
100.114324637168 3.01183824407726 0 521
70.3249609946666 4.94505382932936 0 523
65.1347455364321 3.48613146146737 0 524
67.4115966088918 3.07425770567535 0 524
69.0972917960017 3.06196786845583 0 525
99.8856774518933 3.15169687471736 0 525
67.2667057006983 3.14788777582629 0 526
99.9589897970573 3.66743980428449 0 527
67.4988969976249 3.03396517877997 0 529
99.2442633549654 3.92414767082534 0 529
91.376887071683 3.01619780555306 0 530
95.8587142761569 3.02940340351676 0 530
97.7363410764372 3.57111138220907 0 531
67.7075566556262 3.12975167240744 0 532
67.4303570986769 3.24217722854415 0 532
77.1375544679421 3.12101105373974 0 532
67.2988908905529 3.07346233893424 0 533
67.3737464553501 3.24692520088007 0 533
76.4996052103551 3.21890324782251 0 533
93.8402846253866 3.35511897975581 0 534
97.7942036493091 3.57242570194575 0 534
67.7978222886291 2.99573451494958 0 535
63.8726095239412 3.00821417428223 0 537
69.1709772816373 3.35123508426368 0 537
67.2702169185622 3.0956721898356 0 537
100.268416622867 4.45808587761491 1 538
100.350235277767 3.12709897784569 2 538
100.938446544521 3.04421307968226 2 538
100.517622445887 3.58260814372548 3 538
100.54028941009 3.06805958888486 4 538
0.142554299748876 3.63879754609155 0 539
67.4814826302568 3.53384432725341 0 539
67.3264750505117 3.05021246423047 0 539
69.8688086366058 3.36523491625873 0 539
64.0794155633779 3.51728390245292 0 540
100.889072054279 3.13484370152369 1 540
70.3471116220494 3.42275280463025 0 541
69.3792047502944 3.2361642481475 0 541
67.7155779379962 3.01181156497526 0 541
67.3564586485994 3.2147676428225 0 541
67.5679347011179 3.22949317052349 0 541
100.566156216471 3.2218658679403 0 541
96.9623839982398 3.02369594745134 0 542
68.2328830294264 3.18628216691499 0 543
71.6707733918479 3.2952132588995 0 545
100.433340065883 3.05945417146715 0 545
70.528193824869 3.09889128167476 0 546
67.3663712614987 3.94337448716375 0 546
67.2946543119504 3.21293552101408 0 547
67.4038722579341 2.99764283711049 0 548
68.0578497515145 3.34407790592309 0 549
95.8145924676636 3.07163802894527 0 549
99.4760767447135 3.3283833874374 0 549
67.3839826788937 3.21353606192484 0 550
67.2886922379794 3.35575348379014 0 551
78.7290375766972 3.37985618599801 0 551
68.3605671745594 3.47976960828026 0 551
71.2252524970152 3.13160521918695 0 551
95.9086262506672 3.63856940508252 0 552
95.7554593039781 3.3982515844327 0 553
96.4721778972642 3.03709654890325 0 553
100.609589516399 3.84334764873039 1 553
71.2757874890448 3.24780388939565 0 554
68.2752020751679 3.55166180414415 0 554
68.7648651488481 3.28290326134817 0 554
100.46189242064 2.99630553351885 1 554
100.602918345453 2.99234594078452 2 554
67.2549214831042 3.04176469487937 0 556
100.057967356553 3.08855361808394 0 556
67.2682020640847 3.05930913502138 0 557
95.8047149656286 6.83347864847777 0 557
95.8206812348373 3.02621254804429 2 557
97.1546989744184 3.419788203964 2 557
97.777638651952 3.08731439428016 2 557
96.451106672057 3.07778125538901 2 557
95.903926940825 3.13574213948216 2 557
95.835856364847 3.36557032656873 2 557
95.8210835631024 3.70713556306023 2 557
95.8313795878102 3.17344798634587 2 557
95.8794150823705 3.02416049002032 2 557
95.8159684706427 3.38005629874097 2 557
97.0816351972705 3.80230308437434 2 557
96.0010974699708 3.75345362122172 2 557
96.6007114463072 3.25023491816659 2 557
96.258436470573 2.99230108687693 2 557
95.8530839552927 3.05859155502876 2 557
96.0849875026471 3.56612078236406 2 557
99.4658400340229 3.01799659876773 0 558
23.3224292712305 3.20346701322563 0 559
91.8857624688787 3.08584445889701 0 559
100.745965660996 3.67228582768359 1 561
67.2960349011711 3.39657903248068 0 562
97.8588504289734 3.04424838830973 0 562
99.4899930687016 3.3923468139904 0 562
99.5297055460413 3.07570304253734 2 562
96.9747986354589 3.01491078099374 0 563
64.6641568761731 3.88404207236764 0 564
67.6813985340656 3.14867567915474 0 564
71.8520349749609 3.03919669323879 0 565
67.4024878658208 3.15026931802869 0 566
2.69075654227266 3.23050784080542 0 567
67.2868702325808 3.01863793372091 0 567
67.8294994170663 3.30820824965321 0 567
100.211360312284 3.19917484952897 0 569
99.9360021797924 3.06396138925631 0 571
100.584787052732 3.42240294422428 0 572
100.593544816346 3.86485186381854 2 572
65.9354365427311 3.27387665395133 0 573
100.229490288706 3.05409063840117 0 573
63.7480831636325 3.20361780913864 0 575
64.7924477602701 3.02601170838425 0 576
67.9380402731969 3.71852181695887 0 576
67.5217757567445 3.27859906958868 0 577
67.2880633108762 3.2060352819276 0 578
67.2848410611516 3.29089091272243 0 578
80.0316518561312 3.24246096213663 0 578
0.624689341890239 3.0815602244845 0 579
46.7761308119052 3.25568935278538 0 579
67.2538205090029 3.04232608153185 0 579
100.410007429756 3.29060703329183 1 579
100.417352512651 3.10155456924043 2 579
100.432476033026 3.57391999080511 3 579
80.5662602048108 3.37862235393802 0 580
91.3577112817792 3.16480064264891 0 581
67.3753993368709 3.19594087648502 0 581
69.2622078018706 3.17922058745968 0 581
67.3643941098687 3.38543739145706 0 582
88.8308105268913 3.36130899399504 0 582
63.7649706775334 3.10040509525076 0 583
67.8625002380159 3.04701212213676 0 583
89.1049747082796 3.10483273086933 0 583
86.6946163919167 3.22630393254408 0 584
100.874122608667 3.9671100819903 1 584
100.874462241349 3.39524875111988 2 584
87.0942395555191 3.13238071741583 0 585
2.61974886072079 3.13211965817566 0 586
93.7322650074858 3.15573986302657 0 587
67.2876592156627 3.7592566035593 0 588
63.6559377841008 3.42818431958445 0 589
67.2575073053519 4.15568010821569 0 589
63.7506946291309 3.45891056616941 0 590
63.7576738287083 3.38039575073201 0 591
72.5199739868636 3.02588824268106 0 591
99.6277245332545 4.27171440579905 0 591
67.5253363536374 3.74455347094826 0 592
87.5547323770558 3.00807522530647 0 593
67.2605996098677 3.13721693710224 0 595
69.7774052215655 3.30209705695354 0 595
88.5801679385261 3.16279564347805 0 596
72.9258529441515 3.02007763996035 0 597
69.3735831488638 3.06732442535498 0 597
67.272676874438 3.59850997747927 0 598
72.9417466906533 4.25785445155702 0 599
63.881016982004 3.03468923353412 0 600
67.7579075419145 3.45216203199804 0 600
100.817904936087 3.17122851571212 0 600
100.433379054982 3.38404571647625 1 600
100.991700301123 3.0281889777151 2 600
101.119029671156 3.2014175779824 2 600
100.434054384163 3.46484636051449 2 600
101.045742524432 3.30189712143348 3 600
63.7423048096837 3.0173314605845 0 601
67.2922752496949 3.07600963135981 0 601
100.786984972404 3.28217063639286 1 601
63.7854094301482 3.26088993252075 0 604
67.2659575243052 3.56084791398825 0 604
99.5016586861486 3.10644857098148 0 604
5.59837989580733 3.1545982130416 0 605
96.4146657043934 3.00225681249708 0 605
64.0458878121843 4.67824291473675 0 606
67.272552267979 3.09963592876691 0 606
100.600680229471 3.06796931487436 0 608
67.2848111847094 3.48524659577417 0 609
67.2963873825804 3.13367954067291 2 609
67.62519885483 3.15852563254561 0 612
0.838595088803493 3.14010622327813 0 613
72.2638910643397 3.06148941579877 0 613
66.4558790402083 3.29790927656809 0 614
67.4870432895007 3.21245113544379 0 614
67.4413455358395 3.87671432860377 0 614
72.3705842502102 3.14505783923264 0 615
68.8119981538819 3.89040132644303 0 615
1.22961535890494 3.12599212197163 0 616
67.3589488438846 4.19011423882582 0 616
67.4235399388489 3.03805374142426 0 616
68.6496033271734 3.90270877170168 0 616
78.6184193347915 4.39116260185905 0 617
99.8827046404678 3.57387220932594 0 617
63.7385903900547 3.01194107225199 0 618
67.2589113275676 3.01804586984417 0 618
92.2852408783332 4.75391480501881 0 618
87.7852414317381 3.08450961022613 0 619
97.6860241274129 3.01580841794818 0 619
67.4975624490787 3.20200880885774 0 620
76.7644082248395 3.12764050682583 0 622
71.0470923012661 3.04154912628041 0 622
97.7152206988568 3.27034033563105 0 622
100.510814711665 3.2016095929941 1 622
99.489803175274 3.60602297307308 0 623
68.7423713357696 3.12621252659568 0 624
63.7923243866418 3.16167970212732 0 625
67.254913118907 3.55271223911017 0 625
72.3980993866541 3.08653066758466 0 627
97.6636788361502 3.17424494749352 0 627
97.7184439612434 3.17312794925835 0 627
69.6317328934395 4.03152034499811 0 628
67.3032129242923 3.23120813769323 0 629
67.4669469075887 3.06473587468179 0 630
0.0456652363696207 3.81650555218345 0 631
99.900572959204 3.05188681698327 0 631
87.1367343576109 3.22543863862523 0 632
83.9380388177027 2.99972614112948 0 632
99.8257937046532 3.08431350840275 0 633
67.6178425704639 3.01802421274405 0 634
100.627646910721 2.99541389162705 0 634
101.028315951097 3.12194045945724 1 634
63.7387974460417 3.04565040842405 0 636
67.5171998897558 3.06197760490089 0 636
67.3116461338388 3.9801366229483 0 637
67.2847273587279 3.32839071871447 0 637
99.4843158835545 3.09355455078838 0 637
99.8283738887472 3.29121795224003 0 638
10.38760439538 3.15933195371747 0 639
63.7649193667427 3.5707981132536 0 639
100.10943722964 3.79486908199216 0 639
69.8595142361199 3.25103339109835 0 639
97.6800029117374 3.2018451043216 0 639
99.9166436487248 3.36123704647763 0 639
100.86693354112 3.02221247885385 1 639
29.3388913846457 3.43151236518898 0 640
72.4092210227822 3.05995347345398 0 641
95.908265007012 3.42448730058326 0 641
95.8236714802612 3.48651465591934 0 641
99.8848443153137 3.13318952242516 0 641
0.00803983175006189 3.15974687803152 0 642
101.119335304461 3.45601827491455 1 642
34.9837489170141 3.06619710700767 0 643
71.9179834172562 3.23071331992187 0 643
67.3143100791591 3.76218385925889 0 644
100.17333784562 3.24115125606671 0 644
63.7992127713616 3.43582264831105 0 645
67.3044206291876 3.2550641629285 0 645
0.00465977468637709 3.1086814982974 0 646
67.590963514132 3.12917826640066 0 646
99.918077423252 3.08868144603229 0 646
67.2587840880666 3.17016961506697 0 647
68.8352097433794 4.60919787486914 0 648
69.743553229693 3.1102959502357 0 648
100.663615967128 3.10407327313769 1 648
67.255353807585 4.37638886623468 0 650
68.0402777458283 3.00213549376796 0 651
77.3460997474746 3.81186266751605 0 651
80.6854881592151 3.3314733346704 2 651
68.86876455673 3.77850839225152 0 652
89.4318563248821 3.20008601705979 0 652
72.5206490478649 3.07222044957902 0 653
97.8569810370315 3.00604138719518 0 653
99.4644602499688 3.0521931187838 0 653
63.7391521916954 3.17181947690285 0 656
99.8232998308964 3.13683772756053 0 658
70.4571272209876 3.31223055370096 0 659
67.3694985377505 3.02306511076026 0 659
92.3018348567811 3.08278346209986 0 659
99.4634598922344 3.05580228386997 0 660
63.7386170014187 3.01997481858779 0 662
99.5909139368557 3.46987791045384 0 662
67.5755350000663 3.91892053920384 0 663
67.4989809976628 3.87091550654625 0 664
77.2886911796504 3.222239903139 0 664
67.6061105916883 3.14629744378725 0 665
69.4771294558728 3.64629475976657 0 666
67.7409563661928 3.69792950314024 0 667
78.2856920339836 3.24729065632158 0 667
74.2472728550605 3.45290110531279 0 668
97.6077131761507 3.35226333541183 0 668
67.9678758358235 3.16116555776957 0 669
67.2952296400737 3.24180307870573 0 669
100.02573028031 3.13276948546865 0 669
67.9238383898658 3.54521039613212 0 671
97.0981319627068 3.65983974760324 0 671
67.8354125658294 3.54505596228341 0 673
92.7670802976284 3.63680874923273 0 676
67.2762456140823 3.23944282630478 0 677
67.3978598759409 3.70817990605775 0 678
67.3247846430639 3.57941097213358 0 678
67.6001662335192 3.46908186394631 0 678
67.2957377044936 3.11107080133683 0 679
67.5131876378604 2.99171469742788 0 679
97.5155940620211 3.59905781413715 0 679
97.6591751507582 3.21516155563179 0 679
69.3082869837464 3.51066480020961 0 680
77.8494027769167 3.39891118817176 0 680
98.007465187619 3.02748295758715 0 680
100.033861647823 3.0438975231061 0 680
99.9317119876277 3.06952107761606 0 680
100.109530525281 3.42156832848238 2 680
67.3159970223447 3.30923803621495 0 681
101.004893412096 3.17872645028624 1 681
1.16624517013815 3.5713102300353 0 682
67.2606320618469 3.19926344724622 0 682
99.4585595530248 3.00234140109524 0 682
10.8476457851684 3.14684119469383 0 683
68.2569044913559 3.17337381473947 0 683
12.9934370748623 3.00445940569989 0 685
96.3208934896966 3.76574349749812 0 685
81.448718783362 2.99348287698001 0 686
67.8738975132885 3.00051752730464 0 686
69.336601030868 3.00273271468259 0 686
82.8369931202629 3.05367144640936 0 686
85.4792795877985 3.56169132321463 0 687
82.9523605020456 3.24576706640643 0 687
72.9684866855427 2.9984081532266 0 687
75.3069487449448 3.43812580989184 0 688
97.1863712272021 4.27537501598749 0 689
0.0493115874369609 4.02106605442579 0 690
98.8003171476211 3.15472550361463 0 690
0.467485968858429 3.86299976845465 0 691
71.3501607966624 3.17562239904399 0 691
68.1941785302862 3.0267681245246 0 691
76.5103312660117 3.17354778383596 0 691
0.130244307750989 3.25054752237389 0 692
95.8208872330295 3.60938807673884 0 692
75.8420221458336 3.77419094489381 0 693
96.3863776621655 3.11327833858351 0 693
77.9333625363129 3.68503574586596 0 694
74.9151895703822 3.16913230822036 0 696
67.3300339912107 3.06385418978818 0 697
100.32330631975 3.09778676836978 1 697
100.6359974779 3.22420126432221 1 697
100.375404805253 3.13976999390921 2 697
100.740646615582 3.72953017006699 3 697
50.7232700271333 3.1821631338245 0 698
67.2883323461731 3.0919827641976 0 698
67.4641715877969 3.19049963037762 0 699
97.6696375362209 3.15036899935968 0 699
67.6185652552166 3.41948641097094 0 700
80.7324128343432 4.58394016331797 0 700
95.9497382727462 3.63596911673598 0 700
90.8000309222497 3.37452670030662 0 701
73.4429102768804 3.21261091207204 0 702
71.169940451593 3.03902400011037 0 702
67.3922657643533 3.81548054303624 0 703
92.8442624019651 3.01039372019303 0 703
67.7888139869084 3.49200978604468 0 704
67.7030188427163 3.31051546456833 0 704
100.079752554394 3.25529384806687 0 704
100.226693537343 3.68041984899273 2 704
100.366258704538 3.15970696591273 3 704
100.782872416663 3.24379229791988 4 704
63.7481949505377 3.01402214862936 0 705
68.0549631810819 3.37623001909211 0 705
69.7409410241835 3.57906072757125 0 705
46.2343051844311 3.31298901373346 0 707
69.0742932121231 3.33887264785457 0 707
74.2253824218491 3.27138502310935 0 707
67.6082045966161 3.11041736500392 0 708
67.8902453875512 3.00492135101995 0 708
71.0991620086328 3.10569302691848 0 710
100.528891567206 3.24148264931983 0 711
91.0829640065705 3.44521300723048 0 711
69.9485098282209 3.05466527254274 0 712
67.5126325126026 3.08389906807118 0 712
67.7579555321551 3.0552247725521 0 713
72.3459151708824 3.19594802291425 0 713
67.3957898545522 3.0362095779197 0 713
84.1204162504141 4.09904535745744 0 713
96.3510753493734 3.329542446656 0 713
64.3925491976676 3.00527827619554 0 715
89.9459244517108 3.53954072093556 0 715
63.8039053993143 3.29834018683469 0 718
67.2883954321407 3.38993651974469 0 718
78.9014996197187 3.43735069809154 0 718
100.988516261639 3.08867847094124 0 718
101.00319232657 3.28724969000865 2 718
97.73509873162 3.62155217273519 0 721
68.3659664210634 3.18945186163245 0 722
67.3894373806168 3.00857797367522 0 723
67.3764550021691 3.15818953996422 0 723
100.694249701434 3.35582078265205 1 723
63.7421766853508 3.19879692419849 0 724
67.2574860696018 3.02256959727409 0 724
67.253331236152 3.42749082616523 0 725
67.4625824773861 3.38754129333534 0 725
70.9103606513296 4.13730537127456 0 727
67.9040512687784 3.23870493845222 0 728
68.476490340089 3.66827598300956 0 728
0.166383120847392 3.20209116752751 0 735
63.7450985722446 3.15458093115582 0 735
67.2539296549694 3.06747118020364 0 735
97.2245137699576 3.2189249367214 0 735
67.4031309969089 3.1319728054461 0 736
101.163618866335 2.99950409071716 1 736
67.300410958165 3.96945000866766 0 737
67.3437743409984 3.53378038601305 0 739
100.662786303767 3.11206025632831 1 739
100.667758249735 3.49386482981355 2 739
67.283451196107 3.8996641015218 0 741
78.5232717984707 3.25607756161858 0 741
76.9515174196509 3.2587492751753 0 742
95.7934337799685 3.20903441349398 0 742
97.7349899531045 3.1387065862435 0 742
0.274737059300719 3.29480104078722 0 743
67.3739777726852 3.02341175132712 0 743
97.6076836874398 3.46390547104659 0 743
67.2640028308807 3.18822582005254 0 745
67.3551644823971 3.32712931516715 0 745
63.7408101976536 3.01009344007233 0 746
69.7719165068039 3.09028319494092 0 747
100.607352961767 3.04361760784549 1 747
63.9406564342047 3.80801785495952 0 748
67.2629687105601 3.36236576663209 0 748
100.819782050773 3.68777271440114 1 748
100.821496091753 3.07510037461303 2 748
100.828008571621 3.03819745424892 2 748
100.700113598846 3.36681309359664 0 752
99.480836938437 3.09136234313761 0 752
67.5383158896961 3.06697517375201 0 754
99.5484671026607 3.30679175063872 0 754
99.5282152354169 3.45461991774772 0 755
69.6712707852665 3.36987854304364 0 756
98.9200553828607 3.52156201458709 0 756
100.345430649099 3.5469758679098 1 757
71.3842723397494 4.30162417518691 0 758
63.794524601103 3.11442179010078 0 759
97.2082547316774 3.29086892825384 0 760
67.4201205602741 3.29254562654965 0 762
71.3530815577477 3.10999842946732 0 762
72.8426287951021 3.10025719081117 0 762
65.6699867622614 3.82720733518694 0 763
73.2773500815617 3.2272729924487 0 765
77.2125503272846 3.02983400977201 0 765
80.8975664934729 3.15515733323216 0 765
98.1739306325639 3.13840687505676 0 766
77.2547229314813 3.16120167452654 0 768
96.1628442098339 3.02966014543542 0 769
0.466600786024863 3.01198647230449 0 770
92.5717811078046 3.08124834890184 0 770
67.3092698851663 3.05244802959172 0 770
94.8698564760983 3.92596150688197 0 770
67.3655953872042 3.22671072513875 0 771
99.534815111847 3.32015052716343 0 771
97.6527646760419 3.22024907461008 0 772
95.9608440914953 3.52212022863062 0 773
67.4556275996079 3.36542286354539 0 774
79.9692737218148 3.03510532255038 0 774
93.8797154082756 3.04246388228786 0 774
100.684420901099 3.20106983392047 1 774
85.9453325046913 4.61657331825237 0 776
97.8567044209342 3.24587936587797 0 776
87.1956921671298 3.08641629320883 2 776
67.3147569922389 3.93186488975634 0 777
67.352364479671 3.14038733802511 0 779
78.8595535888534 3.00975622379705 0 779
68.2513663266687 3.16653996536646 0 779
0.0553882167168624 3.67047274375252 0 780
91.8656446491061 3.56976818036101 0 781
67.8068449397663 3.27726827107102 0 782
71.5697113796002 3.0028160144875 0 782
75.4348152682017 3.02784448444003 0 782
99.8800953683099 4.02413112288649 0 782
101.19401707312 3.27332063318534 1 782
88.2575243222827 3.23436616326387 0 783
74.5627773718229 3.36761591676431 0 783
67.9362379270442 3.63747151214785 0 784
99.5023262326583 3.00008544987321 0 785
97.8386751984238 3.34472848669079 0 786
64.0315007916117 3.08636167433762 0 787
98.4646250982166 4.10076142875039 0 788
100.905650141164 3.21488053874168 1 788
67.3501067584557 3.19873660907498 0 790
68.0550789972617 3.107343088222 0 791
96.8778660128587 3.52813525861305 0 791
68.0332294804156 3.07081725606355 0 792
4.89262856725783 3.00135069777365 0 793
67.9601878959664 3.10328688353574 0 793
71.0273985421895 3.41348748222971 0 793
63.8353416828071 3.03551110806659 0 794
88.6059654313724 3.00193366464927 0 794
74.7285819711284 3.07777217451734 0 795
95.8900679500481 3.08351299206707 0 795
97.7870960914025 3.27582647439082 0 796
64.1141613208523 2.99507141729631 0 797
0.100615653581967 3.19371013337673 0 798
99.813992895826 3.54755546221904 0 798
67.9210990745204 4.06452775251955 0 803
72.1898055849154 3.2417042911666 0 803
84.1046326192101 3.02414968160378 0 804
71.0028160494198 3.28194436496497 0 805
96.4350582210987 3.07489798898898 0 805
100.44945562077 3.12402795420402 0 806
99.4557820742925 3.34905014801414 0 806
99.4206799175956 3.0488100309609 0 807
63.7862295058052 3.14998659596849 0 809
67.2577935452465 3.37052137704386 0 809
95.857325166183 3.10049244325727 0 809
97.6687723366413 3.52450981327364 0 809
67.2832316517071 3.18548012811705 0 811
67.4106046455536 3.31973276166773 0 811
67.3791149261562 3.5332776884417 0 811
69.5420038720615 3.533554253039 0 812
86.7915296753712 3.14738827788416 0 812
97.7805440378528 3.01072359804239 0 812
63.7698866111289 3.35949461472677 0 813
101.036481348313 3.02622145325301 1 813
93.6911997426928 3.26389615065047 0 814
5.26800084063751 3.07721722012696 0 815
81.5417433193214 3.11675359878217 0 815
91.9171663411564 3.04191063187013 0 815
64.1618404200556 3.06823397597531 0 816
77.1555619657223 3.11448625251073 0 816
97.9865981520102 3.05962827321937 0 817
74.8873079215091 3.0195141638085 0 819
89.0461123985282 3.03182693600872 0 819
101.013949288167 3.15560475027268 0 819
69.1113203782286 3.04576164600507 0 819
69.8885426310757 3.27300534733866 0 819
97.6324274379717 3.26570257434402 0 819
88.5412210271336 3.36537083671652 0 820
97.1929801222932 2.99642399586836 0 820
67.3497132986078 3.09401125745118 0 821
100.500912671191 3.16496764807931 1 821
0.00417305355915716 3.62651254445535 0 822
67.3090862178571 3.11396012735229 0 822
97.1833082709006 3.35846290132399 0 824
67.2723454596847 3.15657059054867 0 825
97.6836002500127 3.24678517819464 0 825
98.4548391181856 3.13300045766158 0 826
64.5247684409112 3.17554649998763 0 827
68.3457050498221 3.44236462355755 0 827
0.66173720632163 3.20207419557229 0 828
75.9803253123632 3.17559111665848 0 828
97.188392018377 4.18589259069465 0 829
94.380695419341 3.35227915050959 0 831
101.203790025999 3.2436932957107 1 832
64.1640844576117 3.03696338583256 0 833
100.797751665096 3.0077240218292 1 833
68.7098534592941 3.07268060006703 0 834
82.1036214320739 3.03238737268135 0 834
64.7995725854444 3.42409368785825 0 835
67.8342058038096 3.1146491373889 0 835
0.4772247562552 2.99324959153858 0 836
64.6636883622267 3.10764603420914 0 836
80.6729698208486 3.03740048959547 0 836
100.617923689521 3.22803940098741 1 836
5.92607631350863 3.90470474489173 0 838
63.6855069533288 3.30035980185104 0 838
64.1059440385289 3.74500560844031 0 839
67.2896859435579 3.03408953167781 0 840
100.291428816527 3.45852176980869 0 841
67.3087717977597 3.25129178351015 0 841
100.554719024384 3.20620725961024 2 841
67.4515077840863 3.20781618945237 0 842
67.7255283990484 3.12061941693569 0 842
94.4166179467581 3.04191049206379 0 842
94.2445185633295 2.996258796516 0 842
75.2662571787696 4.11778913026588 0 843
70.3878285662473 3.37986785217222 0 843
74.212813507285 3.36330671792801 0 843
67.6973400126998 3.2471975904606 0 843
98.4892532354283 2.99656969298975 0 843
97.6543080399739 3.03184573932824 0 843
67.2696556974845 3.4459658814795 0 844
95.8473848891018 3.42277126231321 0 844
96.1636230171152 3.04455499489856 0 845
100.597301342595 3.12802902084466 0 845
97.7354565327462 3.07439629250546 0 846
41.8507054331146 3.00269062455808 0 849
63.7537299976577 3.90667690372324 0 849
69.1520802501156 3.68882836759203 0 849
99.5527456256394 3.80071254374567 0 849
67.2627645511985 3.01350330032573 0 850
70.5287656605033 3.59122489749043 0 850
68.4327040714073 3.03834941593961 0 850
97.6705831992295 3.29518809484023 0 850
99.9918668694334 3.04729243736589 0 850
99.6930212631426 3.45484150402385 0 850
67.8843409836346 3.50139166776071 0 851
73.4705834325366 3.20509489261023 0 851
95.8970415113208 3.0524587720335 0 852
0.0492203864361376 3.27267494068988 0 854
67.7447901102765 3.03978032193306 0 855
83.2469141659404 3.61270101148635 0 855
67.5444632046696 3.23868910636922 0 856
67.2910320507392 3.25558818746181 0 856
63.921554792382 3.2136711584763 0 858
67.2532430005505 3.07590455414349 0 859
95.8747869167346 4.73733767043664 0 859
96.6668206434187 3.21943080141719 2 859
96.3085870290713 3.0907461214975 0 860
97.4979725264489 3.21974506590493 0 860
67.8445517756326 2.99276315700934 0 861
77.2581826423097 3.07121307367842 0 861
87.206553546021 3.44332380603627 0 861
67.2739140868975 3.06964626759909 0 862
78.5405167627788 3.00752743077093 0 864
69.317353307425 3.19038664023713 0 864
96.4188990166719 3.35322902542453 0 865
89.6524458659244 3.17728025951346 0 867
67.407692894863 3.34419881550145 0 867
65.0409614358826 3.03291790159133 0 868
98.7931616525297 3.01305823681353 0 869
67.2705086891141 3.20938438660197 0 870
82.0469411148619 3.70658014567647 0 870
99.7791686622337 3.22440536071814 0 870
99.8151408968263 3.29953447169413 2 870
47.7985500739345 3.04204709509593 0 871
63.951693624766 3.05992716632555 0 871
67.5969709092615 3.73918280872439 0 872
100.028331664001 3.31261474849206 0 872
69.3107062256128 4.00990275421348 0 874
67.7139452400142 3.04586028442809 0 876
75.2232287580843 3.01237380954496 0 876
1.0867889676165 3.14783585526452 0 878
95.8818466946229 3.00737374883784 0 879
67.3097120495209 3.04598845935457 0 880
63.7847082381208 3.78534384509498 0 881
67.3303010097022 3.08280857677626 0 881
67.6956711932025 3.03063924128059 0 881
91.5276788125731 3.56653519921604 0 881
67.3423715192734 3.3057211850312 0 884
78.9328904462461 3.10421200826791 0 885
96.9138785812597 3.10580735448662 0 887
101.144686002731 3.35243825682891 1 887
67.2814968289285 3.04930312931938 0 889
100.406179833905 3.05694651277291 1 889
0.237338521502869 3.35999332845066 0 890
70.2367587936677 4.01593147870358 0 890
67.369778700123 3.18805120528072 0 890
64.892066878404 3.83958201491369 0 891
67.8220114528028 2.99864276758954 0 891
99.5877661294615 3.51824347535123 0 893
67.8239136244695 3.8908718888981 0 894
68.0741182185918 3.83800769125786 0 894
66.9445927500029 3.29283428036517 0 895
67.5811065318728 3.08744257494972 0 895
69.0934737514383 3.05485285916867 0 896
67.4886327726822 2.99742830081725 0 896
68.5037762053976 3.27122182055221 0 896
0.0141929928478705 3.1638666224778 0 897
64.70803066209 3.29224047736409 0 897
67.9095692686473 3.96474176652158 0 897
40.9878195486895 3.91815649671041 0 899
96.9475387607346 3.20349472398708 0 899
100.426285439548 3.0134664207655 0 899
63.7568330190753 4.38241341533978 0 901
63.8932614754563 3.01720580335994 0 901
96.0636121876126 3.36642158343088 0 901
97.2160571298165 3.02919884419424 0 902
93.4737516357806 3.17047407640161 0 903
99.5527623778047 3.35883519640072 0 903
0.423853124627524 3.77596179361983 0 904
67.3045580937815 3.07129577060971 0 905
67.3074391898323 3.59288317567061 0 905
63.7225622291641 2.99468909522359 0 906
67.2558041592513 3.01610406095542 0 907
99.78671945629 4.33032951623028 0 907
2.25071117766238 3.04090140025958 0 908
67.2654594376427 3.58251473616744 0 908
67.5830964841914 3.2670646334339 0 909
68.3682602915856 3.03768865912554 0 909
67.2786457091464 3.7497921045697 0 909
67.4226468908014 3.21717618563372 0 909
100.573035013231 3.37342004581467 0 909
65.8798691416454 3.12521109353017 0 910
63.8279670187645 3.24100993491038 0 910
67.2588995172802 3.05633601271734 0 910
97.6808390079586 3.35191866535818 0 910
99.4667438549095 4.49041711662356 0 910
100.963381649333 3.44095758062003 2 910
99.7339350344976 3.15984450055434 2 910
99.4676521148071 3.03360187820328 2 910
65.0676588453882 3.414231872125 0 911
82.4597890313219 3.08560634088078 0 911
67.2583010566388 3.65192914411887 0 912
99.4937548320987 3.20163970124872 0 913
84.9145836662902 4.27402670686084 0 914
67.3468728315461 3.23961650890179 0 914
67.3236618400032 3.01116017205154 0 915
78.118868923402 3.02288740573863 0 915
68.3518004978772 3.51416908574376 0 916
63.6664034970068 3.11385356780253 0 917
78.7795361672211 3.30122385200688 0 917
97.6666331687053 3.14043990897451 0 918
1.38315322974269 3.32187866969137 0 919
68.1812752942778 3.18140676979369 0 919
95.9900263536645 3.12556262462245 0 919
0.531359352445218 3.59953474728616 0 920
100.219678973599 3.25573997785612 0 920
63.7626979457886 3.25133926387388 0 921
97.7808480511868 4.09047090027706 0 922
99.8147258781358 3.40131137922642 0 922
99.0791665978112 4.87050479644242 2 922
63.7421306091961 3.47420223618741 0 923
63.8340569368972 3.29213405633264 0 923
99.8428956790652 3.05427632642726 0 924
97.3824011697645 3.16799401989008 0 926
100.40633522576 3.17820672475464 0 926
64.5859680135291 3.00242622499685 0 927
67.4132275007522 3.32014155886964 0 927
97.3143915611899 3.00181515417246 0 927
0.0976762339711277 3.02807956457212 0 928
75.4097094129857 3.38799287882985 0 929
100.696518713123 3.50964321366961 1 930
0.252416416182678 3.46838946028639 0 931
67.3355314147737 3.95290128711384 0 931
67.8284602651564 3.04008522659808 0 932
67.5744882072147 3.17310987376249 0 933
89.1926681769839 3.39034262845801 0 933
97.878122250102 3.03667282103864 0 933
100.356966937265 3.40101436607158 0 933
100.247047511409 3.27824701370856 0 933
100.389430701845 3.38202792156863 2 933
100.844365543583 3.47092409273051 2 933
67.261557361097 3.12476561742451 0 934
67.2618224320042 3.00151134754822 0 934
67.7862097235851 3.0204241888355 0 934
67.3765100731882 3.03029014757995 0 935
93.0615607230938 3.09325372515436 0 935
99.0389240784038 3.10259983763669 0 935
69.6156925394331 3.03633739079995 0 936
98.8589041347614 3.27545378940145 0 936
99.6425709033684 3.03364613571218 0 936
99.5218333650745 3.00192362566376 0 936
89.5820663741933 2.9973120551575 0 938
69.7177027208864 3.3553623750496 0 940
0.0507019830471037 3.29861684384499 0 942
90.0013099169331 3.21829843314241 0 942
91.1990717706368 3.03687902346317 0 942
67.2736851434422 3.21938589132899 0 943
1.07033243498774 3.40546475871294 0 944
22.7993929309845 3.91464826898048 0 945
67.2652001525011 3.17083388972927 0 946
77.2514100972002 3.20129499514254 0 947
97.7303260621887 2.99216484862871 0 947
99.7177989113001 3.26162032710302 0 947
99.5980891038557 3.23272847451193 0 948
99.460517803835 3.03388986112469 0 948
71.6191777864655 3.07819472878536 0 949
67.3633912364492 3.09695013050515 0 949
67.7199477491171 3.13528008714489 0 949
0.607261716222823 2.99421056091999 0 950
79.6413833942305 3.02973298051414 0 950
63.781758609984 3.0000180554752 0 952
85.7033474503156 3.23613770319684 0 953
101.170898715713 3.06897235191492 1 954
67.5503105771499 3.41178237423814 0 955
97.7975740682943 3.0651870771945 0 955
99.4612721065419 3.10068168252721 0 955
67.3715268057765 3.26724025257344 0 956
80.6479006351037 2.99735967448898 0 956
99.4714122628968 3.35665401264381 0 956
100.804460070542 3.00864304346443 1 956
67.7796470115373 3.10279847449818 0 957
1.69462453030061 3.25658311224001 0 958
67.284480546205 3.03551965722446 0 958
99.8201380861054 3.29660617030126 0 958
67.3702069914312 3.41698022729899 0 959
85.5441831018339 3.54425301429523 0 959
86.0209971455094 3.44251203780394 2 959
99.4971460456501 4.23681796694635 0 960
67.3541333698712 3.01176470631006 0 961
100.94621139529 3.03145271757502 0 962
74.2909513907928 3.18375617661986 0 963
99.4582007718425 3.25971573653033 0 963
63.8367800950471 3.00157748408618 0 965
69.7861527861804 3.05655819369816 0 965
67.2569693458307 3.2854879162275 0 965
67.2547861778396 3.31176371279248 0 965
97.719848721805 3.34460814932563 0 966
67.2598002752429 3.72279991012609 0 968
99.7626823558775 3.01396650400281 0 968
53.8823254362584 3.1255937800667 0 969
67.5427352353678 3.13026910246683 0 969
100.514566903229 3.18321506451603 0 969
101.057309333847 3.46624006151058 2 969
74.5425860991852 3.00192080660411 0 970
97.168702865653 3.02104001736706 0 970
100.297340916905 3.14395038326113 0 970
97.9908482913431 3.25488724284029 0 971
65.2527201405272 3.08155848078425 0 972
97.1245079339179 3.25692374022451 0 972
99.938985217401 3.47503648685959 0 972
88.0506685086762 3.4698101307345 0 973
64.3119760482629 3.37800398762689 0 974
98.4278199615098 3.46514327132946 0 974
67.6157702158398 3.37309165726487 0 975
97.3218011620353 3.21172114444382 0 976
31.3167155518261 3.17156800950121 0 977
63.7019009333738 3.03298659317152 0 977
71.9177871168731 3.57577809330803 0 977
68.1332939728109 3.95526494423226 0 977
74.947179119017 3.04413921804823 0 977
85.9943059391175 3.00225843226961 0 978
97.6830471801157 3.24737397003584 0 978
67.5322959078064 3.18556194922579 0 979
67.299657024048 3.23672033400468 0 980
67.2983952440847 4.03914759852516 0 980
63.8848087921228 3.18721137449507 0 982
67.8487279358569 3.22684065247945 0 983
99.7606692730793 3.02054675558525 0 983
63.7631795053523 3.17961011822042 0 984
67.4452889024154 3.11536519195882 0 986
65.2240428520319 4.02063348709474 0 987
63.7504514232901 3.20285052149452 0 988
70.7797531302134 3.31359161923987 0 988
83.8044641724706 3.30174497464001 0 988
100.031597467621 3.32252221399805 0 989
67.5789533142356 3.40265221125377 0 991
96.9146406614734 3.09875367856365 0 991
2.56680694547946 3.08964800615556 0 992
71.5976707387136 4.27548664673557 0 992
99.939731034771 3.35830114271553 0 992
67.3068013700959 3.13844199898275 0 994
67.8322611582806 3.0903982447252 0 994
100.741448085295 3.02969958307047 0 994
97.6659460987617 3.10789747637209 0 994
99.5205242061275 3.35428873043492 0 994
99.6965723708872 3.06140983262739 0 995
100.866448302734 3.17476106413667 1 995
68.1142426152295 3.07754951148713 0 996
83.7519221355529 3.08643011071924 0 997
99.5912868686821 3.83236175858373 0 997
0.0265009955617509 3.06226210450557 0 998
67.3740343296095 3.00808529274665 0 998
76.4208122786841 3.16825090023441 0 998
69.6999922254844 3.44447127764828 0 998
77.7612013487074 3.48976294575981 0 999
97.734506012968 3.56587130310529 0 999
