"ts" "magnitudes" "gen" "cat.idx"
4.56391707973819 3.07757762007127 0 1
25.0291173200166 3.12518700589641 0 1
91.0122001050286 3.10062454214699 0 1
67.3487812397983 3.73389596287401 0 3
67.4307507930669 3.2929560521746 0 5
99.6327827210439 3.11554281261965 0 5
69.4460017376736 3.29392179825342 0 6
106.06201482168 3.58962699245106 0 6
113.030525055556 3.08663242575744 0 6
112.244239695629 3.08623556339608 0 7
67.7881057100781 3.05249402054976 0 9
112.307237487613 3.17522336723003 0 9
67.2893681701567 3.0270926818602 0 11
112.19485545894 3.29776571159939 0 11
107.056765559028 3.00254686522087 0 12
67.2568872392136 3.17935782913662 0 13
109.958877803318 3.03247747647527 0 14
112.724665885597 3.08455497627455 0 19
112.373515653262 3.71489553362538 0 21
10.0088483118196 3.18187080855879 0 22
112.000346938796 3.1145034950114 0 22
70.3147514920359 3.39068640174287 0 23
96.7950389089894 3.30375712263093 0 23
67.3193452133917 3.07729966946389 0 25
89.9582700142478 3.03448099756842 0 26
63.7564677282049 4.24445938385183 0 28
68.0142930766295 3.02325566478124 0 28
107.542915546231 3.21252573479133 0 29
113.644482287611 2.9946335205532 0 29
77.1407165345134 3.06001774493749 0 32
114.809112573954 3.40786041150426 1 32
114.358069423334 3.02157863443861 1 32
69.4773982597682 3.77303502091714 0 34
67.3248102749981 3.07799418246018 0 34
71.2501623270449 3.44595172839578 0 34
67.5190489602464 3.56433840532003 0 35
63.7483114565335 3.23058247565684 0 36
113.86316729153 3.12403202571609 0 36
67.6047742847808 3.22338915111465 0 37
110.314570591063 3.03855697278929 0 37
91.8463542580535 3.13362335235212 0 39
77.0191090788545 3.10007500799062 0 39
67.57086551455 3.9511914891463 0 39
102.433425390734 3.06136264420038 0 42
113.617310986256 3.90039111302537 0 43
112.65206958676 3.09461411007385 0 44
67.7335829820196 3.18492797712271 0 46
112.545036382452 3.11298980329585 0 46
64.0271508189487 3.01622625554283 0 47
67.6511996481084 3.18274957153127 0 47
67.4102078927087 3.36004298914297 0 48
113.341168003267 3.71715368208906 0 48
113.797885641913 3.61714582355977 0 49
113.834967809936 3.26723151301203 2 49
0.075027788948376 3.32259979989608 0 51
69.0812183636235 3.23654056561142 0 51
67.2954423439695 3.24742191262823 0 52
67.3671546313921 3.80972970174438 0 53
115.189384831562 3.35261034211257 1 53
109.744573267018 3.37467574570271 0 54
67.7143802530088 3.4460408672132 0 55
112.545111918445 3.22648516573459 0 55
96.0364377218694 4.69268539964988 0 57
112.73429130218 3.71861203432254 0 58
114.361232370817 4.16506612933389 1 58
114.595224387686 3.2977767512473 2 58
114.626615492454 3.18965622781642 2 58
106.446571055236 3.01875348434836 0 59
113.13452705348 3.17824214257729 0 59
67.4349828828118 3.21832986912987 0 60
67.2690166604587 3.42282494786139 0 60
109.532776820575 3.30794971727117 0 60
109.539985256533 3.89581171366362 0 61
115.137894530296 3.80827940605919 1 61
67.5518649446303 3.10303046509931 0 62
101.164673770094 3.19497557896015 0 62
112.793276858246 3.27878029413907 0 64
113.012150246403 3.42914226466563 0 64
67.2593891018263 3.0311530481971 0 66
67.252957269756 3.3445124894029 0 67
104.841133961764 3.6101581290666 0 67
110.47685225771 3.11449431176576 0 67
110.746631245127 3.72565750072112 2 67
68.3158313890811 3.0210941781509 0 68
67.2699305053354 3.12800932328795 0 70
67.4911886167987 3.14024007768364 0 70
111.742982257195 3.50431674031304 0 70
114.650473902914 3.04941920461944 1 70
114.93403900017 4.04398888733247 1 70
64.2441753375549 3.38422491723762 0 71
78.3963566189394 3.54869342919281 0 71
72.9179474291582 3.05571220921179 0 71
1.61619666366894 3.04956134510568 0 74
63.8595576248276 3.11658500185727 0 74
67.5510349428104 3.35935437644846 0 75
67.2627046410798 3.2567106895858 0 76
67.3886931290693 3.93049789662037 0 76
108.369979574012 3.84608808336985 0 76
112.578193536681 4.21990003114073 0 76
71.4614141548121 3.96103257812558 0 77
73.3927806119366 3.37858676888011 0 77
67.2670729151961 3.16865340248298 0 78
76.338653747177 3.08677733716986 0 79
64.6147392710506 3.31344327833355 0 81
109.705551552543 3.28278385255129 0 81
109.533524411 3.67997418172809 0 81
66.4055711991584 3.23795614846753 0 82
67.315078460959 3.57242398960211 0 83
80.9506152410303 3.0623570191502 0 83
114.451604460812 3.08569787643398 1 83
1.97240396179398 2.99521845177929 0 86
85.9870593907853 3.03139614918787 0 86
69.8483869893534 3.0757280782262 0 87
68.0039267775925 3.07420311866247 0 87
13.0419121526655 3.42663861557735 0 89
63.7448822872187 3.67708676582892 0 89
67.3193941882126 3.13633353713832 0 89
75.3348797000655 3.36208846300098 0 90
82.6016943334434 3.21037557166039 0 90
67.2618203426837 3.12635635513025 0 91
76.5208047665563 3.01976112229558 0 91
20.5359789035503 3.04356053693703 0 92
64.6432068051798 3.17494197813247 0 93
0.0368254684654874 2.99343025889069 0 95
64.9845195757718 3.29978911888599 0 95
107.72278889516 3.2212125070167 0 96
67.3219856061352 3.23289760984757 0 97
67.5038508121538 3.00763118737403 0 98
109.801949129036 3.08577805165353 0 98
69.746226508181 3.49203748697937 0 99
67.6439172137745 3.13555708791038 0 99
72.4772973557157 3.95807281894514 0 100
81.0694747340846 3.65419897195556 0 100
64.8803000154582 3.43010258345744 0 102
75.4793209913565 3.2411623328887 0 103
68.4811599233188 3.2280153916522 0 103
64.7728656381097 3.88984523284712 0 104
106.869103110928 3.26739349309028 0 104
112.147125635757 3.25085938250547 0 104
112.333879531933 3.36767300215685 0 105
69.7748289832065 3.40892103619475 0 106
113.698464022466 3.49882692274159 0 106
87.2113677365161 3.02760926077536 0 107
99.5464180189292 3.18929930626514 0 107
0.134770824411538 3.08532746305689 0 108
109.317158375072 3.16548514047485 0 108
113.870804584093 3.08075678206163 0 108
67.3583858734168 3.53687986503146 0 109
113.156447326952 3.29993105766988 0 109
115.121655849022 3.03531550043859 1 110
63.6568728283152 3.03362931658343 0 111
112.153874364731 3.07083210359382 0 111
110.033133283191 3.11027421631704 0 112
113.693471203666 3.37720238660966 0 112
112.605727048166 3.33314122463657 0 114
112.953225463887 3.53296177486734 0 116
64.0770553283071 3.56241725451806 0 117
112.66199791993 3.49410323841876 0 119
112.59506299399 3.53914099654949 0 119
113.012680067048 3.14764443579817 0 119
8.07227943462788 2.99293175305 0 120
109.541036403285 3.01092397640372 0 122
112.578092667212 3.57542057021221 0 122
64.551070152927 3.07501811167939 0 124
87.2850827201084 3.01175895250338 0 125
68.0498906791335 3.17787894197821 0 125
67.2737303055841 3.81424386737091 0 126
114.292977404063 3.18477327314586 1 126
97.7585159916829 3.07996781374809 0 128
0.0333252237457152 3.84846872940939 0 130
75.5683091274718 3.10068449174633 0 130
114.290662366645 3.30348388693471 1 130
90.9784847399144 3.48250316071002 0 131
68.1723102937052 3.23922842607429 0 132
67.3007251243972 3.92189131330412 0 132
67.2587268766424 3.03703593106216 0 135
113.965186593758 3.42184965484861 0 136
77.8731736359339 3.61744745658867 0 137
31.9169211815766 3.29642814671886 0 138
63.898216757308 3.12145068918424 0 138
64.2592465966319 3.13342258450369 0 141
87.3239212203817 3.23738967642454 0 142
84.5233286392021 3.05129874891878 0 143
87.2426494125285 3.79695813035031 0 143
109.663993686205 3.19224392595334 0 145
114.499507056546 3.63244006555822 0 145
114.729570584772 3.2236272018347 2 145
114.520784529467 3.11600344866224 2 145
106.317179430915 3.21725670319583 0 146
65.0676970691943 3.51662230063674 0 148
67.3234274807436 3.40315217348582 0 149
67.7923729597045 3.09462384228741 0 149
94.8563753618962 2.99518475039028 0 150
111.897388014056 3.13244697635921 0 152
114.958494460089 3.07829525390416 0 152
111.892034955781 3.70550179575232 0 153
0.191717474132522 3.0569392218803 0 155
64.5517500392076 3.42320482336102 0 156
68.9012911366156 3.18752341064782 0 158
78.9957700668055 3.01921743002147 0 158
68.0273150883142 3.79812697525924 0 158
67.6152440928171 3.14070940859644 0 158
68.1319597829137 3.76891479975948 0 159
96.3805004004356 3.22164249515866 0 159
102.242236107162 3.01463109622553 0 162
114.99306903568 3.04213884757022 1 163
109.515119782174 3.16181594302092 0 164
2.16353680150309 3.12933950149565 0 166
67.3126169516578 2.99847140208678 0 168
91.4813655487226 3.16747079349256 0 168
69.8654128293933 3.06472050130783 0 170
77.9623038618633 3.19717414049045 0 172
84.5199630928336 3.05318086059571 0 172
73.2750659640375 3.18624224328363 0 172
115.192568971989 3.61004607295926 1 173
67.7258801712486 3.38355579169241 0 174
69.9327125593385 3.0174503353167 0 174
67.2917223205698 3.82377957101404 0 175
67.3480299746663 3.34244267671583 0 175
115.204101479593 3.22490806536609 1 175
112.634999824725 3.25981669036271 0 176
112.937094574892 3.18515464482545 0 176
67.2556513895148 3.03051739454686 0 177
70.2342297667764 3.03976742794847 0 178
112.19011576284 3.07027355055959 0 178
64.620957464514 2.99338997574263 0 179
83.3304846938269 3.0532226142374 0 181
78.6074347361856 3.37070769833118 0 181
112.546470482968 3.58353981317824 0 181
64.4486491179304 3.31971563308094 0 182
70.1201547324244 3.11498882385521 0 182
114.373208882501 4.07906371531019 1 183
67.5312592124563 3.02512874474182 0 184
67.2692996788316 3.06481482036007 0 185
68.0596029184586 3.53553218935651 0 186
101.947363019415 3.94324956582666 0 186
114.815011355308 3.37541093735572 1 186
81.2459953388515 3.90645025631898 0 187
67.5121795492021 3.81821249824808 0 188
67.2574143581634 3.62927519460854 0 190
68.750611350583 3.07555778183355 0 190
69.9696580066946 3.49876997256026 0 190
113.205219439501 3.15323378584591 0 191
63.6541613614853 3.19935567326007 0 192
78.2265237879333 3.87618867061338 0 192
75.7181952586653 3.43814392098579 0 192
67.2566746464466 3.01391945053587 0 193
114.896021912554 3.05061452124239 1 194
114.997960690622 3.28317229622574 1 194
115.067793039747 3.58096399874256 2 194
115.242148024985 3.13429255454683 3 194
40.080512570041 3.37436300395046 0 195
69.3104930682738 3.31991054456494 0 195
113.674959892535 3.14900530591199 0 197
114.38930660578 3.08352506246859 2 197
64.2034416742992 3.55110770646472 0 198
67.5318881177335 3.34507305277541 0 198
110.709602561074 3.03138274900819 0 198
0.409151815685195 3.14320395625207 0 203
114.60560513379 3.44317052000257 1 205
114.971517746783 3.32554392054195 1 205
114.620240703771 3.2174023696404 2 205
63.8748736065022 3.35303908646286 0 206
67.3297164242195 3.69354875004852 0 206
64.8372259976924 3.13887532722704 0 207
67.4456180342852 3.57355439787453 0 207
67.9179078903088 3.24864303111176 0 207
114.721014209072 3.21791833829798 1 209
64.2587388121682 3.1798296978142 0 210
69.6174273427874 3.20320455202683 0 211
67.3380774170946 3.21737487944718 0 211
67.3111533220853 3.18010249896919 0 211
112.893337953769 3.16767184844867 0 211
71.1682441805827 3.35021330621076 0 217
114.926344219343 3.38996919240599 1 217
115.248216822026 2.99110381276179 1 217
64.5328212629277 3.40119830334823 0 219
80.6961791555485 3.077951720745 0 219
67.3696787228209 3.16717909081464 0 219
70.53542769007 3.33107795658332 0 220
68.8997816523455 3.05749137757056 0 221
67.30442660444 3.12349302011001 0 221
98.7299150182086 3.35410708537268 0 221
67.2922665424238 3.33144190201553 0 222
72.3178661302089 3.29765871279052 0 223
68.2985280518203 3.05253529761616 0 223
114.389991282233 3.32381312084689 1 223
68.4394630208269 3.02321552208495 0 225
63.7438282814073 3.31358684872546 0 226
104.292432822479 4.54304231083987 0 226
113.005470042643 2.99479478035932 0 226
82.4279432274392 2.99440606722417 0 227
67.4429054465968 3.05288192223191 0 228
80.5897183834189 3.04776914223271 0 230
67.4504789743584 3.28042684505853 0 231
96.2196308277808 3.088252671536 0 232
114.328529805158 3.1498106848707 1 232
64.8136080937383 3.13019765529187 0 233
78.0156037409053 3.06242470895809 0 236
112.300619033246 3.22945946265132 0 236
82.3236721189543 3.00742364614381 0 238
67.277080270904 3.59142779203441 0 239
73.8199218160255 3.19781028706056 0 240
67.404097505808 3.3675538849042 0 243
115.205164914931 3.00907607972432 1 243
67.3309858796588 3.13246308736263 0 244
109.565751495182 3.24509588495818 0 244
67.5792944980246 3.06582481571798 0 246
77.264614647514 3.21472467350985 0 247
114.989296081922 3.22194770556791 1 247
65.1390773383298 3.82778097273113 0 248
83.3303710934214 3.23553079789804 0 248
29.8045615205632 3.74566285513168 0 249
112.102223884162 3.03186033413234 0 249
67.4313385540789 3.26599853652219 0 250
112.657226313988 3.03227113541341 0 250
66.5536708265337 3.02283418133062 0 251
113.383249017988 3.04758434196826 0 251
67.3548721960278 3.07266602312156 0 252
112.217414577994 3.14396511252944 0 252
64.7383524009259 3.44625693032208 0 253
112.524828910038 3.31790695798927 0 253
97.1973712230845 3.21582052033938 0 253
69.6673601653806 3.14537737552326 0 255
77.0647554420238 3.23939285499812 0 255
97.865128929292 3.43631284485219 0 255
115.174269314836 3.06002402546505 1 255
69.167354177719 3.34336347295268 0 259
67.6011706903891 3.04778594014758 0 260
115.199787345696 3.00330890896044 1 260
115.210344638207 3.14270608262987 2 260
67.2787588596362 3.13646424876309 0 261
67.3573897028257 3.48046871460285 0 263
67.2939916003398 3.20159573079673 0 264
67.3154924464309 3.00475858028929 0 264
110.696025785834 3.1175773946754 0 264
84.5590917869519 3.00260331581803 0 265
67.5637359804684 3.19646902982544 0 265
10.2333471701486 3.23445543003308 0 266
72.1354647389641 3.28028661545422 0 266
11.6488706886833 3.0559528530156 0 267
97.0563608674286 3.08220702888853 0 267
9.92495271443346 3.44713658173187 0 268
64.8856950614029 3.24506306291762 0 268
67.2531093821444 3.0746504326897 0 269
104.988256405388 3.03099491574594 0 269
63.7642242956658 3.41785916341449 0 270
68.8350987755138 3.12135161174703 0 273
69.6439807101697 3.07402266012707 0 274
67.2882385683235 3.58541195977816 0 275
110.347348899776 3.2231432842615 0 276
97.4131966337081 3.11692978719899 0 277
67.3083853417262 3.5650007884364 0 278
104.119381246657 3.03455768694491 0 278
108.007696607821 3.29028485278884 0 279
108.980522738936 3.00684050789267 2 279
83.581533967477 3.71616801773044 0 280
112.546615407139 3.16907688802094 0 280
67.3576094635733 3.19626158478579 0 281
113.913301297396 3.3874242258686 0 281
112.600580244138 3.42379185699489 0 281
78.7396341426067 3.33611680738787 0 282
95.7546304563771 2.99975371748565 0 284
67.4768263361943 3.32177231503397 0 284
67.4855745341699 3.26302607125428 0 284
68.2952722892349 3.00294431786392 0 286
114.734915811549 3.12665993363238 1 286
112.145519673757 3.29432099667864 0 287
112.547347063213 3.25241230931671 0 287
114.884400735124 3.90808838017824 1 287
114.884963877697 3.79083289291723 2 287
114.910667003725 3.50387269555337 2 287
114.894726462284 4.06624566097666 3 287
115.052803542432 3.87199966486606 3 287
114.933596657384 3.51761851900136 3 287
114.914992401933 3.11989700726752 4 287
115.210416998361 3.10451365250642 4 287
115.114963997369 3.32496106275556 1 289
68.5751241650928 3.24500790497204 0 291
110.399846498514 3.22489330243777 0 291
64.4088206417192 3.1362468117196 0 292
63.8066221497904 2.99373693748219 0 292
67.275760077589 3.15768598565815 0 292
111.890461887429 3.8663363845633 0 292
64.7285318857118 3.3298564732719 0 294
66.6317061713078 3.1157843622913 0 294
67.593474349552 3.02260992051289 0 294
112.551133553376 3.35768755412188 0 295
67.9077444183886 3.565376214171 0 296
4.45910611079201 3.2702078068204 0 297
67.2619203158589 3.11904828729368 0 298
109.729055042282 3.09509940165329 0 298
74.4518156898066 3.03353473925058 0 299
107.847424468068 3.43859849671946 0 300
73.5798590291489 3.50345864677358 0 302
71.5289811246895 3.28066964412409 0 303
67.2637775791153 3.0952914133324 0 303
110.719370274792 3.15351889045658 0 304
70.7624319143884 2.99746166260347 0 305
114.944139986745 4.0232887322198 1 306
115.035579832114 4.02984525361503 2 306
115.059429069846 4.14233544097695 3 306
115.064572311083 3.21443117244696 3 306
69.4927470845101 3.63147189130407 0 307
100.182774445571 3.26760145268096 0 307
63.8212651669273 3.01328539893753 0 308
65.9375028501332 3.17688818547247 0 308
114.582541001691 3.12848240654191 0 308
67.3756055708881 3.03014075449717 0 309
113.246628156106 3.26620030658913 0 309
96.04057023156 3.19700695188639 0 309
64.2036714070195 3.41461436885556 0 312
112.274886813337 3.25442825597367 0 312
109.671101619069 3.86492805644549 0 314
89.1420510455418 3.25170659391032 0 315
114.518647200641 3.12663550880143 1 319
70.512907815462 3.06324802195625 0 320
112.558238121654 3.59348130166786 0 321
114.941197351766 4.03861525001755 1 321
115.096828194833 3.00503797168538 2 321
63.7381642949255 3.63698815631151 0 322
0.23769034388266 4.36524878571196 0 323
67.4565280524245 3.28028510222282 0 324
114.287022306564 3.13837398000225 1 325
63.6532812606666 3.08595264493672 0 328
68.1834119053228 3.82186417831598 0 328
114.577911191601 4.1521351015228 1 328
114.5992059712 3.34937387725851 2 328
7.84613875029461 4.07309316687737 0 329
73.8620208579134 3.03689855038209 0 329
71.8803210989923 4.269002707867 0 330
87.2505189100371 3.24992690171933 0 330
3.07772543167484 3.73386468191845 0 331
7.82856003688052 2.99066812273958 0 331
67.4012832926172 3.23570746803306 0 331
78.5426927465953 4.18969069250403 0 332
114.508904199329 3.25652942341482 1 334
63.7745717444206 3.29896800314988 0 335
104.475328910054 3.13488304114935 0 336
64.7599633856347 3.39228584734619 0 337
67.2535299671782 3.05653950349597 0 337
113.739199899217 3.0057431394588 0 338
43.6578377734098 3.34130633110269 0 339
67.3021700121417 3.17676821249013 0 339
69.5562870973265 3.03021073770413 0 339
111.16412467128 4.1745425711024 0 340
112.587650290587 3.17687796653745 0 340
63.7533977490265 3.09461506546587 0 341
67.7905814612561 3.16124230042481 0 342
114.341804489707 3.13609824667043 1 342
96.8953724606986 3.03241236543509 0 343
67.2748050118536 3.35042101967512 0 344
114.443386621242 3.65451731336236 0 344
68.1370651469382 3.26181630821778 0 344
114.589771245069 3.37778454800175 2 344
114.620149557071 3.06868125440446 3 344
67.3305544203734 3.50526819745383 0 345
115.184445544915 3.39984598813529 0 345
67.3026880611119 3.04559714620706 0 346
103.923610074461 3.08343482238274 0 347
67.2875476697714 3.2380547075987 0 348
67.4248941104813 3.03135966357414 0 349
112.186020254689 3.60198756410537 0 350
112.556585500232 3.18351959280537 0 350
113.677503271632 3.01234646279287 2 350
113.039469902043 3.1375393831955 0 352
114.267276202542 3.00169249680385 1 352
67.7757018869558 3.14727870470541 0 354
69.3398295736627 2.99999961847756 0 354
70.4335805872085 3.28939720615685 0 355
63.6602725624828 4.13243023461667 0 356
67.5226379056494 3.07591847230684 0 357
67.5704501135717 3.04441994030739 0 357
87.1048791985149 3.08952131241603 0 357
67.3608440939111 3.43510553291131 0 358
68.7660706842805 3.21707636130202 0 358
67.484668823009 3.03995446382121 0 359
107.010735580055 3.11369606121002 0 359
112.161524240988 3.09580085995474 0 359
70.8608922844386 3.25495689654602 0 360
108.63504659555 3.38200676570228 0 361
67.3693991765593 3.19881730069399 0 362
2.17807061912732 3.15671330690816 0 363
69.9303819049492 3.08230697551747 0 363
108.116553948213 3.60096582061121 0 363
113.660084393959 3.1884591431297 0 363
67.9361089106644 3.46965603289005 0 364
114.067638704206 3.3549908997892 0 364
114.371686327252 3.03105741906738 1 364
67.2886873886511 3.18539592864757 0 365
98.9790937471038 3.39964207412274 0 366
67.2876659395056 3.05893337721411 0 367
67.3112985897037 3.30388138600337 0 367
114.500077867395 2.99623308658408 1 368
106.898198029602 3.02920920460039 0 369
67.2783149885016 3.92158682636915 0 370
45.7211739193284 3.56966646678504 0 372
72.0880509707365 3.22154737919549 0 373
70.1091728375088 3.25361100452333 0 374
70.6516096675903 3.35994943767778 0 374
64.1590712757388 3.52841944493194 0 376
71.8760222867574 3.23325467818899 0 376
67.3684179035511 4.05002155518153 0 377
67.3781833252853 3.08948888952846 0 378
67.2651349314794 3.23161935978358 0 380
67.2685016170558 3.02197682338005 0 380
68.0434514313886 3.37536225189946 0 380
67.3140656767713 3.19913702239762 0 381
101.0127386082 3.38364713244076 0 381
111.901044407394 3.12476826577058 0 381
0.0782769284720612 3.03674930933978 0 383
67.7932921273138 3.06654257506436 0 383
109.678684129235 3.08157216754185 0 383
112.159882389326 3.84880608876579 0 385
111.977142277515 3.4146406596321 0 388
78.0301331584279 3.1504701519259 0 389
110.21552992575 3.16410272685425 0 389
113.317730637069 3.08122862953184 0 391
0.690350700425993 3.51044562963518 0 392
63.8017809385447 3.30688306566258 0 392
77.7049683558571 3.03734414358273 0 394
112.207018396312 3.87969835946237 0 394
112.630881718313 3.8640421082646 0 394
65.0990458670572 3.20567524834626 0 395
67.3065521254607 3.83108388002818 0 396
74.8158424511145 3.03259542232368 0 398
111.894406600832 3.13714210826066 0 399
67.3618900920816 2.9954251368385 0 406
68.9472420268658 3.47660121569532 0 406
91.9968101949205 3.25624408400826 0 406
66.5728795306241 3.1836563265658 0 410
114.097161572581 2.99263225816264 0 410
67.988429605255 3.47070636000144 0 411
67.754709405104 3.55231988216443 0 411
114.520308944234 3.17497056341306 0 411
109.587812000442 2.99833148085865 0 411
112.559632030519 3.71213602701034 0 412
67.2993516667755 3.07490969687748 0 414
67.2701103912239 2.99489837969962 0 414
112.204852981758 4.08916472018334 0 414
64.662649565535 3.00910066527683 0 415
67.2672039288706 3.1444902941114 0 415
67.7599157004625 3.05739276011913 0 415
101.740174754539 3.16675790881164 0 415
64.0106693743456 3.78813884072885 0 416
67.2641822573731 3.39951415702342 0 417
67.2897793294291 3.67178468088894 0 417
73.9914215713818 3.01154653441378 0 417
65.6505612708779 3.38392816311566 0 419
86.1131402196435 3.06707982591205 0 419
87.1821748254398 2.99709170776222 0 419
69.020022193171 3.60062211094846 0 421
107.421378058762 3.95870863992814 0 421
67.2551872676869 3.6353604367396 0 422
104.429841517121 3.00395087175187 0 423
114.852386848516 3.21148461682885 1 423
77.2267556997684 3.34296698621582 0 424
67.3422814763717 3.51614382263016 0 425
64.4854359776356 3.22428902009474 0 426
112.988303186266 3.06462425729328 0 426
67.268502518734 3.05369038655999 0 428
67.4744320465644 3.26969136607128 0 428
72.5502629988659 3.18394961570646 0 429
63.9623554949535 3.05186822100584 0 430
67.3770618504704 3.33979884307922 0 430
67.29585849062 3.09107586035085 0 431
65.0220567153311 3.29549823292504 0 433
68.2137487181606 4.37683771420386 0 433
65.5211861439643 3.06905782537697 0 434
66.4702827082751 3.00092525551298 0 434
58.9296566599174 3.00382592970787 0 435
108.815773866937 3.42724881068884 0 435
112.565350702275 3.27823401319325 0 435
114.50556491197 3.05744237511191 1 436
114.76342445936 3.80914929531131 1 436
114.519963095252 3.62499218022573 2 436
114.763538686922 3.0217055366138 2 436
114.527638103593 3.66185617584735 3 436
67.6304462389259 3.82813188562857 0 437
112.390282465696 3.01584511775023 0 437
112.139579423632 3.66111076890719 0 437
109.943324265722 5.23239933370327 0 438
73.3262630136898 3.40106452816672 0 439
113.459846731487 3.29037332743531 0 439
113.59764006349 3.47133388607863 2 439
4.77281862902313 3.58016035394079 0 441
67.4480216094002 3.45572355621154 0 441
113.117575155024 3.03664516805837 0 441
67.2589222275917 3.073967990128 0 442
114.891835784287 3.00632699774346 1 443
67.3642727747429 3.66356678957512 0 445
114.839673262769 2.99100072519379 1 446
67.3102162664122 3.00089831685129 0 448
68.1197439007261 3.12311764178466 0 448
64.395546028634 3.39806582029329 0 453
69.3816404692604 3.00717253124346 0 454
68.4147997343203 3.05791654049987 0 455
115.247399701252 3.23236092293431 1 455
112.979336204426 3.00633661755796 0 456
65.7178396828342 3.51723419570606 0 457
68.9422963103966 2.99733529505359 0 457
64.0038300682509 3.11401643216213 0 458
0.00930508306137267 3.1092251643745 0 462
9.55836410872788 3.06373210395819 0 462
67.3171697714913 3.06423320381416 0 463
70.2365202159109 3.40399749497052 0 463
63.6932198726073 3.27256897873803 0 464
63.6528684749889 3.40640681735328 0 467
67.5485139629943 3.08005699883944 0 467
112.700589519053 3.33256858726793 0 468
80.8255663197336 3.72909275323032 0 469
67.340204842095 3.26056277617824 0 470
73.3004368041503 3.34400501918667 0 470
113.022123702379 3.00763847513524 0 470
111.560749131498 3.39707897502017 0 474
67.7714117601694 3.08613446549039 0 474
71.2786472991748 3.09759382114268 0 475
67.3517602922 3.15252480241218 0 476
67.2597128282852 3.20238076643432 0 477
66.5531998139118 3.44207530292173 0 478
67.2967255481269 3.02330383277767 0 478
67.4837591432486 3.13503776671626 0 478
112.603706509499 3.13111372263403 0 478
92.5766407095527 3.17052304391589 0 479
67.5181503748441 3.19843480275158 0 479
114.470554029715 3.41336621030828 0 479
64.1349405305624 3.10488548040408 0 480
0.0839707655709191 3.23487248508188 0 481
72.9734365038868 3.1218861342039 0 481
67.3972875237055 3.40363196084386 0 482
67.2863741440014 3.00720210441133 0 483
113.615328197619 3.11480608479565 0 485
67.3302016407884 4.00541474636299 0 486
31.5730773204853 4.46306040434563 0 487
115.218422211222 3.12112971825285 1 487
64.1409173785252 3.5563506463474 0 488
74.7732849286358 2.9987427666917 0 489
74.9068160424593 3.20853920489391 0 489
67.2926316754099 2.99151562392799 0 492
67.261064997084 3.30062823877031 0 493
97.6646289274639 3.45450368698971 0 493
67.900535083449 3.15262732853338 0 495
105.36261397476 3.04882690979837 0 496
114.396722509506 3.45217140525687 1 496
70.3030718832334 3.36917564429627 0 497
67.2700931915434 3.11953195906474 0 500
67.2527035345583 3.02544519272934 0 501
81.425217725674 3.28027086507124 0 502
67.4083469998319 3.08384068059587 0 503
72.598989935178 3.06911517658348 0 504
67.260944305608 3.03002262772376 0 505
76.5699630403599 3.24170045960077 0 505
67.2677328425558 3.155810560521 0 505
113.060945638163 3.33543230294829 0 507
70.2617219755477 2.99147069119139 0 508
67.410390575752 3.09152631821919 0 508
67.3782131049184 3.02328992816556 0 510
95.2476691044615 3.24617192146122 0 510
65.1359333029762 3.61945955549968 0 511
63.7861219983445 3.02689712410868 0 512
109.949706276316 3.12640660962892 0 512
67.4070090185486 3.13635509438486 0 513
91.6139019692623 4.01224318502032 0 513
113.64258775612 3.07258596172413 0 513
67.4945487028705 3.04971758585944 0 515
112.656443746267 3.60779881703532 0 515
53.6532736220779 3.24293204731509 0 516
67.2544181642718 3.00473648938029 0 518
65.1277048030251 2.99801629538259 0 519
69.0904302159581 3.4321889663321 0 520
105.58709454738 3.31176759798266 0 520
69.1816177535024 5.82243208773273 0 521
110.255742264732 3.14299129236851 0 522
85.7503049691112 3.52117015784591 0 523
112.648926616913 3.28377772734173 0 524
112.85737539199 3.37904891425978 0 524
112.619368172799 3.83189290241305 0 525
69.7308407073889 4.43754633379199 0 526
63.8962112028526 3.60359683189437 0 527
64.1033403997621 3.26987636289451 0 527
112.197854250225 3.44668498896627 0 527
64.208458307718 3.3979935540594 0 528
65.7631741368656 4.32512820879183 0 530
114.239521785339 3.04769196831045 0 530
114.451722627298 3.03282570421671 2 530
67.4129367555067 3.17328558416266 0 531
67.7740113891191 3.13807644196501 0 531
114.866327827544 3.1215174102968 1 531
114.160538937938 3.31442988546936 0 532
67.3441431200313 3.12596738954592 0 534
112.929513106773 3.57338587895114 0 534
67.3782867673308 3.18682474929549 0 535
114.480422967793 3.12660693050707 1 535
115.083459018577 3.4581140728038 0 536
4.09695571340026 3.00673133579287 0 537
65.3854703052397 3.28579246375496 0 537
67.5305321339602 3.21437826611816 0 537
113.648477234902 3.04931119448218 0 537
67.2620893360788 3.277643463837 0 538
102.848335468893 3.07047296920496 0 538
112.15295982411 3.34917350643781 0 538
0.0130624736809185 3.03529160250708 0 539
87.9522614391294 3.1015455246001 0 539
70.5986836897735 3.38786710306896 0 539
67.2526216639525 3.14352943361164 0 539
109.831902403624 3.71846235575851 0 539
104.453185303675 3.12696470005019 0 541
109.514258532312 3.12097761592804 0 541
114.910337829245 3.4630728835641 1 541
115.07079796427 3.85303300502151 2 541
63.6620832762238 3.29746564791587 0 542
67.4021600603793 3.24380769639254 0 542
69.2145596982411 3.83818783539996 0 543
67.4267187012604 3.02486081516708 0 544
68.3526322165258 3.35003355301852 0 546
0.265699073609353 3.0928149401254 0 548
67.2724615116867 3.24299288074045 0 548
67.3829373190392 3.91089212837993 0 549
67.5390699774569 3.01205281464173 0 550
109.668873533201 3.19525440831005 0 551
70.2563572624304 3.12663060611194 0 552
68.8369419140301 3.24852264238693 0 553
101.487445547561 4.09384109795309 0 553
68.19987146779 3.70653893793885 0 554
112.573265903941 3.47099775225963 0 555
113.663702716783 3.02644103850659 0 558
0.0114791910284538 3.67839605391423 0 559
114.571052900729 3.57149112768923 1 559
71.28950973064 2.99471806578581 0 560
108.326703129384 3.06594608642756 0 563
80.9511260473173 3.83257584880127 0 564
114.66860432106 3.44579069053493 1 564
114.486393230482 3.08775247249069 1 565
67.3962016829471 3.3415217907104 0 566
114.644551831278 3.7106183755063 1 566
58.8808950721522 3.31514078165638 0 567
67.7999874693131 3.34000239390602 0 570
67.2602288708394 3.41326001591801 0 572
110.558915658829 3.63574188522016 0 572
97.1106584503765 3.17764674581708 0 573
110.621815601433 3.10031109282599 0 573
67.3077695184892 3.7263088190437 0 575
107.57847996267 3.04556957620584 0 575
67.6470191979328 3.03175899406412 0 577
74.691894920432 3.73594904454845 0 577
78.7872514612382 3.30612025994689 0 577
84.5632501048145 3.2258136125655 0 580
64.0097368403561 3.72210991975533 0 581
74.863222507904 3.63443048871935 0 581
109.612326538986 3.21569267808169 0 581
68.5878645040229 2.99613939696803 0 582
68.1063541566603 3.01239674683039 0 583
71.0595380660589 3.57461622754912 0 584
78.8668881524644 3.35431952768218 0 584
64.4132405223847 3.63579345918794 0 585
67.2930964460119 3.02831980825262 0 586
67.4329897803639 3.10128824442675 0 589
67.7642070466277 3.1027586476065 0 589
67.4014724054137 3.4411498284447 0 591
69.7670196965211 3.47219874868639 0 592
110.016682521182 3.36392178228039 0 592
67.3082093498992 3.44116991121813 0 593
97.656583344977 3.05107599506463 0 594
114.036055699928 3.61497566854413 0 595
73.1073219544613 3.08306521791534 0 597
95.6262855094911 3.2120373395133 0 598
112.167659849428 3.81627417371792 0 598
97.7757088028214 3.77448211004799 0 599
112.384219864663 3.61131287763214 0 600
68.1262214482183 3.02113964199109 0 601
67.4060587260043 3.08511982992188 0 603
68.819154255339 3.11625065516572 0 604
115.056430394742 3.26738747325955 1 605
112.566496621928 4.88899264079546 0 606
112.850943966678 3.20783706235181 2 606
69.7442814844437 3.71351415098592 0 608
111.889097365671 3.30738106588263 0 609
0.152053192952056 3.37145171346194 0 611
82.15671128809 3.01585891269974 0 615
0.00714081083800511 3.69052038488004 0 617
78.5503050580799 3.11819279543881 0 617
67.9355598972529 3.63950728526505 0 617
114.727233807537 3.36958432940208 1 617
114.903239512331 3.3639886713309 1 619
67.2615691447356 2.99794812416923 0 620
68.5943462238595 2.99806238900544 0 621
67.2694370714146 3.66999293257647 0 622
67.6102094083254 3.38404774874822 0 622
4.00076566470786 3.11505064439902 0 623
112.615126654846 3.03191191272831 0 623
113.125293965327 3.10244932393319 0 623
63.854730811044 3.46732387295749 0 625
80.5193047819015 3.04155565443957 0 625
68.4216868192197 3.38027052589753 0 626
103.552566794283 3.2430604953325 0 626
65.0219839049864 3.62608308854844 0 627
97.7682856847366 3.29469631350262 0 628
112.576741353399 3.107559534811 0 628
67.7577793337322 3.35876180738807 0 629
114.935208918973 3.20149709380422 1 629
91.3549167655712 3.16800349793457 0 630
113.099720783082 3.02716957882613 0 631
69.7566178855736 3.36238733513327 0 632
1.07710334342814 3.20467712999267 0 633
97.670994818568 3.06937074162792 0 633
109.541266953986 3.11671862616281 0 634
0.367664578400107 3.00778483704163 0 635
64.0489810228114 3.07408371389848 0 636
9.50906485093761 3.01771537783242 0 637
72.5353488750933 3.59694594023262 0 637
91.8694924739438 3.00932347732823 0 637
67.2875833862383 3.0193718329362 0 638
67.3562913084943 3.05983782916663 0 638
67.4785792013751 3.49020850305582 0 639
101.174091797447 3.13711699973605 0 639
67.586642646589 3.69448121750431 0 640
7.16015876389672 3.26469030280586 0 641
114.408701603049 3.56201797730453 1 641
68.3851076134558 3.22888003519217 0 642
68.9573312504165 3.02926966118091 0 642
67.2699525961045 3.02887396058718 0 645
69.2227618355798 3.29954559980707 0 645
63.7869654031889 3.67762544595338 0 646
113.02960689927 3.18016396110844 0 646
114.64168500456 3.01348379419991 1 647
114.536053186962 3.6784647876062 1 647
114.892303508283 3.08969745265095 2 647
32.2529963301582 3.26939227922628 0 648
115.210216287271 3.11951983176904 1 650
67.2604789165643 3.22565411490919 0 651
67.5571877855411 3.02355300740771 0 651
110.099850723067 3.3605423572657 0 651
107.392743522925 3.33908856190593 0 652
67.4460644882988 3.00733840600045 0 652
97.5672493213838 3.35193260102395 0 652
115.140965722715 3.18992100273929 1 652
1.65349290889777 4.14469888730967 0 655
94.6960372885928 3.16768635459269 0 655
115.053760134596 3.19051129261333 1 656
109.51691669587 2.99653403516352 0 657
67.2994796997135 3.77249703599149 0 658
2.64311677639776 3.90515058870561 0 660
68.9735052059204 3.26857183424898 0 660
114.398918559057 3.03426399592458 1 660
67.6647144410061 3.13075164258685 0 661
114.516655805967 3.26198775919729 1 662
64.115107002207 2.99427099040997 0 663
66.766074025818 3.66969133622015 0 663
69.0252601482435 3.59291967962241 0 664
65.9221253444382 3.68199041469455 0 665
114.97296792942 3.3416649368221 1 665
65.2711145818789 4.04713014478457 0 666
63.9745914969573 3.16055812041638 0 666
67.3774201128519 3.31763750123393 0 666
22.5632791414657 3.40047791231804 0 668
112.168593759756 3.38590674832288 0 670
112.551556424142 3.89616260870699 0 670
114.411200082609 3.14796711744472 1 670
67.3274900595272 3.66036022433018 0 671
68.8072400910381 3.39594042105564 0 671
109.524892650269 3.19883606618678 0 672
111.900701889056 3.60798676886642 0 672
114.781519136838 3.78815972817048 1 672
112.789711434907 3.27767100175326 0 676
66.6634593581631 3.34951789352455 0 679
67.93272745025 3.1214361751632 0 679
67.2651370678173 3.39305378287546 0 679
67.2610158194997 3.74277010685264 0 680
67.4285399859895 3.26587400824413 0 681
86.9125756581433 3.1832095612592 0 682
114.6908602719 3.88027535504211 1 682
115.083366779926 3.12926019365193 2 682
71.7042681385606 2.99144200158822 0 684
11.6452987719798 3.04149074049789 0 686
112.395983767174 3.08017783570682 0 686
63.7433816227927 3.10192241092095 0 687
107.144827871533 3.0624893819202 0 688
67.629039573496 3.84466820147689 0 689
89.0431601343566 2.99239443295075 0 689
1.67557750423709 3.07998453022665 0 690
114.329856338193 3.26121167717382 1 691
0.049772117679045 3.21835161334926 0 692
65.8602094144614 3.37285732026815 0 692
68.3619898176429 3.04752421846849 0 692
69.1257047217207 2.9942926560106 0 694
0.427397275516515 3.4928695479457 0 695
64.5562870325261 3.86857202793738 0 695
63.7408329717778 3.03713436421758 0 696
109.566148765408 3.34800604587175 0 696
67.2836276252037 3.46735603202819 0 697
110.107808586099 3.08259934001676 0 697
112.241173781365 3.31234480351536 0 697
114.92640539769 3.68469341998274 1 697
114.933990489555 3.23084302904396 2 697
114.948953912319 3.00909797860602 2 697
115.031576436246 3.24224028006583 2 697
91.6408689874727 3.46504134796544 0 698
63.8762391208982 3.21595608866955 0 699
112.376335109091 3.13718208581933 0 699
0.0305604870089097 3.92001407662787 0 700
78.11230029062 3.15468740412005 0 700
69.0057723844673 4.08631395764943 0 701
66.8154988341363 3.09715963447745 0 702
93.1386523311251 3.18410388720444 0 702
111.89873610571 3.24038067834159 0 702
67.2576689254521 3.45028007204434 0 703
67.2526856551024 3.22667562233262 0 703
97.6607871175169 3.01791845918394 0 704
64.4773012661287 3.20120156198418 0 705
112.220268194195 3.10543333191813 0 706
67.2544378001834 3.10058587716175 0 707
72.5954369735259 3.33123338206519 0 707
0.0273839262897196 3.47339905012625 0 709
63.8197666995989 3.18717469013799 0 711
69.4137614033192 3.2018860428771 0 711
67.3028510616292 3.14873288600853 0 711
67.5015885565819 3.0925358019053 0 711
100.118616866775 3.54604050049855 0 711
114.621164770778 3.13510761673227 1 711
114.720701129622 3.07539547739153 1 711
67.2548918626916 3.63479127479433 0 712
69.9400036088122 3.30440380229578 0 712
112.544317557285 3.00548427108999 0 712
98.716864248165 3.34688069587133 0 714
110.701096643382 3.28821116157249 0 714
112.575349784748 3.09103791158007 0 714
112.567462375442 3.12817334439789 0 714
99.4588760757066 3.53466523807589 2 714
111.883308921788 3.64541705276964 0 716
83.4034278190721 4.16785199731572 0 718
67.3211698185485 3.06625589018915 0 718
114.670946520637 3.10802702734779 0 718
114.684869187561 3.14287761147367 2 718
114.690643497529 3.11908341075591 3 718
67.5449189786656 3.30796926304215 0 719
105.324465263254 3.52689670761029 0 719
72.1135350208484 3.01407928609032 0 721
67.6006322583234 3.32695042342746 0 722
109.548138321301 3.59915257957279 0 722
112.165392413185 3.49207395952081 0 722
65.2046304077237 3.02209937690188 0 723
67.2771144003481 3.05220864761624 0 723
63.7101842186797 3.15470953991837 0 724
67.3880158162077 3.09473388884495 0 724
111.738554906384 3.4399657900912 0 725
64.3430612767246 3.11624191038935 0 727
10.2110650335131 3.78364358699802 0 729
67.6590297437093 3.4089272632845 0 729
109.517659137481 3.1314560291263 0 730
67.3628770251453 3.78349409950768 0 733
112.149472394076 3.08296215312694 0 733
74.4153595197017 3.16411145807995 0 734
102.082824839797 3.18669856014238 0 734
0.514356908242914 3.2730207023834 0 735
63.7383580596689 3.18590568429159 0 735
70.265998285616 3.78562071882241 0 735
64.3775746145909 3.34715721716772 0 736
67.532400094024 3.32716661832499 0 736
68.4085332926422 3.01597947219523 0 737
115.203201199164 3.15413829577737 1 737
114.655341109474 3.77427749627769 1 737
114.863594954734 3.12517441055828 2 737
67.3051335955692 3.45494494630343 0 738
112.784378450169 3.37406857627699 0 738
0.0884776177759298 4.45467871852266 0 739
111.888393735865 3.27744601458311 0 741
63.7749869613388 3.69438726885538 0 742
68.4185940490587 3.21207697457295 0 742
69.6494189932041 2.99110588155268 0 742
113.681145326304 3.05007242272625 0 742
115.143885095817 3.06921531802914 1 742
67.2937949423626 3.43006107245444 0 743
109.974442024931 3.0933757178234 0 744
67.3476204344921 3.81186590557848 0 745
105.882849821669 3.04860049840185 0 746
67.3092921854138 3.20455884452338 0 747
109.590927196234 3.19031602832958 0 750
3.20703046881737 3.26704718219212 0 752
67.4903538575624 3.16696427379023 0 752
67.2756354378815 3.48443926727225 0 753
112.348704538468 3.24279800411393 0 753
113.614021838637 3.02871052889829 0 753
68.0452818720558 4.11773980882314 0 755
109.763329346765 3.13921400695608 0 755
74.1450327263952 3.4039908389265 0 756
63.9356986791715 3.53384458859895 0 758
69.5851338798791 3.21160118843969 0 758
0.115066449595301 3.08532026800219 0 759
68.3559062483193 3.15003300427268 0 759
72.4609259423621 3.64874674376311 0 759
73.3165143154799 3.11536456906807 0 759
70.0091932025506 4.07893954676499 0 762
112.576109911027 3.3083891782093 0 763
67.6230243466257 3.60785197058146 0 765
113.312221404183 4.38685199426421 0 768
93.8309661154528 3.36404175872248 0 769
99.5264306210319 3.24042551675116 0 769
67.3706553181667 3.2911823150131 0 770
67.8496091027151 3.00279688150128 0 770
67.4651308588423 4.04839562369386 0 771
97.6655402037484 3.32892601255645 0 772
111.918422025364 3.21140178841584 0 772
67.3061369502454 3.85413656263152 0 773
67.3974447487163 3.02170059653654 0 773
72.6115472791961 3.17738554872901 0 773
67.3051079915988 3.27977289569832 0 778
109.51474617524 3.07099968317089 0 778
72.0719531159799 3.55506904018885 0 780
80.1137281585253 3.72983545076352 0 782
107.289308660201 3.91308322489112 0 783
114.129167582473 3.03073598568318 0 783
72.5684437200931 3.29371051920617 0 784
109.662041604445 4.91527095535773 0 784
114.697882963325 3.00308933916156 1 784
0.624403278917241 3.07202493817211 0 786
81.94258982086 3.12292988597025 0 788
104.267640714834 3.1723963752797 0 789
115.230379705764 3.64251586456328 1 789
97.7192669072496 3.73169830941664 0 790
65.6148310744503 3.15391565444529 0 791
91.0207868545416 3.62828337135977 0 791
63.7438365997586 2.99520195002176 0 792
0.104647121284437 3.26051760082192 0 795
67.3358483125695 3.03571559790858 0 795
67.346135014736 3.30567023083378 0 795
67.417344671552 4.0622884725269 0 795
71.4672133103318 3.00284008296638 0 795
112.555585454773 3.27747931027245 0 795
63.8586854990083 3.19731716511421 0 796
107.845871643992 4.22168080551352 0 796
112.629019340669 3.01357280683349 0 797
64.9672601263134 4.12327069670178 0 800
67.3777029459656 3.3429230149652 0 800
111.929438342846 3.52700312714692 0 800
114.65497791253 3.21555632444776 1 801
114.675023364117 4.48345874344009 1 802
115.171959077838 3.24937340360255 2 802
67.2529397559464 3.22567071995727 0 803
113.615162399569 3.45924665470532 0 803
112.71204182988 3.25112462368752 0 804
114.818091437434 2.99931640868256 1 806
64.2462069304579 3.25251836333082 0 809
111.968408050723 4.04080933341523 0 810
112.146238415989 3.73493234144904 0 810
65.2420631326045 3.21718156372355 0 811
69.4379175547592 3.27846775809831 0 811
65.1604112398418 3.41433676559461 0 813
67.2693887822253 3.48449862092448 0 813
67.4425692405172 3.00413284840648 0 813
70.8124515489804 3.49003257504966 0 813
71.5545817485735 3.50669345658442 0 813
67.3362683121539 4.2306083676788 0 816
68.0746059695072 3.49063802243694 0 818
67.2617492888721 3.16293460810231 0 819
107.149041871655 3.03684533927308 0 819
67.3280703595376 3.27999479234874 0 820
86.3841580877255 3.13940584291699 0 821
99.0098909214481 3.4679703311568 0 821
112.46908466528 3.49475961044477 0 821
114.726771070835 3.36508971272918 1 821
63.8208577538749 3.16868318733891 0 823
67.4031744224571 3.28115271152219 0 823
113.06018940438 3.55820219824341 0 824
115.100280841095 3.09249573648752 1 824
67.3403301686831 3.27326217905403 0 827
113.258644500654 3.14258172140056 0 827
114.753353561023 3.9831701324188 1 827
114.768826446886 3.84565133049458 2 827
114.864033141292 3.33337919677639 2 827
114.912458027207 3.01605059662847 2 827
69.5666671704093 3.07533383761155 0 828
67.3400642720527 3.05536385681879 0 831
67.2809554351749 3.48379853512899 0 832
68.173328926749 3.17672271313824 0 832
114.515721912942 3.08591803589784 1 832
0.0272709679602519 3.2569740292609 0 834
72.0166260519755 3.12325948440051 0 834
112.167875875141 3.35168292998997 0 835
115.047719381265 3.2765174870935 1 835
114.636683034691 3.1638445615112 1 836
67.5710236035814 3.07805282391073 0 837
64.9408249558067 3.3439549604372 0 838
67.276109527108 3.04346047880408 0 838
69.8795640995139 3.29423030275507 0 838
69.3202588950589 3.26102539942209 0 840
102.861280415212 3.40271866000311 0 840
112.476125095786 3.48034578949699 0 840
71.6639742533785 3.22034233492838 0 842
69.7289271630596 4.33056206534264 0 843
100.533487569911 3.17225315221555 0 843
112.176237825958 3.19826301517786 0 843
7.84458465619855 3.34263032962865 0 846
67.436894807937 3.61908411900554 0 846
68.5249804422166 3.01379665556713 0 847
101.773239543103 3.01059618658735 0 847
112.053214930883 3.05397510004617 0 847
84.9732570705211 3.03961140835728 0 848
114.902956355344 3.56573431924938 1 848
114.912519928747 3.16064223622543 1 848
67.3939935505537 3.13238802229441 0 849
91.8634022960941 3.11360030145169 0 849
67.4264739117965 3.64809153722073 0 850
110.94808131715 3.0961888334886 0 850
67.2661915787777 3.09754416893331 0 852
67.299091713771 3.15950212059368 0 852
67.3679928836419 3.57920486921749 0 852
113.324356387721 3.04344962829989 0 854
113.640568641811 3.06965237302095 0 854
64.6537558735232 3.14593713496454 0 855
67.280462528658 3.03931445034161 0 855
99.8584076304114 3.42977203357367 0 855
63.4251808704942 3.26013184179193 0 857
18.796990389718 3.03997765539505 0 857
67.2626829920276 3.13428849288104 0 857
67.3600652444703 3.49792997906697 0 857
113.155918678795 3.02066749159924 0 857
112.737693869635 3.11807473764578 0 858
67.6050759844983 3.00286768139701 0 859
112.048900578433 2.99709524695597 0 861
67.4056824997895 3.10632213067251 0 862
103.052787470521 3.18081530336506 0 862
84.5542061213975 3.00007328744653 0 863
51.9049710228618 3.08734720639779 0 864
64.4787624157139 3.24867628129936 0 864
67.2662719638081 4.21266517202174 0 864
114.54385837282 3.19074419679765 1 864
114.558668528316 3.32958573210994 2 864
114.644514917467 3.0821020926389 3 864
68.5233049456835 3.18772672736994 0 865
71.9565328928338 3.12387486244173 0 865
68.323051988433 3.40842981473171 0 866
69.6230606298378 3.51680145902328 0 867
67.5697988011712 3.07164819490776 0 868
69.7613753057055 3.04720989869545 0 870
67.2532673344121 3.26820919772614 0 871
75.4886291928102 3.0362119357248 0 872
65.0537292499071 3.24129459234851 0 875
67.3451286946062 2.99587434444119 0 875
1.04934777898962 3.16232401671597 0 876
68.3817779699169 3.79721360586564 0 876
67.5512736963707 3.40467778532765 0 876
95.8286650983353 3.1990156294427 0 876
0.676444564166737 3.19244299514222 0 877
95.4865846897533 3.29043832015542 0 877
67.3025497180114 3.26624589002292 0 880
63.7839093940202 3.26696377875642 0 881
67.2870255252269 2.99920533265868 0 882
67.4863512480189 3.00725560638035 0 882
91.8891159664157 3.03941424646836 0 882
0.0397268772075577 3.40877149515212 0 883
67.8571789233799 3.77603054450865 0 884
0.170534541073757 3.06185927626942 0 886
63.7599392380384 3.2981682659575 0 886
69.0233581364016 3.04421552190773 0 886
67.2607705355623 3.29428290824219 0 886
113.001290355465 3.15783694168679 0 887
63.8791732156777 3.18835314914907 0 888
69.3236683233333 3.28260824047427 0 888
63.7587877149164 3.91369821516687 0 889
69.0003843020916 3.21857743488685 0 889
67.6826275283515 3.13850166382051 0 890
69.9695123228977 3.06325490738335 0 890
109.544482049458 3.82246238689801 0 890
112.799296103544 3.35903770194094 0 890
69.3462712019347 3.22405506131961 0 891
7.33702764326655 3.15367702851255 0 892
73.0543122318622 3.00039583624276 0 895
68.0397314419008 3.74426942064684 0 896
63.7662384503073 3.19648216703372 0 897
114.959224692526 3.12360400509368 1 897
67.6160693435893 3.14238628821526 0 898
67.2592117804904 3.04996033314157 0 898
113.62392117253 3.25434519518847 0 898
107.531386637791 3.06978116252906 0 899
63.9712703185269 3.3868676621329 0 900
95.8072147326241 3.04093405218675 0 900
114.267526984195 3.13694504680379 1 902
95.8350493180212 3.58934536100166 0 904
67.9565181541077 3.90760739101661 0 905
67.4235947202204 3.28492858590777 0 906
113.926702913831 3.02546884939905 0 912
78.4272842622502 3.75882130108345 0 913
65.8620631972247 3.01141807455328 0 914
81.9938019071647 3.61942347328043 0 914
112.900845620789 3.50567105992473 0 914
99.3336896652757 3.45943694841057 0 915
114.522812643535 3.05581990047182 1 915
71.5854537240766 3.90499952165906 0 918
90.6035168753567 3.27370935902534 0 920
64.205377970904 3.52565752000037 0 921
74.0920118743039 3.44192764497134 0 922
68.2929211747997 3.69660511311305 0 922
95.6149245329142 3.3498050639737 0 922
63.6832782189104 3.54215134817792 0 923
83.3436916194832 4.27069368902351 0 924
67.5821663478339 3.26218281290319 0 924
67.3074904940009 3.14544156159771 0 926
67.4779705310161 3.69864832270364 0 926
1.32469048474772 3.5027348056351 0 927
67.2806658177475 2.99870975035445 0 927
67.649631998123 3.45055057565649 0 929
91.8843748812959 3.07601818913951 0 929
113.131299775797 3.27970537930938 0 929
92.8863464026094 3.62287718376159 0 930
67.3933026349448 3.56591970400747 0 931
82.2655819817322 3.09962936813377 0 931
89.7625025459678 3.58115308965614 0 931
113.204547291835 3.02849447427236 0 931
0.105521726391082 3.09288191103048 0 932
110.114839096635 4.15924821123252 0 932
67.3969949584084 3.30211320335502 0 934
115.157352538527 3.51751377580112 1 935
78.0508842458409 4.05099744078881 0 937
67.2751139506678 3.29541040503437 0 937
114.993275263793 3.1708292424371 1 939
67.6781058155584 3.23038428274897 0 940
80.8735626207663 3.7683388609127 0 941
67.3167505900516 3.03912294582159 0 942
78.6172334145081 3.66041037854829 0 945
76.2360853958286 3.55134982284669 0 949
109.535323586029 3.28994858302504 0 949
74.9247016028024 3.04063325927266 0 951
71.7804365973727 3.24721495850372 0 951
67.3343148809118 3.20333469544556 0 952
66.6259998822678 3.09413997993323 0 954
67.3340641339214 3.31353333845088 0 954
67.2672692284392 3.04310934536099 0 955
107.421074701258 3.51395943331986 0 955
64.8061165209716 3.11818373837702 0 956
8.2993829635193 3.27603432267346 0 960
114.42291026351 3.40234315140391 1 960
114.521412052195 3.35056102214169 1 963
115.116546275573 3.29123382165549 0 965
67.288657669926 3.60210008164553 0 965
63.8005696226242 3.62711700660881 0 966
109.527319064673 3.78618902770988 0 967
113.538799512139 3.33023265050918 0 967
67.2572768025894 3.2758768594663 0 968
113.261867588033 3.03772960673845 0 968
114.411463416761 3.71263983898596 0 969
114.743560714242 3.25459153605944 2 969
63.9471244678339 3.18241865627481 0 970
0.333019048189572 3.19288458514881 0 972
0.714443451294053 3.53582218190718 0 972
68.4267772102725 2.99783906314846 0 974
67.3610058498557 3.3493736246341 0 976
110.695796590838 3.10102213337461 0 976
113.011067264128 3.59465694676391 0 977
67.2577502177419 3.06299938332615 0 981
115.098795253764 3.10002744152609 1 981
114.474032123321 2.99422373539081 1 981
113.428091719071 4.83148327529983 0 983
113.475995757484 3.14344475047378 2 983
67.2539443208302 2.99149141784485 0 984
112.824627723389 3.13898562675821 0 985
108.331004268419 3.13260817948606 0 986
114.816794936759 3.36039215394721 1 986
114.661655452083 3.08771373134901 1 988
71.0092585759175 3.08589978422933 0 989
106.347224010781 3.10563894494397 0 989
112.714620462664 3.5263615032738 0 991
67.3293294541948 3.21175626521181 0 993
112.753848436233 3.2672768870932 0 993
114.345520765268 3.10376522442493 1 993
40.9970486832943 3.26925109270948 0 994
109.719394078217 3.50058154842167 0 994
109.521525572923 3.58883873692878 0 995
67.4769791086566 3.38608860667067 0 997
109.606418150914 3.15127409534496 0 998
0.135880444082478 3.18786969503677 0 999
67.3079622316428 3.05835838711564 0 1000
