"ts" "magnitudes" "gen" "cat.idx"
67.2584693050437 3.16588355454842 0 1
71.0928080627254 3.87001050687603 0 1
67.255238461044 3.25564864952923 0 2
111.220367627755 3.09825671775946 0 7
68.5689106104863 3.82154485228129 0 8
109.586897971581 3.46715104155203 0 8
105.604962766589 3.74038499029952 0 9
7.96945572716754 3.19501883396637 0 10
108.599445287818 3.37497601903623 0 10
109.680787252922 4.04295801040895 0 11
110.83472523976 3.12850438949568 1 11
89.1605151941559 3.89112750193418 0 12
69.7649581759304 3.10958166418239 0 13
66.3969517936657 3.01012692323517 0 13
73.2399201658163 3.10690649399554 0 14
78.2726791950032 4.30185249252007 0 15
110.289040405982 3.25864387909103 1 15
110.52872138028 3.07667098152579 2 15
109.515121102154 3.79983921819137 0 16
109.531243337852 3.37536563551265 2 16
110.152388550461 3.02020484827907 0 17
109.636891379598 3.30719871582682 0 19
67.2597595656475 3.29986133422218 0 20
67.9440218045975 3.49903877429143 0 20
67.626575051872 3.27931098111468 0 20
67.2642919271499 3.49830221082454 0 21
67.2564123452609 2.99593061419778 0 21
0.00221082010083328 3.02416015804976 0 22
67.2783954830218 3.57346532963604 0 22
67.3470973176737 4.20680359553873 0 22
80.8593614801779 3.0231913358268 0 23
99.461407782891 3.85410797630866 0 23
104.367807499203 3.51804960911619 0 23
109.644034362186 3.27157551464474 0 23
69.8414134393459 3.20165169795495 0 25
111.121568683174 3.23509555601468 0 26
74.2637347957416 3.42590069786842 0 27
109.538146346166 3.19350763571353 0 29
104.939808359421 3.12294159304578 0 33
109.568266418171 3.41788236652902 0 33
66.5746337858211 3.53872485099389 0 35
65.523090867674 3.45508623949691 0 36
67.2730547954739 4.06914362660328 0 36
99.7078904848847 3.07010337231162 0 36
64.2900143066412 4.59148736270751 0 37
0.393537488191277 3.45296676948956 0 38
6.22716174346964 3.20713628359508 0 38
2.17849639037056 3.52386719725628 0 39
70.7849542928607 3.02901400302986 0 40
67.2540090598969 3.33867813143573 0 40
10.0305010097434 3.11648574537861 0 41
67.2650474535411 3.24401920225277 0 42
70.0506777362157 3.17310019577921 0 42
65.0575853925832 3.21591077382563 0 43
68.5201263984385 3.13349571761378 0 43
110.987169725335 3.36976451988491 1 44
67.6542135125474 3.04518206194672 0 46
97.6596162062767 3.68146726524112 0 46
76.0861546246481 3.70559851524399 0 49
95.3071512471668 3.1268188071054 0 50
110.980725911892 3.14840231403519 1 50
5.57639799379145 3.03868695259141 0 51
64.1532855836341 3.55140125996227 0 51
67.869972260576 3.24120439479246 0 51
15.3971480342805 3.03233411856194 0 52
67.2893921815351 3.85748637335983 0 52
73.0714221919328 3.51304769152377 0 52
67.451542427564 3.57240796017697 0 53
67.3259820445201 3.31099820399227 0 54
0.0421835679202107 3.71952543534748 0 55
75.2670797110146 3.00575455610524 0 56
110.718052883846 3.17108279487423 1 57
67.3892919189876 3.10663276168552 0 58
91.3413074610965 5.42703278967493 0 58
102.334162634227 3.13955750181847 0 58
91.9747923631387 3.10146364462024 2 58
64.0473574488714 3.68108243047818 0 59
68.2548189745066 3.41489261621464 0 59
109.563525221733 3.26442308060492 0 59
69.4089835023323 2.99339582438447 0 60
109.877252717544 3.081164034463 0 60
67.5236131345189 3.15214075330214 0 61
109.649601149047 3.02489362554359 0 61
110.504651360427 3.3465945266775 1 61
110.684104420562 3.01662172697283 2 61
77.9611153119373 3.17345395046423 0 63
109.627845952768 3.68818427975722 0 63
67.3512555049665 3.09162751509274 0 65
94.8669520871778 3.00019914250742 0 65
67.5852051153427 3.07885145819997 0 66
88.7953099445439 3.0359648104841 0 67
64.007333271521 3.27918460355853 0 68
63.7004454241667 3.43512292295468 0 68
64.3146641893384 3.40268416591291 0 68
109.847553116166 3.17919646165265 0 68
67.5889384666367 3.38459265454758 0 69
63.7483484826165 3.1925311255492 0 70
67.2918689132251 3.11873308575706 0 71
67.0649709055134 3.26865857118028 0 72
68.5702998843048 3.04722288426162 0 72
68.9484559614828 3.15027255563667 0 73
110.681340692778 3.14721966702298 1 73
109.522111540139 3.05075956177466 0 74
111.036311382408 3.79216149465433 1 74
67.4881022101295 3.54485450741689 0 75
68.0059909218694 3.2407958377247 0 76
65.0622284026425 4.31296555186701 0 77
72.3506482583568 3.36786722985465 0 78
109.549199339514 3.28393186393275 0 78
109.515728558197 2.99702192955051 0 79
63.8381537939807 3.19840792225867 0 80
110.972882373472 3.91044757410254 1 81
63.6980375337971 3.21987180822288 0 83
67.4278785579918 3.10203498401717 0 83
67.3497105585563 3.60882126978556 0 83
109.745281342924 3.54822365605728 0 83
110.726101511139 4.1143339225459 1 83
96.7397510459132 3.15403158892614 0 84
75.1276947103499 3.29752602777925 0 85
83.1305536550054 2.99873771378656 0 85
110.245321691113 3.88347251996884 0 86
111.106077730403 3.23527388272582 1 86
110.267962259993 3.10977366494492 2 86
63.7564476465574 3.05391739282325 0 87
67.4155532121961 3.05822869223278 0 87
96.304977021793 4.18849089342544 0 87
0.0144565406133817 3.06947346093339 0 88
110.291883976465 3.3487437811973 0 88
109.528146103197 3.21527049349833 0 89
67.9841511628041 3.02757554938858 0 91
6.54848378984705 3.07073229462364 0 92
63.890121480686 3.81077374177947 0 92
106.152744252725 3.29819838072403 0 92
110.523672114268 3.29000443056173 0 92
79.6199677579213 3.0308645560024 0 94
110.129008868706 3.06488495188894 0 94
111.109978077124 3.13934267388742 0 95
109.68903436674 3.06202228505234 0 95
109.870280706761 3.69087928629079 0 95
108.326844470754 3.43601727107186 0 97
70.1021986028449 3.13022622713474 0 99
104.49287870302 3.50162876009764 0 99
63.7987635496158 3.03633693998031 0 100
64.4634711480143 3.13907383684431 0 100
110.322136473823 2.99050822678491 1 100
69.185277369448 3.08714374583809 0 101
96.7503494006542 3.74510128457588 0 101
109.51305374131 3.288108743068 0 101
64.7615468221415 3.2014975632445 0 104
110.266324939885 3.40583923178656 1 104
110.580207824438 3.06940410973036 2 104
109.606678488654 3.09725124168126 0 105
109.513984641355 3.03563477756791 0 105
66.0266458076822 3.27809795640237 0 107
63.8373175525979 3.25760692322639 0 108
98.2769996016138 3.96647296169894 0 108
109.534958251103 3.25447069555651 0 108
67.3562071733033 3.45855509926932 0 109
67.4804783560656 3.38800385697639 0 109
109.605255859547 3.25002346311624 0 109
110.735928261472 3.2899731695436 0 110
110.840475460582 3.08537778814581 2 110
68.990343436222 3.52514632279274 0 113
97.6378056517966 3.06565516630159 0 114
106.990010767325 3.35580206139177 0 114
3.21658310209338 4.0172162090574 0 115
101.183174408807 3.67962747912837 0 115
68.2617985967371 3.03582651268354 0 116
101.997569846508 3.05380650009164 0 118
108.364298515916 3.98710188593918 0 118
89.515156273207 3.23585566257108 0 119
110.32460754712 3.01257722529269 1 120
109.515132439691 3.80491724173491 0 121
63.98071694458 3.35431961036871 0 122
67.9508929627874 3.17461042015932 0 123
91.8746050494527 2.99313785157824 0 124
110.263451754329 3.16641236849842 1 124
71.0072058263504 3.20339143349167 0 125
67.2713560926084 3.0981520588116 0 126
109.519014017107 3.31986047669112 0 126
110.671444216724 3.09307521408695 1 126
63.7802832189303 3.44586124153642 0 127
65.5227151000211 3.45127221934242 0 127
106.409778843581 3.20712740679593 0 127
111.193411676427 3.65034952831535 1 128
110.363256857478 3.07802698948536 1 128
110.40644068417 3.06065382921377 2 128
110.38813952739 3.70181155947397 2 128
110.43420676955 3.41914830429533 1 130
68.4601348779897 3.49646964671446 0 131
67.3504321971953 3.3920261921854 0 132
67.4859510265589 6.11225209227083 0 133
109.514394000941 3.00745213448012 0 134
68.3460136969805 3.7551028113012 0 135
63.747830360429 3.71227999777424 0 137
66.7953022524026 3.47954057474391 0 137
67.3370182854352 3.04017861809911 0 137
111.121724802749 3.29114201525388 1 137
63.9931868174445 3.12024851533465 0 139
70.705513118621 4.22137895313982 0 140
67.5527773938429 3.95004060195448 0 141
67.3692165525625 3.02411068701193 0 141
110.571030383445 3.14447726112219 1 141
67.3693312266123 3.24624383862811 0 142
67.8606628869683 3.45222634653105 0 143
69.482415910647 3.87876761162132 0 144
67.3940394706888 2.99533177171652 0 145
85.1844377164152 4.35656160509545 0 146
71.1330358843021 3.26894692415411 0 146
73.5974136606665 3.09796826543487 0 146
67.3235570575069 3.82255473106439 0 149
67.8960781744858 3.09312246611865 0 150
68.0010599068336 3.73178187253534 0 151
96.458314137416 3.13467770325901 0 152
66.4789361977781 3.00735819081489 0 153
107.560862704881 3.64257199501825 0 153
107.826632636141 3.22992508881766 0 154
110.838532381439 3.00986853552824 1 154
67.5813150101178 3.05054519900273 0 155
109.533906432676 3.22264712826481 0 155
67.2845377118367 3.18004470667314 0 156
70.4150540907422 4.12977994507157 0 156
63.6776945832716 3.8312557627321 0 157
72.9468619313552 3.00672699267498 0 160
109.571229588668 3.24637016432008 0 160
2.1468379978331 3.41413251044636 0 164
67.9398719208472 3.06604859530485 0 165
79.059948313353 3.03520099842496 0 165
108.424200807037 3.59068335079333 0 165
63.7401485652736 3.10751960371249 0 166
77.5815054536779 3.73854765041772 0 166
109.519768575122 3.09002239425515 0 166
0.186518935318754 3.08432958358918 0 167
67.2547920772766 3.30460486876446 0 167
67.2983610184385 3.47718398937449 0 167
107.413951627955 3.04998020762833 0 167
109.538942984802 3.36246724813884 0 167
109.619847944138 3.33818286178658 0 167
109.745905388449 3.58944851940336 0 167
0.0603329790466723 3.093330700847 0 171
102.098675574185 3.33662852618318 0 171
73.9156816721805 3.05829871730211 0 172
67.3691137355441 3.13040030292147 0 172
67.2824183622916 3.15697917673725 0 172
68.7920787158575 3.01726343893225 0 174
0.830836318109948 3.64635590775159 0 178
67.5362164175457 3.18472299986352 0 178
107.18653888058 3.03988567509301 0 178
109.527526253424 3.16195450596869 0 181
67.3833547915246 3.23752875391698 0 182
67.7274268182588 3.38048597308379 0 182
0.320404511238257 2.99428682337794 0 184
82.3094976443988 4.31202117192855 0 184
70.1403997563688 3.24224081529709 0 185
70.812102422047 3.16356529692243 0 186
76.9244430873135 3.91772167104977 0 186
111.0380990824 3.12337311348877 1 186
109.545721517113 3.11556097430832 0 187
110.417228261206 3.02171386883798 0 188
109.797078753287 3.46016474293294 0 188
110.844304869573 3.18258270315849 2 188
78.8897152228979 3.29590468927842 0 189
109.533913143015 3.64415926304677 0 189
68.1087923421475 3.02179381880496 0 190
109.57940732742 3.77341512000305 0 191
2.84653585486429 3.13908930019812 0 192
68.4304226616152 3.59879029649543 0 192
80.8865628948094 3.13943098925296 0 192
107.257450388466 3.13485091172651 0 193
109.843570271968 3.06229468341879 0 193
111.164777080043 3.96400315139314 1 193
111.231299354587 3.30488159222253 2 193
91.527284342852 3.15418789618016 0 194
65.8217497375481 3.11992481225028 0 195
67.3357068414639 3.31712460659879 0 195
93.6303474552519 3.03307517031614 0 195
109.554101971483 3.9502173453876 0 195
69.2890339665177 4.28026641952275 0 196
67.2796583171029 3.74707960495165 0 198
67.376346174575 4.4151518552413 0 198
106.023834088232 3.38134589353208 0 198
110.716469452253 4.15478420499352 0 198
110.86572597437 3.95574977621769 2 198
111.042414335694 3.04222614392164 2 198
111.05615352908 3.46838606556226 3 198
111.233043313064 3.24044701215857 3 198
67.2574552963675 3.32681040358506 0 200
109.689362685685 2.99555335567431 0 201
109.723366968839 3.25242762540241 0 201
70.0802524003563 3.33995466513722 0 202
109.98681236333 4.12358997185878 0 202
109.889759958044 3.31845010903025 0 202
109.565689968452 4.3865329578616 0 203
67.3352716206282 3.09378646519445 0 205
80.880806793217 3.42259746973415 0 205
83.9564928094799 3.41342691246629 0 206
110.335898168599 3.45197677278695 1 207
67.3097030502883 3.47750981213549 0 208
101.797376477963 3.1759394413479 0 208
0.0402619434331994 3.2743359807418 0 209
67.2935116707393 3.04834474161009 0 210
109.706148912495 3.08841506694854 0 210
18.753783018332 3.05661364345849 0 211
67.3191801848674 3.31299565315507 0 211
68.9174859995484 3.06385524924779 0 212
67.3111022571766 3.18510044075395 0 212
89.499529205601 3.22309832051408 0 213
68.8622769390106 3.12119639600397 0 214
110.013313213951 3.68569830278386 0 214
99.6975652993715 3.09785092116589 0 216
109.562935161253 3.73303518391995 0 216
109.616060669605 3.21007652835433 0 218
67.2751753582016 4.18772380006648 0 219
67.2667016604699 3.27786226963216 0 221
109.696385109888 3.14135247528285 0 221
67.6102742633354 3.44223342466546 0 222
109.695747236779 3.6003460114501 0 222
67.2761820254815 3.31880809428261 0 223
100.35599495013 3.78795709171086 0 223
109.532300017073 3.71443981472995 0 223
67.2675528567013 4.07979739336291 0 224
105.67052280311 3.23313563167879 0 224
67.2837159499933 3.00731560462366 0 225
97.2749558782816 3.75541153390103 0 225
108.359767081254 3.01082788755639 0 225
106.344960559325 3.1419318107929 0 226
67.3024532191979 3.79085277957114 0 227
97.7055396750839 3.10333036563756 0 227
109.609570811053 3.86497829246346 0 228
64.395437019529 3.10172674939916 0 229
67.2958119175544 3.17329402932289 0 229
67.6251697047845 3.1201415597533 0 230
102.833910238569 3.41792737358738 0 230
109.629451397113 3.09754514462174 0 230
0.138707459150216 3.43174605192525 0 232
63.8074204482239 3.46864768366351 0 232
67.3018711201551 3.02293378659105 0 233
88.5541964035882 3.37031327003131 0 236
0.133803073309007 3.14677759742686 0 237
67.2935567414445 3.71624779309256 0 237
110.259446237189 3.10702261190165 0 237
109.516613529964 3.26238184467621 0 237
109.518107575459 2.99713904976802 0 238
67.2561572808532 3.24988876798964 0 239
107.5432870186 3.0353130907363 0 239
67.2574305264136 3.52970029597313 0 241
67.2956513321667 3.03027175028812 0 242
90.2928324741435 3.32480806945607 0 244
72.5754125804996 3.22879116601131 0 244
111.215504968287 3.17404748854994 1 244
111.228240167004 4.0568005939972 1 244
90.8545621118357 3.56664139239446 0 245
96.5599285034728 3.92717096682646 0 245
109.536707000804 3.10681969419954 0 245
67.4959506579567 3.01171701017761 0 246
99.5014954727499 3.07512459706508 0 247
68.1715523256986 3.12486763214513 0 248
63.7643223483471 3.03884335633896 0 249
67.4302466676424 3.24102972168952 0 249
67.2538042596124 3.10346694428122 0 249
70.0353434676026 3.58040963363996 0 249
110.303739897655 3.24148060037268 1 249
90.5620203694254 3.25127054008766 0 250
108.357441039871 3.09932759074327 0 250
67.2630961822988 3.10711313575674 0 251
75.6957959741652 3.0490489088501 0 251
2.13863794250754 3.15037122065321 0 252
67.611222625057 3.08309015501208 0 252
78.7719667983924 3.37975651105622 0 253
104.285497001599 3.13349812707397 0 253
109.571080083091 3.05357461897457 0 253
67.5004725052761 3.02974292108839 0 254
110.582511567096 3.10937137934411 0 254
67.4606497721495 3.21536574912718 0 255
71.004258731167 3.22323039460637 0 255
111.018092582681 3.69256578966262 1 255
111.050748193007 3.01281052301897 2 255
67.332098912025 3.16507624753682 0 256
80.1967882834507 3.02496224996706 0 258
109.532557346965 3.16426178803674 0 258
109.318485911739 3.07491798335433 0 260
67.5889189568253 3.28307354113042 0 261
67.9482533244388 3.19715773795311 0 262
106.367682857176 3.04563110611881 0 262
0.252120545592927 3.52650423806069 0 263
109.615868003452 3.43939043656782 0 263
72.1652797950975 4.04276433501165 0 264
67.2659775973122 3.22461759323823 0 265
75.2826908955368 3.44584902912873 0 266
109.524112840048 3.64154734760817 0 267
68.6660785477116 3.76009991644362 0 268
73.979056304201 3.03622025810269 0 269
67.2543255634012 3.09245565334645 0 269
95.7937416054906 4.25315859978105 0 269
107.091982515134 3.19894021664104 0 269
71.4680361971481 3.01570424688637 0 270
67.4075348505911 3.51627688139691 0 270
64.3660612260715 3.24675583964653 0 271
84.0983898003431 3.12390059076853 0 273
110.72384871005 3.07647719978868 1 273
95.5007650903272 3.15899560573876 0 274
82.3585877366685 3.08045778124578 0 275
67.3572185660694 3.9187539289237 0 277
106.266761408855 3.07331218774402 0 277
67.3417501383419 3.35326261820151 0 278
71.4907200990815 3.44660117458115 0 278
0.299090194881317 3.28682468492277 0 279
67.3564822400511 3.36149922349768 0 280
106.46466816729 2.9973166344346 0 280
2.2086345091604 3.24860957934159 0 281
67.3031481671191 3.51759926348427 0 281
70.1638249983486 3.59174036200696 0 281
109.832022696082 3.11371183797846 0 282
84.1511968040322 3.05635212553321 0 283
110.168121645408 3.09419298004098 0 283
99.2766458041581 3.40372338218022 0 284
99.5416578670715 3.51200558659984 0 284
110.553612149301 3.07571678183723 1 284
110.658878832861 4.19324522587539 2 284
110.688256017022 4.22478530756386 3 284
110.659346279985 3.10597850417294 3 284
110.723098632302 3.00726053381543 3 284
110.74598520704 3.14152785947503 4 284
110.822169364241 3.61631133051765 4 284
110.750763746521 3.1190219168056 5 284
111.129226065221 3.02686775951882 1 286
67.5251815711317 3.00102637482814 0 287
110.349447193536 3.23965270231495 1 288
109.666512570151 3.0478250619773 0 289
63.74928430179 3.31686738028778 0 290
68.1830636592301 2.99774662072523 0 290
82.8901081162051 3.13292444514579 0 290
68.2178417077932 4.2358419732043 0 292
82.8032129495201 3.18421809414132 0 292
109.537964866927 3.0347936764986 0 292
109.530890647827 3.40693425282423 0 294
97.8862142247638 3.81826987933195 0 295
67.6480052738789 3.40679658215249 0 296
67.4190207001233 3.02417629897904 0 296
67.5990118608311 5.69925337646156 0 296
89.1702809299826 3.10011736062325 0 296
89.0977961732943 3.00703516507175 0 297
0.0339957650919554 3.07033380432253 0 298
90.7842337642712 3.02271979695703 0 298
68.4005568452883 3.13760308937746 0 298
71.5251397905392 3.48710266600512 0 298
64.1677607357128 3.15884851778291 0 299
69.7749062812159 3.00215534483843 0 299
109.769943608645 3.17412806337693 0 301
108.328623340141 3.09433427928164 0 303
0.0942420658890681 3.38726475256362 0 304
63.8642005806193 3.07478874427845 0 304
0.0724630462709268 3.03300235600369 0 305
109.800929703479 3.56757979367237 0 305
109.83392003874 3.37071824384737 2 305
67.3518854393431 2.99929973120682 0 306
67.254660746172 3.03704824033075 0 306
67.2672306940001 3.13484746462001 0 307
97.6921169491463 3.00866098469094 0 309
110.842340383552 3.28650876600354 0 310
109.766729677099 3.28193404605696 0 310
67.2905591740066 3.20541840104124 0 311
67.29741311979 3.1421956016938 0 311
109.846767086877 3.09712016665307 0 312
108.329001986973 3.24223723961626 0 313
79.5383418446613 2.99128950661531 0 314
109.875668496633 3.35044125090014 0 314
63.7741415359325 3.11227848061966 0 315
67.5047012469172 3.44927736029864 0 315
104.534885857454 3.05625074188333 0 315
8.4339040378563 3.13213378864627 0 316
103.900920555925 3.2693110801452 0 318
70.1685549933151 3.42449365552315 0 319
67.3248214476547 3.3045993530305 0 319
67.2539926983224 3.11000422955305 0 319
70.7637779751265 3.00913243635632 0 320
67.3744274051439 3.21599103887354 0 321
64.3400809038857 3.36790279949535 0 322
111.098830049838 3.03276315504826 1 322
75.9080588779488 3.29261716015944 0 323
86.9374457429125 3.09751322616868 0 323
109.824689028328 3.29312167775758 0 323
69.0482460154845 3.39323729024775 0 324
67.2567013010771 3.19103022211115 0 324
67.6234600800293 2.99244959195669 0 324
70.8328836104833 3.03852035370372 0 327
67.2886283116309 3.20644188780226 0 328
109.674729853916 3.2864122355088 0 328
109.780776650683 3.08629759725934 0 328
67.3707676641456 3.32053452749653 0 329
73.9497318014711 3.1702161881177 0 329
109.620659924447 3.26712041674668 0 329
110.899065715009 3.4322968982119 1 329
109.701494544295 3.0015040905291 2 329
97.1703985193091 3.43779160113083 0 330
109.517277554887 3.49524374330922 0 331
68.1727183046947 3.27171036281552 0 332
100.779458928823 3.32250431921927 0 332
63.7894852336951 4.4658835488246 0 333
111.058647642126 3.06839995666817 1 333
111.104550806671 3.24643045384326 2 333
106.596117240017 3.26257576337002 0 334
10.1168343044415 3.19681913184394 0 335
71.3270330581046 3.17163166251326 0 335
110.873491449262 4.11191640840257 1 335
29.6874984625724 3.21607189481251 0 336
110.009060423459 3.84884179370772 0 336
67.3349284597622 3.20484680713012 0 337
101.092979400823 4.58775045148805 0 337
109.521042098137 3.66426720659472 0 339
0.681440256446465 3.0295771506751 0 340
109.621488144874 3.01637913039742 0 340
109.657051104342 3.23772857733083 0 340
67.3756637816164 3.09390293713066 0 341
109.568593909669 3.17642594901852 0 341
110.518535214224 3.30465323368647 1 342
110.541651572891 3.72270556691399 2 342
111.137758521326 3.1575797443087 3 342
111.135566360979 3.22666022147959 3 342
4.83698479737253 3.69131100461512 0 343
68.9684712838939 3.40280315561837 0 343
85.7852169426852 3.19105983168961 0 343
0.0241124463943718 3.17329672205295 0 344
16.2939327952718 3.19830246664227 0 344
67.3550756122533 3.15618214257565 0 344
67.39201816523 3.19407427891562 0 347
67.3485699022055 3.65835312975255 0 349
108.656901915214 3.90041035130344 0 349
109.536107722176 3.7079911119911 0 349
108.896624571447 3.06618986044935 0 350
108.365564476407 3.56605217773408 0 351
109.516018806929 2.99319972632258 0 351
67.8884588154626 4.20393594656173 0 353
67.4124783262996 3.21237285389089 0 353
110.387712245555 3.2700128477713 1 354
67.5893898881105 3.28557535966718 0 355
77.1156982338075 3.03231696275936 0 355
109.51527958231 3.57373132337675 0 356
109.655857622464 3.23908466432211 0 357
67.6002046817878 3.38658042769636 0 358
67.5753983944954 3.28866457514229 0 359
107.699354971206 3.26490060765114 0 359
67.4116924846342 3.1100388891907 0 360
109.542715689159 3.14892783099656 0 361
109.532818510223 3.19568693398376 0 363
109.513621397189 3.43998242242554 0 363
110.043099968631 3.02676161780053 0 363
82.7203005045107 3.04637227654688 0 365
101.077807376737 3.20406721784809 0 366
69.523667805329 3.0494223830566 0 366
67.8116573558746 3.37175033171172 0 366
75.7426844863774 3.19020999147977 0 367
110.57777927247 3.28899788107526 0 367
67.4010462185355 4.39154621528694 0 370
67.4387431067045 3.058306575941 0 370
109.575190385204 3.1942984361202 0 371
67.2685802239789 3.05806475215658 0 373
67.280890411903 3.47558228039161 0 374
109.656941622949 3.0166904220023 0 374
69.1697412290201 3.5518710360562 0 375
73.2712219207794 3.85089076617584 0 375
109.577292188252 3.55875330589065 0 375
67.8555306040238 3.18325838390176 0 376
109.59510257458 3.33752819360843 0 376
78.8948560234749 3.04074584773637 0 377
73.6822935935054 3.32275110738533 0 380
97.444603194214 3.80411578250409 0 380
110.514412840809 3.73847618400465 1 380
64.4240786722874 3.02033710046778 0 383
63.7468854852783 3.06007030879494 0 385
63.754375835234 3.10879542640957 0 385
63.9757016234535 3.03786495194621 0 386
68.2827388321305 3.61103175031222 0 386
78.3736173343381 3.0806473465793 0 386
109.543209788509 3.9383884512631 0 386
87.9544914792641 3.18580092306508 0 387
67.5185689514161 4.40195561654441 0 388
67.2627635171975 3.50775842735885 0 390
71.286560735209 3.55600591271835 0 390
67.4136774048251 3.28599542646548 0 390
89.1584857460235 3.02424894694558 0 391
82.0690301976206 3.02472506951861 0 392
76.4066792920068 3.22432377006978 0 393
0.566558260179501 3.08882448413788 0 394
104.001740658941 3.3411736175022 0 394
63.8404491000598 2.99729793044318 0 396
67.7310456124204 3.34307100544612 0 396
25.1179852117609 3.36460128124715 0 397
63.9029371002201 3.97178869925831 0 397
67.7100258591675 3.04591619418106 0 397
66.2181909046132 3.01479452812189 0 398
109.559954094786 3.36924684142514 0 399
67.7982391970079 3.10166427360191 0 400
70.4296842661213 3.12659220441234 0 401
63.7633165012372 3.04016033975205 0 401
67.798983977682 3.70981972049572 0 402
67.647310483387 3.28609825676095 0 404
110.720282383011 3.30804727087003 1 404
67.3209070728058 3.1206798271894 0 405
106.389828605965 3.59080031382529 0 406
109.836641655497 3.07056458367987 0 407
2.15774461852622 3.10393163108296 0 408
109.850247406225 3.75030528777914 0 408
110.170606018979 2.99177354462888 0 408
15.2710281043987 3.16591158342042 0 409
68.584206217476 3.54360603378869 0 409
110.040269223306 3.07198243263024 0 409
68.0777730186278 3.26207222940042 0 411
67.5726939322112 3.12563894100955 0 412
87.474890808619 3.11331089204788 0 412
109.859343730419 3.15289469454241 0 412
67.2799297642101 3.89524024291322 0 413
109.560909152342 3.11338397112996 0 413
70.6256387113174 3.79847185544123 0 415
67.6923040154292 2.99374809452804 0 415
111.187685937374 3.27912834070898 0 415
111.048931829612 3.50088172261369 1 415
72.5229102098751 3.08317246525153 0 416
110.304818774089 3.25035301443585 1 417
67.9576648995295 3.01525712372547 0 418
104.397302676859 3.24563998699822 0 418
110.575924296943 3.85692035592664 0 419
111.15534790161 3.01236905923354 1 419
110.760361833833 3.3495588631337 2 419
110.582499597861 3.44927234202898 2 419
67.2778030243696 3.19632443297815 0 421
69.7801320319205 3.25622267850087 0 421
109.545709689679 3.35522233157613 0 421
110.976953992601 3.05142293546355 1 423
64.1007074102531 3.3055953432245 0 425
103.07927446924 3.07318807357287 0 425
68.6682113152288 4.87332222577468 0 426
109.552848579985 3.11796671321096 0 426
64.6616965349496 3.6004978751456 0 428
67.3947256902045 3.05826736210047 0 428
67.2807292572477 3.0129257952733 0 428
70.1352677858505 3.13289702310754 0 428
106.852438446278 3.53675390407541 0 428
67.3257459606141 3.17411252867547 0 430
45.9765246656282 3.03611062021021 0 433
68.1270895331996 3.23282303016168 0 433
68.710155092626 3.07967908865707 0 434
104.177755245598 3.19566510781304 0 435
88.9153531029996 3.15579453396004 0 435
109.793194595019 3.47420983387918 0 437
1.42724150674167 3.26566222580786 0 438
6.75019966658977 3.06218831755178 0 438
109.515887561461 3.51698807660785 0 438
109.698528752462 3.07781490312304 2 438
110.673089100289 3.06433942758503 0 439
110.691518241299 3.49237098908042 2 439
24.8096592960947 3.0609875571734 0 440
67.2714553145086 3.61828718966895 0 440
67.252634364288 4.22529635912966 0 440
109.733673230549 3.08218401094496 0 441
67.2991370691829 4.59128466277966 0 442
98.6774351705536 3.39752169341033 0 442
111.109300791267 3.12279146895057 1 442
68.2764213560081 3.41198290749295 0 443
65.0351633438109 3.0025385136182 0 445
67.3320906371469 3.18882554437535 0 446
109.537731918441 3.08722695340858 0 446
68.6337920191757 3.27247582385066 0 447
70.1361894028667 3.3472187149908 0 448
110.454326871763 4.06367172127249 1 450
110.683382493966 3.00626318015303 2 450
110.480178717402 3.16645915554653 2 450
63.7579251856951 3.08373992311959 0 451
87.4838431963848 3.26989340665182 0 451
78.8543712653206 3.08283493920341 0 451
68.6225486878491 3.09534975768531 0 451
87.5238290511219 3.02945920035212 0 452
69.0880680342455 3.06794559891597 0 452
67.371918675379 3.12970026475639 0 453
71.9377091062016 3.1579209845247 0 454
63.8495931658075 2.99854584737793 0 455
106.115754167556 3.4573649065654 0 455
69.0645756851023 3.32435749858273 0 455
67.2622996264513 3.22828235077871 0 457
67.464033532157 3.42890467041128 0 457
81.4152006833936 3.1156244884121 0 457
0.0404600360334421 3.09916963279847 0 458
68.3600849092687 3.20135887249828 0 458
71.0664288426374 4.0786616308468 0 459
109.515403031117 3.00614474268823 0 459
73.9342456042849 3.02594690717742 0 460
68.7469694605904 3.25940403692904 0 460
110.396441546638 3.31731190978733 0 460
109.564222937061 3.12987889322173 0 460
65.6300636870762 3.11027697887994 0 463
109.875618263763 3.39191804005192 0 464
67.396707669301 3.70984292862956 0 465
67.6180848682094 3.33794684405738 0 467
109.525365693519 3.19401446322568 0 467
67.3969337583027 3.04978338717807 0 468
73.2183218911893 3.11956929477837 0 468
104.971758607764 3.01242225641831 0 468
0.912437215082296 3.35268473645667 0 470
67.4101818895608 3.45312965905677 0 470
77.804317688245 3.02489307026324 0 471
67.7766265689388 3.04387369586854 0 471
67.5229772312848 2.99705889581413 0 472
109.577265804778 3.09461510682024 0 472
67.365678556584 3.10676627770633 0 474
111.014869688059 3.02251201411428 1 475
85.7094504718342 3.01906992338293 0 476
67.6219420941139 3.23758406202428 0 477
67.2981830005389 3.01912007289851 0 478
69.8434083532514 3.45408362368739 0 479
100.414382494886 3.2330556891279 0 479
106.354552244126 3.45447613860674 0 479
69.3826478492776 3.10082959743407 0 480
63.8556436637235 3.01724339554394 0 481
109.610080177545 4.29789531847008 0 481
109.581886684493 3.49776763362028 0 481
67.3120563123696 3.26938901207945 0 483
110.528965619839 3.27501789215393 1 483
67.3181011812476 3.34519310062291 0 484
109.538166825281 3.11426260465834 0 484
68.8121002118199 3.11491861988658 0 485
97.1701304460644 3.04167862258383 0 485
109.795022948454 3.35899683776272 0 485
63.750046463303 3.11131024981257 0 486
68.0396503992413 3.20749702065517 0 486
111.028951661507 3.12222653573366 0 486
109.619827296267 3.16310249548921 0 486
109.52799973637 3.09693094116792 0 487
70.9674275037411 3.17928952898388 0 488
68.3313502705825 3.61743426318086 0 488
110.771915419857 3.19770577805027 0 490
66.703018392851 3.57515020067294 0 491
109.615992071017 3.24214340703053 0 491
110.320104431109 3.36843737999832 1 491
110.346454166482 3.43913749990183 2 491
110.907941518798 3.50978387958536 1 492
67.3954783172131 3.03498536648828 0 493
108.349016202564 3.23176731319191 0 493
109.519485566357 3.42530097283548 0 493
63.8023288244771 3.38406481098624 0 494
111.222174278441 3.0982704958039 1 495
63.9393289236149 4.614261767712 0 497
67.3328151233239 3.41059398593644 0 497
2.25939062896646 3.30093676225247 0 498
81.1418067670437 3.13426165571312 0 498
63.6907936208706 3.3448876302719 0 500
67.2711268116738 3.43374234528639 0 500
67.5131528266422 3.50218845389569 0 503
106.487099389104 3.3009978229784 0 503
67.2782898376351 3.10245201862978 0 505
67.6976700124907 3.17146643710573 0 505
109.97434105918 3.17948038003949 0 505
67.2773539788383 3.00911124665826 0 506
110.827607412338 3.65876438973604 1 506
67.9167250589943 3.26341388800508 0 507
68.879700869026 3.08724062564852 0 509
109.700331599236 3.34856032489919 0 509
109.847324965315 3.52490396012141 0 509
110.373330560032 4.1641301535436 0 509
67.4792614571353 3.00350229967316 0 510
109.683830456029 3.175426390836 0 510
67.697048047855 2.99335053489475 0 511
67.2887255879051 4.05413973558427 0 512
67.2787332089428 3.10812607500587 0 512
109.529977666897 3.52387059527043 0 512
69.5109534251652 3.45412545918986 0 513
65.9214599787193 3.33455655542794 0 514
68.0288963597948 3.37441234350261 0 514
74.7171816279976 3.47456856805467 0 514
111.141909853349 4.15024020968633 0 515
111.182298372782 3.25812770031025 2 515
111.250126717581 3.18297557695814 2 515
71.9901890857582 3.36388152522688 0 516
110.351552077848 3.0318301165603 0 516
110.51428855962 3.14699585303093 2 516
63.9063516573961 3.11213553355428 0 517
110.56823289276 3.15493649634431 1 517
75.3144580286572 3.45315956767582 0 519
109.515382897849 3.74122618629411 0 522
81.1289058884855 3.2794160414047 0 523
67.4233417516857 3.50424497820864 0 523
63.659108654513 3.95946998327337 0 524
68.2426763071135 3.1088502750305 0 524
106.085092399923 3.7454565110575 0 525
109.522571193295 3.83798201458616 0 526
63.1580332069704 3.07292426236218 0 527
79.2256013504078 3.15618609593238 0 527
80.7103726424906 3.03909141394653 0 527
67.4289979442046 3.28153063795844 0 529
67.515268007537 3.18911787054994 0 529
110.970274229282 3.34925240076163 1 529
67.261978885955 3.02098444403468 0 530
67.9569321683715 3.09849485776138 0 530
67.3427370230878 3.08217423362321 0 530
67.5974433723437 3.25862068027534 0 531
67.3065584687167 4.16114564524579 0 532
0.0164752849362047 3.48555003870062 0 533
110.750118538252 3.13264541371995 1 533
77.4561268244169 3.40168196044469 0 535
109.746416478646 3.15448434597636 0 536
107.328832439869 3.29965351498171 0 537
109.520860447214 3.70318470105073 0 538
111.212455045878 3.19309473427961 1 538
109.523379330789 3.07214082175528 0 541
66.5912232696513 3.25740500459964 0 542
88.8025499414838 3.1951387487676 0 543
0.092279290103009 3.87148162577482 0 544
71.7127468929469 3.4868168045943 0 544
82.1465733931357 3.04208247307902 0 545
110.047498887727 3.06732968621573 0 545
70.1351011813862 3.34236845182081 0 547
109.61773441259 3.13449250808304 0 547
101.94523980488 3.00876566396611 0 548
111.227970210224 3.16216616723172 0 548
110.745452145561 3.09857315022092 1 548
63.9092464504639 3.07737576638935 0 549
82.9496045034448 3.01360238096534 0 549
67.2899840457832 3.620377738277 0 549
74.7412491549522 3.04644830135817 0 549
99.6896470247904 3.23973541257261 0 549
67.453233542213 3.31464463463018 0 550
69.6080313964967 3.19254372212103 0 551
71.6744303601604 2.99928474328581 0 551
63.7572161089239 3.4246204774133 0 553
69.0122521714324 3.2720047911979 0 553
6.06160183225193 3.15138530300601 0 554
67.6192557391932 3.24170848325772 0 554
109.519932960431 3.01739558034478 0 554
109.609763590686 3.10393256178354 0 554
63.7605987932204 3.21354977415581 0 555
111.249981906711 3.07829240053957 1 555
67.2715382818402 3.34721977232967 0 557
102.227788302222 3.89266841963131 0 557
109.774284436158 3.64615636834722 0 557
109.825425790768 3.31707051729124 2 557
83.918431199784 3.06156228795751 0 558
64.196149411139 3.05529295101003 0 559
105.755061126271 3.45514019044017 0 559
107.37304824253 3.03673582047609 0 559
67.9871953537776 3.29088681000523 0 560
64.043606485945 3.04079156168574 0 561
67.4139575619519 4.78862991722279 0 561
104.303193870285 3.05810884241699 0 561
110.957276323791 3.04749717004525 1 562
67.4044015197071 3.58095845688928 0 563
109.522553261167 3.16771817382762 0 563
70.4725140050433 3.60596212306941 0 564
70.80704412465 3.02171734504886 0 565
109.71519561631 3.35368990368558 0 565
110.414514387938 3.13926630857188 1 565
81.7971192199506 3.0779053230171 0 566
68.7013957728198 3.58537097929168 0 567
67.59329426519 3.21900058567819 0 567
67.6044869560914 3.67831485361997 0 567
109.514804519965 3.5852110399726 0 567
110.76724646192 2.99555687302832 1 569
8.83282660703977 3.09571635343284 0 570
67.7713736889402 3.26145975550135 0 570
103.447516392485 4.29704828884269 0 570
111.004783347105 3.71277622418811 0 570
68.9922439390818 3.02603073518213 0 572
110.889509215466 3.12002439706074 1 572
110.818708927351 3.11260770056866 1 572
106.881656981683 3.22439725068098 0 573
75.4066084937327 3.3518748827429 0 574
1.59787730221371 3.21513041351789 0 575
67.2607161507039 3.10177718891069 0 575
110.60088388876 3.37686408694698 1 575
63.7397231343603 3.25132905363536 0 577
67.3045770293488 3.20530964404327 0 577
105.728965649624 3.2457271707991 0 577
109.524589490539 3.50569122813356 0 581
111.157837890302 3.67041873259193 1 582
88.7526287175234 3.03079927821248 0 583
67.3572459844414 3.42673015688683 0 583
67.2887841922906 3.02683306556062 0 584
67.2773375183652 3.17097951604288 0 585
68.4980040749651 3.12915294192721 0 585
73.2687477051079 2.99769451719887 0 587
67.2914044760668 3.36786466527769 0 587
66.8752270167294 3.45287395966413 0 589
107.874166847291 3.39503705975884 0 589
109.525338286827 3.26807306329507 0 589
71.9170926224931 3.72443036716042 0 590
109.523388660624 3.19420072195125 0 590
109.812682747424 3.27341863171708 2 590
64.4269418719742 3.24066770309835 0 591
95.1884876865996 3.06980144237954 0 591
67.3613901819233 3.25452621402737 0 592
67.3082093956022 3.12979238002819 0 592
91.8826476990054 3.39144851403131 0 592
109.546595787998 2.99619127038541 0 594
109.680285477512 3.16022884187164 0 595
67.5141817258586 3.70345692297177 0 596
64.0130385701335 3.07692414041472 0 597
63.8108066396503 3.11507739458574 0 597
68.5759378061898 3.24658148485511 0 598
0.0195653418926838 3.03889014631079 0 599
79.446000843125 3.47566190148875 0 599
89.3054112883924 3.06257052107387 0 599
110.947991715492 3.28265555990134 1 599
67.2528124075696 3.08895283193673 0 600
73.3237830372685 3.17760592102398 0 601
67.4407736344318 3.27393052766047 0 601
67.2706882442646 3.54335321103657 0 602
67.8503774694905 3.3597459335734 0 602
69.3098401795851 2.99514206222676 0 603
104.502626652909 3.24151897753232 0 605
109.547807911149 3.05928031086364 0 605
109.533493725753 3.43265257519353 0 605
64.2340921873899 3.952387421633 0 606
74.4152635674708 3.11203821444834 0 606
67.2554455479382 3.45341753906456 0 607
20.2084995467331 3.17714964112665 0 608
64.2469918532634 3.26890818628802 0 608
79.4058782066706 3.04916791923777 0 608
73.422416967976 3.29765381575918 0 608
79.0733725450388 3.51639521912723 0 610
100.219985576869 4.36066747273298 0 611
109.904934161333 3.0110762399464 0 611
109.514218205224 3.12613950780313 0 612
109.845044340468 3.3660837248815 0 612
111.180205443622 3.53043545600945 1 612
63.7085873684189 3.00716458225859 0 613
67.3625689418732 3.09849024868803 0 614
109.96329876247 3.95153671446573 0 615
67.3055112054865 3.25155872123895 0 616
67.2556830841647 3.64174109389867 0 618
95.6533913200076 3.02354571829952 0 618
67.2549034689436 3.83028178094072 0 619
89.4022457103287 3.02113105471333 0 619
109.593996350631 3.09242532732022 0 619
111.091240083081 3.21288412692223 1 620
0.00255667367187966 3.20605164341352 0 621
56.4937333233622 3.13008422418956 0 621
64.2419862731616 3.3934313255644 0 621
67.3002805874416 3.16573565662252 0 621
97.5739656180999 3.02600864846372 0 621
19.1053481616907 3.38783017316083 0 622
89.3932047807727 3.05421861678978 0 622
100.209562755883 3.22341436144002 0 623
110.851539074424 3.38199567485372 1 623
109.902887484791 3.19146552958587 0 625
63.6537804701438 3.03889947361506 0 626
109.541449270449 2.99636787843232 0 627
88.0894119573231 3.10590669813899 0 628
67.489076822269 3.48201191864553 0 629
67.9049189622255 3.06413786038398 0 629
79.4082501843325 3.21440791795987 0 629
91.6745834192805 3.14605466423962 0 629
110.896939048059 3.32172961187382 1 631
67.7046876088056 3.29896935046208 0 632
67.5466030808759 3.03748203799222 0 633
68.7475836535648 3.16277546602886 0 633
69.9862896460482 3.31555988412527 0 633
0.0645453325584108 3.07457392770849 0 634
101.1066421758 3.50419227183503 0 634
110.64576511572 3.15863407082711 1 634
64.5965922705701 3.00187899532418 0 635
0.00996086745780114 3.28756905451957 0 636
67.3977610759541 3.01163901686354 0 636
109.556948331561 3.2267842100722 0 636
63.7436848640115 3.99743955128896 0 637
67.3273192768723 3.43638943284511 0 637
67.4692386730139 3.38660903795325 0 639
69.1449620340291 2.99983577885935 0 640
80.5560222169356 3.14072150512879 0 640
64.0786249315597 3.10807155494769 0 642
111.15891071896 3.00365560295027 1 642
110.071436388919 3.03557585626086 0 645
68.644857542292 3.18917244998876 0 647
101.12854394869 3.02705499798141 0 647
109.705199139157 3.15842734592915 0 647
109.604471164524 3.17644962038191 0 647
70.5500289565012 3.0060781328925 0 648
109.668083735311 3.0134117386764 0 648
109.610652285558 4.03811905330552 0 649
109.719201056272 3.0714657660235 2 649
67.9465609774005 3.24259958803116 0 650
109.536157494549 3.57743268685916 0 650
110.436271967932 3.50419991220029 0 650
109.768898777228 3.4974570959197 2 650
97.2252279971995 3.33874921793177 0 651
0.489832500671422 3.2952442389285 0 652
68.0528738413005 3.03603851277301 0 652
107.367256687201 3.09958139717989 0 652
111.028087465251 3.04730791086894 0 653
69.6034466496006 3.27460730136873 0 655
67.9921869239118 3.0699550996212 0 655
71.0011854382006 3.89398462242394 0 655
64.1483234113098 2.99548669237117 0 656
67.6381856840425 3.18245208514912 0 656
109.514161729227 3.43151332103544 0 657
71.0814845922482 3.32548001618741 0 660
110.598776615438 3.16875867830918 1 662
64.7039698020792 3.15897826038235 0 665
65.0982731452853 3.33616201574435 0 665
74.1204062784322 3.20986806430055 0 665
70.8320195865647 3.36998684639404 0 668
63.9252325142192 3.689371937933 0 669
107.570988901954 3.01544893726716 0 670
94.5611438103109 3.21793339492473 0 671
102.967209779091 3.02714936562738 0 671
67.304551144889 3.17292848316661 0 672
67.3333139687253 3.49937885206472 0 673
68.1651607967134 3.07130882436616 0 674
110.252634387931 3.27484926753149 0 674
102.867047642989 3.0439493458096 0 675
109.878870004445 3.18009302401258 0 676
111.02324050663 4.44743341810655 1 676
111.025043872541 3.46725631900121 2 676
111.2313831687 3.42963317589515 2 676
111.131476807422 3.75014756917466 2 676
111.057933602146 3.11956021060145 3 676
111.135120427878 3.22221944081996 3 676
95.100937592479 3.28570520158753 0 677
110.255317617543 3.02350370981157 0 677
110.262743061335 3.06480270425491 2 677
69.405471101592 3.00956487824533 0 679
63.6545149853825 3.06279466625228 0 680
88.3478475927136 4.50559639710499 0 680
90.4339115118901 3.14574758909662 0 680
110.662727258149 3.05841565655785 1 680
63.8148096425275 3.07784294532538 0 682
109.732534201461 3.96944072120749 0 682
109.899812701055 3.6455881150513 0 682
70.9285945345937 3.91122598395183 0 684
6.20147316966659 3.53594162847998 0 686
63.945328520607 3.0812829519822 0 686
109.589771280658 3.15949376973731 0 686
109.643276565105 3.37409247425628 0 687
110.456902386834 3.36722423057737 1 687
77.291059237582 3.00008439259965 0 690
67.3090673819018 2.99263929738561 0 691
79.3332426943782 3.05236649619161 0 694
109.720769997066 3.06677297541569 0 694
110.694673286417 3.16223478125353 0 696
110.745907602331 3.0660137455118 2 696
74.1211682086827 3.87015128988079 0 697
109.623748289181 3.02177609535144 0 699
109.520423359098 3.01864165269375 0 700
67.45836024271 3.10963687137905 0 701
64.0778046504934 2.99532500215042 0 702
87.8047788368917 3.38138873292785 0 703
68.2220567177283 2.99442045730647 0 704
69.1621130123845 3.06777203298837 0 704
108.582953418105 3.19759880141101 0 704
64.8830333634902 3.14263837582905 0 705
111.076494582677 3.2110566820963 1 705
71.1894716328986 3.03540319798911 0 706
76.7184072095063 3.02270930544911 0 706
108.53098614448 3.18503812517267 0 706
63.9809325560801 2.99451454342068 0 707
103.598676174936 3.26907787339308 0 707
109.518925995763 3.05322572872534 0 707
109.666683342578 3.00414721276408 0 707
63.7493443426342 3.19829397203024 0 709
67.2568248175718 3.0769225883382 0 710
69.3618133687532 3.06004355899167 0 710
105.729457818111 3.04536789005214 0 710
72.5509680111342 2.99892162803739 0 711
109.831667697059 3.26982251647329 0 711
67.3470396514772 3.51614107990462 0 712
110.140698202535 4.99408949561395 0 712
110.215679978202 3.04308462749807 2 712
110.156989656841 3.06834189106257 2 712
110.25469447999 3.00617357419724 2 712
110.155431752043 3.25231576409992 2 712
110.144106084152 3.40467743116458 2 712
110.232773131342 3.35827546392309 2 712
110.819416018265 4.01063063962458 2 712
110.360441042562 3.17473629844435 3 712
110.823680510117 3.23983899875934 3 712
109.538245324432 3.07422412742178 0 713
63.8553672462129 3.35845822864708 0 714
74.5967585971402 3.19825136612102 0 714
71.6852996892557 3.11190521392005 0 714
67.3076216030435 3.08390471362455 0 715
67.2658778193595 3.01380901482309 0 716
68.4955885152198 3.15422925494454 0 716
55.9728812056488 3.0573595244624 0 717
67.2678359762207 3.19876737460659 0 719
110.148234525373 3.47702436802633 0 719
109.525322926744 3.08906244143254 0 719
64.0600135764245 3.12907400599958 0 720
67.7011033659215 3.40947354513921 0 720
109.985090182988 3.06412180665011 0 720
111.013470934683 3.58231939993012 0 720
67.2735675899165 3.31423296564742 0 721
82.4793652755695 3.41819918875115 0 721
110.072066489401 3.10691251795463 0 721
109.514962746004 3.07259381557063 0 722
110.651262970622 3.36175041600897 1 724
111.048761733072 3.25095891263122 2 724
0.716511174664464 4.14647556451777 0 725
67.3473414536419 3.12091145620486 0 725
67.4253622220502 3.22241539289644 0 725
106.267346726178 3.00884568058483 0 725
99.9850635125553 3.00828303830456 0 726
67.4114474389877 3.06275806180338 0 727
102.204083405582 3.01961543426941 0 729
78.5318499241418 3.05833621844589 0 729
109.564375774167 3.34653485153531 0 731
109.598342994587 3.27228583671796 0 731
67.2551596502782 3.20513771241092 0 733
82.1819528327966 3.01789268754927 0 733
109.549563288953 2.99343962878751 0 733
109.542003701828 3.2362944840098 0 733
108.481485395752 3.63826657171648 0 734
3.3839416236123 3.59948401925721 0 735
67.5119335406826 3.40872669183412 0 735
69.766322583837 3.17422346942662 0 736
109.519435457019 3.05765110018454 0 736
109.561150281159 3.22033967360821 0 739
64.3860911653194 3.14082233965926 0 740
109.652547600738 3.43462076069667 0 741
67.2773120822923 3.15969395231312 0 742
12.3237658566997 3.24195680951424 0 743
67.279292237223 3.11198886202029 0 743
109.522742166391 3.23800493885712 0 743
91.8134608910485 3.1118455788181 0 744
68.8566261631185 3.48141150649381 0 744
70.39896294502 3.07426252383832 0 744
67.4813654245551 3.22896332168438 0 744
69.3120781427313 3.74274926667315 0 744
67.9066425007611 3.29881061416851 0 745
67.6400161441161 3.30777706383083 0 745
109.748980980633 3.19093024693359 0 745
72.2502955721186 3.02227936249692 0 746
0.0144744276644778 2.99590976079096 0 747
109.654977223405 3.122623961933 0 747
67.2584872642294 3.48121413871609 0 748
110.114959182777 3.17744955832784 0 748
109.529289640444 3.08850271804379 0 749
109.422982405366 3.11705513425717 0 750
67.6700260134725 3.3026580534093 0 751
67.3041685873786 3.0698969480883 0 751
106.403835972302 3.23813785078967 0 751
110.682928459234 3.67456113618119 1 751
67.8319958893465 3.18065155747455 0 752
67.9980074900434 3.01596334505074 0 752
109.651546469932 3.11960208576529 0 752
70.6217443308134 3.01823689993122 0 753
79.3042524056864 3.2482163061693 0 754
65.1702255133166 3.09107162326981 0 755
68.0238055274696 3.59222598957172 0 755
68.4661250845197 3.95425333571916 0 755
65.4187701273526 3.02192503782603 0 756
67.3077796594645 4.24397966427452 0 756
67.3595431233485 3.78253620865678 0 756
71.8545324181848 3.38491249228582 0 758
111.227161327573 3.01031651000302 0 758
109.684514167315 3.61686800458957 0 758
110.671585758896 3.38563486196295 1 758
110.672646745355 3.37471903842775 2 758
87.7428063311512 3.02905202860161 0 759
109.527127401983 3.01605488136134 0 759
63.7631503642145 3.75232869427921 0 762
67.551141290038 3.05652379040714 0 762
0.00148984918537841 3.06744479548181 0 763
67.5433829753817 2.99666154377535 0 763
67.6122274270447 3.01533220875516 0 764
71.9439506596859 3.78521522906134 0 765
106.632716007622 3.00141370077981 0 765
67.4420784126712 3.34559351303666 0 767
67.4575451233592 3.07158524501328 0 768
63.7729292109643 3.27402627467308 0 769
108.417852541806 3.00951393465862 0 769
105.074191457004 3.04874145954851 0 770
93.7858624316514 3.20466037844262 0 771
109.582156804637 3.34001870593843 0 771
63.6989181631794 3.07034436180575 0 772
109.616793686201 3.09857545697684 0 772
97.7129699053519 3.16362171992096 0 773
109.551166159066 2.99420442641897 0 773
67.2710865062075 3.26397019064506 0 774
101.701020614435 3.97703368176039 0 774
110.440872670234 3.11639895626576 0 774
100.637581861619 3.59782035925246 0 775
64.1934165806378 3.54098217920672 0 776
67.3445733411433 3.32691205747742 0 776
63.7070455180398 3.28234467406853 0 777
67.2558465676445 3.39585637832183 0 777
109.606543442205 3.46302869584504 0 777
71.0934105052105 3.13257542691849 0 780
109.588788582566 3.11351577198651 0 780
109.549455746274 3.17651647737312 0 780
63.693062380297 3.17104903425606 0 781
67.3729009125927 3.0840796351931 0 781
82.040731749166 3.42966221575276 0 781
65.7763679119551 4.76761871179711 0 783
97.7016940809868 3.10817330278465 0 783
105.243043007868 3.19442250074929 0 783
109.51340529004 3.06983552868232 0 783
110.588994002649 3.2463952798333 1 783
63.67352624384 3.31040384654467 0 785
67.3858103997103 3.07131813621935 0 785
67.2784139688699 3.10102507544275 0 785
68.5340665672933 3.19227073918859 0 786
107.938207572216 3.37228727232588 0 787
67.3275348498233 3.2572854997828 0 788
109.874913462524 3.43214819728409 0 790
109.611065872015 3.1116203837918 0 791
68.176852000052 3.46602537780872 0 792
67.2834263967004 3.22136880352281 0 793
63.8375040464283 3.27379819408011 0 794
111.18834159824 3.01341080903619 1 794
110.357033705552 3.81403056849123 1 795
110.360420041948 3.64894311673786 2 795
110.361367318204 3.09209817024272 3 795
110.372560263278 3.20561094805498 4 795
67.2737042823251 3.06313043555394 0 797
108.469245039781 3.09949355007728 0 797
110.910777684393 3.05398912205623 0 797
110.938326792643 3.32518212253065 2 797
0.0177858288842096 3.70912100910232 0 798
67.2533633362308 3.07056814447156 0 798
108.951096566927 3.27433788212089 0 798
109.513793579692 3.03681074769382 0 798
111.030231277439 3.23007036639193 1 799
109.80615790967 3.50664560037883 0 800
64.4423262712628 3.05857836040909 0 802
67.4778350625672 3.01092196079471 0 802
67.2547311175393 3.24238436698582 0 802
106.674931317311 3.22168469812785 0 803
65.3944315743225 3.39708263086779 0 804
69.3094825349771 3.45021275315964 0 804
3.18084984582194 3.52427887057887 0 805
67.9153198333062 3.14041130841242 0 807
93.3768595243277 5.65561719450649 0 807
64.4075815346718 3.06170521199775 0 808
65.2565655853898 3.05656878303476 0 809
0.0572018850077432 3.87692029821639 0 811
109.51383562395 3.22234746341305 0 811
109.630807556172 3.09256938249148 0 813
109.739229127045 3.17898432463388 0 813
110.527540653393 3.35560015147569 0 813
109.631575169378 3.00055959697973 2 813
110.541548200585 4.48881224950759 2 813
110.613519455946 4.50186132117544 3 813
110.699987607505 3.32018044894467 3 813
110.594580567218 3.85667452009404 3 813
111.154413103473 3.53532138683142 3 813
110.547091219837 4.28485843801034 3 813
110.642752195746 3.27546017823728 4 813
110.79644256861 5.11770475809408 4 813
110.763017008289 3.75043733698303 4 813
110.847434322994 3.59448629105782 4 813
110.97526495474 3.15470617627801 4 813
110.826470887189 3.00242702345433 5 813
110.837961945761 3.24110276168944 5 813
110.802572972308 4.57849031339533 5 813
110.799279325917 3.22873120490301 5 813
110.801756383402 3.12785135504243 5 813
110.929477418063 3.20612130644274 5 813
111.232021703511 3.34059005945331 5 813
110.972341013769 3.21843863809486 5 813
110.981309704173 3.39046991812215 5 813
110.812909868453 3.90234659872319 5 813
111.231837575465 3.145408821357 5 813
110.974353221523 3.3030127596993 5 813
110.79651650184 3.07903989625419 5 813
110.940693606521 3.63414618089986 5 813
110.863606618075 2.99634973726873 5 813
110.803879381627 3.01515141178206 5 813
111.106576938477 3.75515164080136 6 813
110.825335540863 3.1597209151402 6 813
110.987949754304 3.45206797335915 6 813
110.976151642938 3.18288312888212 6 813
99.5262257485389 3.60017838126972 0 814
107.33152810382 3.46155612499955 0 814
109.645973197215 3.12798383581629 0 814
64.0715506907529 3.01255698284108 0 817
77.0826393219602 3.12584269005906 0 817
109.517427708312 3.89944048374182 0 818
109.557872708224 4.12802953480518 0 818
107.278931528986 2.99858526600713 0 819
76.6789122971783 3.02126370575208 0 820
109.886939091558 3.01835557670252 0 820
67.4832687516805 3.04958310023171 0 821
68.16320310517 2.999799385932 0 822
63.7498100308446 3.53960730541207 0 823
68.1765985225489 3.08147765084579 0 824
68.5553625408489 3.72444179022004 0 824
67.3894641005201 2.99709894971933 0 825
109.569365075375 3.70759025189091 0 825
109.528964326657 3.7700637823441 0 826
67.32132224622 3.16302807882802 0 827
109.624081947978 3.36024739607539 0 827
111.166430717548 3.04499884742856 1 827
64.0540484879757 3.0448462228879 0 828
66.3684595161692 3.54901766380393 0 828
67.670229579913 3.03513652928922 0 828
67.4090893086698 3.38793469398666 0 829
67.3151243956443 3.17623360847369 0 830
106.548869928182 3.53403073537991 0 830
65.339232609774 3.12535365871141 0 831
85.0986940051388 3.23156772183699 0 831
109.522690359561 3.22488465273261 0 832
109.759055883167 3.11806315948215 2 832
67.5911000415131 3.56747005825724 0 835
67.3196028775655 3.59895241169067 0 836
67.6409549063128 3.41271886564091 0 836
109.639622730408 3.27666495350961 0 838
68.5795018640963 3.62534216969369 0 839
68.2387469411331 3.5842354027945 0 839
97.164118748033 3.08587429675766 0 839
66.1704816270184 3.15598114260722 0 841
78.3078673028793 3.0105651485978 0 841
67.4554696970577 3.01326443950178 0 842
97.6929061810447 4.75000084068216 0 842
109.624459407292 3.23187070638128 0 842
0.514251422912935 3.02356086237804 0 843
109.616704598829 3.34646922411711 0 843
67.3164818419099 4.09863232999115 0 844
108.859565922507 3.71104009163591 0 844
77.863151092147 3.14979163618295 0 847
107.337471553558 3.13871153528624 0 848
109.950199968004 2.9935120537737 0 850
50.7234037241215 3.1588041934708 0 851
110.151834290737 3.14074537356923 0 853
69.9423431469682 3.64619152895477 0 855
80.3762476671748 4.61610726940161 0 855
96.2290042057919 4.34069646394645 0 855
104.672824791962 3.22864905475284 0 855
103.260174235735 3.03440902312999 0 857
109.839708282966 3.15444048262158 0 857
109.523764507948 3.44065119017213 0 857
70.2254321173538 3.45527115743354 0 860
80.1455881773639 3.89277804916874 0 860
67.6104635251784 3.13114485384129 0 863
67.3040457302715 3.25366602613581 0 863
97.1902482602331 3.12403104759239 0 863
71.9265879546146 3.22904658258778 0 865
102.455778757942 3.23694095802965 0 865
110.729930841805 3.01588884128847 0 865
67.2919569269502 3.22495130476974 0 868
64.0083339899052 3.41068704993508 0 869
68.2524992657384 3.49413705075473 0 869
67.6041672270641 3.2374017196267 0 869
96.3845161057182 3.23617250534352 0 871
67.36523708401 3.3295044471407 0 872
74.379473051433 3.43869036856095 0 872
67.4352792891076 3.46065686177069 0 874
110.426148155918 3.02350435602654 1 874
111.033092872453 3.03234940354882 1 874
110.731727600312 3.00926753061998 2 874
67.2564669732127 3.20044871201457 0 878
67.6002993415853 3.33051052053148 0 878
72.9884067176688 3.44721886957288 0 879
67.296366718681 3.14832950186301 0 880
68.3352605948446 3.96331330435796 0 880
63.753656567359 3.20089888827934 0 882
73.6219180731131 3.0900710578887 0 882
110.881875719856 3.14163237666531 1 882
110.606120705118 3.13350872121563 0 883
67.6435492215762 3.35887279222026 0 884
86.9381620247011 3.44808622661269 0 885
91.2925223179264 4.53370180952466 0 885
109.831926051247 3.07468308794945 0 885
67.8503774451492 3.37791800719278 0 887
67.9053194127316 3.02184368581469 0 888
67.5156713469738 3.02966165581003 0 888
71.7652871201014 3.01773747076156 0 890
77.2479464331722 3.33895036039833 0 891
109.658876734713 3.18172683217856 0 891
67.6806926313397 3.2177845488067 0 893
80.6675883323273 3.16662488043319 0 895
67.9385270946055 3.76658699708345 0 896
67.6559875370512 3.5537182391828 0 897
109.55566916787 3.31394477081998 0 897
110.352111967028 3.66087542163384 1 897
67.2642247173265 3.1767317655403 0 898
106.333378458745 3.33730682168893 0 899
109.552146892405 3.03985248538711 0 899
98.0561816907181 3.31637174040689 0 901
82.7025307529754 3.08224502530574 0 902
0.0798502480123642 3.07518901581467 0 903
63.8670929895225 3.32217722932798 0 903
109.526078274568 3.02206958611361 0 904
67.6924243087345 3.2560968494186 0 905
63.8891667839298 3.90823523581027 0 906
67.4731985757644 3.58776487569597 0 907
89.6356792190404 3.12028728164954 0 907
85.9580987676071 2.99833858996675 0 908
67.3742895532695 3.45965462372358 0 909
107.129106641238 3.76715571992025 0 910
105.846248639026 3.24270181222976 0 911
4.61819689770091 3.72794963568138 0 912
99.5514875123105 3.41534696685015 0 912
110.838692523048 3.38730900022624 0 912
110.860975725791 3.12379561625647 2 912
67.2798224327846 3.04974918771883 0 913
109.515472706608 3.60651217680635 0 913
67.4258455709051 3.31173393522136 0 914
107.325487548438 3.31244194437753 0 914
109.676474256792 4.20643377778578 0 914
109.71489567514 3.22066808164581 2 914
109.725630393675 3.00421797949415 2 914
63.7769966078805 3.36798263977744 0 916
110.580045810009 3.15675210533707 0 916
110.382293398706 3.58091730677908 1 916
67.28342277167 3.32859420788508 0 917
69.4178818732887 3.23633420426838 0 917
67.1916278619754 4.10184353298494 0 919
101.232170018919 2.99575488911825 0 919
70.8250553490938 3.26690673184011 0 919
109.869956194906 3.30932807924477 0 919
97.2709979080809 3.21280725414463 0 920
70.6638511498972 3.56741914299751 0 920
63.7526486579421 3.05903054167921 0 921
67.6592351436195 3.2939501942978 0 921
109.658073806063 3.85930872993179 0 922
109.57739938548 3.07506509675902 0 922
67.2557612394133 3.07712947077662 0 923
67.3961738887712 3.20273423527429 0 923
104.918061688295 3.01938046448725 0 924
111.058045536354 3.53727303383139 0 924
63.6877083995655 3.06805410600625 0 925
63.657067443935 3.16629546681001 0 926
68.2255217937569 3.287546892515 0 926
67.275359858383 3.2981361158876 0 927
107.569552025278 3.1443490809 0 927
67.3030138602415 3.12761236494885 0 928
109.985706978423 3.24761746730146 0 928
67.4923545609138 3.01904890422379 0 929
110.612608106555 3.53537821946579 1 929
67.4559950923693 3.3799040495172 0 930
96.2475720907523 3.11637311387361 0 930
110.943992833588 3.56945131438123 1 930
110.95577234799 3.16708477179414 2 930
65.1746565504163 3.0195890339735 0 931
109.960298535489 3.39450477840386 0 931
68.1690919473868 3.21922488800586 0 935
106.040320207961 2.99596236511468 0 935
110.334795399949 3.01659505428165 0 935
67.418455841875 3.57774467272015 0 936
67.3122727897915 3.1303209890241 0 936
97.717527023454 3.17151538627155 0 936
109.57172514862 3.11326207683043 0 936
67.3379489567875 3.30203137754143 0 937
67.4586201463639 3.02308488955648 0 939
69.952795900914 3.70273240931898 0 939
63.767065093004 3.07029113282195 0 941
67.3862802640181 3.82320983683778 0 941
67.9439370793628 3.09888063754429 0 942
67.495880324315 3.16200341278575 0 942
109.173920956134 3.36074036987311 0 943
63.8419675056258 3.11017410056492 0 944
74.6990704627188 3.02841179755297 0 944
109.548569091109 3.55035080513005 0 944
67.3056925517834 4.47783462648448 0 945
72.8637689109483 3.39909839986565 0 945
105.530874028659 3.10567991379571 0 945
67.26737537213 3.61154796738742 0 946
90.1545788557721 3.31187492454353 0 946
97.6617561812169 3.1974684342593 0 946
77.0514075542487 3.34452147230508 0 947
66.316593344231 3.21211647314802 0 947
67.2610611295816 3.33444845085956 0 947
67.7294296941653 3.49083610775533 0 947
63.9755083825502 3.05089037765535 0 948
67.3014107582698 3.18441869697822 0 948
110.849914576839 3.56575771643177 0 948
110.866762841288 3.39369172449796 2 948
110.994104912305 3.30351653259277 2 948
111.019260997907 3.08056389663887 3 948
110.481314660221 3.1307366233306 0 949
109.806711199049 3.11279106407935 0 951
111.194788339528 3.58817710818884 1 951
109.834391449689 3.34475148231531 2 951
65.1037801840437 3.45607754831548 0 953
0.0219410649085054 3.29390192147636 0 956
67.5265296031754 3.01373738055539 0 956
67.3034351024261 3.05355791109677 0 957
104.858084533344 3.08755609754668 0 958
67.3466068917145 4.37901997438628 0 959
67.6950352294914 3.35906191323208 0 959
64.5663368696466 3.51234963155186 0 961
72.9706052025686 3.77820419616048 0 963
109.554107214243 2.99385997188754 0 963
109.656790360511 4.29440607352574 0 963
67.4223684612211 3.13058647846158 0 964
103.95713530926 2.99757160955221 0 964
67.2605160359906 3.01457898123785 0 965
109.633098178728 3.99055050124096 0 966
110.791979571054 3.69540046125605 2 966
67.339471241988 3.37293045459246 0 967
67.4584097713647 3.68133721922482 0 967
69.6822031617802 4.03186501444584 0 968
69.8620201789216 3.30016296452442 0 969
64.6755190438551 3.54752488975671 0 970
109.618131395333 3.12804097044022 0 970
110.96959307881 3.66905559726465 1 970
67.4509070585778 3.32890263625887 0 971
110.090824696398 3.48965266525824 0 971
110.860733944671 3.44594863272569 1 971
110.889932053644 3.46109895787602 2 971
67.2717500519776 3.01594613119335 0 972
67.3127940648444 3.22694616420971 0 972
96.3056260313859 3.16893838181869 0 972
67.3696382373015 3.29340985818678 0 973
104.266805540971 3.61419427512085 0 974
67.2944800843184 3.44242317236424 0 976
64.8751685879404 3.35069389944886 0 977
67.655708634282 3.37954849190277 0 977
110.227149507826 3.11646216074194 0 977
109.51607927143 3.09350198393346 0 977
111.013763271951 3.27711521960274 1 977
64.1053061695235 4.00582705156685 0 978
67.2673025800403 3.25062076081421 0 979
67.4909474426389 3.67447313948915 0 979
109.5229937024 3.00957827738324 0 979
110.981955407777 3.05781590967645 0 980
68.4134809514878 3.0600075069268 0 982
109.618007585193 3.69479601122109 0 982
109.525908471409 3.09455240744242 0 984
109.654783086794 3.40070281405279 0 984
109.599742520695 3.22768087263764 0 984
109.977792185122 3.16999409166355 0 985
109.515893089861 3.12975109423168 0 985
110.31386489978 3.08943815892433 1 985
68.302972964847 3.01836474416808 0 986
110.953671432779 3.73486791209986 1 986
110.983017058492 3.23259238024204 2 986
110.7640989374 3.13043453176807 0 987
64.1569690041882 3.79116377999818 0 988
95.9419743933419 3.02236705243504 0 988
69.4091612786245 3.48286938006184 0 990
0.544693537981982 3.86426768560556 0 992
107.579080225776 3.19346432799185 0 992
110.607893995456 3.27418668206911 1 992
69.1645969590735 3.89647385636988 0 993
110.601349582411 3.05108573131301 1 993
67.3106902893387 3.18482997801759 0 994
109.523459753241 3.76437390269861 0 994
109.569404080732 3.58850236996925 0 994
70.0425131955092 3.24506408662766 0 995
109.984541792946 3.1942570097952 0 995
67.2577113891048 3.07033535155165 0 996
95.3273330532551 3.4093892007022 0 998
109.644332690123 3.34492806697013 0 998
109.602793369435 3.31592085334878 0 998
68.7998793410699 3.125717746233 0 999
67.4686222195636 3.53860243532009 0 999
