"ts" "magnitudes" "gen" "cat.idx"
10.4588658925317 3.4194262283935 0 3
1.72736979290226 3.00373840465553 0 4
0.0263843853635628 3.10270900140255 0 4
3.27270116825438 3.66413030393274 0 5
9.13100411535766 4.42050671858048 0 7
0.142827498874984 3.07495156795133 0 7
0.608554739243079 3.47535071178518 0 8
7.69399153109671 3.36184865304948 0 8
14.7385389049627 3.69492317182323 1 8
0.0216344906119884 3.02243062310651 0 9
0.20108244581743 3.14947139512681 0 9
7.55146265028131 3.07771188516491 0 10
13.9385962837287 3.27394066970228 0 10
14.8949867947117 3.42618669955084 1 11
0.19955457279779 3.15072535055946 0 12
11.594110886355 3.09227207402059 0 13
14.1983328367918 4.49000511680583 0 13
14.2116798158221 3.3338649094736 2 13
14.3466898697949 3.29027421997575 2 13
0.138892644188183 3.08441848594443 0 15
0.345590708830429 3.47035091228504 0 17
14.1088259661454 3.25646675018326 0 17
0.317121413272454 3.05598053060266 0 18
0.00345466649320108 3.42472322378818 0 18
2.34005892092542 3.24588344821131 0 18
10.7099105165143 3.20380687980999 0 18
0.0794965527464292 3.00746203663381 0 19
13.8213710906034 3.08995630768797 0 19
3.20924549149519 3.52098883059126 0 20
11.363590518768 3.19713769547369 0 20
12.8469916795721 3.33263596025907 0 21
13.9396517253502 3.10987209862033 0 22
0.0684045428180852 3.09027718352697 0 23
2.59158845960643 3.2219337944421 0 23
13.6980693754661 3.04194615952748 0 24
0.0138588388030171 3.53225514711797 0 25
13.7477691051036 3.06247611110907 0 26
0.0597384484987303 3.18021737777746 0 27
2.14152527457256 3.16221120911034 0 27
14.1037357531106 2.99658425896884 0 27
1.95866588784492 3.82856581026714 0 28
4.45423459590162 3.46969360408994 0 28
0.919674168417554 3.61473708502613 0 29
0.92988381799001 4.05858110418675 0 32
0.0147470879673494 2.99935285908953 0 32
0.0927222493804409 3.3581028762256 0 32
14.067248424431 3.0712781374302 1 33
0.0147495741161997 3.04145698113922 0 36
0.112542528920235 3.54591516251746 0 36
0.272003723220763 3.02729296944116 0 37
2.0922636928006 3.20704345514972 0 38
0.647991777006299 3.33439832035775 0 39
13.9467038552134 3.33792268462152 0 40
0.391418409346111 3.15182262793491 0 41
0.510966925215466 3.05473521217666 0 41
5.41515968355632 3.38129071642733 0 42
0.0241415342199886 3.81115198978803 0 44
1.14750448323768 4.00866016956895 0 45
2.98285960415378 3.3393121927133 0 45
0.521032308267323 3.16021208256391 0 46
14.0200824889511 3.5347374734076 0 46
14.2948209088385 3.41095492507247 1 46
14.0380306620646 3.22330628331652 2 46
9.00854436507111 3.42746932249801 0 48
1.54058591904217 3.00419025902919 0 48
2.20121656575498 3.05647517145114 0 48
6.36895658141701 3.00450494813247 0 50
14.3625893754974 3.08916082393661 1 51
0.0227894300758387 3.0961167028304 0 53
0.342036510129308 3.70206337480803 0 54
1.54061839330307 3.98407511997053 0 55
2.0237250953286 3.47679022668307 0 57
0.117530874906923 3.60674645341048 0 58
13.5522983828148 3.21235748081989 0 59
1.25585523548891 3.16121893035755 0 61
14.0972746391207 3.14538962686941 0 61
0.250331621658839 3.21898279103259 0 63
0.0587780359785482 3.18635837196341 0 63
5.08249162347396 3.05678730955075 0 64
14.7361292745076 3.69354306582143 1 64
14.9733253115878 3.28439075203362 1 64
14.7490859843869 3.31712594178785 2 64
0.0199981485618479 3.32609253174625 0 65
7.47687679081002 3.73573226056506 0 65
0.674684341762985 3.11658810919141 0 67
1.03979315395192 3.02717380669732 0 68
2.26932127014978 3.56519451654916 0 68
7.4632274815798 3.51003858971212 0 68
7.93390316164261 3.24687843075228 0 68
11.1993164598378 3.55494624650099 0 68
0.6007339623656 3.32249401274044 0 70
2.13163256125134 3.30219209129357 0 70
0.704991730382516 3.1918988953744 0 71
9.51210430187795 3.96894821741185 0 72
13.7576864319409 3.14854604319808 0 73
0.0629452310683001 3.07553584306329 0 74
3.03431051515118 3.23790497902232 0 75
0.41619147112348 2.99215189940861 0 75
13.2337401184679 3.38557226174533 0 75
3.13849396502161 3.09314936520158 0 76
9.20273572721159 3.92524943368592 0 77
0.626350123125513 3.47790448782491 0 77
2.16506495327157 3.41278645807341 0 80
0.201633346623546 3.1625864268656 0 82
12.2959115120345 3.63775801656109 0 82
0.66063208512625 3.18859728430209 0 83
12.9656323594312 3.14307956834912 0 83
13.959535961331 3.30616764379471 0 83
14.7493809831624 3.09405645669445 0 83
13.0262797081806 3.38571832282324 0 84
14.1892065477943 3.34504251648065 0 85
4.48036714672149 3.10736554441531 0 88
0.0539145115585957 3.34179196139411 0 89
14.3993057957009 3.01517061847324 1 89
0.160799722356761 3.23866525432217 0 91
7.44582435464101 3.00041170460284 0 91
12.2093103591706 3.02679451305489 0 91
0.0176588356639208 3.20912277930277 0 92
13.1407675790091 3.51884566286278 0 92
0.00959816830981464 3.50745567729943 0 93
1.29690183990156 3.08907780573285 0 94
0.0789477823937489 3.31777102026262 0 94
5.10303464511041 3.46529409921843 0 94
6.76794217693147 3.17650773524078 0 95
6.81421068616024 3.1674156926554 0 97
0.0598137968766279 3.01538990789276 0 98
0.517743811112698 3.36186419324585 0 99
0.0247710770244781 3.2371280923954 0 100
2.38779289278624 3.55798673681791 0 100
0.206990283460063 3.05520546952455 0 101
1.09150508108773 3.05284634823213 0 101
14.7715080988422 3.37519236450609 0 102
0.0515654720941316 3.41874830845492 0 104
0.0102616198666671 3.72779795208847 0 105
1.01798218049414 3.05130828084747 0 105
14.9234949577017 3.01477980429937 0 105
10.6405774984195 3.58341056758867 0 107
1.49242766180921 3.91816888908557 0 111
0.0561758836015951 3.91962262400024 0 112
1.36797977703943 3.41991772524938 0 112
14.6779674546883 3.49558048688873 1 112
14.6989761547136 3.22316505213533 2 112
4.28422767480075 3.60050226527421 0 113
0.315925467269991 3.07085481911074 0 113
0.323692524922821 3.72952339920182 0 114
0.119311525448514 3.05653070333852 0 114
3.23264715294557 3.44540765453124 0 114
12.7925809423253 3.26714083627872 0 114
0.306820807687857 2.99612685326314 0 116
0.0925314141075401 3.03910916849431 0 116
2.21656290521458 3.16980540696634 0 116
10.1296744965448 3.06446172428363 0 116
0.994589929654741 3.88227809423187 0 117
0.0310431318336273 3.14388857906975 0 118
14.1698882558007 3.26475495616993 1 118
10.4504660435406 3.69686022013518 0 119
0.088652585762853 3.43177363968395 0 121
5.02889513306142 3.02901272340012 0 121
0.158138080033748 3.21297555719598 0 122
0.678258813754564 3.27952435622901 0 122
0.121560310926206 3.93005830298469 0 125
4.60516877506066 3.14069050961237 0 125
12.9389677948209 3.36636908640431 0 125
12.8110271447701 3.63228118115431 0 125
10.7017121548896 3.20632568429077 0 127
0.3350577902733 3.19935680785436 0 129
2.07746855052553 4.22328649668729 0 129
12.7809463226854 3.19034586013098 0 129
13.9675957062449 3.37536381397374 0 129
12.9032710723964 3.10634303813852 2 129
3.51153574671238 3.27944014157952 0 130
1.33601992815576 3.37828864567095 0 131
13.99323097132 3.29178643651023 0 132
0.00507836349754739 3.27518951042808 0 133
2.64730632220517 3.01361222784135 0 133
0.0460837650522989 3.00390079457044 0 134
0.558029183795569 3.00794357274817 0 134
10.4251892774611 3.19083940743658 0 134
10.3791536390739 3.06553378395036 0 134
0.943690064437961 3.23180922282352 0 135
14.2337089389652 3.14623065738628 1 137
2.49077596083031 3.50896007578854 0 140
0.00384470203970317 3.02590632865994 0 141
0.028942567155177 3.12462836888404 0 143
7.78735410383684 3.06230470783961 0 143
13.0381202171368 3.23018670161647 0 144
0.268391484629178 3.01394298405136 0 145
0.133632829027605 3.45612193632154 0 147
10.0007371030738 3.0050913423041 0 147
1.35320689196924 3.59375643639095 0 148
14.6534228084233 3.02579863693528 1 149
0.0111995466062652 3.27192733673243 0 151
13.9359553321961 3.34431714777844 0 151
0.164307094184319 3.30172902821261 0 152
6.90580428531836 3.00814568452538 0 152
0.579745264468975 3.13632053881505 0 153
9.12834277876207 3.05830782208047 0 153
14.4654458556054 3.96847086318465 0 154
14.8133086831995 3.15364854443951 2 154
14.5591802530619 3.00250063473212 2 154
14.6043156648297 3.06093904516313 3 154
0.00290357043227665 3.00668035289153 0 157
14.3085337832194 3.00571984807721 1 157
0.381559024563196 3.25065701996352 0 159
0.0273834501230095 3.94192190894378 0 160
0.0923598508629332 3.23578123148845 0 160
0.115348394632154 3.11853247115683 0 160
0.0542095726976059 3.14106524963222 0 161
2.36188242864886 4.05352976072647 0 161
0.469263768678769 3.28435797877231 0 161
7.56172965901342 3.17302632823741 0 162
3.53449900702924 3.06450943041384 0 165
11.4646675666445 3.40429059237649 0 165
14.4152631782085 3.02754898942992 1 165
7.46206020022612 3.36804060979888 0 166
2.16638354031712 3.1401736910416 0 167
13.944153768995 3.01687284729642 0 168
14.982059315927 3.29300108151794 1 168
3.85752401787303 3.1435299345608 0 169
8.24459593817183 3.04467208745329 0 169
0.0635374282891276 3.18861961036081 0 170
0.351871261069148 3.90064133228227 0 170
0.071333882819907 3.0571892329896 0 171
0.0592203186742201 3.10387792338059 0 173
0.370107937948592 3.95648401977511 0 173
11.5929838129807 3.0248946624325 0 173
11.5533429564131 3.17014315160184 0 173
0.568644097846828 3.28160279460468 0 174
13.9516670330253 3.12489142878348 0 174
0.30533623552987 3.60551855759631 0 175
14.6249068087522 3.03684480515032 1 175
0.49400223148562 3.22059011852716 0 176
0.116365744321751 3.49971934303051 0 177
8.4651206617595 3.22287562621064 0 178
13.0826747856366 3.34405455872949 0 178
14.7798293647397 3.71703239791758 0 178
14.9868158927935 2.99431766639184 2 178
13.1277718188297 3.62834583130579 0 179
0.829631594494055 3.00305264133434 0 180
8.04812854373654 3.39190275680927 0 181
0.16839247344304 3.01297366394285 0 182
0.290503409532264 3.20717737787326 0 182
14.9244645493195 3.18236758079617 1 182
0.0641390999683932 3.11429330482919 0 184
0.0747529527766609 3.18894241652492 0 186
0.00211552978456686 3.06590089599355 0 187
0.128962836894157 3.94358972468049 0 188
7.01178223978019 3.3103914880049 0 188
13.8180493124979 3.21190694887723 0 188
13.4416771655441 3.07841041364565 0 189
14.9909627505477 3.51138717384532 0 190
13.9457017102301 3.11184105447023 0 190
0.108817183526438 3.59139452070056 0 191
10.4183872919852 3.12602516145132 0 191
0.0728766103680375 3.29781600972465 0 194
1.29680858539199 3.14603763608487 0 194
14.4482199325316 4.29319687049338 1 194
14.6634573789677 3.02501339128731 2 194
14.4629957784714 3.04413218189732 2 194
14.7670519652828 3.03388807393314 2 194
14.4544250668866 3.11897284628409 2 194
9.74904623425524 3.01334724918508 0 195
0.396711190891116 3.21133189422629 0 196
4.42294217897407 3.38327190014329 0 198
14.4634496770796 3.11276764648263 0 198
10.3890500872657 3.08425618624508 0 200
14.8613924902488 3.04926093744379 1 201
1.30164005144917 3.34409566588358 0 202
4.65177739698466 3.03304232365392 0 202
10.8281787451289 3.38077479110495 0 202
14.1447630563155 3.14343492143053 0 202
13.9787425922978 3.69764478389777 0 202
14.2184271772286 3.01462191754749 0 202
0.0595334358643305 3.09329356562253 0 203
13.8029164996834 4.24651577972547 0 203
12.8391261119997 3.00482193781237 0 204
11.3533354893374 3.88973221331927 0 205
0.0660293454810491 3.12101315857121 0 206
0.0216129420254446 3.32686974301806 0 207
0.0497272947260501 3.32628013148506 0 207
0.0158999847132047 3.56652321124954 0 209
10.5771796472533 3.46344470506755 0 209
0.0600233723683153 3.43438532275037 0 210
14.0903065187426 3.41425718887733 0 210
0.125174428465689 3.92076999951626 0 212
10.6106153733193 3.02067267740712 0 212
13.9614499652727 3.01394033830773 0 212
2.30580551463312 3.20041501304926 0 213
0.200687873656423 3.22457748851866 0 214
12.0655922861373 3.25460050405027 0 214
13.226110786374 3.61581825613641 0 216
0.249192452300997 3.36851384226183 0 217
0.456542311082271 3.89015691695754 0 217
9.99906486358677 3.01990462743075 0 217
0.162855883319936 3.01118894937338 0 223
0.0110637450418054 3.09905200526663 0 224
10.0058076698138 3.02892558239561 0 224
0.829311749295194 2.99470873127892 0 225
0.043882100714075 3.59009312442649 0 225
1.1799344801539 3.4499270988652 0 225
0.190667069688203 3.17127638907759 0 225
0.00305453004558291 3.24257643984341 0 226
0.0978827346482454 3.3861199993345 0 227
1.38394502182525 3.33710606727154 0 227
7.69887901723049 3.12690201863864 0 227
8.21905971351382 3.13063063071331 0 228
13.9441714305272 3.32257228520445 0 229
3.64252604101796 3.1750351156176 0 230
11.070449177378 3.81077806081184 0 232
1.46361261199429 3.2615876529599 0 232
0.0155639772341049 3.02018250040705 0 234
0.143447718838588 3.57214316100314 0 237
14.3173305249397 3.00365428456221 1 237
14.8963959570132 3.33758849550374 1 239
1.88894559218087 3.77559612624611 0 240
0.00851657431565455 3.03732084395424 0 240
1.10035855663169 3.00613015400074 0 240
0.0350633566920247 3.10889843241939 0 241
0.0663966291899091 3.08455622675197 0 242
0.0547934515145154 3.37754849240225 0 243
1.57259739295586 3.09166410295628 0 244
0.142027575377699 3.20907924950963 0 244
0.0736027164087628 3.10028021898532 0 245
8.42076331612331 3.02188446698121 0 245
0.00348035873421185 3.24461699527781 0 246
13.8452579089722 4.07373930817798 0 246
14.0874228762411 3.8559870123035 0 247
14.0455725976496 3.15282687145952 0 247
14.0951496659839 3.36185067324454 2 247
8.04712799799456 3.7273081404247 0 249
0.0414546331078818 3.13132684791624 0 250
7.90108918919521 3.05255753493959 0 250
7.67812778534908 3.69082296799912 0 251
4.32942656679836 3.07457748389897 0 251
0.0651465364229847 3.24064236217207 0 252
1.22085903418447 3.1547630736236 0 253
14.0408173887287 3.13068808269038 0 254
9.41552711175902 4.01982547902808 0 255
0.00296125384983785 4.17759018892725 0 255
0.0127970815945756 3.12530894160852 0 256
13.9655502116946 3.0605664251592 0 256
0.0234083533205808 3.03443866815505 0 259
1.4142305955425 3.33798412752266 0 259
0.132731781185075 2.99432030837105 0 260
13.939185475288 3.1273039355638 0 260
6.96306474575112 3.0099922493163 0 261
0.401746661450916 3.0883920694999 0 262
2.56224987190673 3.27466083977232 0 262
0.0561067945639483 4.03912721774173 0 263
13.9745918352454 3.03080603845183 0 263
3.89434614276049 3.72228552283787 0 264
4.61519696842135 4.37571266571474 0 264
10.5267740044004 4.11901639071908 0 264
0.00120553000171556 3.46399415857808 0 266
4.23484924702767 3.30275582604999 0 266
13.8135336065563 3.3021454028078 0 266
14.1465359888203 4.14109074920714 0 266
14.160464098369 3.90665538633005 2 266
14.3293478489412 3.0390692673843 2 266
14.1482983536526 3.06214050168258 2 266
1.08519213224115 3.10430810940494 0 267
13.9407872207548 3.29212290428566 0 269
14.3411291333614 3.20593661797143 0 269
13.0564612730844 3.07167478028295 0 270
1.33960125000801 3.75810015598046 0 270
14.5318365366288 3.00435048170254 1 271
13.9736976292736 3.09853675957601 0 273
2.12808891762057 3.11450333944019 0 274
7.71354390412457 3.79009265633387 0 274
14.0465024233469 3.51746797091162 0 274
14.0919198582896 3.10500117767635 2 274
13.8049581797192 3.37280641649385 0 275
0.339544620211885 3.69674974320849 0 277
13.974206477232 3.28339367935485 0 277
0.0920862664313786 3.37495536548159 0 278
1.7105626774099 2.99485066129943 0 278
0.281677509308642 3.00500275306052 0 282
3.36539317653296 3.13525565059521 0 282
0.293831192776804 3.24464912466701 0 283
12.9499151781739 3.01103697230693 0 283
0.00171783178975578 3.47394316695596 0 284
1.38892392576483 3.06523290370046 0 285
1.38665755689419 3.24727988111531 0 288
1.69737827779528 3.23241126891127 0 288
12.9678014988531 3.06303028861551 0 288
0.0132915034829654 3.12248503775422 0 289
11.0793751259766 3.07627666441313 0 289
14.0273001004762 3.24182845940884 0 290
14.4888632552788 3.08708764128641 1 290
14.6562722899575 3.21518459138001 1 291
7.71702605725313 3.82814488756413 0 293
7.72610962194608 4.3889138626254 0 293
0.112754031206662 3.004272613306 0 295
0.0172433519760356 4.06542870703543 0 296
0.321364640725955 3.12202332225649 0 296
10.1256321387843 3.85083514092786 0 296
0.410479762899807 3.13775993060275 0 297
0.0256601790063004 3.39522720049349 0 297
0.331139037951857 3.53107223758881 0 299
0.0499332435112651 3.15167053046795 0 300
14.4084259097689 3.174143842481 0 300
0.966386520578306 3.13003186379905 0 301
1.80485629313757 3.54322652667602 0 301
9.43575021358973 4.79925710177395 0 302
0.748806090064071 3.0791197968004 0 303
4.032416792381 3.87339316115524 0 304
4.68046217684387 3.12221204800512 0 304
0.0207506385487972 3.66284536877632 0 305
0.195657301995127 3.24742791098459 0 305
0.747226166000116 3.53408591673306 0 305
7.86435380128594 3.68682957782048 0 305
14.0365028848436 3.0143004927207 0 305
7.31343771478313 3.44596089361515 0 306
0.0712307086272459 3.03408894998712 0 308
0.01093513298126 3.39207805087013 0 309
0.0414678325986827 3.2367284677874 0 311
0.37766305785549 3.32368345777509 0 311
0.880194339511671 3.18318267571173 0 312
1.749416489962 3.09305305647534 0 312
13.5392371828104 3.12864494012826 0 312
2.6524534425549 3.66829654446362 0 312
14.7966527673672 3.25507531889099 0 312
13.1989531912048 3.12365968713251 0 313
0.169634555800276 3.38716843383961 0 314
0.160733156887024 3.69817664049943 0 315
0.12638377129383 2.99385640981206 0 317
0.38167589187238 3.20353686757563 0 317
2.47624707315649 3.06274867386278 0 317
0.148802023505507 4.30267906612433 0 318
10.3843197736766 3.35601090430007 0 318
0.0448077358247988 3.27807774093139 0 319
10.3627326680537 3.04299412580416 0 319
0.0383933581126156 3.2962247594635 0 320
10.0045856745016 3.00628295321715 0 320
0.224539507464437 3.29972055606482 0 321
0.0848209849165602 3.20241297709671 0 321
0.161166545862276 3.48357272565294 0 322
13.9415784419433 3.08204824244144 0 322
12.84749955551 4.94798561371133 0 323
13.1142802368519 3.15461376804154 2 323
12.8476479143727 3.11893852397358 2 323
3.13256439939441 3.03315413093978 0 324
0.32154283520973 3.04740307742683 0 324
13.9434322771602 3.52831971184418 0 326
0.0273878165823461 3.07969245923441 0 327
2.95180525008875 3.24113587760356 0 327
14.4782437946737 3.71179950482823 1 327
14.5830244035745 3.12951974628017 2 327
0.0592253764969542 3.17683061881179 0 328
10.9533285335386 3.69123686678535 0 332
12.1475337343044 3.10061951281921 0 332
0.697532788526929 3.20889671752489 0 333
3.11334666235568 3.19233225358886 0 333
11.2942536237682 3.27624177165162 0 333
13.2025365444576 3.31234734504744 0 333
0.00545210744264482 3.09539197015112 0 334
0.0488002647096838 3.24704159177382 0 335
0.0212873816727519 3.19860661577414 0 335
14.0986154242859 3.468500774888 0 335
14.4291551215004 3.11590918190276 2 335
0.711992147262056 3.68394629987676 0 336
0.0788315159978092 3.21147318423867 0 336
3.35768741194377 3.1693181165148 0 337
10.3456071205036 3.19454945094403 0 337
1.46327268506601 3.04680287219844 0 339
11.3375667237205 3.19620950099997 0 340
10.585204513151 3.23393728505178 0 340
10.4049410365591 3.11013667652508 0 340
8.10253567925627 3.13631077905517 0 341
9.5911743357518 4.15194692764508 0 341
14.2970806216272 3.16913297427235 0 341
12.5461624189517 3.44669481054747 2 341
3.74816159425055 3.20178710413401 0 342
0.434642553449357 2.99728437505698 0 343
0.317282777254072 3.56614619156561 0 343
0.167450197707836 3.32094178019597 0 343
13.9764686225928 3.22249501661855 0 343
0.0145822629967222 3.18826626861359 0 344
0.0659585924183669 3.02704802766558 0 344
11.4221085002494 3.05434379305111 0 344
2.11903304455486 3.01879663528699 0 345
3.07720839719495 3.50921320609067 0 345
0.019420375939015 3.04261005700156 0 346
0.043049165047894 3.3641273456084 0 346
13.4166895341698 3.24155260659209 0 346
14.9819773709491 3.01283268017576 1 346
0.0109755899196267 3.17510016377164 0 347
0.0625911214449674 3.20057353692788 0 347
7.69646388667564 3.84828170343146 0 347
7.8891448961768 3.45975836167468 0 349
10.1998856630045 3.60525049341036 0 349
0.037860191411077 3.38739536421078 0 350
2.87112065983403 3.66673584199856 0 350
0.938585881577251 3.04660253154086 0 351
2.93101918114889 3.11608811666312 0 354
0.115638312755253 3.78058496702054 0 354
0.296750720037431 3.33800767828632 0 354
1.54020913509975 3.00643407072478 0 355
10.6083171493761 3.6644004112973 0 355
10.7598077845148 3.06415098339355 0 355
0.281455371452646 3.42158639019345 0 356
10.7293528852805 3.48407456788226 0 356
5.17959986320873 3.15849950476285 0 356
0.00403540171200589 3.16904094368946 0 357
0.104058083160946 3.17183494075915 0 358
0.0998577572491398 3.23667743191791 0 359
14.8646761089653 3.34593500694568 1 361
4.73204912157231 3.29917089436127 0 362
14.0671614614871 3.91229018916613 1 362
14.0740461797859 3.36024075665378 2 362
14.1021964513646 3.02261730363125 2 362
0.142423722455867 3.05959744558047 0 363
14.2600959231235 3.142841955977 1 363
14.2628485929776 4.17691997786766 1 364
14.6666177477516 3.09840765411646 2 364
14.7520327610955 3.07291708895078 2 364
1.2768995275262 3.08451708961107 0 365
7.72267183383985 3.05600919721056 0 365
13.9517484877376 3.56894668016558 0 365
13.9626133127835 3.07553638753444 2 365
0.047170702989809 2.99025644486404 0 367
13.8168132673491 3.36147418304707 0 367
14.7019821642056 3.03294133205081 1 367
2.82172446749088 3.0193997915209 0 368
1.00720670069707 3.07500245094556 0 368
4.60002701347919 2.99600175235106 0 368
14.1585073260776 3.26271082582053 0 368
0.285466813313023 4.32644140307168 0 369
13.5085914910374 3.19947610021929 0 369
0.0122267187799643 3.23370711754902 0 370
14.9680301711519 3.91571036110058 1 370
0.0732089104900985 3.03559120873042 0 371
13.5546106110848 3.3604309581005 0 371
0.0136407843871365 3.3053454925081 0 372
2.5797987338333 3.68316315196527 0 372
0.980817115869086 3.70160096786655 0 374
3.03922985731759 3.66012333255437 0 374
0.115627118195688 3.26061760128934 0 375
0.896202790556559 3.63786756535136 0 376
8.37643020139599 3.50573301361438 0 376
0.576098513115025 3.43632078004411 0 377
7.89598285830603 3.28827759963274 0 379
1.73840126949711 3.02523246402495 0 382
5.12426677387148 3.46820178536295 0 382
0.56981072287767 3.09482971131651 0 384
7.49999357236377 3.20492235020562 0 384
0.97557248515715 3.69986198022685 0 385
11.8045534644144 3.1090629117858 0 385
0.215117540729454 3.11714798981766 0 386
0.10832896033493 3.10711418004179 0 387
0.195496807223222 3.04969196084284 0 387
0.140595927551976 3.22604803118292 0 388
0.0822103673297036 3.20242332326363 0 388
0.0860941862395838 3.03497378372355 0 389
0.134697564746594 3.36691139157419 0 389
0.319846675986147 3.5036874455412 0 391
14.2009231942627 3.48997513062291 0 391
14.2478094263529 3.17240564441518 2 391
14.2498208410265 3.30424530962229 3 391
0.199568037631583 2.9978870940544 0 392
8.44775519867746 3.50950446618649 0 392
0.0825670219792652 4.85391858160375 0 393
0.150407724338507 3.38809684856701 0 393
14.9503620354548 3.02283790873794 1 394
0.174869657601806 4.50893169865489 0 395
1.16980232879127 3.10487263495961 0 395
2.09565870600989 3.07148478987949 0 399
12.7211700199576 4.0913648745386 0 399
13.622083546751 3.10138447340891 2 399
13.7307310866992 3.27488201840879 3 399
0.164858621141215 3.0269382261124 0 402
2.70742742981291 3.0065072473413 0 405
0.0207693635323991 3.04907816171626 0 406
0.000643578091510182 3.40263172554031 0 408
13.2373732980625 3.33775146782902 0 408
0.889120334125359 3.31080804477691 0 409
0.0763471615847018 3.04505625047721 0 409
6.47057844307018 3.39188996876518 0 410
2.14465684335496 3.14920189929191 0 410
0.131539185630621 3.31428651342696 0 411
0.0292945506566583 3.33837514264782 0 412
1.10358170026514 3.04060406258615 0 413
2.16634941016452 3.81909278889792 0 413
14.8882834707942 3.04591622568915 1 413
0.169081323237615 3.29296554368451 0 415
0.0196698052235777 3.26899331341599 0 415
0.0713616701090358 3.13312331286465 0 416
12.9495519161028 3.43340713735529 0 416
14.1002690195196 3.36081541275765 1 417
0.565768467916936 3.16988785834261 0 418
0.165718647934479 3.11928206791589 0 418
12.8521943394288 3.01731351998493 0 419
0.53877926600143 3.11940774233584 0 420
1.27449568763499 3.2904368462686 0 422
0.894308027605998 4.98323035271349 0 423
4.59922387456559 3.09629841257512 0 423
10.1498935680431 3.33067814070259 0 423
0.106234352587429 3.03633526299235 0 425
0.0279611380513813 3.15253274122215 0 426
0.255274268703522 3.07164370328006 0 427
0.0165939258522789 3.0129197355703 0 430
8.45763433286381 3.02172060363339 0 430
0.0184905588452754 4.20483627386866 0 434
0.0151667121531064 3.02426551431143 0 434
14.7413589969833 3.98759792751109 1 434
0.580616021682862 3.34948113357835 0 435
2.93825134241783 4.1553748896276 0 435
1.26106428093939 3.40229931810263 0 435
14.9775159586311 3.05900096844394 1 435
3.14438575195179 3.03520598062487 0 436
11.0580486229002 3.69667551862547 0 436
14.9934936709792 3.33935483618986 1 436
14.9937343289838 3.28459345438321 2 436
0.0825608011824842 3.31864199119293 0 437
12.8426914300067 3.19297016552104 0 437
0.0426144171368143 3.13247479115624 0 438
3.39069200539493 3.11172700462561 0 438
0.499044359802705 3.67949613027904 0 440
13.9930560773104 3.6662582744599 0 440
14.2168037375749 3.76183331476376 2 440
11.6575786937504 3.61884765137714 0 441
8.5197773931715 3.14228415704839 0 442
8.83862887574402 3.05416102581603 0 444
2.92511503276285 3.07555474251447 0 446
11.4878352247822 3.39959632437241 0 446
3.07421417405941 3.12309358823417 0 447
0.000862569604111727 3.41349716854446 0 448
2.63466468140026 3.2415323026637 0 448
2.65267786057662 3.46578243950878 0 448
0.182094168154498 3.09711901221474 0 449
0.377182464160329 3.0227294129845 0 450
10.4637008612556 3.13083126924756 0 450
5.97950468518471 3.99575334482031 0 451
0.0262846246489132 2.99769145011566 0 452
3.72764392145636 3.03480088143317 0 452
10.1183763045727 3.81160247489991 0 453
10.1792777874604 3.11254512997107 2 453
0.441396246430698 3.31732085374646 0 454
0.923279778113038 3.46893151268092 0 454
12.9677591999895 3.51077290540398 0 454
2.12177813765129 3.56945564988904 0 455
13.0271332749311 3.04167772316432 0 455
1.23183811568596 3.14308776393706 0 456
0.146957495743842 3.10734400900599 0 458
1.87218852821583 3.13489372243833 0 459
0.0426611885109237 3.6266324139637 0 459
0.143371933601774 3.24835953832233 0 459
14.6383677852167 3.82622504980133 0 459
0.441417992766898 3.12898393963414 0 460
4.76650730684949 3.08276856695208 0 460
0.693134908108762 3.28916987042196 0 461
0.0482542902305752 3.02302477938705 0 461
10.9493041653669 3.25730348306772 0 462
10.3885398827126 3.13872416442653 0 462
12.7649896912716 3.20495049738444 0 462
0.164140131299861 3.2265774553541 0 463
10.4143361718734 3.23162306550539 0 464
14.9262611832559 3.03553021497108 1 464
0.0499511951661651 3.12826105946532 0 466
8.48233673453719 3.13323442266884 0 466
0.110522452632949 3.70600259264586 0 466
14.7307598930049 3.38390584841803 0 466
12.8638267418796 3.18011881364742 0 466
0.0642580855267608 3.33752135209369 0 468
7.77228568625882 3.09285672743014 0 468
12.1560020316796 3.06360996018833 0 468
13.9379526375992 3.38876622254142 0 468
6.24206687942776 4.53714107778688 0 469
0.0532058751113066 3.08182010353453 0 471
0.0371833476724249 3.50758237838405 0 471
0.0411442027210926 3.28030327354037 0 472
0.0109695326986048 3.15535889117528 0 474
8.12753509507704 3.37694263025941 0 474
0.00700349858717833 3.18204471929321 0 476
1.69890013961509 3.03539211752074 0 476
0.891872735280193 3.07544764682108 0 476
0.0420919635552276 3.54956371904274 0 477
10.0013732838299 3.35473960214995 0 477
1.82073521238714 3.38553185958481 0 478
0.0431798564730083 3.48561248301776 0 479
2.19123494594767 3.44933821826768 0 479
0.423244145769502 3.07354082840408 0 485
0.0159064433789254 3.15174125886455 0 485
0.384283350875012 3.04062041896755 0 485
14.1396615263577 3.18996808532915 0 486
14.2945882975214 3.62333392204107 1 486
14.2222522846109 3.19241994772995 2 486
4.62833304545686 3.20934921054334 0 487
7.34485315418522 3.23584870152414 0 487
0.00206388881035375 3.16569550304268 0 488
0.593214638873387 3.48795170366749 0 488
0.133453663724994 3.00819461811402 0 489
0.0020544724064464 3.12932139751571 0 489
8.02461418605148 3.01920014473415 0 489
13.8155457289827 3.00398100492071 0 489
14.130114902922 3.18412644003055 0 489
14.4710058212836 3.05774317555227 1 489
13.9398223346506 3.58383283237938 0 492
14.8226774362237 3.43024029805873 2 492
0.276127383818529 3.21887878788505 0 493
9.73438230685811 3.4123466026782 0 494
6.99481697442464 3.08181269640613 0 494
0.704771060909219 3.18878724159298 0 495
1.14152653041884 3.01016260266588 0 495
0.289890053201723 3.24369014254495 0 496
0.645877415329875 4.97196818193507 0 496
4.89594764467563 3.5099853885041 0 496
0.005233544742866 4.50531419402876 0 497
0.417948509690361 3.42726972630599 0 497
13.3722962612902 3.01418429332232 0 498
0.87699350152356 3.47293413722658 0 499
10.3921429979479 3.04933441867302 0 499
0.0884232611469887 3.02586936542595 0 500
0.0245105483147076 3.04337844970113 0 500
3.99742985549882 3.04388844594179 0 501
12.9557674386485 3.19210816136972 0 501
1.61068492773382 3.17743365386073 0 505
14.522416490046 3.03304100386027 1 505
1.99704011080623 3.16132748452218 0 508
8.15291122827936 3.01573030878092 0 508
13.9476604190273 3.02180867487455 0 508
0.00558429971587436 3.16822670762416 0 509
13.906971402346 3.01946941359249 0 509
0.320945767901232 3.09740386120818 0 510
14.0961131464314 3.03260034485721 1 510
8.22065861620073 3.47947383818027 0 511
13.4561334754106 3.24485173844336 0 513
0.0911059052119688 3.1848213967583 0 513
14.0189310061449 3.05543758012281 0 513
13.9783285596293 3.47959785524426 0 514
1.07399602785499 3.34489802460984 0 515
0.12938358558382 3.20988226657325 0 516
9.4274215189694 3.60057108116893 0 518
1.48219526190613 3.31099298131793 0 519
0.462464430169754 3.48440559388725 0 521
0.0565159343593696 3.16442838419777 0 521
0.113571947007773 3.95010011104644 0 522
0.530081320816056 3.16806378548849 0 524
9.91393123039242 3.77493087375044 0 524
14.0888548124223 3.85772833380346 0 524
0.0667481631183203 3.60087484826517 0 526
0.42213912950062 3.05490519151912 0 526
8.56083893027208 3.25974128669892 0 529
0.0241071788276738 3.02163508376153 0 530
0.190123139764481 3.9196006762854 0 530
9.72552604879375 3.31531047309681 0 530
7.69328668051246 3.09103133416503 0 530
1.34750399800835 3.36066911371597 0 531
12.7945988838837 3.65590089005572 0 533
2.47904210674274 3.16777393667981 0 533
0.00317155293783378 3.07458881846331 0 535
7.77618735034496 3.77264223042416 0 535
0.076554848517877 3.9098056448262 0 536
0.451243975267232 3.11132745673541 0 537
0.0797224794508929 3.73483121035507 0 539
0.863263928118503 3.25909832758047 0 539
10.6488495926844 3.1905674239623 0 539
14.1157738421202 3.1989368213411 1 539
7.88410339684418 2.99059756116136 0 540
10.4406721449693 3.36401436213308 0 540
4.61267374244122 3.07782559815727 0 542
4.78644967187537 3.29588343946856 0 543
5.41916809104131 4.23195489645735 0 543
2.17377964966576 3.01228596372689 0 545
4.36324584290399 3.71285634099286 0 546
0.01719532003005 3.32840941873405 0 547
10.2161437028609 3.27966598752856 0 547
0.135722019933124 3.31485533378927 0 548
6.93306525622285 3.06599653113657 0 548
14.3667139240821 3.98986107287017 0 548
14.3743950553542 4.08084260646852 2 548
14.4080464007321 3.24256567666865 3 548
14.952180159258 3.24886638174 3 548
5.54150677753997 3.07801221119133 0 549
0.185729883462147 3.00851841632177 0 550
0.316605679158767 3.16013057131219 0 550
13.9430815515787 3.09849373377077 0 550
0.947608037500786 3.14798429389957 0 552
1.78448240030046 3.02377323882516 0 554
1.13432616573491 4.53028859118386 0 555
0.0233846748748095 3.25683662065167 0 555
2.5918033200552 3.00986943353027 0 555
14.5164152492393 4.35668371309576 1 556
14.6676410625282 3.28066762001018 2 556
14.8915685423036 3.05831361850913 2 556
14.5969481010737 3.13385488896405 2 556
14.9706183415483 3.32388187665512 2 556
0.0424352579948006 3.31487818412448 0 558
6.86310416985413 3.24138123105421 0 559
13.9939364809283 3.50520351921692 0 559
14.113714152705 2.99633848402486 2 559
0.138146341868583 3.40659747160924 0 561
14.6791659182959 3.01105505181456 1 561
1.34222800100191 3.51096606091775 0 562
13.9799323270154 3.34688241275941 0 562
4.70770036161325 3.13840868901342 0 563
8.93674771924115 3.34132282043876 0 563
14.3591585603167 3.24179855398757 1 563
14.7271293347307 3.01984534503347 2 563
0.335219666412565 3.1920901411645 0 564
1.35715812097302 3.3822534916385 0 565
0.507468535132951 3.64177075331445 0 565
0.0311912490350312 3.63152423558712 0 566
14.2968581564814 3.22785055341064 1 566
12.8463920601108 2.99738026987484 0 567
13.9666057235099 3.67296554085677 0 568
14.1490227693316 3.56429456605077 1 568
14.0280264136006 2.9920581957048 2 568
7.3516062744063 3.4942741540095 0 571
0.526201236952636 4.19128394879601 0 571
0.00287641938442643 3.34846170579595 0 572
11.0156037503793 3.16207666213272 0 572
13.830059349217 3.51123856660076 0 572
0.0038255317524842 3.50407737731574 0 573
1.73961325769643 3.13387731151631 0 574
13.9863771383835 3.25702254627005 0 574
2.50357946198387 3.71485850676928 2 574
10.0888346915258 3.08749390738871 0 576
10.6447352123785 3.0574471496005 0 576
14.677473824751 3.34408301962591 0 576
10.8448049428777 3.01715963874931 0 577
3.70672707549743 3.52467638322842 0 581
14.040212035095 3.01854005383151 1 581
8.00834672122916 3.17618176115005 0 582
12.2091325523538 3.16973206718509 0 582
0.243446609174119 4.20607303327732 0 583
0.0599030303884198 3.69572644519307 0 584
13.4646426050026 3.55957392244066 0 584
14.0623738418227 3.61504744458481 0 585
14.161113062076 4.16128854171644 0 585
14.2403114714097 4.00901245662319 2 585
14.3776537565667 3.26952778553756 2 585
14.2554909951406 3.05966984661171 3 585
14.3913108253058 3.68551532945717 3 585
0.047676775052838 3.46040751713478 0 586
3.81748212355143 3.17269304911661 0 586
14.2419562816244 3.05058011230337 1 586
0.0425554884407751 3.64139593062219 0 587
0.0813573786388261 3.43435921587202 0 587
13.5074786294328 3.18529671542053 0 587
7.863290264534 3.46415804464654 0 588
0.0413407566386852 3.42095672096005 0 589
0.339249819463079 3.29479968125344 0 589
2.99073184680065 3.25618194798246 0 589
13.2507933877541 3.20157691516365 0 589
0.238037531913151 3.84284904297632 0 590
3.0326494537813 3.00315365892464 0 591
0.14702149700059 3.07511304465325 0 592
10.0390560465679 3.06088412140752 0 593
6.87024437261512 3.99933874761562 0 594
0.309122043730356 3.28480826450243 0 594
8.3751305654958 3.67952247247706 0 594
0.0915653271119787 4.92534539142862 0 595
13.869698761445 3.06452886579992 0 595
3.39750063707706 2.99039072968916 0 596
8.1108107152306 3.39937819021238 0 596
11.2769726620162 3.22011994566105 0 597
7.99711109143916 3.26778535084541 0 598
14.9570709817667 3.03239052479711 1 598
0.0734737944217956 3.10787070494565 0 599
2.57443258391413 3.86837806048431 0 600
10.3634778909803 3.01596277675437 0 600
10.4049459867887 3.119802990755 0 600
0.552707694477844 2.99135759342368 0 601
0.0736802319955081 3.38469156905367 0 601
0.120305786171282 3.01059189542752 0 602
0.66688025992464 3.25493809841642 0 603
3.11876397903399 3.49520673644863 0 603
10.0825110082699 3.0055956800417 0 603
10.3721234115619 3.48164857944114 0 603
0.0936420280587214 3.08893627803123 0 604
14.1323074239323 3.5933712039181 0 604
14.134830908992 3.06286658104975 2 604
0.119820997333762 3.06380298762303 0 606
3.95668970186793 3.02609030594883 0 606
0.804026783514354 3.08216890008793 0 607
0.274091008418953 4.2374699133457 0 607
10.4919536636657 3.26618228777923 0 607
0.224952289483084 3.27809613832484 0 608
0.0282538437042237 3.14390814545584 0 609
13.8158567916912 3.01426348443197 0 609
14.0048533291536 3.1977563958009 0 609
14.2458614659425 3.02231511762045 0 612
3.37961934443703 3.80851520292878 0 613
2.1276915339899 3.78035210304763 0 613
6.72649084395201 3.21275095236441 0 613
13.5685817644247 3.02010130546878 0 613
0.0827537754454615 4.02336064338172 0 614
1.74340448582619 3.08742685983455 0 614
10.0269782851036 3.00349449748175 0 615
0.909686947697979 3.05552676317275 0 616
0.0356269528774637 3.55839061360702 0 617
2.15154310949075 3.00765754563387 0 617
3.13064136037339 3.45089460040017 0 617
12.9957370335307 3.27202468158763 0 617
0.121631740756548 3.59895314910122 0 618
0.0474484478757702 3.03332947468648 0 618
0.00730969464507158 3.06726161997144 0 619
1.13189264656316 4.01167419007238 0 620
7.55122527652703 3.59428600926183 0 620
10.3691618747579 3.0267429399659 0 620
12.9963643408926 3.01572485726887 0 621
14.3610872078311 3.08497078039149 1 624
14.3936379371133 3.10143722189429 2 624
5.68783381804196 3.111776410678 0 627
0.000916226631401819 3.13923039676899 0 628
0.91242842514994 3.14937778170581 0 629
0.0153506673747041 3.02512256213196 0 630
0.247179350127131 3.10496143324727 0 630
13.9474104508949 3.41853510046397 0 630
13.9560364912949 3.13876720690461 0 632
8.06813838874405 3.15172598683151 0 634
0.0564911391405755 3.46812637316721 0 635
13.0301979522289 3.36364431988497 0 635
14.4755930382848 3.59222633919037 1 635
0.0718191029619375 3.00055280001609 0 636
1.4863309917804 3.40150342286807 0 636
4.72511667226249 3.23507544532829 0 636
0.0593626638544381 3.13423157957116 0 637
5.66502864425202 3.48924751941655 0 637
1.16907996983245 3.00747766964657 0 637
0.430436334324954 3.14278975146066 0 637
4.23741504587708 4.46416665676907 0 638
3.21354727868523 3.05248174688626 0 638
0.160670854559512 3.85654614158293 0 640
8.40170707629144 4.3789563557971 0 640
0.0197943217523105 3.13165298621261 0 642
14.3709957275234 3.42657732203669 0 642
0.171570174323548 3.25952412127755 0 642
7.87221303316978 3.21519590248226 0 642
14.4861961851534 2.99041623940438 2 642
14.7727743135777 3.06903126152653 0 643
14.9600589427898 3.50675452143096 2 643
10.3660069753723 3.1137934336908 0 644
2.13333031710003 3.04122347976831 0 645
0.0451847273437456 3.05067271907168 0 646
10.4493435786091 2.99027245653523 0 646
14.2868271620568 4.57312375064924 1 646
14.3767675397904 3.04240119717836 2 646
14.4249160214293 3.04520315467841 2 646
14.2870310464553 3.39415257882499 2 646
14.7645489269989 3.00679716828273 2 646
14.8089443933406 4.10716253284374 2 646
14.5862847143177 3.0826678743456 2 646
14.9511772952509 3.22034213498952 3 646
14.9370488502344 3.26347857654271 3 646
12.8943295747858 3.2111510736763 0 647
0.0227194479912551 3.19761817222273 0 648
0.00298953665129628 3.0035988786213 0 648
1.27273507273728 3.91041979365973 0 648
0.0155265663171515 3.28705792478946 0 649
8.06393564877153 3.545771232339 0 649
0.223813219799017 3.32643418453896 0 649
2.27360078198188 3.1647182144164 0 649
2.25299755726988 3.03633255822387 0 651
14.1301823177194 3.14120194688567 0 651
0.00857866472076955 3.20099390381047 0 653
14.7369778949391 3.05362525539425 1 653
0.457413054084442 3.06853884161332 0 654
5.43618410138823 3.90365521463483 0 654
3.23403939067865 3.46069585222719 0 654
4.66022733366449 3.12268454487529 0 654
14.7086808655035 3.03125885252325 1 654
4.56441451233711 3.07114466141065 0 655
1.66061642982529 3.19044433912858 0 655
2.1560794325849 3.10221956828589 0 655
13.0443440002842 3.2489844728589 0 655
0.431650888619858 3.40157666221728 0 656
0.0468150598438818 3.4684160785175 0 656
14.8405572279912 3.54793208217262 1 656
0.0265231894342594 3.24406181602252 0 657
8.12198253371447 4.06099298080522 0 658
4.96740178449174 3.29411301352011 0 658
14.0050125043761 3.01981107225731 0 658
14.2501941902187 3.11133003325912 1 658
0.0483139471173934 3.42911793496489 0 659
2.83152388847518 3.05512032771445 0 662
0.616165101358664 3.42238468952614 0 662
0.08348678693102 3.09967254330939 0 663
0.10522747374238 2.99435581095243 0 663
0.870155400500522 3.27456024884455 0 663
0.261671193296162 3.32282032175613 0 664
7.65963532367722 3.56774031181113 0 664
0.0125547926962367 3.02286258240041 0 665
14.0735666744083 3.23780116899174 0 666
0.0216240113598263 3.21090327813123 0 668
14.24716221882 4.00993608008057 1 668
14.2891706793094 3.27416456610062 2 668
14.2707936061038 3.29172019792714 2 668
14.5740467693565 3.06388955534981 2 668
4.91271706089618 3.5083365008523 0 669
10.608478155226 3.30285930468506 0 669
0.00918230682488565 3.67804474715514 0 673
4.68677494237844 3.54493821351206 0 673
0.0607098046634508 4.51661126754085 0 673
14.3989253550279 3.07442949612721 0 675
0.472195103973988 3.06020439248028 0 676
0.111800970774344 3.05629746682653 0 677
0.111783121650405 3.43509395732286 0 678
7.40963281783261 3.29195965923909 0 679
14.0313953043718 3.00189146662105 0 679
1.23254004811066 3.06814498942965 0 682
1.75174605138083 3.01201530789314 0 682
4.68825033766591 3.88659404123653 0 683
2.16838928741894 3.43652987471418 0 684
4.39368783594673 3.16936394980876 0 686
9.1351047294981 3.39982599958318 0 687
14.1878787862692 3.01056427025296 1 688
11.0374707964969 3.13104409080994 0 689
4.20155322668414 3.12615251882756 0 689
14.4536489456982 3.1663749062853 1 689
0.263864006776022 3.1724602287014 0 690
0.131733648880918 3.91155515626543 0 690
3.92156861406056 3.9094630843623 0 690
1.4590417941074 3.02093726176662 0 692
2.03171531802765 3.14921424213271 0 692
13.9390070609653 3.04466772767247 0 692
3.74098824302499 3.01966087923954 0 696
2.34223323619736 3.34281936697413 0 696
13.9606764861964 3.30147803868614 0 696
0.85333214247919 2.99388072087535 0 698
10.3879787198029 3.16219218155504 0 698
14.3169317385248 3.15951634165005 0 699
0.0744486305659124 4.76996347617852 0 700
7.70560124953051 3.01390616760266 0 700
11.1656437356343 3.08378688381074 0 700
0.154296000129342 3.01654735118107 0 701
10.9988908927415 3.19398346698818 0 702
0.00889578218891623 3.07394291589709 0 703
1.45979577048601 3.79005202180118 0 703
0.217326349966596 3.01140359069841 0 704
0.0201301715172453 3.02354403335763 0 705
0.259731103259662 3.09584442877843 0 707
0.230443641322147 3.47953551587729 0 709
0.309340604699662 3.32779540381699 0 709
0.250553112860701 4.41395972764245 0 711
8.15082921444978 3.35935160532867 0 711
14.2107210004792 3.64157266314866 1 711
3.67970864804762 3.23047034378856 0 712
10.5902867253741 3.18636584256244 0 712
10.7364990765277 4.15688690613984 0 713
14.0941451518991 3.31427474992254 0 713
12.353644427957 3.17953115166948 0 716
0.134592749095543 3.33032845401819 0 717
14.0187115553799 3.77115026983906 0 717
14.0514106592878 4.8771475883402 2 717
14.078318577649 3.01669120637632 3 717
14.0716129502956 3.66999961503287 3 717
14.3960806844563 3.43444062702679 3 717
14.4010428591548 3.24589665487149 3 717
14.1774590215928 3.40609745605581 3 717
14.067918385071 4.26150669513505 3 717
14.1026667243544 3.1657490769492 3 717
14.0724084116262 3.72331482575305 3 717
14.5064219182262 3.10036840165333 4 717
14.0697925875873 4.15865282676134 4 717
14.204142830374 3.22818837482635 4 717
14.2606257149914 3.65618419506958 4 717
14.1748353683836 3.23638677127927 4 717
14.1307640527455 3.07163258605215 5 717
0.0134437804122369 3.78384063263676 0 718
5.84563608444298 3.73750109821818 0 718
5.79168215698417 4.09551504535005 0 718
0.0695667996541799 3.47666195829215 0 720
13.4686727435169 3.0902251630603 0 721
1.1311400970396 3.19450553744897 0 722
10.8712159970593 3.49754204052527 0 722
0.0281344779962519 3.14198570926134 0 723
0.00676902267915531 3.37625320623152 0 723
11.6968849628921 3.09380601202735 0 724
0.0355628826967889 3.0021773512085 0 726
0.195146442517278 3.78046204233146 0 727
0.155674838291051 3.23593887738195 0 727
4.71456189516715 3.30599756178925 0 727
0.332374283319412 3.09645015766941 0 729
10.3925966200328 3.17136861356735 0 731
13.2178434741493 3.22238392287317 0 731
0.0928449821390337 3.20923785018923 0 732
8.14134125718545 3.61881086325543 0 732
0.0166823613827359 3.99922454532244 0 734
3.95798924091164 3.6185407201413 0 734
1.50169248874148 3.15171849881214 0 735
0.099509471351548 3.02805235711114 0 736
0.0224047675505714 3.04745271151584 0 742
3.59071804186133 3.02036901392403 0 743
13.820946036054 3.65219068067634 0 743
0.0700520552699993 3.11396758659023 0 744
0.158435700709762 3.11285445203491 0 744
0.0902378113549502 3.19040751616619 0 745
0.353299334467608 3.0624975533817 0 745
13.2401443276275 3.20481111755017 0 746
13.8097357081202 3.08732276345867 0 746
14.4885022009579 3.46482179351755 0 747
0.164293476812261 3.91432282595551 0 748
11.1281629615923 3.34766369278304 0 748
0.0297107703985431 3.76337905173454 0 749
0.00658544438668562 3.07472676452789 0 749
4.58252578848932 3.02463240785408 0 749
1.5538850365117 3.25371718276545 0 749
7.56321497548066 3.01550752190465 0 749
14.6321258485873 5.35039595678849 1 749
14.8489630769003 3.34127304977108 2 749
14.6795460637076 3.08445700473902 2 749
14.9155652489629 3.51740703304885 2 749
14.6890007867837 3.03900259778409 2 749
14.6534140816621 3.07369358871189 2 749
14.6724585144913 3.01452421080437 2 749
14.7088193767831 3.2422656478258 2 749
14.6520074566508 3.10266743930955 2 749
14.6442643265243 3.29699437137835 2 749
14.655197826724 3.20819271918643 2 749
14.754428711356 2.99784729024468 2 749
14.6621442265778 3.63328132556913 2 749
14.7246225578903 3.00831044629533 2 749
14.886592475358 3.13192514523874 2 749
14.6414188258885 3.41089646544236 2 749
14.7239276085964 3.14350662343009 2 749
14.8921738563632 3.17329930650525 2 749
14.8148677017755 3.59600761083094 2 749
14.713943845344 3.28332857030537 3 749
14.7931742878467 3.98483418385101 3 749
14.6887360569854 3.12870929086279 3 749
14.9055976512364 3.12615462441644 3 749
14.9388735712646 3.51404551100491 3 749
14.933328274369 3.4916022214817 4 749
14.9551338428229 3.05391174984506 5 749
1.02385281778514 3.53024867846072 0 751
6.15050282042464 3.20349986465355 0 752
14.8342587492984 3.43980806542747 1 752
14.7601058505565 3.15149130713588 1 753
14.7781428881543 3.15030064540411 2 753
0.042596338168514 2.99023812231506 0 755
0.410123313185625 3.0720709148413 0 755
1.76510282006332 3.18868686756539 0 755
2.38110053900344 3.09333152696624 0 755
10.7253761068451 3.92592044543336 0 755
13.8340689835854 3.19539892260007 2 755
15.006458197869 3.18532307466658 1 756
13.0562402693332 3.26707971096505 0 757
0.0586788913231935 3.06161966434546 0 758
0.0676334264033191 3.10013806425781 0 758
14.3856465568278 3.10816112275991 0 758
13.9380676676019 3.0836334280391 0 758
6.77456230629356 3.38845894380767 0 759
14.0109692266828 3.03720155508207 0 759
7.2516667057439 3.52676017577432 0 760
4.47373796207233 3.30167124115908 0 760
10.365578209724 3.2003876290328 0 760
1.50833786117421 2.99251120769829 0 762
0.0116620285106487 3.27991002134064 0 763
0.164318675110567 3.67887992247914 0 763
13.364165386755 3.03374218692036 0 763
0.227803762230805 3.07272402458072 0 764
0.440101368332001 3.75438317054341 0 764
4.79778714826631 3.05139517032035 0 764
8.05795719323806 3.03900243342697 0 765
0.102167904402785 3.10628200632854 0 767
14.5609123034803 3.17087864273321 0 768
0.543519114383924 3.20799155334607 0 769
14.7482552616015 3.50479811112421 1 769
1.48196219230275 3.21246657077357 0 771
1.23672712329958 3.10328775555057 0 771
14.4365016558763 3.87858780705583 1 771
14.7541433387709 3.13335171623915 2 771
14.7636218873116 3.03801405228582 2 771
0.671924866570295 3.01974463454772 0 773
0.00430482734630475 4.37462486106641 0 775
11.0115165912139 3.48663842238703 0 775
13.937521455532 3.2398086740399 0 775
14.864078381682 3.10268119622748 2 775
1.37801330003018 3.02513349195599 0 776
0.0882665072426981 3.84948178729474 0 776
10.6676869567221 3.23525475068877 0 776
0.157780860882412 3.28635679368743 0 777
14.966831122208 3.3255145402709 1 777
1.30730492667905 3.0384740764958 0 778
14.4643390764572 3.31065685099251 1 778
4.82362197313943 3.50602551142333 0 779
0.0480322098697235 2.99345130663041 0 779
13.9669053837145 3.33080613111883 0 779
14.8041771381717 3.08003176404035 1 779
1.36962048052457 3.18991841968162 0 782
9.76995710161951 2.99037328954989 0 782
0.255316317601508 3.49347931694709 0 783
0.717334112132021 3.34530423027114 0 783
11.9968380222815 3.02088716344507 0 783
13.8585455368503 3.35903257006037 0 783
0.0213026454659994 3.06063211332137 0 784
0.0275169544452192 3.02767004155211 0 784
0.049819720620413 3.30428242161083 0 785
14.1648880400785 3.25591229442985 1 785
0.271200319283937 3.46183129503037 0 787
12.4082110892491 3.56820265108579 0 787
0.110267594879162 3.06254313230055 0 788
1.80440045078965 3.4141369297593 0 790
0.241558267196344 3.55979303274564 0 791
0.00437183119956506 3.3609819025351 0 792
12.7453948292355 3.27069129792614 0 792
0.13403509768156 3.02364776739003 0 793
0.255592779402459 3.35085134701341 0 794
0.0939193792104202 3.79895024159804 0 795
14.475726686892 3.09844632651299 0 795
13.9872640695278 3.53632845151402 0 795
1.17642416506189 3.08945531614108 0 797
10.368176149132 3.0328322154324 0 797
12.8578986004866 3.13216310874413 0 797
14.5734352066883 3.42556826598205 0 798
14.6173903752702 3.20810097458916 2 798
14.1029558923651 3.02772861760686 1 799
14.0233768267384 3.17462221024517 0 800
14.9313214355161 3.08394610753257 2 800
0.350016646443309 3.70149062212757 0 801
1.9625187393422 3.41606783201294 0 801
0.179344687807841 3.21447934907782 0 802
0.966124330109266 2.99195685810521 0 802
8.44185579744302 3.9757947108517 0 802
3.11804939108199 3.32593985286364 0 803
12.1498460096645 3.22455158024501 0 803
14.675769373923 4.07445708905317 0 804
14.9559194135111 4.29062894641118 2 804
14.7172451878246 3.14776785299655 2 804
14.9582040994894 3.3026199040774 3 804
0.213221362041537 3.19543258127138 0 805
0.688861882092558 4.31900450436869 0 805
0.12326642263588 3.1593484589656 0 806
13.9387769258992 3.1260129953891 0 806
14.0753718735468 3.07736500506476 2 806
13.1234812253828 3.42949343508114 0 807
10.8138863915573 3.09257486466892 0 808
14.3870002733633 3.17635828266318 1 809
0.0203088891851687 3.38719244361204 0 810
14.1075097039897 3.03796466062414 1 810
14.15282223791 3.53992143624705 2 810
0.365215394768162 3.29390175031205 0 811
2.04349714548756 3.43840214707281 0 811
14.0221106650938 3.04531099461705 0 814
0.0595850773427724 3.45263022307045 0 815
6.72146761984331 3.13703901378195 0 815
12.8567561327144 3.43535956054501 0 815
0.59712208668479 3.0923843649238 0 816
7.82213703165354 3.39887857396342 0 816
8.45222862328168 3.14924463774719 0 816
14.1309950197026 3.04439995993526 0 816
1.87284988580661 3.0845014381176 0 817
0.00244967241164802 3.01944984803363 0 818
12.8533906734556 3.18337884827684 0 818
15.0120281357408 3.01584711976217 1 818
14.6495142417584 3.17416256928267 1 818
5.76854455463666 3.16567423588104 0 819
14.2735200476922 3.66282772727413 1 819
12.9777593948483 3.0261606910386 0 820
10.3758983864947 3.23751182664607 0 820
10.0479042181029 3.06371986540006 0 821
0.233373705985536 3.23377639337499 0 822
14.3479650178583 5.24612856961877 0 822
14.3809766892127 3.11134174957362 2 822
14.5862549521107 3.34180663265265 2 822
14.4325167536191 3.07231506029504 2 822
14.5547560319523 3.33595876340174 2 822
14.363563990926 3.21479097047501 2 822
14.377414624332 3.14393638790423 2 822
14.4143199570993 4.04522264486369 2 822
14.3543272133101 3.03711230567467 2 822
14.3651358907561 3.37507119377411 2 822
14.412581524266 3.1109308067918 2 822
14.5009868415177 2.99117317175102 2 822
14.3948665353905 3.35264690281162 2 822
14.3883107100333 3.03513392920856 2 822
14.3762876313216 3.36407480471465 2 822
14.3483020913155 3.64240178284915 2 822
14.3670235431667 3.5328378299084 2 822
14.4902453623694 3.11031777958753 2 822
14.3525734333649 3.22082463198178 2 822
14.7595168401844 3.01920135113054 2 822
14.359013797417 3.04384103206433 2 822
14.8390856854331 4.31590425348714 2 822
14.4362605901912 3.08667853030016 3 822
14.5948529523617 3.50355931364152 3 822
14.6563929370203 3.36485800702015 3 822
14.6353820130695 3.25166509581432 3 822
14.7720229333343 3.61414663670274 3 822
14.648558253881 3.43421696622615 4 822
0.162425071104239 3.7549045616415 0 823
1.45716616745819 3.42436728777369 0 825
12.7868894253756 3.11712189605776 0 826
7.49937720921344 3.01581343984728 0 827
13.9657425655957 3.05391120998213 0 830
14.7967863189146 3.06298934354632 1 831
13.951213080107 3.1408191002335 0 832
14.0852262856528 3.47316532001085 1 833
0.892069742579436 3.1044258795951 0 834
1.04182843878222 3.71501769539315 0 834
0.169784714880557 3.13122605761828 0 835
14.6351362546123 3.16834319319367 0 835
1.16046541787439 3.41122746098386 0 836
2.29753997128701 3.58085590477786 0 836
13.7774750598649 3.02649959407947 0 837
14.0932020698596 3.97058844025761 0 839
13.9806907187587 3.21182933111502 0 840
0.107908449431504 3.29425589429433 0 843
0.180120391176391 3.02144428756767 0 844
14.0401472262436 3.31101345434685 0 846
0.486948529734497 3.60498993784523 0 847
12.5334800937148 3.56977952933356 0 847
13.0904000150107 3.10674181467779 0 850
0.0839507908412266 3.81023450543988 0 851
0.443043344279355 3.89049682747144 0 851
3.09572545059278 4.1519043992694 0 851
7.91057302249994 4.45966644956785 0 851
0.658968770782875 3.10745948298396 0 852
3.120049106994 3.18477934102885 0 853
0.396064629318582 3.41750316620158 0 853
0.0271511613132795 3.1560551852613 0 854
0.0279248360768275 3.18818200340126 0 854
1.83527636921215 3.19575084511981 0 856
14.0423446943421 3.39831857821145 0 857
0.754546503175499 3.01064631517193 0 858
1.206837848383 3.71235422055101 0 859
12.1676550071832 3.17395138644377 0 859
8.41860049331369 3.06161159100268 0 859
0.0243666009419014 3.23354885495823 0 860
0.567382083293621 3.01273380902295 0 862
0.51439610041955 3.84576829562041 0 862
0.0019817701894415 3.44744199330817 0 864
0.186008361889999 3.10334539840884 0 864
13.1070651141662 3.12164330795527 0 864
0.362467856955822 3.2032303571546 0 865
1.5207457554763 3.09702455731559 0 865
10.3781133036142 3.36725749948752 0 865
13.8916645978477 3.35978437586997 0 865
11.847267424532 3.68624690472484 0 867
5.31160169122026 3.0696514076097 0 869
3.17450579274149 3.571473365608 0 870
14.7299450588502 3.26894092125656 1 870
1.38424894426572 3.58415004979558 0 871
3.48503372708682 3.436167315941 0 872
0.214705113799637 3.94821049272016 0 872
14.2704131802634 3.32574695062646 1 872
14.3257311670107 3.16769867425686 2 872
14.3063578999464 3.1439932851571 2 872
0.036693293047241 3.40825950228206 0 873
4.42485565732861 3.65646463527071 0 873
0.125070229396577 4.13072898336033 0 873
12.9205832594901 3.02545334484235 0 873
14.1700359734344 3.07701018734909 0 873
0.0318687511288018 3.39946245739396 0 874
14.7389143925627 3.79366294130402 0 874
0.0524831603301908 3.57292196288581 0 875
7.61599079452238 3.29495910493047 0 875
7.76138008927538 3.31463221286767 0 876
14.0018598331344 3.14709394564385 0 876
0.224938308440357 3.32374306169429 0 877
14.4988493025052 3.0766636557428 0 877
14.295823338823 3.02396834253882 1 877
0.236933032716418 3.14849272938481 0 878
0.0275200980370918 3.1488126329992 0 879
10.6525754821091 3.83066099174079 0 879
0.182892987106108 2.99381129067276 0 880
12.1766808906895 3.04961811445895 0 880
14.7991500652019 3.76522477191928 1 880
14.0733951711186 3.58946937624787 1 880
14.1357757085316 3.8442421369314 2 880
14.172003387376 3.29270675923773 3 880
14.1726261984032 3.13567057172816 3 880
0.789153679965233 3.47996625695082 0 881
12.8409934548957 3.28177463117355 0 881
0.0124682225418808 3.01648699406544 0 882
3.7023982070814 3.22838290111439 0 882
0.0218642391156206 3.53300707502143 0 883
2.14261562587453 3.31670230575554 0 883
2.18748068540943 3.01148077476991 0 884
10.1869318223171 3.39522065438431 0 884
10.0145963650808 3.4675574860739 0 884
13.1970223306025 3.21664565653121 0 884
4.59900667923101 3.54225441963148 0 885
0.00251624134581147 3.24007719569729 0 886
0.190596257911954 3.56999789911247 0 886
0.215817086696968 3.65935824335712 0 887
1.22075100131052 2.99350390308998 0 887
0.12113079894021 3.14535438552237 0 889
14.3984046556611 3.30574291282429 1 889
10.6254752420414 3.07470219897089 0 890
7.00677938413497 3.13797190856625 0 891
0.303484110982947 4.19865254799149 0 892
13.9663757354855 3.13578384969683 0 892
0.0427117868307495 3.08016892149182 0 895
0.256431340614716 3.10166797534834 0 895
9.34917251656795 3.4179891424761 0 895
7.42979969296274 3.23267731809411 0 895
13.8121501835569 3.33991572840766 0 895
14.2656095865346 3.28547814599216 0 895
2.7515207270421 3.54110388789706 0 896
0.104464289261396 4.59087729519968 0 896
9.74293739315695 3.01589450203501 0 896
0.0620922326463341 3.22124775238379 0 898
0.850156667460627 3.10316989888651 0 898
10.0198945137878 3.13923887577847 0 898
0.132080855230855 3.0194098939336 0 899
0.118643905733315 3.08437362955268 0 901
8.1462572312642 3.32453035223351 0 901
0.0844412267409668 3.47995022245506 0 903
10.5370386943614 3.19011408887466 0 903
0.116097324442092 3.04358878136679 0 904
5.30100687670819 3.39979560427166 0 904
0.0139851438921812 3.46851619007596 0 908
13.0923951507984 3.13414093094047 0 908
14.7039432119668 3.11574648320188 1 908
0.11787602087169 3.20425060994317 0 909
8.56291755531906 3.23998790509568 0 909
0.0248254972087566 3.25957970609719 0 909
9.99894460756993 3.01316191932649 0 910
0.514059429864883 3.10394116262113 0 911
10.5654793699114 3.37433054819147 0 912
9.9998242626653 3.21144059941768 0 912
0.002420488326732 3.67987278004164 0 913
10.1829800706199 3.05817376955115 0 915
10.6726130394269 3.09891502711246 0 916
0.605369303048997 3.39798590607587 0 916
1.48304546574935 3.37183008445016 0 916
0.455545725778573 3.29718177674346 0 917
5.27670726955926 3.17282250602248 0 917
7.43462626920925 4.09270497915317 0 917
13.8462923680939 3.09042834619441 0 917
12.8972970304708 3.06824291200361 0 918
14.9685344213244 4.36494238163075 1 918
14.9962170117176 3.28036975046521 2 918
0.244424449291049 3.14379925196118 0 920
2.56066370606572 3.34050437667619 0 920
0.0518553950181126 3.04288333517979 0 922
0.141016120896126 3.0830176466034 0 924
12.7851883958346 3.51030699540677 0 926
13.954614451713 3.43189990472916 0 927
0.187853542065545 3.38908078297712 0 928
0.055119203133948 3.07575291034121 0 928
0.642775431782813 3.6219546964941 0 928
10.6352009943274 3.06070087973328 0 929
0.159779322105105 3.26459220103159 0 929
0.793682771763145 3.18399798593032 0 930
14.9421479738161 3.02299483973103 0 930
0.0236381686742824 3.13055358373231 0 931
9.10490367681229 4.43517186455043 0 931
0.0364975506155337 3.5743179863036 0 932
1.49016670207654 2.99153637611594 0 932
2.52559745704988 3.02026561884146 0 932
3.89994377200304 3.31650145439018 0 933
10.4259493662223 3.00673974542394 0 933
14.7827569578398 3.13432551186012 1 933
11.0954865889063 3.03339363849319 0 934
12.1709995980939 3.09955295983629 0 934
13.9729698267864 3.9798518011726 0 934
13.9905069722413 3.01374288322626 2 934
13.9935698912788 3.25039934296719 2 934
0.28630741040164 3.6089320122478 0 935
10.4067669483914 3.47488460331147 0 935
14.2405801594233 3.37602670455392 0 935
14.2939328431074 3.0202222458965 2 935
14.7255317061972 3.06002573250941 2 935
6.77766636791605 3.63144072217606 0 936
0.106673481253119 3.00642770805934 0 937
0.0754964047625404 3.36651567299764 0 937
4.763404529557 3.1501980274853 0 937
0.00556242467959974 3.6762447583812 0 940
14.5585468181546 3.23047861238971 0 942
0.233708747293643 3.55906305871156 0 944
14.8832499451559 3.06014515433774 1 944
14.902706677344 3.27058867936939 2 944
14.306423907084 3.26157987162112 1 945
6.22750260667217 3.00284845945376 0 946
0.839160877349951 3.82760855560148 0 948
14.1200088067721 3.10379573077218 0 948
0.0610553974193037 3.49614339508666 0 949
0.0695544517024069 3.19720857793252 0 950
0.116141174618706 3.15521075429413 0 950
12.7859095864663 3.19223241974328 0 951
0.570279597893581 4.25140226315091 0 952
0.0675955816717652 3.13127297437988 0 955
3.20515798267084 2.99774355939339 0 955
1.26438701893777 3.43087725384148 0 956
0.00505818694070724 3.50167695596661 0 956
0.0629008507152412 2.99319496481357 0 956
7.70382182806713 3.33623792146588 0 956
0.00400901706950051 4.92333435555389 0 958
0.0527440751762248 3.41240707912919 0 960
10.0427779641765 4.02666920638138 0 960
0.39149050489124 3.09420881723835 0 961
0.161986231865956 3.83004608829021 0 961
5.9914460635434 3.14432163100482 0 961
10.6439284842647 3.31987947395017 0 961
0.0291604713116507 3.42791677709981 0 962
0.0323308418567581 3.13324826396181 0 962
13.8630128737667 3.50249055490192 0 962
0.889684462265794 3.69435370052725 0 963
10.7874072625488 3.26997042212473 0 963
0.124672829306366 3.610095915732 0 964
7.51121447618885 3.10755985520342 0 964
0.0237299533971867 3.43929589805104 0 966
0.433187336990075 3.13690200462867 0 966
0.0443484603431547 3.30228005627671 0 967
0.0133800963364296 3.08929522743414 0 968
0.083115151497102 3.19831251575453 0 968
0.131882114373269 3.67428134182536 0 968
11.7337196260758 3.28080835917003 0 969
6.00377336793848 3.20799502968845 0 970
14.3228543781765 2.99173872030963 1 971
4.00429748324868 3.03004372733287 0 972
14.0042615798731 3.07604398716166 0 972
0.0248443191298933 2.99046644262049 0 973
14.2932204658587 2.99436704264394 0 973
5.06110477232255 3.94722186133736 0 974
0.118034874376814 3.58747368409448 0 975
14.4370481808581 3.15227345311783 0 975
0.000725352891790875 3.05109713239511 0 976
0.31948845063723 3.07837120561154 0 976
10.5834456082485 3.15215072061454 0 976
0.24430370897744 3.48081784131536 0 978
12.3197255363051 3.10513244932716 0 978
14.5018237579794 3.27276981537926 0 979
8.73430410703956 3.33339631900098 0 981
14.1493023549682 4.93450569553903 0 982
14.2486843089333 3.17485618676501 2 982
14.2576360078095 3.03410579803828 2 982
14.2023264864721 3.26929951142523 2 982
14.1637368403233 3.09741221985851 2 982
14.2484536653378 3.3999059701516 2 982
14.2045435864267 3.44978305124724 2 982
14.2163598179409 3.20063791962494 2 982
14.1871238498761 3.12629262453224 2 982
14.1824583145427 3.71790185282389 2 982
14.6362347048734 3.187088825587 2 982
14.183282723266 3.07063623838409 2 982
14.3821689449537 3.50679095569255 2 982
14.3677691637927 3.53567725288352 3 982
14.4688926325454 4.00707742113393 3 982
14.5102522634695 3.16017009851722 4 982
14.2909852964684 2.99528659877544 0 983
0.607422190160055 2.9993999166403 0 984
4.46037735796229 3.16588348064512 0 984
11.5746651482097 3.48849330956122 0 984
0.0285547062612446 3.02887902024079 0 985
14.4470116644256 3.4904738856782 1 985
8.69769594436629 3.19591608355472 0 987
2.02245773181837 3.13175471675447 0 987
12.7367223315639 3.279347007174 0 987
0.00274014661354561 3.38960071649242 0 988
10.0020769408121 3.13877616307991 0 988
14.8785279094331 3.04103436607629 1 988
5.36132735729268 3.00169100289611 0 989
14.0480265417368 3.05853921836991 0 989
1.21512241826341 3.62094270018909 0 990
0.490058377714817 3.53355435239511 0 990
4.86429174693875 3.02746114607984 0 990
0.228641179634252 3.29377270375933 0 991
0.0169179561555719 3.47147033853844 0 993
3.65896943199222 3.09765921573425 0 993
0.832906087666803 3.13206561195072 0 995
10.8708446465428 3.14841693303271 0 995
12.9530697548816 3.39256820620838 0 995
13.8966698010313 3.1870946845774 0 995
0.0984495079036746 3.51318073952027 0 997
0.0891588624466994 3.02600563320306 0 997
0.801111858814366 3.22464320258412 0 998
13.2080943822784 3.05929293153036 0 998
14.3659760406331 3.30016748896532 1 998
14.1900071039207 3.35268371037507 0 999
