"ts" "magnitudes" "gen" "cat.idx"
65.7915873332293 3.20535134697297 0 1
65.854674923515 3.28986935462332 0 1
70.7571070418103 3.30718971996344 0 1
67.3844183227123 3.00754781332569 0 2
67.3461810226609 3.07745483560991 0 3
68.8211614630134 3.54388041716496 0 3
67.3767777042967 3.20577854777905 0 4
63.7496568539884 3.77755443021738 0 5
67.3095277191947 3.00787587672956 0 5
67.6681339909779 3.58666748034175 0 6
67.3294085955239 3.28449888849522 0 7
67.4987320579323 3.01347025883828 0 7
67.6803861345858 3.51619310622631 0 7
67.2902513713643 4.32029033992944 0 7
63.7540554199062 3.07714457667101 0 8
67.2542039182185 3.29697668909094 0 8
68.3497395355657 3.58159371099663 0 8
67.4771677753684 4.12896700235289 0 8
71.6248097293826 3.24550058084962 0 9
67.2575877403956 3.12835936638027 0 10
67.2743027544078 3.0539380801665 0 10
63.8118789511802 3.45664562428127 0 11
63.7473523140469 3.31929835596068 0 11
72.4978326319415 3.23523509029788 0 11
83.9482253147845 3.36389656609958 0 11
67.3143975885975 3.28597256764732 0 12
89.5633048941796 3.25408298091514 0 12
67.2923459868609 3.25939229020662 0 12
90.4359636490505 3.52920008611218 1 12
63.8483607621296 3.92942102515287 0 13
67.3610072533308 3.26079264647406 0 13
67.2836717668474 3.24616102269084 0 15
67.3311757766076 3.05752397814559 0 15
67.318530362497 3.47217966899123 0 15
70.0533090886298 3.05455980338378 0 15
84.6434289408623 3.57092531505863 0 15
88.4941338824974 3.26265637408037 0 15
90.8025058090959 3.1762208058874 1 15
64.9966350873583 4.32567548012182 0 16
67.5692539715446 3.05146991630171 0 16
67.7350564781344 3.05637535591635 0 16
67.8021360773651 3.02585799489605 0 16
80.296733851339 3.19395256073053 0 18
63.8442285074846 3.18847152520413 0 18
72.5388149521246 3.50189494745605 0 21
67.3930523360351 3.09436142229149 0 21
63.8911062866849 3.05204656498947 0 22
77.2998515481242 3.0123084966743 0 22
74.8832023757645 3.84640662897333 0 23
69.4299783759859 3.08502055536377 0 23
64.6737161309738 3.10548235634343 0 24
69.1122056692404 3.15241653288076 0 24
68.6439340692526 3.02258570235951 0 24
67.2585737709585 3.0594867252807 0 24
67.4549584690333 3.50526131926374 0 24
67.254045016118 3.27222511028695 0 25
80.5502965053989 3.29503547054897 0 27
75.0268234608873 3.23931659064693 0 27
64.7092975705226 3.35172199123878 0 28
65.086502320195 3.10435628139984 0 28
67.2632951310792 3.22484057084478 0 28
67.6861734128689 3.96073726246923 0 28
69.313683032094 3.0684250743742 0 28
83.2566347464405 3.03670788322754 0 28
69.3897919280355 3.24390003756645 0 29
67.9344892275605 3.36293248057591 0 30
75.386672884046 3.19872125039469 0 31
82.1664192188831 3.36946371490912 0 31
63.9817176070699 3.19597309381257 0 32
79.8105502910871 3.52709245163504 0 32
83.8252462299516 3.37731962488932 0 32
63.9184379770651 3.05162610161334 0 33
89.7997828836328 3.09711084359027 0 33
67.2535033920231 3.00189314667144 0 34
67.7543525114886 3.06951031849637 0 34
73.3238034623637 3.03880223994452 0 34
80.8083329901201 3.30176539495605 0 34
68.6449261429402 3.80995251000875 0 35
67.5884821241384 3.67430839879388 0 36
80.2573284401931 3.50658434085849 0 36
89.4000678295328 3.24000301701014 0 36
71.9008532782348 3.4386876579561 0 37
73.2359980932087 3.3007522082692 0 38
67.4829518237627 2.99393345345521 0 40
80.7623366315369 3.22502999614482 0 40
64.4754165314687 3.24288422711953 0 42
67.512729422613 3.13050325546228 0 42
77.1491346716711 3.59453512011828 0 42
67.275999262478 3.36045076412469 0 43
69.3815898290931 2.99381797599318 0 43
67.2564255257928 3.04513061165379 0 44
84.5641045120112 3.07351849295351 0 44
90.3731506941647 3.06698560291549 1 44
82.1283528409104 3.00480683620444 0 45
88.4797546653108 3.60443575109485 0 45
88.5515560973526 4.59151158703381 2 45
64.4354038158824 3.45408301595447 0 46
64.893152507451 3.24139676100323 0 46
67.7065929684357 3.16424729885862 0 46
71.1680383211217 3.30679412071379 0 46
67.2626452758151 3.27058416098774 0 47
88.9438378391228 3.08298963696953 0 49
67.6194744892705 3.35972885315763 0 49
69.0989916111488 3.06080400784082 0 50
67.2848873483783 3.03221563458269 0 50
67.2560171143214 3.13919883944508 0 51
74.4697291132155 3.01236868717037 0 52
68.8444551386366 3.03956642672068 0 52
85.5306615976711 3.08509462927056 0 52
67.3804754760801 3.00965061752135 0 54
63.9853352592134 3.26036177975054 0 55
67.2620105451622 3.00915014413747 0 55
80.6043226602558 3.78321354844445 0 55
90.8169109867692 3.02658960043533 1 55
63.7783631997963 3.26250315749757 0 56
67.3320906874339 3.72481936529499 0 56
67.3851002540192 4.00807947300019 0 56
67.3894395440901 3.33767019876362 0 56
68.2093004484897 3.44027488175212 0 56
68.3007902067907 3.81294802341557 0 57
64.483120592207 3.22954818190242 0 58
67.4444608083054 3.65961050441689 0 58
74.1446807029285 3.52207037495124 0 58
66.4256504249 3.60963938225512 0 60
75.7676176511273 3.02577195826867 0 60
67.5369171970168 4.55531211466883 0 61
69.0246898653776 3.07600199526351 0 63
85.7159639357306 3.75818849917233 0 63
82.0012569106924 3.58361971527716 0 63
67.5182532222149 3.24058455475702 0 65
91.0835874576394 3.40291122503681 1 65
91.1957231965225 3.42042375036554 2 65
63.744717446539 3.37364460883743 0 66
70.3932505286988 3.0219888668972 0 66
68.0675170330586 3.40714429970521 0 70
64.0883128588332 3.0692070744702 0 71
65.6834240206368 3.68194942873349 0 71
67.3718366991463 3.0962222285826 0 71
68.240647218185 3.72463066396151 0 71
74.2461435408621 3.22195952292038 0 71
82.2704727013128 3.10061394134015 0 71
91.1948410474968 3.04266825090876 1 71
71.2300144055573 3.03036106487363 0 72
67.2936995537743 3.38836056069768 0 72
67.3108297247665 3.3440063893682 0 72
67.2606002651734 3.20012373966911 0 73
63.7432566705941 3.38783334729819 0 74
68.3035812176862 3.02384275582649 0 74
69.7285446845682 3.45388646344346 0 74
72.6360625965774 2.99915360030928 0 74
89.140079563198 3.22296439228121 0 74
67.2614467246052 3.02147386354376 0 75
90.8288151688301 3.10506663846522 0 75
64.4627823868634 4.61685283623002 0 76
67.300487036979 3.36449652248269 0 76
70.6280653421315 3.80899726462577 0 76
88.5793917795835 3.13095010444218 0 76
67.6008409893996 3.66028987931041 0 77
74.7402413575286 3.73624511172768 0 79
67.2680762375504 3.39154761970669 0 80
71.6460028700221 3.02481878221145 0 80
67.8376668711308 3.37957514078091 0 81
68.2971425662805 3.00557705231377 0 81
67.8406026269814 3.10672619272315 0 81
89.724180082925 3.01976750686609 0 81
67.477551075052 3.15019809883296 0 83
63.6678846935404 3.22772376343067 0 86
64.0550358184017 3.05470976227233 0 86
63.8267309325811 3.16928654851321 0 87
67.6504135783267 3.02155234928913 0 88
64.2293933086456 3.51033057722943 0 89
63.7554580267633 3.72988827892802 0 89
67.2699942172228 3.74217065254533 0 89
72.4452422462278 3.21119942405611 0 89
67.3171196617249 3.26080113275463 0 90
82.085389234145 3.42331053846474 0 90
67.7848922020314 3.36860715650744 0 91
0.115742308677737 3.41377531713779 0 92
67.2717277933431 3.26394913093307 0 92
67.3455977668052 3.16430123147265 0 92
67.2754953997321 3.24274570785003 0 93
78.0509698037704 3.3342927586304 0 94
80.7345846341659 3.07640825526918 0 94
68.6368655406396 3.08121841227544 0 95
86.9883155672902 3.11066115975256 0 95
69.8293657224385 3.24953607897532 0 95
63.9874910580902 3.1316923943534 0 96
78.4970811507916 3.46408090216222 0 96
80.080228503414 3.00066728300551 0 96
0.0222311003821856 3.11080645874135 0 97
63.8027513031063 3.08425219684029 0 97
69.3233738764689 4.32516566949013 0 97
67.6035831501452 3.30418777281573 0 99
67.3015692978728 3.60911232611239 0 99
0.627348537925034 3.17611235215482 0 100
69.1363825333608 3.08072227442353 0 100
69.8967440551894 3.05606370700063 0 100
88.5111656726984 3.28247827797228 0 100
67.4421895662594 3.21303398592393 0 101
67.3400944287241 3.00143445749316 0 101
67.3398217619897 3.43057578532118 0 102
67.4276739207939 2.99065678950114 0 102
67.2745975523226 3.21091126664453 0 102
78.1096882591274 3.28557998135902 0 102
63.7401565803892 3.29047363863179 0 103
74.8180206979147 3.51036354554276 0 103
69.5840228609747 3.78961444347157 0 104
67.4519823991485 3.08973389039661 0 104
67.4630878404448 3.54410922953873 0 105
72.7450320675607 3.10378565911828 0 106
67.5168514505963 3.91303969155239 0 106
67.4910346358558 3.46880215691771 0 106
69.1191548790133 3.32039622666294 0 107
68.4300386324981 3.24493320174403 0 109
73.4312611947775 3.08178605131503 0 109
65.2036954877255 3.55444278897756 0 110
87.4659333591099 3.28431783726759 0 110
80.5243086389052 3.10489736366188 0 110
67.3614220357905 3.06943938046475 0 111
63.9605864301868 2.99701690070148 0 112
67.8327998729768 3.66758447053833 0 112
67.6629779346656 3.89410961017955 0 112
0.435788795030116 3.32926683507004 0 113
63.6783476492649 5.00365508104728 0 113
67.2735798315594 3.012869244155 0 113
64.0126431938438 2.99434256149656 0 114
68.4107173773295 3.02342411022493 0 114
68.0541382484437 3.61264479559597 0 114
67.6864906175665 3.56871542349093 0 115
69.470484806472 3.19851817543659 0 115
72.0449009259201 3.01483791026793 0 115
77.2172482420793 3.2300050173962 0 116
67.3724182613951 4.52094739184322 0 117
70.3502725631776 3.26210006977349 0 118
67.3736851420991 3.44017832096113 0 120
75.218433998853 3.53927630199355 0 120
68.6472495809861 3.05473182187561 0 121
67.4861729597857 4.44390369738182 0 122
81.7427525331066 3.34584289443856 0 122
64.4323540610433 3.0565054677226 0 123
67.4926689536181 3.14474771098578 0 123
69.3824999145036 3.55143257125853 0 123
67.4370482735235 3.29390945403121 0 124
63.8852534573268 3.20569889941116 0 125
68.3781001543688 3.55777395930841 0 125
68.7711502807136 3.31495637993901 0 126
67.2561671499448 3.57114778832981 0 128
67.3288695471385 3.0301239849326 0 129
86.3200866384616 3.20747315039695 0 129
90.5590049270347 3.19561541228005 1 129
90.5591540684532 3.14877213708999 2 129
90.6174056838481 3.31100209736243 3 129
90.6277208926046 4.39974593947411 3 129
90.651899700592 3.2212711316914 4 129
90.6335806320213 3.47044135807353 4 129
90.6450504882751 3.18478585047958 4 129
67.4163156350699 3.15657451118545 0 130
68.8070673713684 3.0529300543273 0 130
68.7546563720845 3.02411266020622 0 130
81.1024004351352 3.27355964557921 0 131
72.8131082539001 3.00133754800858 0 131
63.8771528796186 3.92253525448497 0 132
69.0229856996432 2.99095575130971 0 132
67.5881792417942 3.23127348078837 0 132
67.5450220951729 3.57220578212516 0 133
67.8686199943802 3.10334697661305 0 134
69.3435006187126 3.00455259436757 0 135
63.9458766196941 2.99161547943538 0 136
71.7064352144734 3.03938745320884 0 136
87.6789535424299 3.04782828961907 0 136
0.807092980529747 3.05621490930512 0 137
63.6908405891519 3.17797527903144 0 137
71.2167254896587 3.05156630680081 0 137
73.5253121398823 3.32748493640369 0 137
64.1479249342586 3.09254085201396 0 138
65.604977455597 3.09566020685025 0 138
77.0589044786479 3.72682876073899 0 138
67.6164569121268 3.58789884568164 0 138
64.3117620377887 3.70007821171451 0 140
69.3519613581736 3.65103187059649 0 140
67.288150033452 3.18442567829293 0 141
67.6115593856686 3.04941840712917 0 141
69.694754279256 3.33916145315131 0 141
67.7007270562476 3.40931392605141 0 143
67.3306640113967 3.08625581067811 0 143
67.2790172669686 3.2258857642035 0 144
70.1345610676668 3.34435146705933 0 144
67.2735299671986 3.11437637120007 0 145
69.7701652852212 3.56408725128496 0 145
0.831697349612449 3.16330432163619 0 146
65.0124426853604 3.08338168428767 0 146
67.6711940897386 3.58485288990867 0 146
66.0276371026184 3.22439240493495 0 147
88.0315323726403 3.03632234689762 0 147
83.0987190132506 3.06885661329928 0 147
63.7575673831385 3.03628834421248 0 148
67.6609637606705 3.14268471787093 0 148
90.642890928061 3.58836498549119 1 148
63.9173440618554 3.17814879970173 0 149
91.1130096358054 3.06869779766784 1 149
2.83637688066698 3.51460888963536 0 150
82.0558220679763 3.61941025381784 0 150
68.0018687233467 3.16198595836287 0 150
84.0713978214858 3.38990939491259 0 150
90.7659171463263 3.21365036571042 1 150
90.7663698915516 3.14018393718818 2 150
85.2879059157461 3.04119515629538 0 151
67.9838827140422 3.47684100803341 0 151
69.4272084461713 3.06683389679839 0 151
63.662938736851 3.24376511319378 0 152
71.4470353425924 3.12364742674039 0 153
67.4206227894918 3.01209748690619 0 153
70.9920350010026 3.41956350970792 0 153
80.9863230246989 3.09075081908143 0 153
67.2796491391526 3.60339172257233 0 154
83.8063212631404 3.31730110796493 0 154
64.8079581220601 2.99608046522917 0 155
67.2735682564958 3.14171010091881 0 155
73.8766761908769 3.05573279873685 0 155
67.3225558855403 3.15028334125059 0 156
67.7836772556908 3.47292951344647 0 156
69.0760382907397 3.09454019163437 0 157
69.3123394714504 3.10506643277537 0 157
85.9549679616606 3.52993742819251 0 157
67.4645448600821 3.30208103662219 0 158
67.9832304493624 3.02559349940833 0 158
69.3303150502285 3.02274718688126 0 158
82.105384544081 3.22423667531724 0 160
67.2821008262369 3.88891433837225 0 162
67.452956093961 3.29488629366718 0 162
67.4391175639163 3.05131228873743 0 162
69.4911577913609 3.33869357918482 0 162
67.3527567412526 3.23517348794893 0 163
67.354383631898 3.63814613324469 0 164
75.6172673200314 3.06903839408869 0 165
75.5518479846302 3.14893771908429 0 166
63.7689000106491 3.24579811047487 0 167
72.6319128961852 3.02011581204723 0 167
67.2642345578996 2.99814996785485 0 168
67.4270646977037 3.14422129225674 0 168
75.0978426913963 3.03949622022437 0 168
85.2577834886518 3.02786263340428 0 169
67.3269525558039 3.22503448872747 0 170
67.5336159073109 3.29340932819945 0 170
90.2594839113105 3.68275106462786 1 171
7.99805620399451 3.22642378124317 0 172
67.2633225068196 3.2290757562878 0 172
69.9442320005599 3.72217965322332 0 173
70.9873611289181 3.09729916261183 0 173
67.5396430521247 3.00582001102456 0 174
87.5912080008184 3.40877461415032 0 174
64.4525889444539 3.19100425686773 0 175
71.4219670044024 3.26631986271484 0 175
78.8759092075938 3.04784552747819 0 175
64.4986200439091 3.18842605039221 0 176
87.9909552157769 3.31191914775241 0 176
70.6568274001885 3.26415074686033 0 176
85.3970286588073 3.23643936555677 0 178
67.5206695548724 4.24008229743152 0 179
87.3628244371306 3.04163922662293 0 179
78.6794381486151 3.11141242828438 0 179
89.8372162041598 3.43748711813438 0 179
63.7885645162501 3.11547387154989 0 180
69.7417828479165 3.21299066063042 0 181
71.6135140272911 3.03220222132461 0 181
75.501459087848 4.16573283087672 0 181
67.7912892114351 3.2297771033322 0 182
67.3200306955907 3.12208857263795 0 182
63.8961658311297 3.00984985393594 0 183
67.4367605308431 3.09818471497232 0 183
67.2536228609252 3.05758547148998 0 184
67.5783702443393 3.56776730317833 0 184
67.3801479789186 3.14310000664878 0 185
67.3163994226564 3.42566287599796 0 185
67.4946883767028 3.01720271238577 0 185
90.7824616420355 3.04131822210624 1 185
0.0499536979454095 3.25872413026729 0 186
75.5372075225666 3.36491816419282 0 186
67.5260760851474 3.98646961866412 0 187
67.4434533393273 3.18406381754519 0 187
68.501549805179 3.56760633802847 0 188
67.3976048535048 3.15297447197229 0 189
87.2386470819498 3.0918767427412 0 189
67.2884461282865 3.23500459162898 0 190
67.4979054437878 3.17187773086953 0 191
0.184596030226007 3.75320369223747 0 192
89.8960205624938 3.07324898424271 0 192
68.2070883449245 3.41846201592857 0 192
89.2600590572493 3.09748790873873 0 192
63.7723369296541 3.02943174973452 0 193
72.9573945180293 3.31515299013334 0 193
67.2764565680878 3.17417033269489 0 193
67.9640602707251 3.27520432651133 0 194
67.2668015128912 3.37679781179511 0 195
69.9654293912087 3.15251262680664 0 195
81.0976440505929 3.085458881493 0 197
77.3646741036934 3.04081938966685 0 199
71.3172252277243 3.17207417519193 0 199
67.2916751308153 3.08525001821974 0 200
71.0488507551489 3.2578981073083 0 200
69.2947093632971 3.31014104057462 0 200
88.518444488166 3.72025433789982 0 200
71.2744068790761 3.12482968110214 0 202
83.0010953647624 3.3133809013904 0 202
65.3471932223015 3.0250401719541 0 203
68.6704581463088 3.11997735684194 0 203
78.3390575002864 3.65177361653866 0 205
68.3604524261748 3.11903904069648 0 205
67.4781791466197 4.28898970638997 0 205
71.5936816310371 3.45970088765445 0 206
67.3216220337417 3.18633405453264 0 206
67.4708291165298 3.08908269463338 0 206
67.7205272895533 3.01773581454738 0 206
67.3469724988392 3.02038678463969 0 207
14.0587651931477 2.99160287301727 0 208
67.2568913333458 3.03337139044729 0 208
74.9114408490307 3.51558972443687 0 208
68.9105342183009 3.07186458879338 0 208
64.2952583042291 3.58477453352406 0 209
67.4728149836163 3.42096416292913 0 209
67.273176137471 3.10360655103435 0 209
67.3698944491111 4.20779845144141 0 210
68.4032685698603 3.03348416972593 0 210
67.2776745363342 3.40523151763439 0 210
67.3268187420211 3.29592884888341 0 210
75.5037622079094 3.19844529933934 0 210
67.3794602113968 3.38638319127868 0 211
69.0977631205418 3.07320483428548 0 211
82.5086261379601 3.13489407337078 0 211
90.9716698454965 3.20763761127879 1 211
63.6600001026597 3.28328047996387 0 212
72.1581072417742 3.30460505114784 0 212
76.2577700084048 3.308045319792 0 212
69.5045658272303 3.18398021339688 0 213
67.3286343869492 3.04401351176935 0 213
67.3441887393341 3.25455726353812 0 213
63.7462840580816 3.27101716493616 0 214
10.3689186293384 3.37392707797794 0 216
67.4892228660027 3.84754894396083 0 216
67.256147114622 3.02524870054143 0 216
67.2829869645577 3.5368368600356 0 216
67.3091449679687 3.07461780469657 0 216
71.5285668170165 3.37106068389514 0 216
76.8605952150737 3.03837283190567 0 216
88.1786605799417 2.99155146097514 0 216
64.7937534093185 3.04959275912836 0 218
67.3407156049028 3.21817757292912 0 218
67.3019084887327 3.0427949225544 0 218
67.6201150650619 3.25611391135366 0 219
89.7191534796681 3.25060196593406 0 219
0.0810408403046129 3.09056069531268 0 221
3.00667228025379 3.21542912417121 0 221
67.2745198360391 3.26453746228198 0 221
72.4707510430778 3.3261482501142 0 221
67.2925577843362 3.36855097848737 0 223
81.0884092974634 3.24855296741117 0 223
64.073630370379 3.15082292081899 0 224
68.6580176815662 3.00087887014625 0 224
71.064832606417 3.09671461569358 0 224
0.128970094363939 3.18559446659184 0 225
67.5826852776413 4.17791985082814 0 225
67.3468554270851 3.44663736569628 0 225
67.3720663740506 2.99642554846537 0 225
67.9168776439897 3.41484873634841 0 225
67.2966202909202 3.21342555213774 0 225
68.5142997560152 3.29405488599443 0 225
0.139155351259555 3.15681647409786 0 226
63.8312921838616 3.14906463837686 0 226
90.5544834886484 3.05483100829331 1 226
70.4070350162711 3.10653280362535 0 227
67.5146057915884 3.35613029785444 0 227
68.8464881491433 3.62602824023047 0 227
69.3098147765427 3.12029728001559 0 227
67.314172665632 3.30291889860651 0 228
71.1669743615157 3.13776495796128 0 229
67.8787668821835 3.60971392962164 0 229
82.0428413279686 3.64596453980889 0 229
90.364283431302 3.36257429567131 1 229
67.5231541600442 3.05102624085324 0 230
89.1932390793117 3.05953843637651 0 230
64.0638463910422 3.03820647584236 0 232
66.0554654276684 3.3282095922353 0 232
65.8921663341793 3.91774199818289 0 233
68.6624365451952 3.0400722151715 0 234
74.773852880959 3.01247309124151 0 234
83.1211543309697 3.09494803935202 0 234
63.7929638794568 3.15975253676375 0 236
81.9720479873734 3.62872089152059 0 236
87.4662087220601 3.00344732595991 0 236
67.2277108590896 3.00711564925883 0 237
78.4722215520311 3.28215971368844 0 238
64.2620730954016 3.31924585863115 0 239
68.8281388509718 3.49027125268707 0 239
75.0716822026734 3.13300878170577 0 239
66.3515213110251 3.15689185266476 0 240
67.2664941707787 3.49769638170461 0 240
82.4864397875383 3.73679168734377 0 241
65.1884732270223 3.22856332031194 0 242
86.1172223934873 3.14032840474213 0 242
67.3944798149593 3.47606933448825 0 243
68.0972215282218 3.02858256165868 0 245
67.6868347652447 3.19694772030801 0 247
67.2751385859676 3.0187111473414 0 247
90.693408761387 3.209202025791 1 247
54.9704408982701 3.09073670921227 0 248
67.4167602127583 3.11302680054356 0 248
67.3710374254997 3.0742511512347 0 248
68.3006489619684 3.10770972464767 0 248
68.2838190681729 4.60506846545596 0 248
67.3351316157687 3.00740363062804 0 249
68.0724840015005 3.05353533709484 0 249
75.0770520218945 3.11764645541532 0 250
63.9101564629091 3.01942283324781 0 251
63.9802167413759 3.65304872601762 0 251
67.4344837721546 3.8436016149779 0 252
73.3308964426962 3.02927196543155 0 252
67.3087728196012 3.06597162297913 0 253
91.0405073223908 3.5429475381022 1 253
64.2143837631172 4.93535167031335 0 256
64.5756770084259 3.19180006539482 0 258
67.257520654663 3.37895392571406 0 258
67.3339933806305 3.07030770818404 0 259
67.7670808183912 3.24841930281162 0 259
0.00695630191063668 3.3410463372299 0 260
67.4671925439252 3.85273385628452 0 260
0.0559619670943792 3.01283349895622 0 261
67.2649893529521 3.12118456471523 0 261
67.4924228952562 3.18962328913532 0 261
1.39390850743239 3.58757651183596 0 262
71.0638744197187 3.25329578419369 0 262
64.0742087409139 3.15336906183113 0 263
63.7526507311473 3.26725672741819 0 263
67.278535376697 3.06019158558415 0 263
67.2661362937673 3.17313915841375 0 263
69.1486556572777 3.20944696955073 0 263
67.4978521056105 3.11131475393094 0 264
88.8695075133147 3.02842869238108 0 266
67.2806392534613 3.08094841185661 0 266
67.4725799090934 3.12754068351056 0 266
82.2564272648418 3.05807825226925 0 266
89.7216625119944 3.63789819667061 0 266
63.9792033119691 3.15321898537389 0 268
67.6185635843074 3.03793967569042 0 269
67.2567285543338 4.12055497181313 0 270
67.5129007535864 3.03783389493563 0 271
67.2539845300876 3.06120015348337 0 271
67.8249924034432 3.16367075045142 0 272
67.3011475445015 3.25111035567197 0 272
67.2558258356803 3.06909437427429 0 273
67.9279638828085 3.41171596729761 0 274
71.3668827333871 4.13980876254894 0 274
67.3347165482749 3.36717271939055 0 275
67.353728082168 3.06985687073784 0 275
89.1441842620229 3.27181838659591 0 275
69.8509873560461 3.47510556688946 0 277
69.7866549763355 3.81593976930144 0 278
67.2606630268715 3.09931501848662 0 278
89.1759214025224 2.99693855029953 0 278
67.3016858724723 3.08900218038783 0 279
67.4998353152114 3.08527117221822 0 279
90.8687164282258 3.07605525479035 0 280
63.8058060808434 3.12078833242367 0 281
67.3089360305347 3.49958355552672 0 281
88.4766759911754 3.88216924275282 0 281
64.1468056466861 3.455912087027 0 282
67.3227155502697 3.0784560584195 0 282
67.2542324275991 3.19629819143301 0 282
81.6008059977364 3.22994883019599 0 282
67.3987747753717 3.39896005540548 0 283
89.7356838977859 3.0512175063359 0 284
63.7422420172023 3.24728502965881 0 285
67.2727276925722 3.02776662107399 0 285
71.6407952730899 3.68029450131776 0 285
75.8447822117099 4.45660560803894 0 286
67.8867232644341 3.45967728002178 0 286
67.709865304189 3.11061474199616 0 286
67.7215740482398 3.44739141106968 0 286
82.9881090906883 3.09728110225624 0 287
66.1047737471298 3.5018465629699 0 288
67.2609071482101 3.07971792684513 0 288
67.583102930813 3.05940404921157 0 288
84.7355910953747 3.31298131151965 0 288
44.2641975905482 3.72606590498076 0 289
63.7382918653895 3.07175854704677 0 289
67.3591261417429 3.21602416992867 0 290
67.4316575092948 2.9905117377757 0 290
69.3872972902719 3.42729291111172 0 291
67.2680441130681 3.11776725804794 0 291
67.2710051585134 3.32954308802746 0 292
63.7939462296888 4.74863563866006 0 293
81.256144036089 3.0923810495987 0 293
69.6747870001157 3.44934859282472 0 293
84.5461007341956 4.34830695031057 0 293
85.7245312414222 3.10598385554979 2 293
63.7908217081803 3.58323508266148 0 294
63.7478475990845 3.18190260143599 0 294
67.4191541434125 3.06071192483452 0 294
65.1523775149436 3.0673522024652 0 295
67.3322417730155 3.0308876308485 0 295
67.337752033044 3.61680256167549 0 295
71.4469352618905 4.00035878817901 0 296
7.44282832895594 3.01424038748363 0 297
27.2398915680909 3.32302882019614 0 297
67.593427503017 3.45986656609942 0 297
67.2593207755669 3.3352831308295 0 297
67.6786888311441 3.46798842501114 0 297
67.3333624352889 3.66733062995577 0 298
67.4936442069578 3.07573306922924 0 299
67.3627576017263 4.04286057042099 0 299
2.21159182368613 4.28852688159532 0 300
70.3994487867787 3.07226957003203 0 300
67.3697987707675 3.59381473365945 0 300
67.2643333141114 3.07074254171673 0 300
69.6727236623138 3.29665524914432 0 300
63.924962792911 3.00079076988525 0 301
67.2564158742767 3.26060659117015 0 301
67.2661362611279 3.04953418649326 0 301
67.2985511820168 3.07814801712932 0 301
82.9436297126953 4.14465789185098 0 301
86.3581109748701 3.08692168710277 0 301
67.3008888672283 3.00853770170491 0 302
67.2752335676141 3.20605976977473 0 302
0.466112671839638 3.07712280272506 0 304
74.6933806844922 3.29735676321923 0 304
65.0894047178493 4.57604493335904 0 305
63.7790338510877 3.05261452271049 0 305
67.3064542479811 2.99604634277931 0 305
70.7263739162517 3.59505919179738 0 305
81.3688261888442 3.62207734416791 0 305
84.4957768624879 3.87076297102298 0 305
0.45630045953945 3.07290292359151 0 306
67.2681224962321 3.27085280443785 0 307
70.6448137505791 3.46218276047959 0 308
67.9565479892292 3.22707132677464 0 309
67.2720185388548 3.8977481220453 0 309
67.3137344728143 3.39375603372663 0 309
73.0239168228687 3.07566066605634 0 309
67.5027325621699 3.19400226959387 0 311
67.2654386531626 3.04097611063051 0 312
68.2360527992132 4.57389071053157 0 312
67.5266084346839 3.50084732850109 0 313
68.1420643384462 3.66439010815105 0 313
68.1194651242021 3.62417465489736 0 313
69.9140663946801 3.59627978682296 0 313
90.8486497159854 3.07803356345876 1 313
68.4067658590301 3.1052197350749 0 314
5.02406167039351 3.53849395872171 0 315
67.3504358098571 3.29982414861376 0 315
89.4846131666603 3.35988447102064 0 315
67.4285612641617 3.04464283364308 0 316
67.2598700933232 3.2805017359083 0 317
67.3443959743632 3.34118904495496 0 317
67.4174434059185 3.00262776704059 0 318
67.3679825861806 3.19644438458932 0 318
85.1344270124276 3.02757848389894 0 319
88.0248169670494 3.04592977624078 0 319
67.2928847414211 3.59241571433896 0 319
77.8794034038991 2.99171305141456 0 319
87.8006473998066 3.51737578954851 0 319
0.134536771212644 4.09293196102795 0 320
68.0109826381456 3.38822833183708 0 320
67.4148544230197 3.02230614569111 0 321
74.6557614699357 3.01485234516869 0 322
67.9414821395387 3.75581325328711 0 322
67.3916953120732 3.04349239958709 0 322
69.4559730823138 3.50471246559506 0 323
71.3968360212608 3.75769488919973 0 323
67.305720161735 3.04002314626399 0 324
87.3891490625513 3.12616739685796 0 324
89.3764019896837 3.05365261381039 0 324
65.9145379030801 3.05724301398765 0 325
68.5937263935932 3.06697537025973 0 325
63.7482221440175 3.01884272004813 0 326
63.7737235678231 3.49444494227075 0 326
77.2601995804768 3.01343284485691 0 326
68.3749404636279 3.05023622193815 0 326
68.8563968691701 3.24102134599023 0 326
0.974677673492983 3.13109640900913 0 327
64.0862524575913 3.15659872727529 0 327
74.3039098223163 3.42526666900568 0 327
68.8523709294714 3.03324722771608 0 327
67.5688402145171 3.68919178071925 0 327
90.5803069607161 3.97804588936519 1 327
90.6736257293104 3.16567274435361 2 327
64.0967948031492 3.09134192483329 0 328
64.2686269378547 3.09305760606212 0 328
67.2783170564842 3.14933602287954 0 328
89.4968508415738 3.1488248071081 0 328
80.55145082429 2.99392762536698 0 329
0.213917183515644 3.15986948071542 0 330
64.6524275922071 3.17219103991892 0 330
68.0295612942137 3.28485987481123 0 330
86.1257144694593 3.11784774380398 0 330
68.5688029766139 3.05246479583545 0 331
67.4380328311778 3.1377882581957 0 332
76.281664088862 3.00023763880746 0 333
67.6977291853962 3.28907797373755 0 333
68.2385388195479 3.33589166752465 0 333
67.3834657940843 3.09199992877925 0 334
5.08451719946782 3.26783785808123 0 336
63.7600053682334 3.15757526394883 0 336
67.263129330398 3.39479447501606 0 336
67.3341320043352 3.16989959662188 0 337
90.6042656365123 3.84406388716909 1 337
24.3648448124764 3.6123389266464 0 339
67.2649978098021 3.05242872770395 0 339
69.8959301454856 3.18409508690331 0 340
90.7071712731656 3.51371139495041 1 340
64.6862273428092 3.33400352023775 0 341
67.9388135084291 3.31574518018773 0 341
67.3058378752498 3.570929263265 0 341
67.256795924118 3.76362612038049 0 343
66.0220699019363 3.01677821016677 0 344
67.4851591891356 3.77344849555597 0 344
71.5864654563073 3.59750963068554 0 344
67.2749465710192 3.12455003969185 0 344
53.3494201953022 3.93383504776852 0 345
63.7775456850443 3.16919052760127 0 345
64.2537808055672 3.28066490343074 0 345
66.0385921686858 3.44108493328669 0 346
67.255094590186 3.23217174105938 0 346
49.2624949020477 3.16921269369583 0 347
63.8708798613611 4.35932807573906 0 348
67.2568956286929 3.42770603128451 0 348
67.7886593111033 3.89337273446612 0 349
67.3007573118403 3.44750673826072 0 349
87.4736180287594 3.42873973393859 0 349
89.4036319738722 3.01416376186154 0 349
3.07818620563478 3.70888006919483 0 350
67.1288215005353 3.34019060833935 0 351
64.1682089314472 3.19115922245263 0 351
71.4139972171148 4.43205064382147 0 351
90.9603748816165 3.24364601796483 0 351
65.7008469239722 3.09784289579512 0 352
67.3808910608936 4.35818054678922 0 352
77.0371851751616 3.01270030988143 0 352
83.0886494701016 3.01089211543965 0 352
0.828679664280339 3.01079520003115 0 353
70.292641111235 3.2041265274393 0 354
67.4175436121978 3.63841600308671 0 354
68.2827721623751 3.65124503314308 0 354
87.4453619380542 3.46445615928418 0 354
0.0753652477018916 3.49276705939184 0 355
63.7594769947116 3.0134468904156 0 355
63.9262198104631 3.16488098961528 0 355
67.9018913498664 3.09781419661875 0 356
75.7590135118761 4.39848151198938 0 356
85.0396033598547 3.1342477353456 0 356
50.9550683475159 3.5071474698761 0 357
72.4505167157258 4.11934115277448 0 358
67.3631929988353 3.06914879741933 0 358
68.0136940193536 3.0311637670078 0 358
72.5508284683586 3.22460096909696 0 358
74.0183228067206 3.77675715307992 0 359
67.2758073974526 3.00886775397289 0 359
68.908183595305 3.38963182315972 0 360
4.10638341924121 3.06377491694223 0 363
68.1707679160096 3.06569054125506 0 363
65.2655885030337 2.99826929203431 0 364
84.2982105048635 3.27187117204271 0 364
67.6220316419031 3.01618774704897 0 365
67.3307919052405 3.78230744843113 0 365
76.3285121232592 3.12123424411477 0 365
0.1077939332317 2.9997565573454 0 366
67.3398067294383 3.01530922006055 0 366
82.9083508066513 2.99648460714703 0 366
64.1012622849117 3.08080010366405 0 367
65.5572284560315 3.45608894576202 0 367
67.3010570927906 3.15153672256717 0 367
64.0573662860474 3.23034252289812 0 369
73.5344698030738 3.03994960285036 0 371
0.175296966563852 3.12890580259433 0 372
87.5487921614001 3.16140487748627 0 372
65.7945266617798 2.99632793532279 0 372
0.0520898150259211 3.40544543819298 0 373
66.3097738150649 3.2312553666648 0 373
64.2011482097051 3.05476573367203 0 375
68.4943817996806 3.67971147315015 0 375
67.4350951650577 3.22529770534478 0 375
84.4811664147196 3.06641329599743 0 375
91.1788605227889 3.1759349741669 0 376
68.0351668915432 2.99961110746505 0 376
67.2750292931358 2.9930696993929 0 377
91.1479612218488 3.30100282151633 1 378
67.4055880254713 3.02578188606048 0 379
67.2565354770944 3.02306541119309 0 379
90.5116146358002 3.10118561765706 1 379
67.2606519656949 4.08015190787769 0 380
78.579288136508 3.08691338078188 0 380
89.1616415891167 3.24313876472789 0 380
66.0115086223053 3.09553738171107 0 381
67.7535129381224 3.14194513421668 0 381
73.9551903940017 3.09149771674821 0 381
71.6377234573577 4.2413608521992 0 382
84.8476088069241 3.24545796747442 0 382
81.0007370801292 3.42557805833365 0 384
67.5405040315953 3.03591285275738 0 385
75.8992376636197 3.15877341975921 0 385
83.8072828274359 3.69149066325871 0 385
73.5249484235701 3.13934393647707 0 386
67.2684213928863 3.04798097285478 0 386
67.8513590755339 3.06581248575308 0 386
82.5246367001442 3.08547465365197 0 386
71.9974749471246 3.00397953351237 0 388
80.5966829519531 3.07787650538242 0 388
63.8301008935314 3.2889413819999 0 389
67.3890434442302 3.33624527194031 0 389
82.1203658730003 2.998051486405 0 389
89.1456299975674 3.20748350080534 0 389
4.54518004955237 3.70241948046818 0 391
66.3235454227982 3.04960076642534 0 392
83.130609703862 3.21475378835066 0 392
90.6339628270505 3.12142490935383 0 393
67.2920254809552 4.17550723740505 0 393
64.3821014993109 3.02083458643643 0 394
67.2618527807999 3.94212420100388 0 394
89.3409813342576 3.39465989637886 0 394
68.0802872304266 3.26947693844124 0 395
79.6428679825976 3.06669185461117 0 395
67.337554251417 3.06195553849094 0 395
67.5841576483197 3.29049185030926 0 396
89.4555812467635 3.10283831496636 0 396
77.0255630752307 3.20369568032892 0 397
72.0502403153174 3.49678997656152 0 398
67.2838096348706 3.27601129601412 0 398
80.189197571336 4.42989210680902 0 398
89.8887362491421 3.00026648982509 0 398
68.6238274385342 3.18427868380099 0 400
90.7350894172948 3.0142529156756 1 400
67.2592752250597 3.17909478246292 0 401
67.8590856066643 3.62837121349801 0 401
89.150201841772 3.69473267093094 0 401
67.8575458983935 3.16901815076563 0 402
63.7397658724795 3.17824424057476 0 403
67.4164894994076 3.00352367336949 0 403
67.903273195733 4.17236156154889 0 404
79.7611608037634 3.10331846769709 0 406
63.7269414444193 3.01645148930669 0 407
90.8330299993552 3.04807048562952 0 407
86.326033925441 2.99794619704448 0 407
68.8404095373991 3.54992487321725 0 408
63.8625422464574 3.08033388646958 0 409
67.2610324693106 3.07708274109432 0 409
87.0401022876104 3.01265115566614 0 409
68.4247295590911 3.08325169447089 0 410
64.4915510441408 3.12316146257321 0 411
63.748561635341 3.08332872539488 0 412
87.0305679920133 3.08662745816033 0 412
89.4170328889514 3.15759828212522 0 412
63.7767531115358 3.02152187033773 0 413
0.038657580828815 3.56737939493288 0 414
75.1673227187187 3.05339756155776 0 414
67.2678628682387 2.99819735249015 0 414
68.7251487218482 3.22460636650656 0 415
0.276355229234586 3.04630397184971 0 416
80.4788125811127 3.25476882694566 0 416
90.8538256708805 3.1040793110274 1 416
90.9096026650902 4.11185788090888 1 416
90.913057138049 3.01040988120556 2 416
88.3688421201301 3.08808577624341 0 417
89.1653978775577 3.49450653210867 0 417
67.2860750096295 3.79157884216014 0 418
68.9114638992068 3.10920343515176 0 418
67.8503347596369 3.13043045495416 0 419
67.3954664531984 3.04955096121994 0 420
64.1450594564605 3.03489192221513 0 422
67.5246584009239 3.0742222637985 0 422
67.4542976563062 3.11175139144761 0 423
67.2700685125804 3.94684890731735 0 424
67.4765630926949 2.99580470038028 0 424
80.5054736599102 3.50707131651753 0 424
86.3228804888901 3.05348517219693 0 424
82.1594277103957 3.11386511751043 0 425
82.357623815126 3.24132922489255 0 425
67.4621778758424 3.14095166067906 0 426
67.2731888941183 3.07401436004242 0 426
87.0581841425242 3.72198636306921 0 426
81.342202459334 3.59239700453337 0 427
70.5245326591189 3.14773097701573 0 429
88.2064618418228 3.19905150625342 0 430
67.3307481659893 3.14054950570555 0 431
68.3174248200842 3.51752104386977 0 431
82.173401130909 3.52259518343498 0 431
65.126294337959 3.01281754181967 0 433
67.4426266490198 3.1071538913993 0 433
89.1868243803303 3.02524919133801 0 433
67.5884614721677 3.41188624217993 0 434
67.2527451378735 3.18251363666229 0 436
67.297610947168 3.37881580393127 0 436
70.7858070713215 3.08215056919474 0 436
67.4256370718653 3.38652724567174 0 436
67.2952119398471 4.0448134080633 0 437
67.3393634970987 3.00227575202778 0 437
83.9818451658851 3.83120574363524 0 437
63.6526226486314 3.08503705584632 0 438
67.3225796583663 3.07286650416276 0 438
69.9430201775956 3.98221864376992 0 438
89.6252251590655 3.45069690406182 0 438
68.7715218451118 3.38345079945705 0 439
66.9631084363277 3.13997542364278 0 441
67.3305677360703 3.26882651931114 0 441
67.2589422708733 4.07805311020865 0 441
91.1130102977429 4.37310728208241 1 441
91.1132848753256 3.30889083491021 2 441
63.8511503104336 3.99534250595461 0 442
68.9497777057664 3.00176332699582 0 442
67.3495963841019 3.07285786080849 0 442
71.5337982592899 3.03179761618404 0 442
67.3367997278138 3.61078110585996 0 443
79.6172677133453 3.2403892498642 0 444
68.8490644224623 3.29593841461912 0 444
67.7260140454002 3.74735564921537 0 445
68.9857085487575 3.08071655365007 0 445
67.5432793520347 3.99937109633319 0 445
67.7937509355162 4.04169764550544 0 445
71.9721634683456 2.99442300801896 0 447
89.1372339167421 3.12337725559108 0 447
90.5554560560074 3.41699719864828 1 448
84.5648009358559 3.14877174323883 0 449
89.7499180086398 3.10289764637086 0 449
67.2737330330709 3.0242356627918 0 450
67.388668688757 3.00606674014188 0 450
66.3233104855784 3.13254208989868 0 451
68.541895057995 3.86445280897944 0 452
67.8149524456897 3.43925611635758 0 453
64.0099552294191 3.10816824904214 0 454
69.7310836404517 3.44618284631363 0 454
70.3012688478969 3.6647361118453 0 454
74.3538271266199 3.00565139743671 0 454
90.4761846100252 3.00077226312238 1 455
75.7999258849311 3.48497313037406 0 456
68.7270431826449 3.80595229105699 0 457
87.3551929445537 3.11171129950778 0 458
67.2656137023672 3.83557631234198 0 460
78.8485996794692 3.27950859259183 0 460
78.5526123795638 3.05429250211797 0 461
64.3574258509117 3.9151895517209 0 462
67.4581619388139 3.01685711039481 0 462
63.7999093658768 3.21566955241377 0 464
67.2553867319617 3.04625610561292 0 464
67.6658854448834 3.33531435201659 0 464
67.2622803147612 3.19537625555713 0 464
67.2557745067307 3.36957650183096 0 466
89.1643543103278 3.00697707664675 0 466
63.7879916079705 3.18223504771308 0 467
70.4983783115574 3.25265326155879 0 467
64.2264144380831 3.08971109188789 0 467
89.5102797592334 3.35255426462856 0 467
67.9830787332707 3.14098946570158 0 468
68.2784992282721 3.02329000973941 0 468
84.9860199451775 3.05122178612816 0 468
70.6873884480268 3.15347881307179 0 469
70.7932292282244 3.38732847525703 0 469
67.7012109306863 3.21562393113032 0 471
63.7886739018839 3.15679250128685 0 472
88.9216982283191 3.33037115917499 0 473
90.2705887962806 3.42345746009421 0 473
64.4177605682674 3.07625328555997 0 474
68.2229102274441 3.40838250810254 0 474
84.5123155062071 3.06147690602567 0 474
63.7618120319408 3.13411719716682 0 475
70.3784451094903 3.09574371821119 0 475
67.2775008736931 3.19082269784682 0 475
67.5126907464583 3.41815273006874 0 475
88.5509218457061 2.99417957074113 0 475
67.2869229807793 3.18924614726567 0 476
70.5311171410171 3.04024162691728 0 477
63.7456464511309 3.14056345873045 0 479
63.7577051892394 3.47364150915327 0 479
70.5655557052702 3.26652938092638 0 479
67.6363393581282 3.08086573689407 0 479
88.2073964510599 3.2012092133003 0 479
78.9856812246514 3.27443548667346 0 480
90.9764615753472 3.43701700951702 1 480
64.1035145845037 4.07140476211334 0 481
81.4833129939295 3.09421992474985 0 481
73.0097161797946 3.12458352821936 0 482
89.1714328125914 3.29353624762891 0 482
64.7676379731194 4.07789989604955 0 483
69.6210057306391 3.18652739485349 0 483
74.8277089093652 3.23316884161069 0 484
77.4654982146559 3.06041819836759 0 484
67.790562997771 3.21515539383045 0 485
81.2215612615291 3.05050927823883 0 485
73.9277254768191 3.74687160431807 0 485
67.3750018757645 3.02219267351215 0 486
87.4519089159343 3.22796944030269 0 486
0.0289924459745889 3.09195461393148 0 487
63.6873213126924 3.22303194720239 0 487
67.3415373288232 4.0263736095759 0 487
67.6252514310388 3.0022525492098 0 487
68.9318810332979 3.13737576000477 0 487
89.3049022055321 3.85627402557747 0 487
88.7944188233372 3.64237673116518 0 488
74.3081434802038 2.99462621710866 0 488
80.3881224891062 3.15498986575119 0 488
68.8536530034519 3.17889244976277 0 489
67.2848617113617 3.14999474181683 0 490
69.3931942345516 3.16141167853834 0 490
69.9433223357317 2.99166866827665 0 491
73.3973094210278 3.0913547287829 0 492
67.4191890548676 3.43012581431346 0 492
68.355983440028 4.15464839837615 0 493
68.0601485640153 3.4801805234925 0 493
64.1520366868754 3.05241069765245 0 494
67.8344491832349 3.10711029682087 0 494
87.4163218926957 3.03254846223845 0 494
90.364594833906 3.00223434161285 1 494
67.3987555470727 3.55803519808198 0 495
72.9631376810186 3.38922031323224 0 497
68.3578163100195 3.96943238594914 0 499
67.913379283244 3.29584872923555 0 499
90.4125570908461 3.23380507240435 1 499
67.2552990318043 3.08584324432064 0 500
67.2547453233506 3.1825377683254 0 501
63.7600493075456 3.11147044816453 0 501
67.460219608143 3.03511364314735 0 502
68.8522491942591 3.18212328260116 0 503
91.0296880954217 3.02772285320516 1 503
67.68393912146 3.01943199188257 0 504
72.1160404796642 3.00365212807565 0 505
64.0947587116641 3.00368189931632 0 506
63.7612383637765 3.25793424368719 0 506
84.4421531867781 3.04039002861398 0 506
73.6857723178543 3.00457894906919 0 507
67.2587569692556 3.08514200400065 0 507
68.6915093238791 4.37220073124456 0 508
86.2348859053478 3.1111077970377 0 508
83.7611639090748 3.85274732114668 0 508
90.3809724508126 3.90478946718619 1 509
90.3895758908874 3.31929510305309 2 509
67.3768240604359 3.1572528611792 0 510
72.1933077753038 3.20435436654627 0 510
67.5478760456793 3.00291817735674 0 511
67.8852463645816 3.11531598099538 0 511
67.3112748196073 3.39563724317394 0 511
0.0980308529549188 3.26827936541594 0 512
63.8196411270587 3.21609736171988 0 512
67.2618216064109 3.0378962670075 0 512
67.6896751446344 3.36886724308673 0 514
68.3096259229775 3.00284646387781 0 514
88.4790470112976 3.17121257557534 0 514
67.4308157352842 3.12233075604913 0 515
90.6598263070725 4.85668803629308 1 515
90.6770089307557 3.03836167667759 2 515
90.65990263442 3.32973078385531 2 515
90.7135928359258 4.9232372382798 2 515
90.9716118393803 3.80223341755809 2 515
90.669403494979 3.03505522638642 2 515
90.807559313174 2.99252988593751 2 515
90.693351330121 3.15683706493928 2 515
90.669774196506 3.34927479101898 2 515
91.0007238286795 3.14816564433085 3 515
90.728108151897 3.1017293947699 3 515
90.7674869375638 3.27875333602567 3 515
90.774817753671 3.18947726563796 3 515
90.9375781994806 3.16610653913693 3 515
90.7339938787206 3.56552990807549 3 515
90.7763892449803 3.29038594858069 4 515
90.7822174094448 2.99025074642294 5 515
66.0546660519496 3.00534105023901 0 516
67.2862269319408 3.28031221123496 0 516
69.9710465817229 3.06650033999297 0 516
90.2802668248691 3.18976530852975 0 516
76.214177687021 3.12216041442147 0 517
67.2928563714712 3.34378230465456 0 518
67.289646003501 4.36575060783036 0 519
68.6089941400063 3.04354280913215 0 519
76.7261254570735 3.23600134156944 0 520
68.8686316293071 3.36345066478616 0 521
82.8665945551759 3.74458453792748 0 522
67.2718465695844 3.27772137319544 0 522
63.9736897420999 3.12246549940427 0 524
89.9637654039419 3.71099577653484 0 524
90.0837060408829 3.59799797218774 0 524
90.4871578891999 3.31890423786709 2 524
90.5167330739506 4.25477958650324 3 524
90.5913812572955 3.35476376621777 4 524
74.474904200763 3.37422533327873 0 525
83.2221676158009 2.99048684623113 0 525
64.0591079488849 3.04731212568224 0 526
64.680534448899 4.2816567116813 0 526
67.5306292830868 3.34377357259007 0 527
89.3407177869795 3.07248454792948 0 527
67.6672989208423 2.99347528719595 0 528
67.3376034134635 3.21298616557688 0 529
72.3270988024487 3.13258956714077 0 529
89.7470935141332 3.09391801148071 0 529
67.470181425636 3.01878795071751 0 530
71.0675777414651 3.7786617106297 0 530
90.7172316317253 3.13542545452243 1 530
68.6637608436674 3.18558669530259 0 531
90.3188222236738 3.02212569430083 1 531
67.6026825914206 3.08526114898253 0 532
0.0235032704772483 3.34614179232266 0 533
37.0630960397325 3.11525338109957 0 533
64.5426530384552 3.31272665948039 0 533
68.5848199557644 3.31649026013823 0 533
67.3879626607679 3.01528557811606 0 533
0.089173656621347 3.35565618510052 0 534
67.3363321800582 3.09786653852856 0 534
83.9627738493168 3.13078310731038 0 534
67.9721465585448 3.01904727231667 0 535
67.390587830922 3.24895147126488 0 536
80.6874612473251 3.34307958685689 0 536
3.00415891525575 3.44153114974688 0 537
63.7876607719775 3.19886598887691 0 537
68.2883629011059 3.29596767715412 0 537
67.3362073592402 3.3267829106536 0 537
64.2866432962988 3.139285539112 0 539
67.3848435209761 3.73079594709131 0 540
68.1067249971533 3.56521448056132 0 540
67.2663300561305 4.1172832690539 0 540
63.900009201922 4.16452125261892 0 541
69.5500356945392 3.493307915737 0 541
83.1822012194517 3.10447450269839 0 541
67.5464077929341 3.08449496896087 0 542
67.3355594826596 3.23519750347764 0 542
84.3848045440431 3.02659934945778 0 542
69.6781387152857 3.11943609386282 0 542
86.0743514697547 3.39869570341816 0 542
67.3216851207741 2.99517066841893 0 544
67.4449737588427 3.41795934793908 0 545
67.2543827973459 3.09729352766215 0 545
67.4809778542119 3.19821570926101 0 545
67.2626441433602 4.10956281690786 0 546
67.7093004317166 3.44843019918555 0 546
91.1934904313919 3.35582256164743 1 546
67.2721533759083 3.00055666263713 0 547
67.751496012847 3.06523536126283 0 548
68.0637012901664 3.24612294485807 0 549
65.6445983404729 3.51386715668365 0 550
67.2539648477534 3.20375032747984 0 550
69.669698391395 3.20071501916992 0 551
80.9891095171834 3.50776818948264 0 551
89.401641928517 3.1392973425282 0 551
67.4806882839699 3.03211292375487 0 552
67.5779112470589 3.91477864499161 0 553
67.8323931597242 3.09907875982411 0 553
70.0038441425706 3.21405943860813 0 553
80.7717678273876 3.73396920343506 0 553
84.307171384681 3.83024370947016 0 554
90.8762357281328 3.73327666525086 1 554
90.8932621376948 2.99035281620598 2 554
63.7446601117193 3.66713565794104 0 555
67.3425650516359 3.06209634381717 0 555
67.3614779447727 2.99193477979816 0 555
64.7777819016165 3.00629092022012 0 556
70.6797861899893 3.48702882254884 0 556
67.2793488629939 3.58959375444308 0 557
67.2532139902663 3.17607909581762 0 557
68.1286301242444 5.01543402757405 0 557
68.131339722591 3.45539693594028 2 557
64.2107512405674 3.210789213383 0 558
67.4547683860855 4.06653231917867 0 558
67.2925099086315 3.10983353095626 0 558
63.9140764637974 3.50905553462559 0 559
68.6968635340898 4.19808762974223 0 559
85.9474046612549 3.09701932497684 0 559
31.1919603084694 3.00265798443764 0 560
67.8609357851716 3.10394468527954 0 560
89.1537272213645 3.16309135434889 0 560
67.2534473573803 3.04353364993139 0 561
70.5003600418665 3.59907828441598 0 561
69.1777646912232 3.15585663656233 0 561
73.562945959917 3.01727897999592 2 561
67.2543136869935 3.0184292336594 0 562
70.0881451551812 3.02359572041415 0 562
82.5991128967757 3.14773792848865 0 563
68.1227661831635 3.54627485829569 0 563
6.24097513070253 3.07695761280478 0 564
63.7882134960493 3.03738174909707 0 564
68.4015263247306 3.1892056689101 0 564
69.8135898977039 3.52188819816843 0 564
63.8850711924309 3.19644369641017 0 565
78.8451485602738 3.56033761861667 0 565
67.6609124492262 3.35252496134322 0 566
78.7963185089078 3.01684281439141 0 567
78.0716328865003 3.25348376999835 0 567
63.8064623573806 3.17480406829 0 568
64.1009933125122 3.02557177573361 0 568
67.321612071023 3.0774661307513 0 568
75.799317883233 3.18802274862578 0 568
67.4368516395505 3.41020142691475 0 569
67.8867604216559 3.01472478435318 0 569
68.6261418432668 3.32306033374198 0 570
69.324453719593 3.33200128063304 0 570
66.8224309668414 3.64094338534271 0 572
67.276383170903 3.79142234994756 0 572
89.8353154230564 3.31447049000878 0 573
1.18199711195376 3.21805293938153 0 575
67.4734249888941 3.44350532375531 0 575
67.6102826690017 3.48670872153531 0 577
4.60669327327317 3.09794859529626 0 578
63.6536974265029 3.01881532685695 0 578
69.6967035458594 3.18478224234855 0 578
65.937240583373 3.10174002390372 0 579
69.7519221089688 3.13508043272941 0 579
68.8209448382325 4.37326048897042 0 579
67.3483607189769 3.04006017086686 0 580
67.5056312619545 3.24480316254444 0 581
27.1686217585813 3.28864671278049 0 582
64.2241087835403 3.24415380721916 0 582
67.268296905049 3.21096891115423 0 582
78.4917062479177 3.12771476034176 0 582
80.96829965712 3.97521759893439 0 582
5.68186269810827 3.04900610798456 0 583
15.5920793619912 3.43455718636766 0 584
2.15650562621856 3.56626511366477 0 584
69.878557281065 3.35318959092601 0 584
63.8247823228732 3.13087523076216 0 585
90.5224390371975 3.15052562197058 1 585
0.0431956574097257 3.32089426841616 0 588
63.677195773021 3.26258133998175 0 588
69.9971852244657 3.60980528508664 0 588
68.1691745338571 3.70874447048314 0 588
67.3788154412421 3.14274390764049 0 589
90.9540909332961 3.27036520882915 1 589
1.99403112600691 3.56399566085919 0 591
69.5337694085019 3.14625352286961 0 591
71.7905792134528 3.71363753182881 0 591
71.1040164538322 3.07323380647243 0 592
69.3331643255071 3.81776539477973 0 592
69.0964071345763 3.14777764640852 0 592
67.3983431369555 3.53368628285328 0 593
4.54351396033308 3.44050691279872 0 595
64.4547548848859 3.83510013417534 0 595
67.259686561978 3.07914370775176 0 595
70.0333865558095 3.37744670702419 0 595
67.2604418721543 3.65454183998868 0 596
65.2225596826134 3.01988131409625 0 597
65.9572448989791 3.22984596473223 0 597
64.3653185239583 3.12045231770555 0 597
70.5652565971363 3.38995161151508 0 597
89.8851463524931 3.13705714956733 0 598
68.5552532946971 3.0865916315022 0 598
67.9804302361525 3.12044504145691 0 598
89.1405739275153 3.41132150355114 0 598
81.35060673158 3.41902906191921 0 599
67.5404759134119 3.43301803028751 0 599
0.665188996833116 3.02048131164389 0 600
67.2674860368845 3.71884217670137 0 601
70.8313013126209 3.12981261791838 0 601
67.533814711888 3.13343780892084 0 601
70.347138799428 2.9970909799897 0 601
63.8845614191328 3.37382601880082 0 603
65.5144380515507 3.1227521977488 0 603
79.9212925285931 3.66719471252761 0 604
63.8697283877388 3.09341698705647 0 605
67.4300259727633 4.97502068168606 0 605
73.3572280101087 3.59150847820009 0 605
8.10638930326826 3.02274636055124 0 607
82.4336355070056 3.35222741679229 0 607
90.2663947888457 3.13227534011522 1 607
68.2767738043647 4.00694485389787 0 608
72.0676378141264 3.5000067883289 0 608
71.6374944891035 3.11324699908958 0 608
67.3598948810643 3.32106751778359 0 609
0.221101772629407 3.2127790884851 0 610
0.0350108514081656 3.15557308148673 0 611
67.3547074051495 3.23231092120451 0 611
74.8876638128673 3.37989375212723 0 611
73.8029222307783 3.12609689531566 0 611
90.7163803335086 3.02068847521623 1 611
67.2837134669609 4.1783768054228 0 612
67.6371694548538 3.34488422066595 0 612
71.3827055607387 3.49849898552748 0 612
63.8083304652859 3.12200350336334 0 613
67.2622377875234 3.13739010466981 0 613
67.498403076319 4.17890563223096 0 613
64.6733097109745 3.20149544371936 0 614
80.6649223264112 3.07476525393511 0 615
80.1420497581551 3.63468783167089 0 615
67.4099389083612 3.7676687507573 0 616
72.029495689546 3.07215424208195 0 617
63.9024561179878 3.03913336515393 0 618
70.8488213322201 3.17517551401156 0 619
67.2775247624178 3.03263168616891 0 619
67.4140660901611 3.83032032869097 0 620
90.7315618661039 3.03040346274822 1 620
67.3354861705126 3.20940977818603 0 621
67.449453343353 3.07899794580419 0 621
63.7386182088916 3.00378680338383 0 622
70.6345609207303 3.13152032214648 0 622
71.6460371378964 3.07609099858503 0 622
65.9690917451312 3.13555488173798 0 623
63.9490459883309 3.07706881254817 0 623
63.7785777871872 3.2152358964009 0 623
67.2611380713242 3.26970425398859 0 623
63.9522145778839 3.10108515269597 0 624
68.2741707107142 3.02230715652525 0 625
78.9016586401237 2.99840005867645 0 625
72.4421996581372 3.05578098498532 0 625
80.5192780862718 3.31300319813138 0 625
29.6267164095628 3.00596376063741 0 626
29.2831834397186 3.01082751930556 0 626
65.6958415266115 3.24477647409401 0 627
75.5155445614434 3.38328147012047 0 628
63.7870320024744 3.08789958877353 0 629
82.8014605304155 3.28037143431676 0 629
91.0202951798953 3.33878979459864 1 629
91.0990628684553 3.01635948872388 2 629
91.2040906852106 3.59183422522049 3 629
68.0842621564259 3.10668230309742 0 630
85.1598032568968 3.36097365942565 0 631
63.7472771639763 3.34687657588527 0 633
64.0948171936762 3.60836661970994 0 633
68.3833025433698 4.19985285216105 0 633
88.8453868918176 4.0325694723783 0 633
89.9405466273669 3.42381564651363 0 633
67.326078853603 3.72059496340506 0 633
0.0834687717945158 3.51500938536377 0 634
67.3278322616635 3.39490307674578 0 634
68.684385411339 3.44029883396168 0 634
65.1104539179006 4.08331468050959 0 635
67.2820558112367 3.02896345405171 0 635
78.2122567163873 3.1478387704417 0 636
88.0633358048864 3.05939726936687 0 636
68.595835915125 3.00472617619691 0 638
71.1597111065287 4.24617161440723 0 638
63.6575082044894 3.4396355671039 0 639
67.2768369988838 3.18036218154808 0 639
67.4053088902325 3.11453296527271 0 639
69.8410093361772 3.25239590069176 0 639
63.6572028185815 3.01526503741543 0 640
67.4503544694815 3.24558747876204 0 641
71.415591421462 3.43687703390714 0 641
68.3137469217997 3.44506349028546 0 643
67.3894380043919 3.37071641122765 0 643
90.6109750470884 3.05664785882327 1 643
79.3556488004387 3.34788711100249 0 644
67.3192376756952 3.00538063067443 0 644
90.7326090703525 3.95749540210142 1 644
67.3160294064022 3.0199121574892 0 645
67.3331678972355 3.02858095398856 0 646
90.7114431188984 3.06748894856978 0 646
89.7305834661188 3.6292450631773 0 646
67.3900495247611 3.15348364456511 0 647
67.2732055041379 3.26150886571093 0 647
67.8700391007827 4.22887381219085 0 648
72.9727290441399 3.14385581928797 0 648
65.6197200394972 3.01124093441228 0 649
67.3638331673838 3.50487819452615 0 649
67.318147125188 3.88607981947188 0 650
68.2186183712961 3.0803511605119 0 650
67.4375726668549 3.01657067474359 0 650
67.2794686453986 3.02625851493362 0 651
67.5178438106993 3.00613086819902 0 651
91.2168028459225 3.24612185603712 1 651
67.6350380699529 3.71340098445089 0 653
67.2615167209617 3.05160296558457 0 653
67.6300358703573 3.00396494126291 0 653
90.5886442891594 3.45577072129872 1 653
63.7377325941669 3.21256073528323 0 654
69.3824003380576 3.1735988449721 0 654
73.5632247107664 3.793407831451 0 654
81.1534398540376 4.44996938328815 0 654
1.20141983506052 3.05817915090766 0 655
0.0116154121355642 3.0739494515152 0 656
69.7320921261341 3.07734181047726 0 656
90.5593868554376 3.30949206566642 1 656
67.6255313815355 3.03434422154233 0 657
75.0966099820699 3.13298994274459 0 658
68.4624835061965 3.52836644621226 0 658
67.4626571822369 3.39575749502087 0 658
67.2736277117824 3.44914435009793 0 658
70.264307475833 3.27100597878652 0 660
67.4937023038819 3.24462703696749 0 661
67.5974685278097 3.0104607928864 0 661
73.3272845180661 3.17493746976668 0 661
89.0723142784888 3.27054135330554 0 662
91.1669821396155 3.12856295031525 0 662
82.1195035591869 3.20330584054651 0 662
90.6657292060361 3.00042542249441 1 662
67.4483399804109 3.10075588378212 0 663
71.6237149841313 3.34155268829226 0 664
77.9995438927743 3.71685307788963 0 664
67.3240447848775 3.18400465686002 0 666
67.4027075681933 3.17284460457909 0 666
82.0840860717458 3.28154841300841 0 666
67.2615824596409 3.0113031338106 0 667
68.3519291339852 3.23139685078657 0 667
70.1473561267407 3.19599748789284 0 668
67.3689086519066 3.43738845205748 0 668
83.6093056086955 3.31366247635164 0 668
67.7615377429808 3.26360230065483 0 669
68.6264064953423 3.12926178102357 0 670
65.2585470453882 3.44501853542684 0 671
76.5664487941968 3.22098538661815 0 671
67.3983495776877 3.14421110529658 0 671
67.2807953831347 3.15959686436751 0 671
69.2970198536489 3.30656598715514 0 671
89.414660589135 3.33369912297966 0 671
8.4371123414415 3.17779207522751 0 672
67.4193593739892 3.19873587969294 0 672
72.1442979279344 3.25520014001226 0 673
89.1345349007794 3.96908498467054 0 673
22.563325358712 3.34864703771997 0 674
67.2529830109335 3.03745889915562 0 674
89.4013836911241 3.12520381985672 0 675
77.3969351615716 3.68459324853946 0 676
67.3258793629628 3.0537979530671 0 676
89.1941747049185 3.10890632748739 0 676
70.987769937043 3.02064584009558 0 677
67.2837909926893 3.1225671979836 0 677
67.2682963073293 3.03024449841315 0 677
89.3014182380166 3.24906356402111 0 677
75.6832827158631 3.12658949820045 0 678
67.2756806186731 3.04892212266715 0 679
71.2962067409288 3.00073363071688 0 679
66.7764731850765 3.17666374135014 0 681
67.4487654853743 2.99089386067345 0 681
68.2057397735146 3.16448184782596 0 682
67.3148839749458 3.99723283881247 0 682
69.8962480399656 3.43499567600824 0 683
73.0570473384983 3.04861291880103 0 684
63.9416451065255 3.8374131117388 0 685
63.8026725253756 3.0441939188235 0 685
68.8563387902009 3.10839774747433 0 685
67.3036863773858 3.84351106556741 0 686
67.2837919308032 3.17096819327658 0 687
86.911298462503 3.04978797115109 0 687
0.0336041866773781 3.81596473516502 0 688
65.3507523497399 3.3485225495494 0 688
64.7963817523471 3.28871169649402 0 688
67.2600368027231 4.41400838034797 0 688
67.2540507661837 3.04146931707796 0 688
68.1265246871144 3.20124026164733 0 688
0.0779980450202587 3.33701094149173 0 689
91.0084066444349 3.76846358327322 1 689
91.0366738167571 3.48110514603918 2 689
66.5949167921868 3.23423905305764 0 690
90.4150467886096 3.10008595387166 0 690
67.6846051260792 3.56129490899605 0 691
0.116549419782093 3.43873139755073 0 692
67.2547459221842 3.62529487362313 0 692
67.3170540331609 3.62495529333827 0 692
69.687160542503 3.14878854038473 0 692
64.1077389155435 3.17775612646321 0 693
67.2526902297009 2.99186387979439 0 694
74.9433330539355 3.06555517567296 0 694
68.8066352527324 3.03620046913316 0 695
67.2619850224631 3.61113987457316 0 696
68.4834548493847 3.08138641781768 0 696
63.7453345943842 3.18314199755245 0 699
67.2597541730784 3.27320121648689 0 699
64.437335877753 3.08818915435447 0 700
70.2899579674786 3.09955279922748 0 701
65.0523292326155 3.19719880370142 0 702
71.7014556854276 3.11217818975526 0 702
67.3202768312733 3.07256789257762 0 702
63.7890898160331 3.73615180172354 0 703
67.4102161517219 3.07899865146966 0 704
68.1237795062565 3.22845048415506 0 704
84.5557249338587 3.52118951169174 0 704
3.03917802128558 2.99072066006015 0 705
63.8332197891463 3.25518144662452 0 705
64.4809620910562 3.4444966695353 0 705
67.8656293285673 3.37099506001194 0 705
89.3993503562546 3.05390197445936 0 707
53.3428374629665 3.97322345689561 0 708
64.4435465779342 2.99218206068399 0 708
0.0196374250614692 3.06294779315821 0 709
67.4604399115774 3.38398196530437 0 709
4.43540043685738 3.55169963142699 0 710
63.7925023824559 3.24283607819273 0 710
67.3469297366836 3.11787558271853 0 710
74.7292095002352 3.28686097527721 0 711
85.4224572765526 3.13597653681681 0 711
67.2260782695512 3.83159021628676 0 712
67.5580509074333 3.14362009391751 0 713
75.7815608904322 3.07431792267125 0 713
84.4690198387519 3.53235684009249 0 713
63.980813976088 3.04017186347276 0 714
67.342957762649 3.19395691036211 0 714
71.5435408584294 3.02180275725696 0 714
63.7489523003123 3.7411185450135 0 715
77.4520227907238 3.17248444191309 0 715
82.0543803882066 3.6845416656712 0 716
75.4382994077627 3.30489639011936 0 717
84.4697076643939 3.06639951559991 0 717
84.5184984147577 3.86946010145052 0 717
67.5188605171332 4.58573792782372 0 719
90.0063417609943 3.43507465861619 0 719
71.075813322135 3.17331592956793 0 720
68.2495822377663 3.71065009919567 0 720
91.2056116498813 3.01002025697516 1 722
90.5248712533892 4.81658911208401 1 723
90.5724742086824 3.08450769965531 2 723
90.5449443136434 3.35211327357679 2 723
90.7653760453345 2.99499264131356 2 723
90.5399425941233 3.06070756778869 2 723
90.8839938132486 3.50047510401461 2 723
90.7781434085164 3.03365380838715 2 723
0.471446987045179 3.32977186059691 0 724
67.2655661472935 3.45444386194187 0 724
67.2796719642657 3.90316538740489 0 724
67.8971520069616 3.53556784737255 0 724
71.0289960646399 3.15692079981588 0 724
67.2603185204972 3.03291303010697 0 725
87.3766455396139 3.67477687154963 0 727
67.2836446254429 3.70262605578399 0 727
67.2969925931313 3.00316320564299 0 727
67.2574647985464 3.14311627724597 0 728
73.1760507526174 3.06321949789217 0 728
73.8503615505751 3.0240013272702 0 728
67.2573440955634 3.35407039918538 0 729
67.2545079594436 3.18124966256738 0 730
67.2561766266054 3.28502330756144 0 730
73.8808558997439 3.04599389177387 0 731
70.2683697862249 3.27942632116808 0 731
77.3988773457641 3.98899878536883 0 732
67.2759551817383 3.06360695192089 0 734
63.7767924137776 3.17315911485184 0 736
67.2740688727198 3.08141963189163 0 736
80.5971120644639 3.36317455906848 0 736
63.6575173709035 3.24329839767512 0 737
67.3201455915193 3.0922672841846 0 738
67.4310081142374 3.55462654902051 0 738
68.3590470580084 3.26095501252219 0 739
89.8771908224217 3.01867069865305 0 739
1.65994663238445 3.04159522209008 0 740
67.4063813146243 3.30201610298795 0 740
79.0229450148363 4.32761412458031 0 740
67.2929484052058 3.11959730001929 0 740
82.3963873512927 3.01158306897337 0 741
67.3492981676186 3.5006613101762 0 741
82.980247864071 3.73184602092612 0 741
80.4223198247296 3.23337125339549 0 743
67.8447203820224 3.12273941955099 0 743
86.3668632705187 3.50864365395168 0 743
63.9618946653502 3.60811961728519 0 744
67.2549236151841 3.35290607080883 0 744
69.1657374582028 3.20074250922323 0 744
73.6465548200685 4.81225251273655 0 744
90.483063493836 3.01593403616249 1 744
90.5672348484446 3.13309500859982 2 744
17.8353441627713 4.44815648520319 0 746
68.2158191849018 3.40310200518856 0 746
72.5408416919026 3.00391086389695 0 747
67.578633577785 3.13282536158666 0 748
67.3025208386446 3.05044577041141 0 748
67.503385346249 3.04510664539897 0 749
67.324054762208 3.12142548573985 0 749
77.4764208516223 3.04506917015847 0 749
67.3347152958887 3.07802300922671 0 751
85.958661560132 3.4789318501901 0 753
63.7233851365301 3.03871225385223 0 754
67.2997276682173 3.24206220613168 0 754
68.9103411698088 3.37860937866316 0 754
69.0198438888756 3.55424551469692 0 754
74.7794272099513 3.0977756042043 0 755
67.6374882751103 3.46836428289677 0 756
63.9479886049902 3.33943137055843 0 757
67.2927857498687 3.44798987541042 0 757
67.2693446154808 3.44126726274105 0 757
70.384594533401 3.18291744149783 0 757
70.3615612129294 3.3801636280285 0 758
67.2543566534266 3.10669609951665 0 758
71.6113068833172 3.63038748844312 0 758
78.7027703126825 3.07778262883855 0 758
0.0257621534651435 3.12350284457563 0 759
68.4024886870319 3.50615165686075 0 759
89.1679055860627 3.48248241020739 0 759
64.2428043130628 3.06019338025047 0 760
65.0304563849378 3.24300383062686 0 760
67.2656363262656 3.24588143684375 0 760
67.9860688985215 3.14865187524529 0 760
67.5194537841266 3.20233816991694 0 760
68.040651317367 2.99534979890395 0 761
63.9336644317282 3.18125705894062 0 762
70.4336088565844 3.40461694350397 0 762
67.892305567563 3.10048752390485 0 762
67.685814929717 3.00441306422824 0 762
63.9739190706307 3.69293736217395 0 763
90.7435563066723 3.05790386909392 0 764
67.3169080610579 3.1601228859128 0 765
63.7379524668173 3.26879823534479 0 766
67.3809515268024 3.24199268528616 0 766
67.4066221488766 3.27895110041748 0 767
63.9579744496303 3.3473133089497 0 768
67.3706810553321 3.54386197533336 0 768
67.6516829533658 3.03129683402237 0 768
0.0950297732965375 3.40540016197292 0 769
3.92935400001766 3.38919796581466 0 769
43.4364935127946 3.11874469512582 0 769
63.677158705127 3.37703605180655 0 769
63.6609968146027 3.15076935948541 0 770
71.3685991427094 3.48474405866445 0 770
63.6559577777756 3.91397355748275 0 771
3.07159090500631 3.09594645503947 0 772
67.3149085893817 3.14075588863771 0 772
89.4842178545734 2.99999838907508 0 772
3.07695751404439 3.24139522324365 0 773
59.2422630903307 3.70756240924878 0 773
63.6506377768742 3.17796715888096 0 773
67.3870592654584 3.09457021854357 0 773
79.128768642008 3.61534859772122 0 773
85.7207582968937 3.46689609250057 0 773
63.9915731527416 3.09598985594585 0 774
67.7432424630227 3.01291808700024 0 774
71.5178103002409 3.01275600104088 0 774
65.902405650182 3.08877060136116 0 775
67.7569629088231 3.32904342027489 0 775
87.168127311552 3.08860816127333 0 776
69.3228568479859 2.9946880842252 0 777
69.4930031767781 3.43998901943241 0 777
67.7790619746711 3.24955528497548 0 777
67.2644904272647 3.0814415408741 0 777
68.2825712568484 3.17709020504863 0 778
3.47416854848246 3.28355818977105 0 780
8.2106189328367 3.95472409029184 0 782
73.760044718458 3.10463629866542 0 782
67.3056381606222 3.08207536919032 0 782
67.3824035412314 4.28372166965897 0 782
88.439779282467 3.43549824402014 0 782
85.6161466394947 3.41218697359264 0 782
74.5953811302293 3.51132229456754 0 783
89.9984450791285 3.0968479891285 0 783
67.2572162305981 3.11627028251777 0 784
79.8476247204636 3.7280967493272 0 784
66.8698529017255 3.25357350262213 0 785
67.3363787184321 3.14541629049827 0 785
67.2772906715773 3.46509787408934 0 786
64.6265749920946 3.2145449637716 0 787
67.2774265038241 3.16844679271075 0 787
76.8832519920744 4.27361436316732 0 787
63.7386962152653 3.10944289574599 0 788
67.2559474521151 3.07322823497486 0 788
66.6558657328391 3.55016517217337 0 789
67.3390648538765 3.19901531708843 0 790
67.5740315256517 3.07402236870273 0 790
63.7862037588699 3.57142297629104 0 791
80.5532024803402 3.17399208386451 0 791
77.0450198380391 3.09014359739469 0 791
4.53012371797144 3.12307650584914 0 792
89.4193687046852 3.1138654687109 0 792
72.5979720427986 3.02393426911194 0 792
89.6988624201916 3.44694683223305 0 793
90.6840642452867 3.85194076366412 2 793
68.1356111163137 2.99476886760629 0 794
68.3647967787823 3.18203124746292 0 794
67.8940318802473 3.03533007768816 0 794
67.2760141770067 3.17855467407361 0 797
69.4355579652659 3.56700881916793 0 797
67.6406453649314 3.22531033130397 0 797
71.0209451626453 3.04007637097058 0 797
89.2767794638013 3.34755198841728 0 797
64.3506192760174 3.0232388837877 0 798
63.8248376430251 3.37781366292721 0 798
67.2537198892546 3.22160417518492 0 798
67.4612695432846 3.08290163289788 0 799
67.8698940156985 3.68571146347173 0 800
67.3608096794075 3.02067631159292 0 800
90.9721983410225 3.00541378188367 1 800
91.1252499109354 3.60646842999037 2 800
91.1826994033086 3.20052896585287 3 800
69.7276369643209 3.14359879005402 0 801
67.2817724726143 3.01109977664299 0 802
68.1895653915517 3.05798715301334 0 803
67.3276922575326 3.14818780966801 0 803
90.0467427921009 3.2559121439141 0 803
67.9625466336883 3.64070151225867 0 804
71.3288300728599 3.78067091019027 0 805
67.3362580543313 3.83875784593238 0 806
67.3314148540537 2.99435803363628 0 806
67.3431527410663 3.47856280773995 0 807
89.3036701516604 3.07390625869355 0 807
68.9874552170086 3.39515860010498 0 808
68.1866906024661 3.03259882459175 0 808
90.9857958044228 3.48188786068741 0 808
69.3153098143369 3.00822297191321 0 809
84.5753125332169 3.00082641265256 0 809
72.4603655949651 3.45339571278404 0 810
67.5101743649415 3.17772979245485 0 811
73.0571887941146 3.00190293980232 0 811
63.8406546113295 3.03283020517802 0 812
69.9866966303587 3.01094569267065 0 813
67.3071380793979 3.30127547800676 0 813
69.3101381105287 3.1057392315669 0 813
80.9942982630362 3.1519477991069 0 813
91.1286443820961 3.0568680564272 1 813
67.4209802802932 3.44442849065539 0 814
0.271254673914033 3.13226395433274 0 815
68.6277095492299 3.61953709873314 0 815
75.1599056367034 3.86094574014953 0 815
67.3686687755171 3.05524323306948 0 816
67.835505383043 3.7642152724897 0 816
68.1911757682035 3.10819589468887 0 816
68.2415614558809 3.10836084225764 0 817
70.8371204280506 3.03094444941386 0 817
81.6661386003909 3.66558366620362 0 817
74.2059122060492 3.06852832275782 0 818
67.2529793937401 3.31631463472967 0 818
67.559116674015 3.31883506708817 0 818
68.275801675491 3.3462344705434 0 818
67.2752889425461 3.16658797233836 0 819
67.2692666399316 3.22085022370104 0 819
68.0083440864861 3.47924596263961 0 819
67.5728021108069 3.14254078284507 0 819
64.2276201901078 2.99314832511111 0 820
68.6121532801911 3.21068504490248 0 820
67.3686206759825 3.04682831361982 0 820
67.6130612367074 3.01323110384238 0 821
65.1667959728435 3.11504033004316 0 822
81.1150095524151 3.37789120494358 0 822
91.0737752104302 3.2106470429618 0 822
71.2926841138215 3.06603048903334 0 823
69.5771084549686 3.24078127712823 0 823
71.3404192980102 3.17482014620309 0 823
64.4458401741827 3.27045197636755 0 824
67.2584448605279 3.1620591619625 0 825
67.2583297700148 3.0453422951803 0 827
67.3029127927404 3.88154648209512 0 828
67.5444605528591 3.44892486714917 0 828
67.2875748041564 3.40629304102528 0 829
79.0097316110911 3.33978203775334 0 829
68.4922326890519 3.29254639171914 0 830
78.6386933782895 4.00252909952326 0 830
66.702046772588 3.37440178963727 0 831
63.7616199991004 3.37663135181569 0 831
67.2931810561933 3.13742370971678 0 831
67.8729588179043 3.09401193634709 0 832
67.3323108566993 3.09933023712008 0 834
68.5871832350891 3.43150224321426 0 834
89.2442721985433 3.38430738330757 0 834
64.2718439337891 3.25307898432195 0 835
88.8001497814007 3.39480053123499 0 835
63.7474184982049 3.01749367825906 0 836
67.2572767388151 3.92871039023341 0 838
68.6165950488107 3.66341005862815 0 838
67.2542056003402 3.56113537261699 0 839
90.7137909293913 3.47961449818228 1 839
71.5828366050763 3.03224018827313 0 843
71.5468662197739 3.19179767365793 0 843
75.5201611923841 4.10724667156925 0 843
73.4841347238808 3.27963797171662 0 844
64.8360706562707 3.02171752529152 0 845
81.1290708765196 3.10103524846664 0 845
5.03715456995687 3.34405965241251 0 846
67.6083203772473 3.07639280702918 0 846
67.4605342261223 3.25184401756176 0 846
67.3055018181276 3.25521895549385 0 846
67.3139640357459 3.54869961990623 0 846
88.3172455456387 3.90851445567874 0 846
13.8897679351167 3.91258215870777 0 847
67.492555580221 3.19584183019027 0 848
89.1982018376072 3.11993985726132 0 848
89.9097673745625 3.24155010788371 0 848
90.5069812361423 3.79445542921142 1 848
85.8435261688623 3.26958244926554 0 849
8.13474015220159 3.26621765046272 0 850
68.5990682741698 3.61224009777868 0 851
67.2834548536262 3.26733442511161 0 851
70.4956536939502 4.5015251346757 0 851
72.448237808146 3.05290121821192 0 851
86.0872325424438 3.0253431902787 0 851
63.8005170003994 3.36502873245167 0 852
67.5472899328616 3.22619326336126 0 852
77.5303153104341 3.02671765961851 0 852
87.8161362348779 4.18602722719767 0 852
90.6571647999615 3.82945293754196 1 852
10.1937446439239 3.25606619143866 0 853
67.5828285032844 3.04342734024526 0 854
80.5174961018524 3.20928489889097 0 854
67.5672725803227 3.0532450711759 0 854
67.4362328266398 3.31512198404957 0 855
67.3232781216944 3.21473818366488 0 855
88.4770563505223 3.40448315468983 0 855
70.8871256272268 3.48525906884375 0 856
67.2548430801802 3.10987158379462 0 857
63.8272840786056 3.44807549804591 0 858
68.6546023050045 3.08665252992566 0 858
67.939115045008 3.001090646338 0 859
0.110945812840674 3.29337771225231 0 860
63.8183874076802 3.46072475172291 0 860
80.5337907153043 4.07058996041719 0 860
63.6710014424706 3.30069890445368 0 861
67.3499909243218 3.2491181886591 0 861
67.2768611499719 3.04837493848122 0 861
69.784419379533 3.10609590044751 0 861
74.3452866647267 3.11714758689588 0 861
67.3356193376787 3.31831575752491 0 862
73.6309666374607 3.07919606502411 0 862
90.386333065321 3.06265791013799 1 862
67.307968549204 3.76431629343995 0 863
65.9039092822434 3.39605372017043 0 864
67.2757322928424 2.99043145834703 0 864
67.5585665568249 3.02940501436858 0 864
90.7171269061316 3.61216184621907 1 864
64.7981481016847 3.52569769562968 0 865
67.2534502283564 3.13284090916403 0 865
78.7863110676357 3.01964399169806 0 865
0.00752182418290367 3.0477157569203 0 866
89.158472187096 3.34262578761593 0 866
90.9188986781325 3.5370792269484 1 866
90.9693275040632 3.58156702108242 2 866
67.2841263363408 3.12349135340918 0 868
67.2680280076145 3.01069537906147 0 869
80.6024792055715 3.13619645875814 0 869
91.1073182101634 3.32379742318465 1 869
0.154550938867819 3.67159188491818 0 870
0.153947041807732 3.03198102936479 0 870
80.9722863219878 4.60816114175478 0 870
81.1302315742886 3.88788353294787 0 871
86.7176877876391 3.14374931055182 0 873
89.4355960123959 3.06723039687545 0 873
26.6354381157873 3.2128102669545 0 874
67.3087289914656 3.08489616922841 0 874
67.3518641468224 3.09016917545212 0 874
0.0460005492653814 3.34438400906764 0 875
67.2538424169629 3.50358144747058 0 875
90.6100163536419 2.99922265404437 1 875
67.348956055479 3.65607392159317 0 876
67.4576449380426 3.24940685429015 0 877
67.5526034605601 3.0655464387617 0 877
67.3044798086379 3.14909946519162 0 877
67.2618352458117 3.36070389228789 0 878
68.3343986327724 3.6561554645366 0 878
90.4869945209746 3.17397391927465 1 878
90.5693325982029 3.05941174703242 2 878
90.7403185894084 3.25979512476902 2 878
90.6874897163369 3.17693808276612 2 878
68.7502514477662 2.99156058841378 0 879
70.3873617462513 3.02498391304306 0 879
80.6179530308325 3.06889730309011 0 879
0.0139683398204544 3.29667032927858 0 880
88.3609578616746 3.9374071511113 0 880
67.5982940401542 3.00060120245704 0 881
70.8507372268738 4.03841653574915 0 881
90.4016625340835 2.9942039004276 1 881
67.3457615464481 3.617549320434 0 882
90.9448070535243 3.5494172736702 1 882
90.3771243023027 3.12172775589873 1 883
90.2001113164589 3.16328852472075 0 884
67.254795729339 3.1357547537773 0 885
67.4037282016684 3.31934392145076 0 885
67.3493861408051 3.15771813436472 0 885
80.5747249699527 4.62642252666522 0 885
63.8731489315188 3.11395969169232 0 887
67.2969165596281 3.03638656675238 0 887
76.261071591995 4.03229556086496 0 887
82.0439486197246 3.41673838784377 0 887
0.00128719888336349 3.2273018162928 0 888
82.8170543152918 4.1311888318521 0 888
67.3154213491096 3.01989692771942 0 889
68.3808874684927 3.39945988918146 0 890
67.3997557246417 3.11933996911708 0 890
64.4991422373315 3.15541649259494 0 891
78.2553496980238 3.95749228037657 0 891
67.7226620166398 3.15008435719416 0 892
68.6846505425505 2.99636381109472 0 892
68.3447007012093 3.31533028248096 0 892
67.4240011859493 2.99474996082982 0 892
87.8066764577282 3.06294737446413 0 892
89.1440705549714 3.07269807762051 0 893
1.30569179903867 3.76262030087347 0 895
48.010827546456 3.12677827983519 0 895
63.7500999379119 3.02703880530805 0 896
67.3406242552341 3.65033080411538 0 896
67.569454800826 3.05284794444033 0 896
87.5506437871114 2.99612450484988 0 897
71.0817078517354 3.05784925697284 0 897
90.5472025400766 3.34072693030423 1 897
67.286673453492 3.03437844857097 0 898
68.022307022537 3.12992273945913 0 898
89.1451394795553 3.25774607841402 0 898
65.0754534358918 3.32458454777195 0 899
67.772938937977 3.26791894955603 0 899
67.2549587580782 3.33981704839448 0 900
67.2697120587259 3.38556120301078 0 900
71.0454386729484 3.30012177829714 0 900
67.7442139247677 3.59198810832063 0 900
63.7602285887082 3.1536631741922 0 901
68.0851166374094 3.12230597272002 0 901
67.4175477967247 3.13903167371469 0 901
63.7390613980031 3.8695991529742 0 902
63.6896376806342 3.27023070472071 0 902
87.5838546803583 3.18205847878632 0 902
64.0905412323442 3.09134845746064 0 903
67.3400869958953 3.04780084194896 0 903
67.2660082775545 3.48493378567941 0 903
67.3377371122156 3.70052771572874 0 903
67.3734662504849 3.02980871044001 0 903
68.4379873215406 4.44013118014357 0 903
83.965490260557 3.14383708606067 0 903
67.4212599171111 3.08331221394256 0 904
71.0548191971694 3.01900198109997 0 904
64.0937301801886 3.52571988823187 0 905
68.4953878920961 3.66073279479975 0 905
71.3171821864484 3.22362792549898 0 905
69.740244919432 3.24139934433467 0 905
13.9768015844399 3.00761502629775 0 906
67.6400461990017 3.60150245735406 0 906
64.0965315123506 3.30252249257076 0 907
0.0873932124148652 3.38595403045718 0 908
67.2594580654851 3.51829022730128 0 908
80.0005724830015 3.53289483297828 0 908
73.4658668213434 3.07606597070737 0 909
85.2157447619905 2.99462524188003 0 909
67.5996336569525 3.17949252380842 0 910
69.5689147067927 3.15022583557553 0 910
67.2948442570982 3.17561428207462 0 912
67.2573146299712 3.22861081550753 0 913
67.5187407332572 3.02376921290893 0 913
82.9052026523751 3.15417206790811 0 913
67.2858516173009 3.22936575466582 0 914
64.3140993338647 2.99994911758357 0 915
70.9351182569814 3.40618614618588 0 915
63.745296057831 3.62278371536619 0 916
63.7472248828937 3.36231594082526 0 917
85.6447244578459 3.49504318342267 0 917
67.3155298071202 3.00504521009657 0 918
67.2575342554147 3.00066525753807 0 918
38.7485449013592 3.70792128399883 0 919
64.3822358526716 3.08031239556034 0 919
68.2132269548161 3.00758406040273 0 919
67.4427929766425 3.65851001036296 0 919
67.5254959815852 3.07272610335742 0 919
68.3817271083438 3.0931770309731 0 919
67.2689219419102 3.07019246940196 0 920
68.3419950882898 3.03951643766459 0 920
74.0718092219617 3.32411108314194 0 920
68.1044073245475 4.23010428076196 0 921
0.553776266793764 3.23842907281769 0 922
73.0759883846898 3.01913293282246 0 922
72.7466456023247 3.00772530412675 0 922
86.1183946280696 3.03463265984512 0 922
0.00718991089522755 3.62215004424399 0 923
67.3519387259961 3.0883212193124 0 923
67.2958513230525 3.34796756661376 0 923
67.348434246355 3.3742387633002 0 923
67.5222679449672 3.65492396225769 0 925
68.6723500701524 3.00619572521161 0 925
76.1729675824149 3.50827482635602 0 926
68.3204880991252 3.12703604474384 0 926
64.0262322902627 3.25080775710181 0 927
67.2644403018175 3.01858682486818 0 927
67.3122169404713 3.53270950956609 0 927
65.8852027012743 3.22500311000064 0 929
64.0127312597779 3.00836772084763 0 931
0.0194607199186497 3.0130591247964 0 932
67.3526740768705 3.12116697623147 0 932
68.5953027168408 3.03360064105621 0 933
68.6942276944862 4.06111215627253 0 934
90.5362746331182 3.05436018983215 1 934
68.1480614635126 3.0414961067199 0 936
66.6378606411794 3.22941152611818 0 937
70.5772722633616 3.15723062297957 0 937
68.4152796912983 3.08956021531362 0 937
69.395673973683 3.19307166293331 0 937
67.2824944741414 3.2024658496452 0 939
67.2756608661725 3.30505616977725 0 940
67.2654032901543 3.37035638128186 0 941
66.3018531442464 3.0509125260921 0 942
68.4269371793867 3.35283591652603 0 942
70.3072906621954 3.84789284873139 0 942
67.6525984001552 3.37848541158797 0 943
67.2774615772937 3.04655913559907 0 945
89.5390601960191 3.14478748040926 0 945
67.3044634707503 3.13526566244309 0 946
67.4272601432015 3.18211483767496 0 946
74.1635352656182 3.36776058617109 0 946
90.7275409751844 3.05933460599341 1 946
65.5124230816938 3.60861873091947 0 947
67.4965307907895 3.16811244349504 0 947
72.0748877117204 4.20603367348483 0 947
91.1152812819735 3.17736715724333 1 947
67.304612148504 3.53073882616568 0 948
70.4171366023027 4.14336876779764 0 948
71.1236022605586 3.43907687045481 0 948
84.4762847342341 3.73467510831608 0 948
85.9864857330819 3.06180963531331 0 948
0.0128543737881069 3.17091509608144 0 949
79.3383722428356 3.0555527909779 0 949
67.9759142150049 3.03494921301619 0 950
90.9500824629601 3.02521024885047 1 950
64.8635044275933 3.18114393625406 0 951
71.0837252720041 3.01520601684201 0 951
67.3331633488747 3.29204759691493 0 952
67.9693762635167 3.13392890541188 0 952
88.0357196744543 3.23802767786463 0 952
64.9550075422363 3.0298861630877 0 953
63.7786845682182 3.27961452572461 0 953
67.3566975975868 3.36994191565293 0 953
67.2603793990434 3.55406788569729 0 953
68.4196957591621 3.20169670468992 0 953
67.5465503107434 3.3808079188346 0 954
70.1824456824132 3.07083589880415 0 954
67.2850723995393 3.06042074798612 0 955
67.3301687424659 3.23785816587387 0 956
67.2666218085785 2.99720517012249 0 956
68.1725941514641 4.30205272402431 0 958
82.0892783869625 3.09282624819803 0 958
89.9022887436277 2.99503453524785 0 958
67.4848486340811 3.00675623794112 0 959
63.7893870001329 3.12471578570991 0 960
90.1776380475533 3.06831434933229 0 960
90.7476145517819 3.25884048019649 1 960
69.5728843922069 3.87973243546443 0 961
67.427480658486 3.44366456201933 0 961
67.7472284734147 3.10255497677812 0 961
64.278001176922 3.35282533267219 0 962
9.02721843034421 3.02404584229716 0 963
67.3217196326729 3.27668576852744 0 963
67.6086481121844 3.84220508179334 0 963
81.0928478290702 3.25988569797353 0 963
69.398616665775 3.30258779036299 0 963
71.581216328468 3.19411728640153 0 963
67.6609302842945 3.25063915972246 0 964
84.5831796411087 3.05465451495285 0 964
90.4520247969583 3.10304750431218 1 964
82.5963623456312 3.05502608646498 0 965
90.6710522491291 3.00547544200887 1 966
65.268696479484 3.00526469134885 0 967
67.2572330665204 3.30422188759698 0 967
67.2574831645188 3.2035879502221 0 967
67.2652891828747 3.09075808730156 0 968
68.7048107611432 3.51029876314486 0 968
67.3742317446599 3.0770043895571 0 968
63.8901166663683 3.12685819285121 0 969
67.4943411396653 3.04857880858794 0 969
63.8192926653182 3.33587563626778 0 970
91.1477770665467 3.52759481745919 1 970
67.3762945368947 3.36463108729674 0 971
82.3322328132058 3.07839963292529 0 971
63.9153312736522 3.23852584828673 0 972
67.2705949809205 3.0466278686381 0 972
67.3243159962868 3.14807304840916 0 972
67.9473251124234 2.99915425516395 0 972
72.6893815892343 3.10998304337245 0 972
69.3118044306946 3.0306008657503 0 973
68.6561760204045 3.08557355903438 0 973
67.3065067686112 2.99076993508129 0 973
86.0859140524218 3.52030565940492 0 973
70.896261099375 3.0722979218237 0 974
72.4547417870389 3.56645609209053 0 974
63.865241286746 3.17145316629102 0 975
67.7299031382942 3.00573383312674 0 975
72.1889139196973 3.05667145202235 0 975
88.8184737446255 3.49791898624717 0 977
80.5326683714792 3.13926500280382 0 978
70.3412768034158 3.46831072216912 0 979
67.4337602333404 3.38029498102472 0 979
67.9606587252384 3.25072692229727 0 979
67.5639489959498 3.19333815625907 0 980
68.2577805936307 3.36957687095416 0 981
84.6168587203351 3.44560824750967 0 981
71.0104506923829 3.09115684812736 0 982
79.4635814716205 3.03656369085779 0 983
68.9871669306409 3.69679350438515 0 983
67.3125572771788 3.12925804277017 0 984
84.1198496198667 3.091506523866 0 984
14.3795428516069 3.61016986340736 0 985
65.65030785202 3.3105666843053 0 985
67.4895267107478 3.04496857163573 0 985
70.4190724065009 3.12883703678834 0 985
71.0119535595705 3.31201836452878 0 985
85.9868045708168 3.39799225863468 0 985
64.6803751473938 3.06816553774269 0 986
68.0045727715486 3.42726370250403 0 986
67.2736509832906 3.0464058641735 0 988
68.9388497465913 4.01475956428687 0 988
2.21366533175692 3.02705084027652 0 990
63.7033911311122 3.36210445154016 0 990
69.3850935157606 3.03673973633884 0 990
67.4025744419246 3.4729064604294 0 991
85.6349403527156 4.47128093354648 0 991
63.7189294797978 2.99232559626881 0 992
63.738305470728 3.74475190293238 0 993
83.2914090668099 3.06565840239477 0 993
67.4136950351313 3.29177808365969 0 993
69.0430896438431 3.395545689443 0 993
74.7504755421383 3.21600161953337 0 993
81.7171412742714 3.08294967531165 0 993
90.265998177211 3.18622752688369 1 993
79.3610102175152 4.60079231185286 0 994
73.3518798496622 3.5871520178477 0 994
67.5052457516945 3.1332257724856 0 995
90.7979059198212 3.12263149291451 1 995
67.3101043885435 3.68919090302659 0 996
67.5524450835873 3.33858942403465 0 996
82.1856933260939 3.30726180375648 0 996
88.3400402911453 3.55010089748241 0 996
64.1667841469313 3.07562983292798 0 997
67.3161915715051 3.38345143083075 0 997
69.8038103243938 3.26876966356413 0 997
67.7640574080191 3.3313101063912 0 998
67.2914081554734 3.1750182709066 0 999
70.3702479082693 3.18744137720822 0 999
67.2710901879878 3.25051794203131 0 1000
