"ts" "magnitudes" "gen" "cat.idx"
0.0451112249520741 3.51791965759558 0 1
0.855776958911758 3.09888245789404 0 4
0.228841431056269 3.11839636522081 0 6
8.58074743362099 3.41555109687198 0 9
0.0280206084681443 3.52556844276742 0 10
0.00456480895315516 3.05809493386636 0 14
10.7804268794759 3.24782103411907 0 15
22.5622093266598 3.26402379787294 0 16
0.221272650458922 3.15695959188257 0 17
3.09281941731792 2.99066263003076 0 18
10.361936000487 3.19210291330306 0 25
5.77551529409727 3.44047528200642 0 27
0.580823787385585 3.51014598314311 0 27
1.49858247746192 3.56717204805306 0 30
25.8139479034635 3.0008907591577 0 33
0.00695006507124668 3.44071223649545 0 34
9.52238292999056 4.03903591698442 0 36
0.185682284369823 3.45321443279145 0 36
0.0223977070803434 3.14023907063653 0 37
9.23916715012417 3.48389297144848 0 37
0.00270786454483573 3.12289759153875 0 39
0.0541838774052459 3.06622325887594 0 40
29.7965563870125 3.06774328857584 1 40
2.13821460481464 3.17776827222695 0 42
0.00058011749655893 3.3374822724416 0 43
0.996057296887632 3.09598171488857 0 47
3.07828580343161 2.99691333930582 0 47
0.0518532125089498 3.30408138513543 0 49
0.0020695378882128 3.14938652898851 0 49
22.5978434618542 3.09387471966455 0 52
0.0243297218495675 3.01422592873212 0 57
27.2198108717257 3.05723471567855 0 61
0.192126484433947 3.647567188546 0 62
27.14584113863 3.22835590625317 0 62
0.00929337811671702 3.05468410589912 0 64
0.0431976434959145 3.07827578104109 0 64
29.2195943034344 3.35961881265933 1 64
29.6719192922068 3.83371785597894 2 64
0.0620863101901985 3.43749710165527 0 68
10.9409670928157 3.17443947709338 0 69
25.8553309327277 3.04158761505188 0 70
28.3073910924717 3.21218753237959 0 73
28.5151212485463 3.02868307002921 0 73
0.621355904481462 3.10007177931776 0 77
1.12731231835697 3.01828795016071 0 84
0.0361613832307394 3.1641423990268 0 84
0.453755217984154 3.06325165477873 0 85
29.2879961208996 3.13195368884389 1 87
29.8708515937064 3.7323794529324 1 87
29.8835064631872 3.0952339333313 2 87
0.293745747184916 3.288653554581 0 88
27.84069624152 3.20361621055739 0 90
27.9968005974975 3.01397490117496 0 91
0.135403418694121 3.02102051054 0 93
8.55211001897638 3.12942802480904 0 94
29.0520040970478 3.13251337311413 0 96
8.73383879513441 3.03179816958009 0 97
0.238994710011873 3.0407072425461 0 100
22.6921420198446 3.11497764287532 0 102
29.0507598562721 3.31025542858376 1 102
29.3900386961377 3.01206572659745 2 102
27.1040513812045 3.0203170853042 0 104
1.61463504702009 3.03475858799611 0 106
7.88976983077596 3.02442563282549 0 106
0.00497912873663777 3.12027616610953 0 107
1.49935009646548 3.00203447261263 0 110
0.0848329424594622 3.25874926245088 0 111
0.0351205866863911 3.50301165876108 0 113
0.610939969857575 3.26622695474185 0 113
27.0081779636322 3.33974629030757 0 113
10.0937140781483 3.00225517851503 0 114
29.4828848600477 3.27223166263059 1 115
29.8734699668452 3.24883815805536 1 115
0.000430289319226236 3.35591561867794 0 116
0.566122888329592 4.07957112647946 0 116
7.00196150958771 3.8973066927005 0 118
28.123280112023 3.19002357188115 0 119
3.06677666742251 3.00299176011386 0 120
0.0722214956098135 2.99975136320606 0 122
0.31488026075311 3.62728597844972 0 125
0.0527368954050204 3.62309699572755 0 125
10.9993501122529 3.46494998722157 0 125
10.3972524844016 3.28314812695874 0 126
1.78224244845907 3.92960128052645 0 127
2.54755729813249 3.03956869154429 0 127
26.9973799103613 3.2809372293583 0 128
0.149132506433608 3.65955151358241 0 130
28.4087614615938 3.21891983180449 0 130
0.250527177570862 3.0057291252966 0 132
28.2438765038512 3.12782313984854 0 133
0.243085943507546 3.05468727746129 0 134
4.29324661086009 3.00784919701651 0 134
20.3971260255415 3.43742785080643 0 134
28.3016366093217 3.16053843887389 0 135
5.3265979869501 3.52780588937387 0 136
29.3479626580697 3.02355477564792 1 136
0.272208460193835 3.22115064903506 0 139
0.787869492580232 3.08489274287323 0 140
1.28461066807308 3.59938744513588 0 142
0.218527300080617 3.10141345418885 0 142
8.42956636724529 3.24400866005267 0 143
28.232826678811 3.02256258420142 0 144
0.0773923512280925 3.09559595316402 0 147
29.3593068210498 3.45368861867724 1 148
23.8902419509028 3.80595041996103 0 149
29.135515934005 3.04243001514253 1 149
10.0219600933279 3.09942233360821 0 150
29.3394484498162 3.13607228445664 1 152
21.6299566934241 3.37065754896047 0 155
2.23031470156313 3.19045864274222 0 161
27.2726430351846 3.06170344360605 0 162
29.8804558207371 3.50272279923408 1 162
29.9234186666342 3.21413070112749 2 162
0.146170753429809 3.06495119295754 0 163
29.7782710726928 3.44867569448839 1 164
10.3871826548806 4.22663310549927 0 166
0.412944847496101 3.04660522799334 0 167
22.5465544855119 3.18492114122996 0 167
27.0900604761904 3.02927345081288 0 169
0.696251343323466 3.38073215489949 0 176
0.03704338891627 3.30039502731304 0 177
28.2342893495087 3.52616139598416 0 180
29.335955678634 3.29865333728325 1 180
0.47020204823692 3.3524424507378 0 181
12.8485541567026 3.05864641652559 0 181
9.69275093043408 3.08171200184429 0 186
0.0918451612786523 3.07527323193611 0 191
1.41126343028056 3.08963405533919 0 193
29.9365281079985 3.17734987779716 1 193
0.100474301588233 3.80887638625253 0 196
2.25066031581121 3.01164273681269 0 196
2.89450530085418 3.84223187821417 0 197
29.6532812534455 3.69463793221497 1 197
26.0369563361512 3.20813317828341 0 198
0.497466970149532 3.56419088988419 0 199
28.4731865566342 3.27647615716013 0 203
28.7337867000925 3.05348457978967 2 203
23.4813384698371 3.11238806381319 0 205
29.9484736506451 3.0899258233055 1 206
2.37446239603452 3.15964025510089 0 207
29.9288944559261 3.0742419451154 1 207
29.5477448114284 3.10187293791385 1 207
0.12640854864135 3.0337400842551 0 208
29.81244383092 3.05969366023688 1 208
27.0803658743312 3.3650399666447 0 212
25.8840954703971 3.3920442593498 0 214
0.184159830773053 3.07911777846142 0 221
25.491577747831 3.30127137710733 0 225
26.7238371510706 3.2118991526143 0 225
29.7574863819495 3.04864864337313 1 228
0.27453872106518 3.01702775235874 0 229
27.1210346031693 3.03225729730967 0 232
17.6758461952317 3.8910322699364 0 233
0.159324664452301 3.01785632783799 0 237
11.0340369579197 3.5143893139801 0 237
22.7129684377435 3.45357043121629 0 238
29.0648583994802 3.77211437747899 1 239
29.2870288197041 3.10234269145924 1 244
9.59573547321694 2.99640011386065 0 246
0.203461901522415 3.4455857007028 0 247
29.5802900252488 3.35495082888785 1 252
0.136550092507918 3.12627101697648 0 253
26.9222429863774 3.59339787550997 0 254
1.08954677069817 3.35019408538527 0 255
26.9222490498707 3.24363685220096 0 255
29.5857963079211 3.40879615568784 1 255
0.0169622687766252 3.3851444154778 0 256
3.52653044704316 3.20556720421888 0 257
0.447728549058876 3.04970731361536 0 257
6.02599067253741 3.4289561830216 0 259
0.250980725705503 3.30457661812397 0 259
0.263670528154993 3.25305779846232 0 260
17.7080252278937 3.06379969366403 0 260
0.620855741669092 3.82316775899207 0 262
0.920552948671329 3.05856976430464 0 264
5.2812852979457 2.99775145444278 0 264
28.2440486370543 3.08910730683554 0 265
29.4142154559117 3.26389694475621 1 269
3.86215957492236 3.18802295600357 0 270
19.0510112310562 3.49728688980985 0 270
28.430433805394 3.645099919577 0 270
0.0564802850725136 3.04782575000498 0 271
10.0872248614902 3.02710513508258 0 271
29.6219660422389 3.02645349092347 1 274
3.09753732549514 3.17982017252398 0 277
29.6646998072133 3.41721135067016 1 279
0.0383449557488058 3.04272324732536 0 281
0.408195469154774 3.53529362638414 0 285
3.20099657663827 3.12026311615443 0 287
29.9351967539728 3.09804415555383 1 289
0.0153141660344153 3.10277875560717 0 290
7.67812066379645 3.16553625947682 0 290
14.5606259234258 3.32141571709222 0 290
12.9595470678967 4.31584020480615 0 294
29.1005848023664 3.39974079897435 1 295
29.762936238919 3.07090773013547 2 295
0.758146303930471 3.18898886445217 0 296
0.725687224401168 3.30011417716341 0 297
27.0799953714308 3.36745089646234 0 299
9.30437479751112 3.02113329696753 0 302
0.00718625694655487 3.02110813833231 0 304
0.00840873411219783 3.11447184952742 0 306
5.79870955481434 3.13388650142712 0 306
0.308611451274664 3.59598239526806 0 311
8.6601719766432 3.27061579965706 0 316
29.5045410258785 3.12406298024026 1 321
10.5845796576966 3.15003448654888 0 326
0.00391139414148909 3.09225889433723 0 327
0.011161456811455 3.8310897128425 0 329
0.22501415159132 3.19289394971746 0 331
0.0224437732652136 3.23426951866261 0 334
29.479476694632 3.05549982115184 1 334
4.501276369471 3.2010642077567 0 335
29.2945035150364 3.02208528971662 1 338
27.0080940497459 3.10408746601855 0 341
10.0560403887304 3.14376451959102 0 342
29.4875243493911 3.01055063939438 1 342
0.0264522714869368 3.87196021431053 0 343
0.0142324520581592 3.61466655840251 0 343
27.2127313728824 3.30166363182194 0 345
0.449849129635744 3.1663935037491 0 346
4.28318825585443 2.99762139297539 0 347
2.83937230832075 3.39208908991212 0 350
0.00508410183913792 3.03948867649174 0 351
0.871667808983044 3.0635994171037 0 358
29.3279453519821 3.5047682028048 1 358
4.76469356506698 3.15613316097362 0 359
0.449923294172907 3.06406302285019 0 363
29.7407058166895 3.40038089223601 1 368
0.00133474943172969 3.03173553709158 0 369
28.8396151338851 3.03148116735425 0 370
0.307429147505527 3.15544519010501 0 372
17.1409833650306 3.09755931038954 0 372
27.3003689400021 3.03768320158423 0 373
0.336836496369437 4.00471734381955 0 379
1.35433498409703 3.07956941125924 0 379
7.10957122558266 3.20355625096029 0 379
8.66485688372889 3.04596471179613 0 380
0.680042810231728 3.05939005386221 0 382
0.0524434663488179 3.30843182932416 0 383
0.335694279753728 3.42741465686638 0 383
29.9696528866511 3.00113600128229 1 384
29.7732323526029 3.88169593253681 1 384
29.923977884387 4.08258347705399 2 384
29.7899037310322 3.42403082466925 2 384
29.8205919672359 4.25182898936634 1 385
0.232435388072684 3.14858082722333 0 387
4.04422433518848 3.16752327709085 0 388
29.3910776252482 3.40561092142153 1 388
7.41029523985201 3.4052528504308 0 389
8.39500549727268 3.03236875886241 0 391
29.3008440340959 3.24819163412101 1 392
29.6551474175971 3.03169535685105 1 393
12.8525440563787 3.31479657331747 0 395
20.4024715878205 3.62989901484931 0 396
22.5735183514659 3.30211308307894 0 396
14.3390211576846 3.15785898916304 0 399
0.0194290154301898 3.00837003441343 0 400
0.108439822672107 3.52176984470558 0 403
0.0154879057466055 3.05844024678577 0 405
1.98622956050446 3.76094930433055 0 406
1.23742618940755 3.73703191824425 0 409
29.0763019082692 3.79438305583378 1 409
29.3081981897444 2.99941942605733 1 409
29.1088484225365 3.03081974317301 2 409
29.9258575198796 3.31844890051312 1 410
28.2436981209224 3.24725441772916 0 412
8.04237910616183 3.03658027936956 0 413
29.2784806819722 3.13493388192594 1 413
2.37963814803942 3.24069825716218 0 416
0.17467411529976 3.44876059784394 0 417
1.56086045194212 3.27381972064593 0 417
23.0092354310565 3.31681744829536 0 417
0.226676259142481 3.14994558449659 0 418
1.87772829989901 3.08642524642429 0 418
28.6267758872821 3.19707832407815 0 422
28.780924685286 3.24409170235716 2 422
29.0082381012897 3.03886559684776 0 425
2.01856750763068 3.043309213243 0 426
12.1181194489997 3.30044897295439 0 427
29.0599073664375 3.24712809209146 1 427
6.42433971617097 3.4026538939071 0 429
27.4180243884909 4.46662003352125 0 429
28.5836901510664 3.56571174794587 0 429
28.119174272514 3.13131131457811 2 429
0.0113511874663021 3.10438978904438 0 431
23.764293038027 4.4044557982277 0 431
2.12660219948997 3.2950936550892 0 433
28.0285288475186 3.96497137083914 0 433
0.0413149101817825 3.11040189042144 0 437
22.7978214987246 3.56134716631576 0 438
29.1921145950068 3.07663306463188 1 438
27.1675044509785 3.14814335877605 0 439
24.5742597506633 3.05218314279755 0 440
21.0647042136586 3.06172889529671 0 442
2.14311746097881 3.53211010866302 0 444
0.162959676543116 3.0115193846047 0 446
22.0605259762334 3.04614965748254 0 446
27.0013226808081 3.6112423213182 0 447
29.3429848469418 3.19083899025732 1 447
2.54912609426758 5.28399915702156 0 448
15.4174370166929 3.44038916523922 0 451
22.7122823944076 3.14157352378996 0 451
28.249016927189 3.24870906153111 0 451
15.2018946493976 3.77498379886292 0 452
0.000369046385542151 3.32354911181304 0 453
0.0870026425820319 3.49584365920849 0 453
29.6489572202876 3.81174700736768 1 453
29.8191146331477 3.30456596778278 2 453
24.664319202739 3.00783831835225 0 454
1.83807792268106 3.38947167782619 0 455
28.2747320488961 3.65810475933628 0 460
0.0648599053523735 3.16559633783518 0 463
12.720271086087 3.59617114244918 0 463
0.00620070318056088 3.05848619493282 0 468
2.82295694521365 3.00652152843488 0 468
29.7874877964236 3.01448585121654 1 468
29.2270902145278 3.08039077466714 1 471
29.3621151051759 3.05939724558432 2 471
29.5163725695193 3.14405747759376 3 471
4.67943759727751 3.14531502464372 0 473
0.0182754742358436 5.38245176659456 0 474
2.62942425999328 3.2722340991797 0 476
22.6038878840779 3.18241997916025 0 476
29.1030895823237 3.88895387133356 1 477
29.1471809989107 3.40601149046685 2 477
0.000839519870968909 3.14763461769476 0 480
4.79188498504001 3.09480898308162 0 480
0.0467424837097753 3.4894351507134 0 481
0.183199003226269 3.26233043831439 0 481
28.4484896697086 3.19655963725323 0 482
0.242359019947806 2.99112992459249 0 483
0.788292453664114 3.16703951314591 0 483
3.15366715338744 2.99294922395969 0 485
12.1905499495844 3.44169559022058 0 485
29.4950901562438 3.80631759103421 1 487
29.6476693268107 3.14184028584339 2 487
29.5119082754863 3.36872925036594 2 487
1.79362450164796 3.22618797740545 0 489
0.0533185365347362 3.15247084145099 0 490
9.13726803249322 3.05609574418441 0 490
29.2663347059019 3.55474296475718 1 490
0.14170810031973 3.50359411199494 0 495
7.70996897311823 3.0275932292971 0 496
23.1903542674249 3.62208031138193 0 497
27.9677128022969 3.07020099256222 0 499
0.103436556383381 3.35398555082916 0 502
0.215113444930595 3.38896835210526 0 504
0.120150429753215 3.26943023742183 0 504
0.752405901172149 3.33274487525195 0 508
10.4101516691871 3.35633897564821 0 510
0.893503617266075 3.51367810059142 0 511
0.127149793258304 2.99695024924596 0 513
0.25488419746257 3.18935137914431 0 514
2.02785703458361 3.85372674414327 0 514
0.0359722261621324 3.06433627693402 0 515
29.6905280255337 3.15558638665348 1 515
0.00583321363915306 3.31578169605544 0 516
29.2068927371033 3.95907970412778 1 516
12.8335234621843 3.03731949228737 0 518
25.3688603262885 3.24755066045053 0 519
0.2227069786292 3.22205274203578 0 521
2.33276572094349 3.57136550371252 0 522
0.0291327113455147 3.42874325072646 0 525
0.0168271776494554 3.08939635283593 0 528
5.73252662787732 3.14779906509477 0 530
28.9197654466577 3.82936641147251 0 530
27.0072100837885 3.72916859652763 0 530
29.079832294406 3.68417100859166 1 532
0.83224007069964 3.5341040377453 0 533
28.2573378316214 3.91050844531358 0 534
0.072623716849791 3.10403266905271 0 535
0.626428692464242 3.35216520860806 0 537
8.15370709339239 3.16949304694675 0 538
7.67683074392517 3.2370975084568 0 540
29.8996705784552 3.2260698375096 1 545
0.0717796541966988 3.49634876293567 0 546
27.6449293517902 3.01905975215146 0 546
29.6713865100496 3.16280761288956 1 553
0.87173963046875 3.05183322251033 0 554
29.9316690337468 3.16898028864211 1 555
0.2858077671928 3.04222161584519 0 557
13.3922507317643 3.3097090285737 0 557
27.1011274445276 3.32882312690163 0 559
2.99393439258091 3.10406768196608 0 562
2.21632763187018 2.99727693181433 0 564
0.134483767735359 3.74458164160667 0 565
1.85629486507345 3.37925141330806 0 567
29.5600420536097 4.16573150268944 1 567
29.5901650729199 3.10544428537323 2 567
29.5883463618042 3.48198904740592 2 567
29.5988904917051 3.54868394344585 3 567
29.6158116471008 3.14089030988592 4 567
27.2141011969029 3.42849939535925 0 568
29.7883156132043 3.61280626454531 1 569
4.14426724932374 3.18429852496189 0 571
27.2726663137294 3.28604416615202 0 572
1.56818814976981 3.7224980061427 0 574
0.524989357308549 3.36025113039028 0 575
13.8089383133624 3.17507917498907 0 575
29.9360390204809 3.48853515780027 0 577
0.148279278149709 3.1877275009845 0 579
29.7988940835089 3.0032943415877 1 579
0.014865637327087 3.04701110842447 0 581
0.532221147791315 3.15631557237932 0 584
26.999516526422 3.02388985336417 0 584
0.181689737155425 3.51852715906812 0 585
0.00373056973409296 3.92009573092131 0 586
4.33373014180404 3.19901944116448 0 586
17.3463273889618 3.1193251221326 0 588
0.871467492573801 3.37226740798836 0 589
11.4879163629246 3.38686886628795 0 592
2.0569676740108 3.26302825003199 0 596
0.14936702317256 3.66372360898712 0 597
19.3928067222236 3.14759319500531 0 598
0.0765012767608921 3.03148024428679 0 599
29.4770777126864 3.39594026922408 1 600
29.6747655261608 3.26239746087457 2 600
0.0150489386223117 3.13567306496285 0 601
0.253779548710237 3.11581475684541 0 601
15.2796808764366 3.03983887845601 0 601
0.000533322001100625 3.2530494424556 0 602
0.217582060680169 3.18108213918984 0 603
28.3576132988192 3.34893696915999 0 603
27.1101565914643 3.55021437925601 0 603
8.68242940997635 3.04520536831512 0 606
0.0666497101164638 3.23868613133389 0 609
1.58205124449286 3.2476345014321 0 610
17.7883812629468 2.99403955316972 0 610
2.36775239270631 3.16208224982026 0 616
0.647853771294674 3.17285899299954 0 619
5.57234421858868 3.55574690589715 0 620
0.759771734058609 3.35943103169904 0 621
22.5725302537799 3.00023346019817 0 621
29.8061889719206 3.01680341820634 0 621
0.00405212776818784 2.99376828323654 0 622
1.16594400787753 3.71347582139138 0 624
22.7462667146553 3.58105561299208 0 624
17.4506923173562 3.16932038896197 0 626
0.229732192149712 3.80832089131038 0 629
11.1892423965124 3.1076432874109 0 631
29.3702880986125 3.07112845477574 1 631
29.739961910443 3.64726305495318 1 633
29.8749906797052 3.13875821725196 1 633
29.8787716393449 3.43081119682256 1 634
2.62667847118693 3.16110043690455 0 639
28.0835890069923 3.57701095649417 0 639
26.674509115319 3.47209620619929 0 639
2.92250716953301 3.85678316242073 0 641
29.1623633898884 3.40506633403568 1 642
29.4340636629251 3.18392924587613 2 642
0.0676085689766565 3.82704043109305 0 645
23.9298518918948 3.88646153516531 0 645
24.2791089838003 3.03260639162402 0 647
29.2651156593669 3.63510750673878 1 648
2.74937816056929 3.1547323078478 0 649
29.0924105797053 3.82710777203829 1 649
29.1061221131974 3.06870647915386 2 649
27.1102296334528 3.08170599743193 0 650
18.7495478028496 3.11099617556847 0 651
0.614682268915977 3.36436044429461 0 653
6.77496611465421 3.50566681481519 0 655
4.60755017999197 3.26858869592588 0 655
8.01283672340839 3.01486868044837 0 659
24.4102994450281 2.9917633594865 0 659
3.22396819183489 5.2545994220817 0 664
0.621864936128672 3.35105211837623 0 665
0.952413739301771 3.05339626726548 0 668
7.1797996677334 3.89336581772422 0 669
22.5464816605329 3.0258177173001 0 673
0.645361406124876 3.77840061639737 0 674
28.2353509650165 3.30381736095346 0 675
0.527814615453833 3.39025461363119 0 676
0.377500580687395 3.09036941604523 0 677
22.5800764759124 3.23811222107715 0 677
0.133309361850764 3.11024344472619 0 682
0.219370970255498 3.26344505647671 0 683
0.795270617769533 3.59174067970431 0 688
29.9080915305853 3.00741299216707 1 688
0.874983757528115 3.6942791001041 0 689
29.7790678850465 3.07409896548156 1 693
1.97773931053049 3.31965934811746 0 702
0.0829789207240904 3.61848153230392 0 703
0.663827684630363 3.05972372437134 0 705
29.9677688883707 3.17035220173643 1 705
24.7007895954404 3.00510597126099 0 706
0.810630368872136 3.10607040372315 0 708
1.17078884487451 3.35342408172457 0 708
3.03605083555754 3.40461469824942 0 709
0.935077875314542 4.02541180638187 0 712
25.0186003006456 3.09421624042376 0 716
28.0015940094218 3.0362183897334 0 717
2.44300701006039 3.86069357361403 0 718
0.19336662514837 3.28179943319272 0 726
29.1028461581186 3.7064168396927 1 730
29.4623361301232 3.22644551247419 1 730
29.4627376305177 3.11760641181083 2 730
0.0661824893687422 3.67391834522191 0 732
0.0654139565679285 3.04866029273294 0 733
16.8529530754848 3.22092648860141 0 733
29.7778851538055 3.35558904093456 1 742
0.300350020054772 3.24297718386947 0 743
29.2870309393943 3.39933911139175 1 743
0.102760792821912 3.00496844165666 0 745
29.0596033822835 3.021261355824 1 746
7.50625902231027 3.83189354105785 0 750
0.119216074604582 3.12328721970191 0 751
29.7677774321378 3.09246798323063 1 751
10.0429492036752 3.00202965626743 0 752
1.07868460525345 3.03366775844363 0 753
0.188499534591676 3.04325521123615 0 754
3.24697845725282 3.13986867542206 0 754
0.536923892803293 2.99814537634095 0 757
0.00993599272227088 3.11460325318611 0 760
25.0664197004121 3.01743064238147 0 760
29.6630356860437 3.64127573209664 1 763
29.6891798094011 3.48440180229135 2 763
1.45901511925665 3.10191398341509 0 766
29.9154309548062 3.07399158817448 1 767
21.5806320436545 3.13220780121259 0 771
18.7159844495416 3.37495373614965 0 771
28.2781695322802 3.07312961125166 0 771
0.0820451343876601 2.99100586034827 0 772
0.049807649986078 3.01884857183306 0 772
2.89789308345225 4.03663576807912 0 774
10.0024942294561 3.27215188188041 0 774
2.16580529802554 3.62729750011086 0 775
29.8981370897122 4.19470871341572 1 775
29.9169876704186 3.51127682038683 2 775
29.9203715684352 3.11619318176094 2 775
0.132523022291904 3.15469532628458 0 778
21.7623872358727 3.09767485008272 0 783
0.677857024003014 3.18164172178742 0 784
28.6627955099975 3.11041593710525 0 784
1.80715870429586 3.31681332754915 0 787
29.4353694765918 3.4779340146739 1 787
29.4746805797299 2.99035882733643 2 787
23.8342664731912 3.12982624925839 0 790
0.187310969932774 3.31239804522911 0 792
9.66563503847427 3.05506547628345 0 796
9.59320160846134 3.085055447332 0 796
12.23195512258 3.03933986120095 0 796
0.464840165597238 3.82034517559952 0 800
1.90265068389416 3.50683053322201 0 801
22.5813754697069 3.0575005820236 0 802
27.0837074555311 3.06892364858388 0 802
7.97296474768919 3.37894023484194 0 804
29.3477804788012 4.00546004288153 1 807
29.4308422498617 3.42430947284762 2 807
29.6407859891644 3.05787392045042 2 807
0.377073348591773 3.37270196941811 0 808
1.54901291509184 3.47780338333418 0 808
0.0193717036552768 3.0068014871974 0 809
0.380181332842205 3.68175692883042 0 809
0.144013101769928 3.2980639553876 0 810
28.2580211672525 3.0507482705533 0 810
26.9331911371229 3.00937091654855 0 812
30.003627543952 3.00379655246772 1 813
0.0027745113782745 3.12724586296819 0 814
1.89487037627426 3.21698901589515 0 814
10.4586605131346 3.05449569038402 0 815
0.354231157678929 4.6027793656572 0 816
0.709741072441685 3.27167398210449 0 817
11.144446289157 3.02435945330421 0 818
0.0123603749021556 3.04612986706786 0 819
0.0118038148021206 3.81988069784185 0 819
27.6285844826345 3.05588150703009 0 819
0.256769764509831 3.26819544766467 0 822
7.6313574392765 3.31866986676593 0 823
1.87193243836387 3.03512660266817 0 823
2.78220521191942 3.26198253844813 0 831
29.3915839706637 3.07545486942441 1 836
0.0548623003649385 3.06567894543254 0 839
0.617550422216742 3.15598780293324 0 842
18.2338865882546 3.00045616985216 0 843
29.2503747781563 3.31557678537835 0 844
0.00363017405877998 3.21508685357999 0 847
0.73765203812735 3.01404085530633 0 850
0.369718039944953 3.0360402038308 0 851
0.104317524188996 3.20225146525114 0 854
29.7140155193951 4.09819835206704 1 854
29.7770141753536 3.44240287888323 2 854
29.7601395622858 3.31839455268908 2 854
29.9797259449101 3.22458728692951 2 854
29.7822529292258 3.30608290699968 3 854
29.8314449209572 3.02763866394763 3 854
29.8818917573755 3.26945349460263 4 854
29.9009778738235 3.93713996733417 5 854
29.9097163016171 3.03680082136798 6 854
29.9449448284282 3.66135716037288 6 854
10.4351685279636 4.60072197564002 0 855
0.9751973489506 3.31510383054088 0 856
29.0278972194946 3.28552543509459 0 858
29.1123388606679 3.03270472010959 1 858
29.0429274443627 3.27852654339358 1 858
0.0247410204904818 3.08553499786625 0 863
27.8527825302974 3.11331026749083 0 867
29.631835618205 3.24684364733296 1 869
29.9319933934495 3.06502175290703 2 869
0.920186266723317 3.40748546387764 0 871
14.6038017042061 3.59527496951565 0 873
0.76251244552126 3.36702345884019 0 877
27.9889814561739 3.32744881611337 0 883
0.126517830825767 4.21547753291756 0 884
0.936197963991126 3.72410608587225 0 885
0.831645117925482 3.31453585932372 0 886
21.5619743369554 3.02006773566413 0 886
29.9409057995394 3.6280587544097 1 887
29.9987594470471 3.2473538894722 1 887
27.8556327170901 3.14760695419546 0 890
0.101554544485211 3.02455767459714 0 894
0.0735909431199847 3.11385672248857 0 894
5.15672354310528 3.56793893805898 0 894
11.4301172898742 3.02251738327816 0 895
29.9438087701887 3.04133889605032 1 896
8.16694181741725 3.12039188048818 0 897
29.2044428392869 3.19156239273336 1 899
1.46763668993557 3.44496092543319 0 900
29.9009860334076 3.25091031382221 1 900
1.63003568307989 3.10097443951438 0 903
0.549740036748502 3.31233609667814 0 911
1.20759619341833 3.30362879217606 0 914
5.91558701911922 3.66672118020613 0 915
0.811015585137448 3.28124640981807 0 918
29.311714165527 3.50934165636072 1 918
0.00316225970638241 3.33536871923023 0 919
1.84857552300118 3.40825066153545 0 920
0.0804914018005648 3.01975211261308 0 921
19.8584820188927 3.44612272523756 0 922
29.1356788693551 3.19470625657124 1 929
28.273679905368 3.02595949107077 0 930
26.939199458561 3.07133341414104 0 932
9.58676731566092 2.99352917872495 0 934
21.1707305997875 3.09722418971162 0 935
12.7561548203666 3.13993288569129 0 937
0.0628845182074681 3.33168728985558 0 939
2.42844513710613 3.02329791703976 0 941
29.701803624313 3.41525417369699 1 941
1.23139837412665 3.15369787429685 0 942
29.6530540351846 3.15045293537633 1 942
0.402284054211359 3.39886507123097 0 944
13.1360204074866 3.06494019708769 0 944
4.20845393570251 3.30710990218416 0 945
13.5366102020446 3.21555154917382 0 946
29.9080220967621 3.04725660993804 1 950
29.0200659622528 3.01323638461621 1 950
10.0901357694511 3.1884909640127 0 952
10.0101889811236 3.10516153841617 0 956
7.72182356661199 2.99757788075407 0 958
29.0908403460957 3.41769623203847 1 959
30.0143372541383 3.13115390691658 1 960
2.13188185313174 3.14169524132879 0 963
9.30483951113682 4.06315936193554 0 965
4.51309712271573 3.00541558072309 0 965
22.5563594886283 3.45206973571111 0 965
29.0540881763768 3.11948831534506 1 966
27.4378289283447 3.15308137847575 0 967
29.7328430711381 3.00222469290779 1 968
29.4130553600002 3.02704713671232 1 969
6.88239856979613 3.77518190357091 0 970
22.5635469519049 3.19337216424606 0 973
1.4086318849192 3.1383512025295 0 974
24.0117634538262 3.61955146097 0 975
0.194329029460208 2.99258203751038 0 975
0.159871903523099 3.07116030430692 0 976
29.0350769437257 3.27461140964141 0 976
5.69695728126712 3.10060127463252 0 977
17.0770894040872 3.17350391760304 0 978
0.0475976103748601 3.28984341709059 0 979
0.139331765200892 3.13389059429804 0 979
27.0974341120914 3.30050995193768 0 979
25.4502740629003 3.01304657851633 0 982
0.225954101267218 3.05546062878357 0 984
0.00415927400861398 2.99209260440396 0 985
22.5878689572504 3.18526873305327 0 986
25.3042882734298 3.43114829917772 0 987
0.279113548015954 3.33745149745792 0 989
2.43475414089981 3.2260134589416 0 990
1.71187543928044 3.02125980147527 0 991
6.258474736236 3.08209243358295 0 991
28.2365792077024 3.05012820308216 0 991
0.109592088852967 3.05127614244163 0 995
0.0576094608244218 3.15038593856796 0 996
27.10384097093 3.44148689785506 0 996
7.53130703455891 3.35492015412374 0 997
6.8360083730597 3.08210193100062 0 998
15.2266649933894 3.07625489263889 0 999
28.4428565279118 3.11046071535592 0 999
