"ts" "magnitudes" "gen" "cat.idx"
54.8643657347743 3.36778127002198 1 7
53.6218687729534 3.18060863663589 0 8
54.9346718163319 3.30801838498721 1 10
53.3430178736716 3.57854011087567 0 11
0.622793429725803 3.11776285100499 0 12
54.7617566424046 3.04632737342505 1 15
53.3382853169041 3.14487672814103 0 17
53.3580259911271 3.80519752439558 0 19
54.5470286199447 3.28420936024797 1 22
0.00798225282545979 3.27903180233721 0 23
0.613977573111661 3.85408263895488 0 25
54.833006848497 3.6282376694775 1 27
54.9517131307181 3.11527096306964 2 27
54.3972052907661 4.20546618365423 1 28
54.5337566491821 3.04455511244798 2 28
54.4028634228591 2.9960085784469 2 28
54.4588394727154 2.99433316877868 3 28
3.78410117297545 4.00582211449112 0 29
53.4668529595577 3.05060146044459 0 30
53.5268847297883 3.73745410997677 0 30
0.226619624049119 3.16136691705144 0 39
53.5789890975459 3.1021838008446 0 39
54.7202852195218 3.06939838922323 1 39
29.4152386055779 3.01218262510475 0 41
53.3389931014207 3.51323901653854 0 43
6.69039624584583 3.28223252161914 0 46
0.0318128844007773 3.08971197666975 0 49
53.346150741562 3.328788749149 0 49
53.3343972756729 3.03742968172361 0 51
0.358371105999198 3.26868976752445 0 52
24.9143895405734 3.77587344318544 0 56
53.4260270456954 3.33939839491591 0 63
53.5961772338264 3.19326309004642 0 65
26.4233842771773 3.3179340504044 0 66
52.5587337610035 3.37841108763327 0 67
3.24712146329658 3.06568353509743 0 73
10.7365466117335 3.93517450203928 0 74
53.4683960937698 3.63172780210176 0 74
54.0301790970848 3.25422065646575 0 77
1.33114641616109 3.8749342983067 0 78
0.0219642918867887 3.27525977226254 0 78
1.05733617432089 3.30545395974821 0 85
51.1119144612595 3.36558333426058 0 85
53.6672261283168 3.26430000371669 0 85
54.2612266297542 3.52072509202012 1 86
54.4444349046421 3.06618038605682 1 88
53.3502103631976 3.22909749628446 0 91
10.3786024061304 3.02421954778959 0 95
53.550889691323 3.79508966893601 0 100
2.47514141662368 3.53314159606265 0 102
1.61198051273086 3.30412430824631 0 102
15.2171462632304 3.13617234658441 0 102
44.0825143404218 3.16122996470363 0 102
0.000607180261394939 3.18546704120053 0 103
53.4304119372291 4.21074035234477 0 105
54.8131988150157 3.02231656562938 1 109
53.3632339033683 3.00461647399553 0 111
0.040377554300267 3.01697025487129 0 114
53.7543407471367 3.85619194093722 0 116
19.5576516366486 3.09387052621011 0 118
53.4733785931956 3.62397677498749 0 118
53.606988092254 3.16867287546158 2 118
3.70738897021448 4.41249599449659 0 119
0.246144695630563 3.5599417969926 0 121
0.562559031108018 4.31612816938215 0 123
0.0369111897718471 3.55657294446975 0 125
54.4613450778738 3.4290355031297 1 125
54.0816419645302 3.32332992273783 1 129
1.46796475349485 3.29269987471952 0 130
54.1734640651007 3.18591248134089 1 130
53.8586164938973 3.82681909489467 0 131
54.9555852482185 3.30602585118958 1 131
54.5321898799479 3.71217178152033 1 131
0.415189020547541 3.260837359184 0 132
0.535620536340578 3.58826817930064 0 139
54.6705334246248 3.4516690564954 1 139
0.00844550357387096 4.64828831660434 0 140
53.3314469267082 3.1386434472072 0 141
2.75698289267009 3.32278351333594 0 142
54.1160914201896 3.45027034553519 0 143
54.183472927707 3.05137037405747 2 143
53.3328319157022 3.06157514438093 0 145
0.746900642531191 3.02062729652417 0 152
0.425641546529645 5.36185527071474 0 153
3.1173169450132 3.09756948856379 0 153
0.964292178759566 3.47709036679222 0 159
7.83968314687927 3.11106146590762 0 159
54.3950921680402 3.18121594269766 1 160
53.5221895817263 3.59037635486867 0 166
54.584930181652 3.55472781057653 1 169
53.3505392264682 3.04051283352529 0 170
1.9106056119204 3.10200877779256 0 172
0.117515915422134 3.0127079027258 0 181
53.3596662350989 3.16810654181856 0 183
54.5765400402338 4.11545525677933 1 184
54.5796635619419 3.09222251663846 2 184
53.3986398590781 3.83202500857387 0 185
54.2741241035311 2.99896604627473 0 189
54.7000955086291 3.42233044107378 1 189
54.2892785609324 3.09236777136865 1 191
54.8757588566836 3.24308561109284 1 193
0.037434753398651 3.57031024117761 0 194
42.40852881912 3.42509628596578 0 197
53.6183663374158 3.45789148332523 0 197
54.0287909299691 4.00433114912959 1 197
53.9016626203993 3.28129969552932 0 200
4.7633886090347 3.22851073534974 0 202
45.7371333658476 3.02191623910548 0 202
54.7429973712746 3.29321122742997 1 204
49.3547979908416 3.45040227697024 0 205
54.1653386872817 3.22236845797018 1 205
0.192199927450897 3.14864123187223 0 207
53.5913112040071 3.25212214740309 0 207
0.352429810396208 3.16198082466453 0 210
53.3706355090278 3.64005415365502 0 210
4.03053903563232 3.23772006135994 0 211
1.14482485480229 3.63289933902729 0 216
35.4174064349492 3.27996560222177 0 216
4.58456772362143 3.05463490343747 0 216
51.2127051969923 3.13552488997242 0 216
0.590336147221343 3.70986515039302 0 217
53.5473446040571 3.30512014544429 0 218
54.5581728603315 3.33293443672243 1 218
0.106494862421238 3.07099994149214 0 219
49.0635109900463 3.02728864427907 0 219
0.0583996532352526 3.59986672321408 0 220
54.1615802891642 3.05411135876151 1 221
53.5747710184802 3.09509894875333 0 222
54.6797272103463 3.01049308720256 1 224
0.583594252598443 3.49661972352266 0 226
54.854423967158 3.23714213386777 0 227
54.4554361392834 3.18919853793195 1 227
54.2661799841184 3.27819438459437 1 227
5.18062851926814 3.2221254942214 0 228
53.3326307144711 5.65535473694323 0 229
53.4706594176457 3.03457574592932 2 229
54.8986873614624 3.98941592415268 2 229
53.6455927586341 3.24996855367237 2 229
53.4853231996896 3.18102589224582 2 229
55.005914292115 4.50120843471933 3 229
54.9364563299507 3.11719207054798 3 229
55.0125371318718 4.74016358188329 4 229
55.0103286987592 3.42136106249353 4 229
53.6513665191764 3.1697920564725 0 230
17.2960914343861 3.05105237842484 0 233
48.863972496471 3.3315531449717 0 233
0.165144514338614 3.05459938372253 0 234
0.129003086348794 3.11083221206255 0 238
43.2699380878907 3.19159036313361 0 239
54.3864703436006 3.04843853752008 1 240
0.292787284607898 3.89841443834793 0 241
53.5786213480767 3.73316789326176 0 241
25.0290962343752 3.94301484141736 0 248
13.103274754864 3.55451197953688 0 259
0.924455315695816 3.25563332727577 0 261
0.0477691229568198 3.42739861773248 0 262
54.4056181088528 2.99388195197191 0 263
54.478097875779 3.03663992074912 0 265
10.0780830869592 3.06354507992191 0 266
54.6881192858886 3.14904112985578 1 266
53.3599333377217 3.18837877855864 0 267
45.4945690788702 3.24400706092926 0 269
53.4333127818557 3.75364133075998 0 269
0.240444865692583 3.02910971885864 0 270
54.3010303407532 3.80523716399966 1 273
54.109704049057 3.07519831373159 0 274
0.000210262091082865 3.65401800401434 0 275
53.5828869049746 3.27851354420413 0 276
48.8271578576303 3.33648323499126 0 278
54.3843328165784 3.70505236068513 0 278
47.6770039500051 3.53378597208345 0 279
54.9284719880516 3.34586656489306 0 282
53.7123226192055 3.02419511415767 0 284
53.3850240012554 3.17186923974156 0 287
10.2886888714364 3.04045904481841 0 289
0.0609738764580555 3.1619307455811 0 290
1.1363981217508 3.67705523936881 0 291
54.3335687337999 3.70857839737062 1 292
54.6771987561692 3.27811954974646 1 294
0.138230074849555 3.29046610728879 0 295
54.342545746043 3.58488973256362 1 296
0.0159979878584026 3.20098639776483 0 297
54.2060839255896 3.12246822107719 1 299
21.222545486259 3.15840319952067 0 302
54.7530350504998 3.1512693238628 1 303
0.121826148273669 3.45732073646117 0 306
54.3051858746071 3.77146268750489 1 307
54.3635165768683 3.18515485371805 2 307
7.71668342085951 3.2585173410046 0 313
5.35007795303048 3.07691716621963 0 314
54.4497378535193 3.33659746939844 1 314
54.5011494754398 3.05602900669001 2 314
54.5193996694772 3.3174212474128 3 314
54.1544494637378 3.23629175477661 1 317
14.0113121664435 3.40513076111674 0 318
53.3478562832113 3.25495033052445 0 318
0.133680943462235 3.11535378618081 0 322
0.630819109562566 3.31593360886263 0 323
46.703500263833 4.13375332440812 0 323
54.279147582743 3.65388303001118 1 323
14.0678652415624 3.10339548892628 0 326
53.3936444398117 3.38801818800812 0 328
54.0622508599513 3.3070525743256 1 332
35.3636869872628 3.1655319302952 0 335
53.339133482214 3.28344969945688 0 335
45.6926618173001 3.36475313880973 0 336
3.42710110030533 3.09040723718791 0 340
4.7921512689151 3.46567894006958 0 342
53.4915468318639 3.91588619552437 0 344
0.0187742210856216 3.35413451915566 0 352
10.8277206656281 3.60926215485137 0 356
53.8215941333423 4.34743474526726 0 356
53.8530541400973 4.17377809064196 2 356
54.1272499346264 3.46775484405066 1 358
53.5900009661278 3.30513412052131 0 359
54.9558251260562 3.03387698580723 0 360
38.7665697215511 3.13003943998048 0 361
53.3373016360275 3.90789986574258 0 362
42.5545985849354 3.10052145827197 0 369
4.21643792888652 4.23321582123542 0 370
17.4427382733318 3.10867111426018 0 370
53.5458178300589 3.3531557317444 0 371
0.317476970700098 3.4398451025843 0 374
53.5468950131074 4.02491629243348 0 374
53.3582183000892 3.05283680385528 0 376
53.3355754978559 3.32707567151429 0 377
42.4718400801781 3.49656169095183 0 379
24.4462212006277 3.10206440577542 0 380
53.3621355046004 3.09675839709702 0 380
48.9279244954208 3.00250166279291 0 385
0.548256663435409 3.23958441337182 0 389
54.5793104783256 3.61431261527487 1 389
0.465343159623073 3.36291819331815 0 394
53.3516069402736 3.07918135895515 0 394
41.4926766468351 3.44393165006034 0 395
49.9727670626094 3.21342850147697 0 400
54.563278798714 3.27885479229716 0 400
53.5758515134841 3.32691522040517 0 404
54.6466960650027 3.30813455161889 1 404
53.4570162704088 3.12465444536155 0 405
53.3454333691719 3.02392389323249 0 407
53.8367540822272 3.22084871318865 0 407
0.0832643929136669 3.14396727098526 0 410
0.17329891441849 3.07259153199133 0 413
54.6073303801563 3.16597719054013 1 415
54.6704719164355 3.45259916215048 2 415
21.8291925662948 3.23299432836796 0 416
8.78108823460738 3.49279125154765 0 417
0.0365253379653599 3.23369557087621 0 424
53.4093859121721 3.29473075760403 0 427
31.4948252394281 3.34058110388394 0 429
51.6885896939403 3.18735095287025 0 429
54.2061534972485 3.05254675565518 1 429
53.5497731482788 3.49954585280795 0 430
0.809845979035689 3.1270924861011 0 433
46.2165068285544 3.32104343568808 0 433
0.0642567228627735 3.12943548701958 0 437
53.5730479080196 4.50733818246734 0 440
54.297611004356 3.56475551005467 1 441
0.0346119499419702 3.62345078070881 0 447
27.4298451871376 3.63673082547847 0 449
0.978428850901441 3.13466221930376 0 455
54.0940554036383 3.03726830284664 1 455
11.9390775224701 3.16968965411146 0 456
43.80774755544 3.49984846197965 0 456
0.999718036466951 2.99910058824659 0 457
53.3454582760117 3.8111455554489 0 457
53.3532897130027 3.09878186289222 2 457
2.45896754186335 3.94527044640661 0 461
1.89278571460971 3.11264412748887 0 462
53.5636328966647 4.45126252387897 0 462
53.5716771483774 2.99356195456374 2 462
53.6537607479065 3.28993565673576 2 462
53.9626075694714 3.82570992399679 0 465
53.4527651855782 3.73430755347497 0 472
1.48889459459446 3.05490504049235 0 477
1.00000524559914 3.28629758149864 0 478
53.9678092258577 3.06274857248811 0 481
54.2421969290912 3.05351643847007 1 484
0.774891847659669 3.56011438317528 0 485
53.502750791218 3.37468674475366 0 486
53.4456594167388 3.29688720619372 0 487
47.7894088552359 3.04002620073119 0 495
11.6665987551451 3.20637634430465 0 496
53.4497896022649 3.35320655739961 0 500
0.0777225560323783 3.74422532385951 0 503
53.4170924389183 3.10347422266759 0 503
54.0595245271337 3.35138077950124 0 504
54.6663160721395 3.07455364179875 1 512
4.92362322855885 3.04902220983169 0 514
53.8552231236393 3.19449165874015 0 515
54.938607376916 3.09338337883432 1 516
3.08583118230823 3.07501563162896 0 518
6.91369438155351 3.68749922900551 0 520
54.0476354222369 3.07500636309939 1 520
3.14430807660893 3.1567433997117 0 521
10.762817460084 2.99720146220722 0 523
54.4208951361101 3.5051743415114 1 525
0.616538212142859 3.11496540410212 0 526
53.5737003445944 3.00312130896882 0 527
54.9042811551221 3.00944725098515 1 527
0.688029156591957 3.17845510865274 0 529
40.1440569968874 3.34254270501744 0 531
1.88356134988887 3.00677140069051 0 532
0.53608540011027 3.18409166736639 0 532
10.3640866501596 3.03186712124814 0 537
54.0989985385999 3.36488125721421 1 539
2.40745714113254 3.01925120496141 0 541
1.11607252995193 3.6562922969113 0 541
0.827055343880342 3.40306319207587 0 542
53.564806245288 3.06168912272356 0 547
2.75467522601295 3.16088992709698 0 548
46.3738890842833 3.15320885082623 0 552
51.2152797561798 2.9951055470742 0 554
1.19347427789615 3.26568738294645 0 555
0.00287263326454706 3.04611963812573 0 556
0.0640337108712663 3.87195483006226 0 557
45.5639173540483 3.28692902186081 0 558
54.54238564047 3.43517602439129 1 558
54.5606663044016 3.28039206546581 2 558
54.5141922653742 3.65890786486493 1 568
54.6058152742446 3.41507168912587 2 568
55.0034103850883 3.10008018835476 3 568
1.59619136998707 3.00756897858387 0 571
1.70683733672895 3.23734420405098 0 577
0.0082328739992164 3.00098543839187 0 581
49.9149278260413 3.33925262454366 0 584
0.175834322558615 3.15146035952385 0 586
53.7788125622842 3.0382998031187 0 589
53.3892944846666 3.47211132463038 0 591
54.504726970717 3.42490648879052 1 591
55.006439528111 3.25734399395063 1 593
53.5919959305211 3.23696372807981 0 594
54.3546339847703 3.05989027946791 1 595
0.0260687007417494 3.50746500875068 0 596
0.0702327616956394 3.56421731033621 0 597
54.7838847892449 3.08227513476986 1 599
55.0104375732221 3.99900510600027 1 601
54.0614454221536 3.03539496860501 1 606
54.1212426692424 3.45186106811741 2 606
54.1681892989785 3.07690466901947 3 606
30.3383459781237 3.74887734345005 0 609
53.3307176642849 3.63313393616567 0 609
54.8904977602974 3.63655276537064 1 609
54.1972459756393 3.73353624346471 1 609
54.5795232461958 3.3092621174865 2 609
19.5898691737608 3.49730822260626 0 610
53.7340998518346 4.50716714822786 0 616
54.7637762000784 3.02237193670902 2 616
53.7828359933767 3.18351939951534 2 616
53.4181846018843 3.84690392725675 0 618
0.301928349571104 3.15190757917829 0 619
0.44218158579062 3.43690251365326 0 620
53.3826166880235 3.03857758891118 0 625
53.7958522303528 3.52857672273876 0 626
53.3837046826013 3.06018738862556 0 629
53.3599015385669 3.04955825519188 0 630
0.0657554937674966 3.14107716771969 0 632
53.5581866394014 3.04673609473487 0 632
0.949375286816449 3.07741907634861 0 636
9.99866104513086 4.09129483932004 0 642
53.3483669475837 3.09007246424029 0 643
53.3866195435396 3.44600354013065 0 644
53.7671010879959 3.14026896530231 0 646
54.9595600265634 3.07674376734024 1 653
53.9783124947865 4.09523920896597 0 655
50.1478841199032 3.14502734485241 0 658
53.6514424976772 3.19099639802235 0 658
12.1189576342034 3.13080371379004 0 660
39.9284774599029 3.06682204605899 0 660
1.16131539771557 3.53732598499864 0 664
45.9332153137013 3.03700428548133 0 665
54.5407277319204 3.87459217495522 1 671
1.05705769574018 3.05640823344822 0 672
53.3560102916913 3.5195293478734 0 677
1.0791802539488 4.05728820971965 0 682
0.0696169377520848 3.0144051606579 0 684
0.46300076294938 3.10763810978301 0 685
53.5340577419266 3.58695331145633 0 686
0.37246527400417 3.09127097209301 0 689
53.3775465010436 3.80144797413307 0 689
41.50419977277 3.13339649317712 0 690
54.5182020775835 3.2249845921606 0 691
45.4706334416907 3.00048412207077 0 691
54.4753395183092 3.32739776138872 0 692
0.0209798922433498 3.00113838391452 0 696
0.015027520260551 3.13321155617789 0 699
54.6569209460178 3.23421620689888 0 705
53.9719503123907 3.55905513321445 0 710
54.0114707260696 3.28251640581046 2 710
54.0731766614304 4.25973173213145 3 710
54.0906210043985 3.12430178620235 4 710
53.3887362223399 3.81196776033494 0 717
54.9035577749923 3.25807753467735 1 717
54.6705647586562 3.20766775937296 0 723
3.34841382399995 3.0851471593608 0 724
6.86648427124606 3.20264262913085 0 725
2.12081316228528 3.15254321768506 0 727
17.8953588632143 3.34257293090042 0 727
37.4736239038571 3.26901283379101 0 727
54.7481908147779 3.03489090580908 1 727
8.11705002368879 3.41480414149086 0 729
53.3660080676391 3.3240529065198 0 732
16.3358285292504 3.24866638684942 0 736
9.25525868295262 3.83100566830441 0 739
54.0751572187614 3.04161197303421 1 739
54.7685185055338 3.79328763508372 1 742
51.1360536884244 3.09883692900332 0 743
0.128302371881471 3.39185637386746 0 746
51.1617767556719 3.29990853940402 0 747
2.64204591216151 3.14667331442962 0 749
46.1780902348843 3.07481966100427 0 755
53.3464444957504 3.36621686942223 0 760
51.418969191639 3.19217654877563 0 764
51.2436794415834 3.27730437973849 0 764
17.5421524797011 3.3054602396334 0 772
53.3383559537916 3.39608517978895 0 772
54.318942646179 3.28087897299219 1 772
0.308425930279783 3.84463778404911 0 775
52.7284427097546 3.06799845783116 0 775
0.170243153767408 3.15210573256577 0 776
0.0672967597791067 3.19951524735795 0 778
53.5380253085272 3.06156802939848 0 778
53.336124792819 3.18898169711853 0 784
5.81180449055295 3.38585581064393 0 785
54.2981155638548 3.03316296651301 0 788
53.5772976075575 3.09307939110562 0 789
29.2981972009606 3.26923949380965 0 792
53.4096889449426 4.16196150823828 0 792
53.4309616426653 3.29742925786196 2 792
53.6783220151562 3.69757386022632 0 795
45.7169389499009 3.56974762799581 0 796
53.4568611651343 3.0086878830869 0 798
23.56434491301 3.06757476448973 0 799
41.5600116810048 3.39815221865309 0 799
0.9100537162526 3.03202155074102 0 802
54.9565753568054 3.48644641787791 1 802
54.1075392821742 3.42653362728051 0 804
54.2189153164249 3.13394599431059 1 805
53.4137938377361 3.35619460859793 0 808
0.225926700935359 3.0746779035049 0 809
54.0560298258528 3.1874509285532 1 809
0.0602378098864031 4.02299477969854 0 810
53.8272482252963 3.07187623951652 0 810
0.0281405782667073 3.04926552032539 0 812
0.215657629825262 3.12836125974396 0 813
53.3495491497592 3.14120041177505 0 819
53.3307494425029 3.09022431431106 0 820
0.434701049527916 3.29505045416177 0 823
50.394768826739 3.41104369851721 0 825
15.2120684505405 3.18457996403015 0 828
53.357317409937 3.04488140278043 0 828
46.5834318132983 3.0837898087412 0 833
0.991424482328725 3.04525827194861 0 835
1.98476816724502 3.34024983325255 0 837
51.1339179799109 3.60772838372412 0 837
53.5417308858191 3.01085658682404 0 839
0.00289036436395669 3.14839352358034 0 846
53.3442680250836 3.05210275482507 0 848
53.5536830889008 3.2730250584273 0 848
3.82697102402236 3.12660411962167 0 851
17.9972731559718 3.24990787582447 0 855
54.128242989946 3.42088018628852 0 856
54.1520436486179 3.27299514689667 2 856
54.1706938630365 3.08643311762134 2 856
54.2437027966693 3.73262349768251 1 859
0.0088768481782106 3.0302138001392 0 860
48.2331473463855 3.14059183478589 0 860
3.84448741649919 3.06654091180063 0 863
53.3547480756817 3.1998145318221 0 867
53.3785343712807 3.06732896585289 0 879
53.3474104852451 3.07445728338666 0 883
54.7870248140857 3.06357788199457 1 883
53.3519546172289 3.98399460806216 0 886
54.5957002832178 3.00605158081087 1 887
54.9759622600521 3.0667325384145 0 888
53.756081281221 3.46332373488082 0 889
53.9523382780249 3.0125343829644 0 890
27.2925916028453 5.66196767478996 0 891
53.7291357941988 3.03837335875733 0 894
50.4519845303887 3.18150743360234 0 898
53.3745264070332 3.05569772846304 0 899
3.46939206813971 3.13387978762823 0 900
19.0602598743759 3.25438612608496 0 901
48.439301460783 3.7141263459524 0 903
53.3394885617489 4.97954667860133 0 907
54.3327265509321 3.07631276738695 0 907
54.4027808655459 3.37642965211069 2 907
3.07125707920795 3.1295417116419 0 908
24.652241191968 3.04295772634038 0 908
54.7401339722887 3.49460590681468 1 908
54.4500427624766 3.46947052998952 1 908
54.6015458823278 3.03218822570209 2 908
0.477482835697317 3.40535099026196 0 909
2.98677624528568 3.44470971756209 0 910
53.4316173875969 3.01974882150686 0 912
1.76778498708166 3.2860843797313 0 913
53.5828367463572 3.13117043498397 0 917
53.5347225071458 3.0983450308737 0 919
0.0115847000341514 3.10539995197225 0 921
45.7166316003246 3.47808100598473 0 922
46.1766879965482 3.17641191746515 0 922
0.0390109973278235 3.38518293351497 0 924
42.7493176546318 3.12143039055008 0 924
54.4322821664714 3.02900410403549 1 925
0.917947423958461 3.09546550326909 0 927
53.6405169466786 3.04738036426144 0 932
0.240803758570334 3.14437423117448 0 934
53.5610283588961 3.09747901140984 0 934
53.4479308403029 3.22576898929301 0 934
0.102882020251971 3.22158089674619 0 935
0.0241165456562335 3.32779616876052 0 937
2.43054649171681 3.38990357530731 0 937
17.2095112924861 3.05100987838512 0 937
17.3486535341318 3.53468572197157 0 937
45.4918884586118 3.16524550810093 0 937
0.489342095003589 4.05529596139462 0 939
54.4365053418516 3.26822962355811 0 939
53.4980101074944 3.29251847899536 0 939
53.6238737125121 3.06284726628607 0 939
51.2855877178 3.26476524615903 0 946
53.5404160013413 3.57895272926041 0 950
54.6644587581136 3.17562036101574 1 951
54.4231675541118 3.01865021634146 1 951
54.689049707304 3.03776732214143 2 951
54.7688456628062 3.07848379212204 3 951
54.4436645420824 3.47128113244289 1 952
54.689400826116 3.54650886829288 2 952
54.7458811847843 3.02575852078777 3 952
53.541100899455 3.19515040736776 0 953
29.7710097249999 3.66391283507819 0 954
54.6862784946893 3.80519992506986 1 954
54.8007585905374 3.16603561654141 2 954
54.9719154167216 3.06485786462418 0 955
54.3081842555289 3.08356942995284 1 955
54.3268578359253 3.14063139895233 2 955
54.7535573474942 3.12722170004826 2 955
54.7572617024498 3.00772606652287 3 955
2.29527111485767 3.00658883408226 0 959
11.6766361511481 3.11216003185362 0 960
37.7615982534214 3.15959316323395 0 963
1.23900927197343 3.09529797083654 0 966
54.3697386814776 3.34134683367617 0 968
53.6914277516716 3.50244633047054 0 969
54.5141028924004 3.69606210817373 1 970
0.276046405485466 3.13735341881345 0 971
8.00618308473837 3.0190919592748 0 973
53.3400840614302 3.08067022049263 0 974
54.8534783128739 3.28188618678695 1 975
53.3340422538486 3.5915414877744 0 978
1.82997312181391 3.3404446386997 0 981
3.40304355496378 3.16403262028804 0 982
0.0195819001505926 3.10512135090454 0 983
10.9820151347431 3.42489352108972 0 985
53.7399107622937 4.55663167358337 0 987
53.7515438287854 4.03585160008834 2 987
53.5559468223752 3.42233056377356 0 988
54.1174836441964 3.27086431212742 1 989
54.1269968362506 3.59485398383231 2 989
54.6300315791333 3.06974499744958 3 989
54.150284788581 3.14715865657371 3 989
54.1648745114916 3.01429878302562 4 989
0.029754208540338 3.09753908855635 0 992
27.1978701787833 4.2617043235861 0 992
54.9009152305402 4.57138547785868 1 993
54.9297817684211 3.57322535774898 2 993
54.9058258368061 3.07058548051334 2 993
54.060773164881 3.87694187156496 1 996
0.0766316988408566 3.03249466872598 0 997
51.1473398690765 3.04865222226242 0 998
24.3170048142776 3.0919586109148 0 999
53.6175887881072 3.68442650275074 0 999
