"ts" "magnitudes" "gen" "cat.idx"
61.9021941549073 3.28618847988091 0 2
109.758562170648 3.05417961150063 1 3
71.5077162130796 3.29705258336151 0 4
68.2595485671387 3.30634091346141 0 4
67.2634503999314 3.30279034654934 0 7
88.1763151711327 3.09099515463165 0 7
90.7733429961697 5.13537154915821 0 7
63.7712587189917 3.25335771854165 0 8
67.3488517788632 3.55921448975877 0 8
71.3907232086745 3.30474732896922 0 8
65.2266925574854 3.03282464470562 0 9
75.5185741551209 3.80586168953696 0 9
63.961364134066 2.99943744580811 0 11
73.3141672341687 3.97756133324355 0 11
67.5154709156103 3.05612970445482 0 11
106.636597886281 3.16639656597817 0 11
105.331796151895 3.02270988054232 0 14
67.2542855494827 3.06778650906468 0 14
99.8822133820706 3.04802534831774 0 15
63.7605626163763 3.75184675183799 0 16
67.261176409024 3.01305415068237 0 16
82.9183944703238 3.03993681106087 0 16
0.0469833638916727 3.16707025731866 0 17
63.8947072147445 2.99851460649827 0 17
71.9161104235942 3.10313363334937 0 17
107.221831595775 3.31402756911955 0 18
82.0782713126489 3.5117777936045 0 19
105.52809578952 3.08570920435064 0 20
64.2248967154044 3.10076230555575 0 24
0.0641228876984101 3.17608208863196 0 25
2.5011791540883 3.07648489518584 0 26
67.6185075228227 4.44920013480302 0 26
103.539382360565 3.2385700697289 0 26
71.3262471004695 3.17470825278659 0 27
67.3361864845418 3.22448311723714 0 27
63.9811547940423 2.99059800803615 0 28
67.3226356752382 4.01325367136059 0 28
110.006026609802 3.39868025445507 0 28
0.0784564196643372 2.99298213886533 0 29
64.664118814802 3.01926170473028 0 29
69.2933759081023 3.27419150947244 0 30
67.2866105611944 3.10089901323089 0 31
95.1878646727858 3.17967448152789 0 32
67.2531654424631 3.24558607453119 0 33
67.5340365213906 3.06749589178852 0 34
68.3902472474769 3.4059352172519 0 38
46.2247955406119 3.15389514934224 0 40
67.5795054559144 4.20714122656333 0 41
70.8722364588855 3.37360750896738 0 41
67.2853194128528 3.77931217338638 0 42
67.410309260598 3.27305374971045 0 44
110.123928617201 3.45496214790417 1 44
97.4158968086833 3.26704597216018 0 45
63.9788084845487 3.19743407467964 0 47
67.4696404211714 3.38893922772113 0 47
67.3120793498411 3.89866480782548 0 48
69.7510873924901 3.57888724861098 0 48
63.9284019382424 3.28334234461294 0 49
75.7353360640183 3.50309789943992 0 49
63.870672169974 3.5853456104298 0 50
67.4077815669117 3.11165561319126 0 50
27.1308525054285 3.02029839646699 0 51
63.8098654154692 3.56598742860396 0 51
67.3477117162447 3.47484832718469 0 52
98.8845099130055 3.20965538391867 0 53
88.2620558099244 3.34634487106779 0 53
66.3882803704389 3.06901475559672 0 54
106.600841401745 3.05117151451859 0 56
67.2595986084384 3.03805248301583 0 58
0.0517518175690719 3.08946103198172 0 59
67.2926392837976 3.26833025776515 0 59
110.071761044654 3.4244734624714 1 59
69.8646476908171 3.30074542615228 0 61
109.616921479329 3.24094545935533 1 61
64.4246647192001 3.00789807273317 0 62
67.3111386630766 3.15533427253049 0 62
69.3262833382718 3.26992349894113 0 62
69.6998948942579 3.53269222313587 0 62
66.4884395964999 2.99239585823749 0 63
67.2647915641283 3.72566059093789 0 63
68.7969716578261 3.32966272891117 0 64
67.276880110325 2.99674822552747 0 64
67.6103698338362 3.17241873920873 0 64
74.4222902240437 3.15302026019885 0 67
12.6436433060111 3.1104302202988 0 69
106.645561269689 3.47234784982164 0 69
109.626206561205 3.18604690780372 1 70
96.9480888578104 3.03928435693215 0 72
101.142892352424 3.27348893687517 0 73
68.9844464450464 3.24679974080604 0 75
67.361589283151 3.00717197758491 0 76
64.1197891164509 2.99232556959086 0 77
67.301961797302 3.47806806282388 0 77
64.838637633179 3.44044024470459 0 79
67.6200615105136 3.77225402013317 0 80
67.2700366616253 3.08890276523633 0 81
109.346772825559 3.10507712264829 1 81
109.335425203414 3.41619625051508 1 81
67.3374427852421 3.09313080627646 0 82
69.9209624057618 3.0897610594931 0 82
64.6986805163792 3.04526506793666 0 85
67.4254239011987 3.00163342337185 0 85
63.6554287368846 3.12815185423444 0 86
68.0864683479429 3.20360748281576 0 86
68.1685995445796 3.83629486045104 0 86
109.905020884745 4.2493744750276 0 87
109.905728310431 3.03165883897182 2 87
64.7736942081473 3.22535015238255 0 88
67.717035747953 3.15324248677536 0 88
108.333264719195 3.11591168149427 0 88
71.7848551639615 2.99007117032312 0 89
67.2560326858794 3.21444123670734 0 90
106.08220220469 3.3514883020788 0 91
67.4324941508637 3.66518091037549 0 93
109.550117978807 3.32344828849827 1 93
0.00108155032019775 3.08743564120011 0 94
5.17521656257271 2.99440957905786 0 95
89.5734002351264 3.25269227732253 0 96
63.7451121011973 3.18106148927074 0 97
63.7439520710448 3.22009041288356 0 99
106.982650354212 3.29567160475216 0 99
67.2780637445781 3.38986572742302 0 101
69.0674323234194 3.31492085183803 0 103
107.708997341646 2.99831730645849 0 103
67.3227796959753 3.08433240841086 0 107
108.6359977249 3.29677071724288 0 108
109.493118866095 3.23995068191993 1 109
67.7628866199272 3.14416354549722 0 110
67.4996236407067 2.99641786109672 0 111
109.804619040554 3.03969992258499 1 111
107.693497572886 3.06007344138094 0 113
63.7716019991573 3.2703932775366 0 115
95.984017478718 3.10815734790558 0 115
67.2565824475056 3.10576988919268 0 117
63.7500911831962 4.15074922049721 0 119
84.1943744370824 3.54226316979233 0 119
63.7662888340387 3.36461001928949 0 120
63.9398936420619 3.2594231454151 0 120
106.016138661356 3.06660983136005 0 120
67.2563076643687 3.14650376014037 0 121
94.1691410387832 3.14169625871696 0 121
107.29412926656 3.21571349287248 0 121
68.2630509537215 3.66894177607106 0 123
67.5672621497214 3.14196928512451 0 124
70.0236159271831 3.10311443795289 0 124
67.3591936565245 2.99349285095464 0 124
0.133611268692298 4.13790746238332 0 125
69.4237788255606 3.95574514695179 0 125
72.138012610536 3.23918493014384 0 126
2.16356721835659 3.01201465297859 0 127
67.3406509792594 3.57973897440629 0 127
98.2874319070549 3.06214759319072 0 128
67.2627713155345 3.68555656605338 0 130
67.2588757966336 3.68352872105549 0 130
71.9459398463854 3.86666881069339 0 135
0.0188622608891921 3.16291121171727 0 137
85.1959665239597 3.11998333383621 0 137
82.9355217228478 3.14452538503759 0 138
67.2853914775533 3.51407917497807 0 139
67.355928220363 3.28631664442712 0 139
104.419690197864 3.81431869909063 0 139
110.183236956111 3.66154537032798 1 139
110.191272008611 3.01338123184575 2 139
110.247712387426 3.63852474417915 3 139
96.3203256699483 3.18632673920185 0 141
64.0252831760363 2.99879954184008 0 146
63.8059566004742 3.28406220551408 0 148
100.274881148522 3.14085545051024 0 148
103.259303256879 3.34642723979197 0 149
72.1359222449114 3.4627322028767 0 150
109.421291429763 3.23643922377036 1 150
97.6663826809451 3.01517797373078 0 151
1.47792754225094 3.18862098081136 0 152
100.180349370295 2.99599845415059 0 152
65.4907285989822 3.14315776325458 0 153
71.7801858016294 3.03663432442715 0 153
97.699829851715 3.03702505294984 0 153
0.425305560379514 3.04218562163652 0 154
68.3928042714554 3.31295038087352 0 155
67.9980801223965 3.08170304188196 0 156
70.2362538672998 3.03744918792763 0 156
67.269863398678 3.35122394282039 0 160
108.336920030676 3.24817645398149 0 160
67.5010157807343 3.18851810131395 0 163
69.07155677902 3.34395391188424 0 164
67.3041167551543 4.07135126379595 0 164
67.2592833185191 3.19788735161338 0 164
109.633594491267 4.34038016147679 1 164
67.2630406518478 3.27460862708328 0 168
67.25349882047 3.35733113609416 0 169
74.3894869725642 3.30768129072052 0 170
67.3310047399374 4.06868423222059 0 170
0.0143043470605854 3.2294088689484 0 171
68.2730911764233 3.07331677102561 0 172
63.7428540543554 3.30508448191911 0 173
67.7994459177467 3.13338289228484 0 177
71.4705328618742 3.54506033403125 0 178
97.6723594442805 3.11128163834383 0 178
68.7878616562236 3.44568566263501 0 179
77.2585351761102 3.06351890414722 0 179
63.7498106681271 3.26842139583164 0 180
69.3858262133823 3.23901847288346 0 181
107.564523732587 3.35834892019339 0 181
67.3615944842653 3.06944093771989 0 182
0.0536269508574961 3.23355292131994 0 184
67.2770910116103 4.44396155748046 0 184
68.1873563755769 3.38133886170158 0 186
6.49005362260951 3.03202380906311 0 187
67.3261172820655 3.2300742137118 0 187
108.450502029717 4.2059815881842 0 187
108.671659067048 3.20560098604442 2 187
63.7784690378638 3.10956386909477 0 188
63.7644499678051 4.38169359600037 0 191
84.0176785091487 3.00202600057129 0 191
106.199924276289 3.16303152063268 0 191
64.7266951314704 3.43901211526544 0 195
75.5476632955136 3.0775635094447 0 196
63.7553679455682 3.41147078919644 0 196
67.2952223320784 3.13925761945796 0 198
87.9592795585488 3.17899839269422 0 199
109.522054102718 3.42249729773921 1 199
63.7416175881718 3.26519334328121 0 200
97.4321317075035 3.79021815549006 0 200
88.0902382570337 3.09847090733592 0 201
65.4583952383614 3.10231887340888 0 202
24.2531122243853 3.53046457251656 0 202
107.078405912537 3.09671293258581 0 202
107.844221695685 3.07456692422452 0 202
96.5126480491481 3.28873500076245 0 203
69.8682310029478 3.0913339208689 0 205
73.0412251938083 3.13885744108269 0 205
104.827511856529 3.04701516509138 0 205
71.0709174750094 3.29805747835385 0 206
67.5693671003008 3.82778117632188 0 208
68.4262271890058 3.1549904489464 0 209
69.0789229553387 3.45685392468096 0 209
65.7785728723724 3.00565138430755 0 211
102.85285608581 3.57618047588644 0 211
63.7562661872986 3.04426037787357 0 215
67.2655825205702 3.95299291083854 0 215
109.62370227415 3.24971534896557 1 215
109.635603947804 3.19966006764002 2 215
108.192921637117 3.0658286319842 0 216
67.4938087527374 3.08421460268257 0 218
92.4767624371321 3.29336351634182 0 221
64.2418647233358 3.08511872330731 0 221
67.6320523597367 3.61338152872182 0 221
68.0456533242801 3.42658081712216 0 225
67.871092423257 3.09121464971135 0 225
69.8819119501386 3.02398801110279 0 226
97.4113345446207 3.15971333781852 0 231
68.182565670296 3.35414123620646 0 232
67.2538039185693 3.18190820396869 0 233
67.2556451629221 3.17086506153349 0 233
104.295320084206 3.70755817868144 0 234
67.6761393389609 3.16556349564761 0 235
110.07014294153 3.15782777525557 1 237
73.5757050158207 3.19557948714681 0 238
67.412311415515 3.41060222106116 0 239
70.3934979012525 3.0444648158826 0 239
63.8623510865202 3.79049534672212 0 240
19.7135631597204 3.18123084314728 0 241
66.617563424896 3.14005937241085 0 241
71.8217524656385 3.09879448306265 0 248
67.2688997519977 3.15683182141706 0 249
67.2737096922561 3.11814523518501 0 250
69.2716890192544 3.98852005658512 0 251
68.1355596041246 3.48413755029579 0 251
99.4968663961148 3.092253722675 0 251
69.4895020023389 3.94645185445397 0 254
73.8117754578028 3.76770996078206 0 256
1.99679461770186 3.03688113918851 0 257
63.8637445633094 3.15275807136327 0 257
67.9272555724129 3.60464212007066 0 258
75.3038402288279 3.03952286934327 0 258
99.5205792164615 3.37854191498968 0 258
67.4631811728167 3.28152109676269 0 259
67.3172435260481 3.02028247452423 0 259
67.3590282701392 3.02542170881028 0 259
67.2756641767916 2.99326470957741 0 260
64.3131021802042 3.02647480084621 0 262
67.2653544280191 3.10166784734672 0 263
67.8919012443905 2.99762458544197 0 264
68.2732248112202 3.78448434795775 0 264
68.3407319579874 3.08871340779434 0 264
67.4256769606341 3.26892480181939 0 264
0.0026649487864327 3.38167399680604 0 267
67.2852166419042 3.64933440483216 0 267
109.527274689851 3.48006367209586 1 267
67.2567229465823 3.01343692340675 0 268
67.2862125691777 3.11890305388992 0 268
90.6782674697939 3.17523790639695 0 268
94.833019977482 3.24482372062236 0 270
109.483817119132 4.42181475038056 1 272
109.569539893881 4.98928901654778 2 272
109.495902231776 3.15406872242502 2 272
110.121169483514 3.02182440331652 3 272
109.781204649281 3.0245656510038 3 272
109.573188653446 3.02475733123017 3 272
109.570902681336 3.47046739050931 3 272
109.65640415528 3.53239167695178 3 272
109.573326715135 3.2317285357263 3 272
109.784325052862 3.01278640317255 3 272
109.682518353819 3.33677880695382 3 272
110.143129715722 4.08528998099817 4 272
109.90581851584 3.10960818094088 4 272
110.159229231837 3.2039202407765 5 272
110.15216604493 3.52159531895744 5 272
77.89986946153 4.10132989048445 0 275
107.055611187422 3.72740691298366 0 275
67.391943924241 3.13016218687449 0 276
70.3293365536571 3.06852471992862 0 278
103.294709064805 3.050561908613 0 278
68.7650476712324 3.09210198148831 0 279
85.0011521098716 4.02417646303162 0 280
96.310110455476 3.08300544827568 0 281
67.2932386049082 3.59834757628749 0 282
103.005755008414 3.08330460089054 0 282
68.9401408108487 3.06995133758525 0 283
71.562847103552 3.69401310783306 0 284
86.6035065351482 3.39813739031951 0 285
67.9500157715718 3.26992751682431 0 285
109.352708765752 3.26657375153721 1 286
67.4575864244554 3.0827947894106 0 288
67.2542792888996 3.36442643284402 0 288
88.3490270355716 3.54858181114831 0 290
67.9031712746345 3.17755851136336 0 291
67.2803561558511 3.13796727233221 0 291
61.0784461615771 3.18929773964643 0 293
17.7192197628882 3.17736200309502 0 294
64.6918947154162 3.08159486202742 0 294
8.1009344943648 3.08059445585306 0 297
77.3538722810246 3.12457842496874 0 297
63.8827094446302 3.6875169292824 0 297
67.2751453518685 3.64041236552328 0 300
107.619504832616 3.34249250677264 0 300
67.5484112172171 3.38661469910918 0 301
108.191562908109 3.07806108626302 0 302
76.8362564385987 3.13983683302564 0 303
110.115693383871 3.27019602783273 0 303
0.0695196975972381 3.42291922219493 0 305
68.2908719598328 3.24227443060286 0 305
69.2779536599947 3.11226943037453 0 305
110.223616717814 3.52905422424528 0 306
63.6657393388817 3.00480603574627 0 307
67.2795066939209 3.42400241042905 0 308
67.2610542589436 3.27587778908318 0 308
67.4765787272918 3.01076320098802 0 310
68.1978288564978 3.00692153303001 0 310
67.437326873208 3.00625847941031 0 311
69.4530351546467 3.02270762650186 0 311
76.3580453641936 3.39369342926754 0 311
63.6716467103304 3.1487476157655 0 312
67.2661370199601 3.27417029919131 0 312
107.640068603416 3.60660216816005 0 313
67.5624176116445 3.36654555686828 0 314
97.6540044799348 3.11976742735891 0 314
101.090572714216 3.38066894905998 0 314
103.087257789259 3.39463992343091 0 314
67.5492164086394 3.07717030890007 0 317
69.3397776968064 3.00452774372293 0 317
77.5866455882118 3.1766289685345 0 318
89.0743428600942 3.18544480012276 0 318
108.602849257298 3.57138629299433 0 318
67.3771595206216 3.42791469317542 0 319
63.9654192779472 3.03153567580743 0 321
109.523890699939 3.3004986402295 1 323
63.7942407573699 3.09772177813085 0 324
107.95635273919 3.58110694853461 0 324
109.065794431253 3.52371259309311 0 325
63.7007287195039 3.45830719416577 0 327
67.2572175281286 3.38349510740919 0 328
67.8681451417375 3.13548727900475 0 328
67.3000473987294 3.30805410085501 0 328
63.7552696239866 3.59848586409369 0 329
70.9668171683648 3.67633978962376 0 329
67.3087279081242 3.00089908052073 0 330
67.6077163144693 3.30383650151373 0 331
0.425771806254918 3.2841268790299 0 332
109.830725782299 3.03977868048719 1 334
67.7081674374668 3.52446119507504 0 335
108.383017819639 3.05674103385764 0 336
109.366112226834 3.27104326176823 1 336
106.858177657132 3.55648914021476 0 341
67.2678929794389 3.02281101939856 0 342
64.7519197090657 3.40097003357949 0 343
67.4625457227026 4.4136327121558 0 344
107.849236870115 4.17410957720026 0 344
67.2802181902497 3.00897866465079 0 345
94.4502759243375 2.99682171028612 0 345
67.3539472857907 3.16219904577478 0 347
68.4904602249303 2.9976908113031 0 347
77.5657957285183 3.17246134526943 0 348
80.5312665961886 3.16074705410591 0 350
68.3314996408757 3.01251012612612 0 351
67.7794051492762 3.19126574146715 0 352
109.980896257543 3.52939265024329 1 352
109.47522323437 3.19414846577981 1 352
109.986880879215 3.17949827055124 2 352
110.125918837251 3.00800039378101 2 352
76.9526465550173 3.21471866288676 0 353
109.736963223647 3.1279406467044 1 353
109.793382745284 3.04307541899635 2 353
84.6399237743703 3.03502424228525 0 354
67.694137385283 3.14420554577511 0 355
65.6779873725885 3.54246957021752 0 357
63.7472258655905 3.05712283104796 0 357
99.0664595761359 3.05065500584205 0 357
69.1311442585797 4.09343913952207 0 358
67.3615534193883 3.04432270213871 0 358
67.6845700980753 3.21066433878386 0 359
105.635000619346 3.6623959452217 0 359
75.781757791262 2.99632764426618 0 361
67.744232644068 3.02456010632507 0 362
42.7198686441916 3.02269248353082 0 363
25.9067451812157 3.4792655466636 0 364
108.619825854496 3.22045500106175 0 365
110.207043967889 3.48894030667717 1 366
67.7762230674495 3.60760583091574 0 367
67.5177989242844 3.55049927368568 0 367
63.7754262271872 3.01340167432002 0 368
102.874982484729 4.24919813635229 0 368
63.8664008903154 3.13351852023241 0 368
67.5617223540219 3.10296911899466 0 368
109.751737175723 3.17298672589771 1 370
80.3906802134232 3.01578996949946 0 371
105.039415255414 3.07565140085936 0 371
109.734570884592 3.32959239001226 1 374
71.9230421662542 2.99191904263405 0 375
67.3047579891315 3.06147671106935 0 377
107.706154262045 3.49369308364097 0 378
67.5710765943528 4.2667206106579 0 379
108.099615211555 3.86452381246592 0 379
104.415310509341 2.99103931791121 0 380
67.6534324263355 3.095527564971 0 384
67.2543327861184 3.43842888926337 0 385
73.4627327312141 3.25065289028266 0 385
108.258013247078 3.00166403227188 0 386
0.104004493724566 3.15266829223475 0 387
67.2902812819148 3.26205626125553 0 387
68.6360330322238 3.0407076038288 0 387
67.5881302529508 3.14584828290105 0 390
102.827663642473 3.04941163713076 0 390
110.007077010096 3.25982246443744 1 391
109.554863739972 3.20749283507775 1 391
70.2057996508696 3.09270183410177 0 392
23.2831882754035 3.43059850447366 0 393
67.7511616497628 3.00985155113616 0 393
67.2835103589919 3.62996164384836 0 395
68.1170342872207 3.3746884692158 0 395
70.8688363720026 3.28381752773018 0 395
84.1104864853618 3.59822885924822 0 396
107.534516203111 3.21718056292771 0 396
67.3270388601129 3.03882753624689 0 397
1.02573832919872 3.00402965820374 0 398
68.5923300848896 3.05122222467275 0 398
109.295254307081 3.01502518629426 1 398
67.2927167785866 3.06166553831039 0 399
85.1937839301964 3.00603818882745 0 399
67.5082207721821 3.1921330801809 0 400
27.0794646882348 3.49373936179917 0 401
67.3205856783604 5.30472880613252 0 401
64.1999524936209 2.998837648521 0 402
109.2586089575 3.0914615172825 1 405
109.271344898668 3.36625807975883 2 405
67.2682564054296 3.24577817846237 0 406
108.588617119099 3.37874242552231 0 406
67.310871961513 3.76536050514629 0 407
109.956381013132 3.03190299374353 1 407
67.7524634582249 3.27435113976984 0 408
67.4620942539128 3.0985013793306 0 409
84.2072976819348 3.51382921703867 0 410
64.1698325294805 3.00942273560834 0 410
90.4351763817588 3.03750211637269 0 410
108.333443733121 4.25518107298228 0 410
110.099684190451 3.53261035895338 1 413
99.6930595143101 3.01153145841486 0 414
97.1434422318374 3.06878991517154 0 415
67.2930969962546 3.04095947224927 0 416
67.2554194042528 3.4048986037348 0 417
67.4388688020802 3.03180391500813 0 419
68.0686253173439 3.05960586475486 0 421
65.6550087468388 3.11154145286286 0 422
68.314982562073 3.09673084251271 0 422
71.1648792002012 3.40485096046929 0 422
75.2253474332287 3.35067965051994 0 423
67.8206400303738 3.05282101514164 0 425
95.8362086319786 3.0529722047325 0 425
69.767547318576 3.20600287903555 0 426
67.2713875516731 3.10347527438466 0 426
84.2603921348933 4.08950605462066 0 426
109.40821622217 3.19879799501919 1 427
0.174955615645858 3.40213823519165 0 430
67.3473654989194 3.49816171442224 0 430
69.3168170764314 3.21815973836195 0 430
108.385365866234 3.00063539605848 0 430
67.2728828094605 3.48836350361641 0 433
67.5047900969932 3.03041784600561 0 433
65.2730279692388 3.00104378017112 0 434
67.3844578419548 3.25618334919113 0 434
110.136522738244 3.14377107085057 1 434
66.9092948492518 4.09477935077941 0 437
97.3797158888624 3.50610641693381 0 437
64.5762828081423 3.37491971892231 0 438
67.4293320779974 3.37908554119295 0 438
97.9688232632828 3.02521769634523 0 439
67.2915579604973 3.51196825820598 0 440
70.4236801100952 3.59523577245196 0 441
67.8343352310289 3.47393901798877 0 442
10.1600269398385 3.69437654519728 0 444
71.1419719495354 3.00168174512172 0 444
63.7746493864201 2.99062247506103 0 445
67.3037181867856 3.81181576417528 0 445
102.837022940229 3.18516045382705 0 445
109.613961022561 4.75091195776973 1 446
109.614566104097 3.71686620683164 2 446
109.802279208892 3.01093495796253 2 446
110.12191724533 3.34547087808727 3 446
67.4751885275526 4.01886793094302 0 447
102.825350473416 2.99633740153998 0 448
77.0080877303372 3.51741611800354 0 450
72.525728785514 3.10530611254127 0 450
63.7905701110035 3.0259196644601 0 451
67.3651847003674 3.17702125549593 0 451
67.2804702068178 3.01926838959625 0 452
68.6887011388271 3.85200280067458 0 454
63.8052531946182 3.40970165403422 0 455
67.2877838723596 3.47908924776588 0 457
72.7808363151068 4.23023690967506 0 458
68.6013756600763 3.03071350197504 0 458
0.994867656314814 3.17487293089249 0 459
84.7274124130422 4.01318416447845 0 459
100.620648861795 3.16787494688636 0 459
109.254082173788 3.13395494927404 1 462
3.71323975892488 3.21056480259886 0 463
63.7704754036105 3.42766594283172 0 463
80.6066964676613 3.40462268191532 0 463
3.74327919065376 3.01853190368775 0 464
64.582588204794 3.25232584456878 0 466
63.7417535710235 3.45576145549582 0 466
108.116658358925 3.18998508944206 0 466
107.298997964002 3.54928785478612 0 466
110.032689366237 3.27195660502372 1 466
110.089520069074 3.56548748485262 2 466
110.121466027958 3.21311764309066 3 466
87.1040500325281 3.1197848180082 0 467
0.0731467713645179 4.4614608208944 0 469
97.5845074593007 3.07215915173958 0 470
82.0125980922032 3.28469385773066 0 470
109.437937570484 3.16309033079032 1 471
87.1993553764202 3.62525119310618 0 472
64.0197682358644 3.03121740580798 0 474
108.819534796067 3.30366873667514 0 476
86.8810260272302 3.02988537390074 0 477
69.957766517963 3.05893234218867 0 480
0.0960475044499077 3.11520862900452 0 481
86.3488299052095 3.12315995139662 0 482
67.3135070416198 3.01873782770453 0 482
67.5459029236576 3.0065210679008 0 483
106.310746001419 3.01373197464089 0 483
86.8137537595791 3.0545402753953 0 484
67.3932566603055 3.26816364751637 0 485
70.5742565630566 3.47587321394666 0 485
108.414651342584 3.1275968334285 0 485
92.4619038910746 3.35427709243621 0 486
65.3376054043038 3.08692275428792 0 486
107.474887645851 3.01753262968268 0 487
67.3524798567788 3.68915308878164 0 488
67.2533225863286 3.21375923889448 0 489
10.9721066262406 3.89448648215963 0 491
67.4223165772337 3.00259771812326 0 491
74.9685876682661 3.2037177906784 0 494
63.74373510152 3.11696951359094 0 501
67.2773451439718 3.06640023240902 0 501
67.7574329062985 3.70734221874135 0 501
63.7808743708495 3.00847759623141 0 502
67.2563374711719 3.30072626408167 0 502
72.6805104578653 3.04749865751041 0 503
67.2566771677933 3.01457695156421 0 504
107.186005322196 3.20563000408874 0 505
85.9998100502163 3.30514722862106 0 507
109.564503718381 2.99401676327552 1 507
109.627331162129 3.33828837466524 2 507
67.320857456031 3.1096391578374 0 508
71.213570834896 3.07749345657786 0 508
67.392749484823 3.61543455967463 0 511
67.9864243003834 3.47351804098807 0 515
110.161957300249 3.05051780093701 1 517
110.172974821192 3.76730462231808 2 517
0.00778094387897676 3.23202143049219 0 518
67.8476565435692 3.2386262765189 0 518
43.269756158482 3.54055132543132 0 521
109.570148710841 3.30773644474922 1 521
68.5486680526554 3.06421777763017 0 523
68.5005980234452 3.10037387270033 0 524
104.78823851553 3.08298722447971 0 525
81.6900304084395 3.74579188021807 0 526
67.2704899954955 3.52728398508797 0 526
109.351027401843 2.99582840800491 1 526
67.8933384382149 3.85341038350482 0 527
71.0191602479249 3.1440644978213 0 527
67.3100291261681 3.48596325762753 0 529
96.4282855754322 3.05711491143799 0 530
87.9309577892204 3.11321740011481 0 531
70.7907570711907 3.04424150225393 0 534
97.6543944045061 3.02932074859806 0 534
66.8613028555223 3.14011782779949 0 536
106.095300264354 4.58813984364012 0 536
67.8095092637779 3.32080584351184 0 537
14.2488490748382 3.38394045823988 0 540
67.2531158586519 3.88708866617949 0 540
67.2984561600638 3.83341801406392 0 541
63.8319279020761 4.30410566530024 0 543
67.4137885549875 3.80552481349473 0 543
67.5300658649409 3.09650969546078 0 543
91.9034652211977 3.91802946335249 0 545
67.2807322229739 3.36167357178977 0 547
108.848632157506 3.06820028443258 0 548
67.3545519358317 3.20720220685608 0 549
67.4516830943597 3.53770978749727 0 550
67.8249229761475 3.15213148340924 0 551
68.1907029185148 3.70000841799105 0 552
109.511909580537 3.20676952712598 1 552
0.640089086918706 3.3389251600095 0 553
67.2992803790901 3.05726509470533 0 553
70.9935131674456 3.00034050454953 0 553
77.1714370771394 3.10488294613437 0 554
68.654110493315 3.12382558488424 0 555
67.6145024330733 3.02126794052097 0 556
63.6767078364117 3.84820186434873 0 557
69.3212003040955 3.29368035505498 0 557
91.9592454517611 3.16465850658108 0 557
106.262802309089 4.04534360685456 0 557
96.9920021693803 3.46457628124882 0 558
64.8085839390778 3.3152285247259 0 560
73.4186722209376 3.42603786683437 0 561
104.512636944163 3.33782763315696 0 562
0.15343281961796 3.0066090506136 0 563
97.6680828760955 3.29055346771676 0 566
106.016071857187 3.06959099498224 0 566
68.0293304967577 3.42774951972328 0 567
67.2801402648978 3.12028589212133 0 568
67.3735729868087 3.08923799801034 0 568
67.332337424406 3.19955078742593 0 569
104.836382680632 3.66794976276185 0 569
97.652597362548 4.03266339389094 0 571
1.14107812682822 3.20264813017114 0 572
67.2939307452667 3.26177006397419 0 573
71.0345878019565 3.01856628467705 0 574
67.3651921156011 3.06882235839791 0 575
66.9385838722108 3.05663950508876 0 581
109.473411765396 3.01080108946927 1 586
64.4027420341773 3.66784146848342 0 587
67.175866043076 3.26760311521793 0 587
93.1081536437087 3.51578199105887 0 587
109.483054270017 3.12471799536638 1 587
63.740733929721 3.20299619825138 0 588
67.2584803307409 3.8125985232627 0 588
67.3010399425042 3.04997638346139 0 589
67.7453652440834 3.10694285556609 0 590
72.324253953791 3.07857539092694 0 591
78.0964796792582 3.11323926718546 0 591
95.9591209064465 3.45567215301056 0 591
69.0501329061482 3.07962988089358 0 592
67.4658529104204 2.99714276384271 0 592
96.1922150487419 3.25314668339724 0 592
95.9226616556441 3.53221389008361 0 595
67.3595332816825 3.06745379712841 0 596
75.9538315984467 3.65296525727744 0 596
95.4427578635878 3.4310053315109 0 596
69.1470691215944 3.31736834653732 0 597
82.3210999201624 3.16302630755818 0 598
0.0633961410765966 3.01704019140628 0 600
45.6782402898912 3.95254798929616 0 600
73.8630541979884 3.5451235677433 0 602
68.0321646514158 3.47996712589308 0 602
76.1704705066524 3.10154225154551 0 603
67.7283858810161 3.08978781967806 0 604
81.0253517083301 3.4069470732853 0 604
67.8866553896046 3.23577841333194 0 605
5.2253895443675 3.22848627098595 0 606
69.7302688606157 3.0461501384328 0 607
71.7969072137093 3.13506717266985 0 608
109.327929471134 3.00116290878485 1 609
106.670570942368 3.21993149727452 0 610
95.1412773264734 3.11005175585354 0 612
66.0675460593661 3.77036047492446 0 613
1.12008198127173 3.26421833094346 0 614
63.7891207048006 3.13443708556876 0 614
67.2645530574841 3.10412019641298 0 614
74.0887349134278 3.19818666347946 0 618
67.5991422719572 3.21558992298103 0 618
77.0169141325836 3.15071426031455 0 619
108.596446264587 2.99355443049616 0 622
67.9510684908664 3.13066407003982 0 624
67.5292105704395 3.36615636769768 0 624
107.595346875715 3.12106343579207 0 624
63.8549818756857 3.10587305870579 0 626
67.5840591510394 3.31094435638458 0 626
97.8305608593669 3.05803462779763 0 626
69.2333693743552 4.02154974999811 0 628
63.6980087117077 3.06616636970237 0 628
71.284463014136 3.00687069048126 0 629
97.9374077009672 3.42028927140299 0 629
67.2692672921342 3.14850743715032 0 630
78.4158779246233 3.17115857547228 0 631
109.515853035244 3.049765684326 1 632
79.5749488940052 3.10879791797258 0 633
110.190255560194 3.08987174117951 1 633
109.608888446567 3.50429696413759 1 634
73.0187157373447 3.04023748324443 0 635
67.7653953001113 3.03281431980844 0 637
63.757913021002 3.29043811173285 0 638
67.25476643759 3.5697549312081 0 638
69.2504910585666 3.04213720342729 0 638
110.170953389471 2.99249257066118 1 638
63.7863690733979 3.0627319456071 0 639
71.9254032666123 2.99840429342358 0 639
68.7186224792192 2.99969955026865 0 639
106.982804408447 3.05871028554986 0 641
63.7437626362355 3.07134814207266 0 642
67.3410741525369 4.09659361340714 0 642
107.84207764745 3.54305375738438 0 642
12.0272940293505 3.0023705241426 0 643
95.879606145669 3.16998679011755 0 643
97.6725540834835 3.51685973263446 0 643
68.4351920885865 3.1279375027118 0 645
83.6436043919809 3.3771109615036 0 645
98.7191195293864 3.39930173794662 0 647
72.7440013869301 3.09565002086959 0 647
67.342129483573 3.35899155076539 0 647
109.475623690038 3.11552411502991 1 648
67.2811247025139 3.37841835297526 0 650
102.161756914966 3.15911984275347 0 650
87.1000691794806 4.23484132857569 0 652
69.8820022772328 3.32516117701334 0 653
68.1066749968165 3.52382405115261 0 653
107.709283452166 3.37482286698443 0 653
70.8313927637889 3.12207526243812 0 654
109.824937082109 3.18539800757575 1 654
109.567665920574 3.66976563593785 1 654
108.385988122981 3.04537806928676 0 655
66.728951215698 3.36284848636348 0 656
67.501218597006 3.04876653544572 0 657
4.61753167120151 3.23829147122139 0 658
70.263222469279 4.34640873992534 0 658
109.308366778287 3.13992721535235 1 658
68.1110301620414 3.19527721577608 0 659
67.449937022103 3.18767933113601 0 660
67.3084506322271 3.28658068432514 0 661
107.834198151934 3.33943035694972 0 662
74.2035258194415 3.04397661326571 0 664
67.3746903158133 3.43187175618701 0 664
104.080260912489 3.33641073982114 0 664
67.4818330139169 3.00605126994251 0 665
20.4110652236485 2.99753915789538 0 666
67.2758851462212 3.02879452856405 0 666
107.651748630544 3.10101708420278 0 668
63.8837905324943 3.0526298733741 0 669
100.413716780133 3.29953583563098 0 669
109.213560254316 3.117723157376 0 669
70.8331247105646 3.32371522683502 0 670
68.8822235777732 3.14184473242295 0 671
109.794620388401 3.26785773181059 1 671
78.1970325938238 3.1553242215243 0 673
66.3037816306456 3.46696195193308 0 674
101.711865047154 3.03485341415848 0 675
109.769932320322 3.24657852975959 1 675
67.6847254539624 3.28240426920182 0 676
99.5158284551504 3.21128454650063 0 676
100.074588554813 3.02244921757701 0 677
108.286515848232 3.65337826915724 0 678
67.6094788043196 3.39956744478192 0 679
63.6492892546388 3.48656785249017 0 681
67.4805021224061 3.2387343004958 0 681
67.2719693608228 3.01298413104084 0 685
67.3317739424532 3.27776175778413 0 686
67.4599287489157 3.57931105027741 0 686
109.2534868256 3.34939931675688 1 688
68.420567410633 3.09449564646265 0 690
86.3752927207989 3.27587357565655 0 690
65.7573791120254 3.46404258930077 0 691
67.2642654567777 3.04872225445723 0 691
67.4410486419521 3.23107890498923 0 691
109.938304605642 3.05472477057658 1 691
109.642295727021 3.56462379107983 1 691
109.874544233474 3.16897290862884 2 691
110.062591941091 3.00449983773703 2 691
110.164619745842 3.0398411049269 3 691
68.317078216772 3.44261694828859 0 692
66.9738726605255 3.10199019603756 0 693
67.3006959057476 3.03221931870627 0 693
99.7927590903765 3.4680828636406 0 694
107.087831420028 3.47001875708071 0 699
67.49303964072 3.47022654870937 0 700
68.3669340203591 3.16529971731966 0 700
68.1633136489644 3.59757430286321 0 701
0.464529840757896 3.42910055128373 0 702
64.1051318291039 3.42263208591821 0 702
105.643468715548 3.22725263339595 0 704
64.9766972461346 3.1411261358399 0 707
93.7042432172964 3.12507830948319 0 707
67.6982330969885 3.21245760005608 0 707
5.30387076801911 3.05019739333836 0 708
63.7753013145298 3.08900941346432 0 708
67.2794237003347 3.23454382602349 0 708
0.213768232503304 3.0982549871075 0 709
67.3331483576283 3.09449709629198 0 709
71.5013890786974 3.14466313084401 0 713
67.5450734231639 3.95466998419239 0 716
77.932670235139 3.0018550503854 0 716
71.5878670788031 3.27726010926321 0 718
109.605324280895 3.31436352518505 1 721
67.3385085756948 3.25193167287809 0 722
67.2654737363829 3.14701348851776 0 724
74.2072470309904 3.46779183112963 0 724
73.8816439456407 3.0961893923028 0 725
70.7693436564497 3.11727454627136 0 725
67.7015610231376 3.69211467618358 0 725
81.0322386943686 3.17656701731518 0 725
99.4711419960079 3.21311451682137 0 725
64.066512428006 3.32539018631269 0 726
98.1217402585218 3.14650146749972 0 726
0.00342643957809434 3.15814248711932 0 728
67.5781699067047 3.20647193667624 0 729
106.073386450103 3.18316820864987 0 729
69.2002581304615 3.12797715337401 0 730
69.9648634762016 3.30813032869768 0 731
69.5957598802255 3.02683306149142 0 731
5.50341376366299 3.30255197868918 0 732
67.3279188647286 3.21313286983081 0 732
67.2655758933439 3.2819092515409 0 733
78.8886933031664 3.03914715055034 0 733
67.2895803795193 3.0213983284703 0 735
106.358599863068 3.82394484065408 0 736
109.307049311911 3.00316353556908 1 737
0.0240126031556209 3.14242359925012 0 738
67.4255051123263 3.6702333056453 0 738
64.9241109052462 3.12167661599236 0 739
68.6211400998302 3.26088474453121 0 739
67.2667278930429 3.64066946786067 0 741
108.426985160968 3.04227758337888 0 741
8.48019471889143 3.26022014894853 0 742
67.76275079806 3.05090425969677 0 743
63.7969249811744 5.54082212259048 0 746
108.336783184504 3.15293470163992 0 746
95.9729355074618 3.6888791319973 0 747
107.070659613294 3.09657618525345 0 747
67.2804201330358 3.03590421051809 0 749
67.2533808255389 3.28721070533323 0 752
88.1389777789498 3.0578683259987 0 752
64.8191722869414 3.36437578964455 0 754
67.2554449081748 4.32120910621239 0 754
67.2775323417796 3.16328686463812 0 755
51.8212240160849 3.52163378730878 0 757
67.6535848106586 3.62223549433735 0 757
99.7286055378596 3.03399460827152 0 757
108.262222863909 3.17084739730912 0 757
73.2688695051792 2.99702168497072 0 759
68.5154549206281 3.20710307452001 0 759
77.9269576161259 3.87958848104897 0 761
94.8508733774825 3.18722579490071 0 761
67.329051539677 3.37480183676034 0 763
80.9936177129326 3.26156077232816 0 765
106.885200605908 3.44171256358295 0 766
67.5110766011699 2.99859289558572 0 770
96.907699027011 3.21261949772429 0 770
63.6599967200947 3.06724509615801 0 771
63.7389059203764 3.05590948894291 0 771
46.301938907162 3.01118114281935 0 775
67.2958346130917 3.13018916377416 0 778
107.429606180189 3.26002982617144 0 780
63.7556150077268 3.06196682478151 0 781
109.727869820995 3.10521507172573 1 781
67.5645026659872 3.19861192776587 0 782
67.2603823657669 3.36476760913495 0 782
67.6739079186807 3.22846117630507 0 782
68.019721928149 3.18502617012378 0 783
69.3166261675187 3.13214856139722 0 783
67.3237709375152 3.05311931904608 0 784
67.3197667528695 3.14061024232857 0 785
68.9030723118982 3.04102999629771 0 786
67.2782229127516 3.03003214675533 0 787
105.702687047397 3.4614016118883 0 787
64.0814306736181 3.21250479614904 0 789
95.1456700254594 4.76850188847772 0 789
109.661853986307 4.98671428558725 1 790
109.685036068184 3.15699424593693 2 790
109.750509338182 3.0792925868293 2 790
109.891743415647 3.17785708975272 2 790
109.704184187518 3.25500365069993 2 790
109.6680372183 3.01799016217947 2 790
109.724564153678 3.0842651280171 2 790
109.667539647199 3.8380241760495 2 790
109.679564690124 3.19648340206006 2 790
109.686209545818 3.10072206976214 2 790
109.791797448384 3.07925596042343 2 790
109.819359464244 3.39574208781691 3 790
109.920831806749 3.4474601097216 4 790
1.91367407847333 3.27699979172799 0 793
102.868217989406 3.26049887804683 0 793
107.045347037049 3.34693109700382 0 793
65.9840045002426 3.04887873659525 0 794
67.3161080586138 3.04975010811869 0 795
67.2532289603114 3.78254149110967 0 795
84.0558163093152 3.32634302435622 0 796
73.9100772151299 3.41347332509841 0 797
110.015546934194 3.66781767208573 1 797
65.4060281966356 3.07844833590721 0 802
104.216195095005 3.17343099318328 0 802
0.291825731484432 3.09794610040067 0 803
65.1708856189966 3.22580353717091 0 803
67.2855643996348 3.16038683223343 0 803
109.76500415381 4.4815483350799 1 803
109.803032063248 3.03095165816454 2 803
109.783823227894 3.17650629662369 2 803
110.214182670654 3.3666587000048 2 803
109.785647517597 3.65897177963652 2 803
109.803673358714 3.62428098306038 3 803
109.792300343427 3.28310727965225 3 803
109.81827680623 3.20253188863786 4 803
109.948897685574 3.17571739882107 4 803
63.7550059483147 3.67205082942296 0 806
84.5090135405763 3.57390670953819 0 806
70.7905130442718 3.0710230229419 0 810
68.0821061581621 3.57058670910094 0 811
69.8157724670334 3.93239341173354 0 811
63.7381386275849 3.8013006919783 0 812
67.5794646292857 3.18386149893279 0 812
109.724329172614 3.02893172792149 1 812
63.6780126724044 3.00653697349239 0 814
63.761391337081 4.00039442816286 0 814
67.4116512521814 3.05253691202492 0 814
109.463351242458 3.04063672410247 1 815
67.2634927210754 3.11651114870618 0 817
67.5263067775926 5.3981972038719 0 817
95.8796587308523 4.07945186350189 0 821
108.350959578559 3.14928727243784 0 821
109.670772944325 3.01812700155871 1 822
77.6173646528816 2.99251992275423 0 824
64.4918608364656 3.58365852441671 0 825
109.683162795593 3.01685364239022 1 825
106.377020851522 4.11073654667544 0 826
63.9983720889575 3.62531527147748 0 827
68.6632801866151 2.99271386788411 0 827
67.6331113539723 3.18215658998753 0 828
67.5414296523156 3.39891511971519 0 828
109.725632957862 3.03346429220955 1 830
67.6570770083225 3.70429625610729 0 831
68.1118607719146 3.58888894810382 0 832
107.795259110178 3.28740923668842 0 833
67.3327872740566 3.51019197252453 0 835
67.4615007560929 3.08206494867999 0 835
67.6848686556203 3.32434088215149 0 836
91.8593148455879 3.66882892842612 0 838
97.6902529726677 3.44940775350989 0 838
69.6035881709569 3.33163066305928 0 839
101.478622760653 3.35372022810389 0 839
109.664772730247 3.1199691606479 0 839
67.4665073964015 3.01733922664991 0 842
67.4627862796457 3.6130095617534 0 843
107.311539796827 3.32553049911976 0 843
67.3354321036989 3.18840096055873 0 845
67.6535854751779 3.30896025965948 0 845
101.346180494087 3.3185120251587 0 845
67.2553391566878 3.3079195997762 0 846
66.6352922634285 3.14951659348553 0 847
65.4699577485985 3.25714425688108 0 849
63.8222365935042 3.00738755483569 0 850
84.9611816755477 3.62472278845842 0 851
67.6380539686422 3.49812967962687 0 853
99.634660700472 3.0607244452113 0 853
0.74574283705233 3.11200002012651 0 855
1.75598608136174 3.19090511786648 0 855
68.0409021369004 4.82172537214296 0 855
67.3008304502291 3.39027190854436 0 855
71.024138494103 3.29306677767095 0 855
67.3190860598511 2.9982042567372 0 856
67.2745890814866 3.34873052628811 0 859
67.3896107944465 3.09084234413741 0 859
67.294263129985 3.25937711178897 0 859
67.2589325608886 3.01893475540348 0 861
67.253337445104 3.13714907801722 0 862
1.55353482194783 3.71738316678477 0 864
81.5082450282609 3.44926690567117 0 864
68.2062621276986 3.24335915586911 0 865
73.895279525317 4.17171587832747 0 865
106.398258821453 3.38457413233362 0 866
107.102398839525 3.42020630241541 0 866
80.4136773316191 3.14191241135123 0 869
106.371862250972 3.04508839511076 0 869
63.8695152176552 4.17685083069397 0 870
69.8224012513389 4.00793868514804 0 870
109.528992950659 3.23619683777092 0 870
108.350552782974 3.53715591825151 0 871
67.3560881199073 3.46746280108396 0 872
69.6429900009691 3.7925348699965 0 872
109.408110649306 3.18267510520245 1 874
109.479686833515 3.27416606117819 2 874
71.0019209356331 3.74162714527905 0 877
67.510667875307 3.63715968454939 0 878
106.855905491162 3.3974558830953 0 878
16.1157335587878 3.15082152900959 0 879
107.539278047614 3.95318732727249 0 879
79.4420946430579 4.34306612884916 0 880
109.345329415034 3.14419790083063 1 881
63.849664634917 3.10026831968152 0 882
106.022914736884 2.99759092764709 0 885
63.75061191166 3.04671833977326 0 886
88.9311365963562 3.74349514562876 0 886
74.4342230319252 3.08920419538498 0 887
104.805233110099 3.33197648164349 0 887
67.501389028169 2.99436511103395 0 888
69.3520692020884 3.22672878018465 0 889
109.941189624583 3.40108827405887 1 892
67.4486278718927 3.3935795581123 0 893
110.025515700205 3.5758994455145 1 894
67.5689937445103 3.08495928024068 0 895
67.2843164441592 4.42269306996752 0 895
85.9533069392537 4.24932773156051 0 895
99.6868986109545 3.82658586957017 0 896
0.342459819408824 3.30001971601142 0 898
64.9635304343176 3.15419127542308 0 899
67.2615460912257 3.45043221853658 0 900
94.173398906151 3.1244302128708 0 900
67.2876858237959 3.46386824835971 0 905
67.2807630955271 3.28703699220642 0 905
71.1122935813066 3.16656004495878 0 905
64.297472938729 3.17369275893183 0 906
67.9116963126053 3.11376140914538 0 906
109.575841817753 3.55585690610145 1 907
67.50874338804 3.10730615097247 0 908
71.2418297452582 3.21751421307968 0 909
67.3724233227229 3.22695441534622 0 909
108.415492636182 3.82998689074417 0 910
108.4338440622 3.7097699146844 0 910
67.478483985289 3.89522224817945 0 912
109.90437268231 3.08880476591721 1 913
67.4183900820648 3.05656307614127 0 914
108.4211850247 3.06791389965417 0 914
67.2573441977997 3.08787242819185 0 915
67.4032811641809 3.12143673655258 0 915
67.3347728213076 3.43118821356873 0 915
93.5815031413101 3.65040422999951 0 916
67.3278128452981 3.04830375503505 0 917
69.4202612097343 3.22074186632739 0 917
64.6646413517256 3.12429436133697 0 918
69.1077524313398 3.35368376778753 0 919
107.661263015977 3.0448947333298 0 920
107.593232191689 3.0730087074677 0 921
109.702479178299 4.43623702471783 1 921
109.734116728846 3.08616683894446 2 921
67.3493890317596 3.26626266315746 0 922
86.5865262519322 3.16237054674604 0 923
68.7789841292422 3.2093869481493 0 923
67.2723202924787 3.09771983624388 0 924
63.7746121207408 2.99982904171223 0 925
100.656078710181 4.00163210643715 0 925
108.567861985097 3.74449278044205 0 925
63.6983016942614 3.15142963352885 0 926
64.3001944483745 4.0862222860661 0 926
69.6827901724122 3.78103138700564 0 928
96.6518966669002 3.05375714311916 0 929
110.060153118781 3.54162826134131 1 930
67.4718979273682 3.73554911977731 0 931
59.003762583529 3.05336899492746 0 933
67.3603829355244 4.60731461140947 0 933
104.514904331685 3.19137122344127 0 933
83.7635351546803 3.08469382516717 0 936
107.069611326815 3.4855263409795 0 936
77.6206696889151 3.11581316629266 0 940
67.2903715182111 3.17436142155045 0 940
63.7382746555903 3.14511852593825 0 942
73.9107953764164 3.32503432422102 0 942
67.2551782977714 3.75110782851399 0 943
66.7965081128895 3.14525780988622 0 944
109.503664419268 3.2381946201924 1 945
110.034395964797 3.16261419700768 1 945
109.928878157613 3.1769801131982 1 946
74.3749719362221 3.36958245224688 0 948
64.5402757865196 3.02759660194474 0 949
70.5808335233065 3.14604419416107 0 950
107.545342578348 4.27670302391822 0 950
110.186334879817 3.12610780405853 1 950
107.637552039633 3.45409763249728 2 950
2.01853654480143 3.48587053114066 0 951
67.3213124261897 3.30227606894744 0 951
67.7717719870374 3.34811895067772 0 951
77.257919681801 2.99676669995718 0 951
67.5073467982823 3.64348962700987 0 953
0.732404259306646 2.99386457351943 0 954
104.34203847048 3.20763917926083 0 954
107.346543639013 3.01804101412005 0 954
65.6278684836571 3.43668271471468 0 955
67.2560976629131 4.25982616497045 0 955
63.6629674012681 3.98416229483553 0 957
68.6617389121604 3.01851936270952 0 957
109.729140927297 3.29079232056836 1 957
67.1978695950735 3.1342031859895 0 959
67.7218892893152 3.0204972411054 0 960
63.7570288739964 3.60188916162683 0 962
66.3358332301268 3.20515390605566 0 964
97.7935168153038 3.99608290977323 0 965
67.2738995200099 4.07297678154884 0 966
67.3568899308467 3.068115239092 0 966
110.057744809174 3.30410685459749 1 966
110.071586910829 3.27849733394147 2 966
67.457390614686 3.50494377172677 0 967
95.8837765728562 3.18726032049901 0 967
67.5770730366481 3.14521733739926 0 968
81.6945991138555 3.23283191473814 0 968
108.277506880139 3.22201434009508 0 968
64.6379466523097 3.10964495565983 0 969
80.6963224600914 3.33462841750995 0 971
110.065956110581 3.02401110507961 1 972
110.105800790926 3.12968808263716 1 972
1.55067685758851 3.65311736821494 0 973
67.4520854630368 3.14042601496608 0 973
67.5175427039697 3.12638349041456 0 974
101.585257217674 3.18050357683991 0 974
109.768811632627 3.26398304231125 1 975
86.5378095430262 3.4571954763086 0 976
98.3927538424167 3.47360964470781 0 976
108.666811325013 3.60593692326058 0 976
67.856451840381 3.13514322181735 0 979
108.811244378452 3.15993280349842 0 979
97.3806538222048 3.12765656398599 0 982
98.3873741365615 3.3412388328915 0 982
105.70366595046 3.14144362667969 0 984
107.827933619424 3.02796663644563 0 984
67.2898924575713 3.41100346147122 0 985
67.2641095929689 4.25901043015002 0 985
106.639162429085 3.83544174286638 0 987
68.3100510235522 3.5123266796305 0 989
67.6014517735389 3.0356503725967 0 991
63.6880892453424 3.78323853373374 0 992
65.8405500887025 3.12425374149795 0 994
67.7932603496784 3.50804102775053 0 994
82.1745977997867 3.65296330030771 0 996
68.1786463685602 3.57998262865854 0 1000
67.2634227644063 3.18393055149272 0 1000
77.4487403078953 3.2548227064298 0 1000
