"ts" "magnitudes" "gen" "cat.idx"
5.27953642846623 3.43758197870022 0 3
26.7212337844928 3.07414486686458 0 3
40.5123827559032 3.28174245353407 1 3
40.4603874552153 3.2792955250848 1 5
23.9768353545594 3.07631743258758 0 12
8.09444329154205 3.03821059961545 0 15
0.0792104160556239 3.0746609498938 0 16
34.1515799443812 3.02392677685109 0 16
0.0780382417328009 3.18628556221493 0 23
40.4438981145244 3.57693928369647 1 23
0.234518407076492 3.63161092543384 0 26
11.733295398842 3.180664874794 0 26
40.1043571810328 3.054310588053 1 28
40.046124145441 3.68128322021579 0 29
40.1586556893323 3.23893542578125 2 29
6.46448117837189 3.1303666445184 0 30
1.49661488345429 4.13301817180018 0 31
22.9566584028098 3.40413708192013 0 32
0.231609162018568 3.97811588364951 0 36
0.0410277238567116 3.01206457858428 0 37
35.3573352319538 3.46340591254067 0 39
2.09777615576777 3.42318037580789 0 40
27.1324352022677 3.18220349196337 0 40
27.0169372335797 3.16109739516177 0 40
40.0857572035488 3.49568105927336 1 41
40.508249073438 3.05189200628311 1 43
26.4511603125964 3.114685427801 0 46
37.8886691920293 3.22719453148304 0 49
0.0695317495780294 3.30320432556921 0 53
37.7795617696928 3.04506660313971 0 54
40.2327678198085 3.04121750580367 1 54
33.8292011616014 3.23425228918064 0 56
0.166385065927549 3.10917131462069 0 57
40.0711386498409 3.04624772639556 0 59
7.41544010053845 3.17547957573876 0 60
15.0807963549096 3.32259322650019 0 61
40.2572851671461 3.33601656620931 1 61
0.0415483099472355 3.00405964980573 0 62
0.51495885790855 3.27208641139675 0 64
9.41703178101467 3.14105186520659 0 67
40.4885553812232 3.56755936188623 1 67
40.0341478502144 3.15095257889191 0 68
2.54922681789943 3.10689227687768 0 69
0.0654237184544583 3.81883272777814 0 69
40.3695493484006 3.71730089897535 1 70
35.3851218849181 3.2422326800444 0 71
0.000989626068950851 3.71683009172664 0 72
0.019382104276763 3.34162326312828 0 75
31.3232483691054 3.03456833287316 0 75
40.7431136387632 3.00141462057374 0 75
1.49431387033062 3.26802084840106 0 81
7.83941015505611 3.39348381047247 0 81
0.320794649982561 3.71480339426807 0 82
11.6605645705729 3.06077854672689 0 84
3.13006136297111 3.03660729957264 0 85
4.49115307155608 3.37332157090707 0 85
1.77372600790015 3.89715418302674 0 86
39.9930899155028 3.55469912342832 0 86
3.66586739656741 3.07792572178034 0 87
7.45135965608368 3.95159172595942 0 89
40.0941381311591 3.07199329556428 0 91
2.97138140204087 3.01368940631687 0 92
0.189610648073815 3.38031452210133 0 94
7.28654258213346 3.12100954589574 0 95
40.2073218637354 3.22334575025208 0 95
40.2212970803071 3.1037718037085 2 95
19.3684190114042 3.31636874321339 0 96
10.2108771995371 3.20911856524688 0 99
0.676775702904833 3.26852955160068 0 100
40.3130099204459 3.22091917025508 1 101
0.01358234979779 3.4151243718684 0 102
0.103400211981701 3.27012043879361 0 110
4.21345867883998 3.00771780175702 0 110
39.9670930494349 4.05539429815136 0 110
39.9400965818036 3.31755315907174 0 110
0.0420015216372586 3.07914291983969 0 115
15.7024189083946 4.88119843226229 0 115
0.0123261282189427 3.46658213065086 0 121
17.6905173873869 3.63668865553218 0 121
8.22150013112074 3.08708503217398 0 128
8.43523473472072 3.35678313462471 0 130
39.927321283081 3.12352526031124 0 130
40.1315673812865 3.45582694143056 2 130
0.811557836326015 3.30802722536098 0 131
40.7922758827076 3.20379111576597 1 133
40.1949688875206 3.97166481913334 1 137
40.1758924607743 3.25410838568409 1 140
40.3064042838772 3.19828104538084 2 140
40.43165173443 2.99484325689769 1 143
0.0192647171324982 3.67228708194804 0 145
0.0854888812955027 3.47512328377745 0 146
40.4980102678851 3.11104220445958 1 148
40.6817415001892 3.76939160445242 1 150
1.78884141517703 3.06942179788876 0 153
40.6964688356124 3.04204705025749 1 155
40.1401090281174 3.68244536610968 1 156
40.0397282021658 3.54512815520039 0 157
0.115908490681652 3.75200874977584 0 159
39.9864900105623 3.14757184812115 0 161
40.8421986726202 3.00204541762946 1 163
1.1594561800314 3.56695023168767 0 164
0.137783100549179 3.0516925696008 0 166
25.6066586822517 3.17591776484062 0 171
40.7314233904794 3.2564783202587 1 171
40.1505907267887 3.27932872036184 1 171
40.2827293163317 2.99061783961095 0 174
40.0457249341147 3.26201745384875 0 176
0.311910383064118 3.01910264309335 0 179
40.2731407654096 3.18969070418332 1 181
0.00191614005541883 4.14009374571291 0 182
0.0426769112111338 3.01464391580412 0 183
40.8535855942495 3.25191334546897 1 184
40.2702758253176 3.6664622124315 1 188
22.5647113406795 3.50096604506846 0 190
0.00138867813738288 3.1894643039964 0 191
12.8620077071322 3.16088617445287 0 194
40.2100364346634 3.19014044372775 0 195
39.9473035765556 3.55681110929368 0 195
0.216750936029184 3.14584394631461 0 199
40.0620534157185 3.1945973590572 0 200
40.3454811474398 3.06638822161504 1 200
40.380811081113 3.3142797963677 2 200
40.450335101735 3.31883078162403 2 200
0.734718791777872 3.14150882919308 0 202
1.57209101192451 3.05817305878768 0 204
6.86813599486901 3.13802023092204 0 204
40.8533438170884 3.35977791943766 1 206
1.79790213673002 3.11108356559837 0 207
40.5398227196742 3.01934353851764 1 207
0.0638580717426235 3.39498212720056 0 214
0.655874950119333 3.0169860346649 0 214
0.00895838385417051 3.49142984094803 0 216
0.401130781488123 3.31114510905762 0 216
0.518596748137446 3.33368963904381 0 216
1.76687539263809 3.30841495087585 0 218
34.4478801894265 2.99930510454844 0 219
40.6737988443669 3.44557608307699 1 219
0.026527189881309 3.03496732570352 0 223
40.4084420231261 3.06883665511436 1 223
40.0115236039352 3.15909138261446 0 225
0.123742185476294 3.61179799622003 0 227
1.54417150636064 3.09439268351375 0 227
40.9471081983388 3.16523436074987 1 229
0.569772596769598 3.00522360506515 0 232
40.4050238175873 3.74074765571547 1 236
40.9745184284725 3.08066140252115 1 241
0.546171520984695 3.61819655058158 0 243
0.130356872457385 2.99556756205029 0 244
40.3891002742198 3.0623657812298 1 246
3.91362212246552 3.52162914531845 0 247
40.6568169474226 3.76506661341335 1 248
0.960618567867431 3.04958927793858 0 249
2.17769630709056 3.49944264984625 0 250
22.5513895076436 3.80269294733338 0 250
0.00506271473599707 3.26450225477598 0 252
39.9366596734932 3.23625226720427 0 253
40.3439908055045 3.32880428668748 2 253
0.0692554381218797 3.21443751405651 0 255
40.7319772251971 3.03240515763659 1 258
25.1299103601585 3.12667660626072 0 261
38.9358153711208 4.06182797676497 0 262
0.0758120148760379 4.13602865906362 0 268
0.0774736252119498 3.35343275129741 0 269
40.5897019192666 3.01169303812401 1 269
40.6755188496749 3.18885518046302 2 269
0.187930600021972 3.02936781834204 0 270
0.313889752500826 3.36968929406786 0 273
2.75779363645592 3.17324479156612 0 276
4.37344881165812 3.01216078742146 0 276
0.592415518061331 3.15493661675623 0 277
0.671019505281568 3.03312111000438 0 277
40.2240437876057 3.41300320981589 1 280
40.1037188134246 3.40614433009971 1 281
2.1304916007444 3.26690666769259 0 282
6.20718452467919 3.35867238105931 0 282
40.6304802719128 3.24973686187117 1 282
8.06091310818902 3.32474131804726 0 283
40.9137443072718 3.95843310481657 1 283
40.3843407951385 3.01272646068933 1 288
10.0972498434008 3.50583542585093 0 290
0.0377122469801949 3.01570003252752 0 290
22.5467044040935 3.13839272701433 0 297
40.0819828847235 3.08940921556025 0 300
0.220120677889885 3.0692213044735 0 301
0.51670453442257 2.99553456550336 0 303
14.811143189251 3.44367941020793 0 304
27.6783463027281 5.11942192681687 0 305
0.0136962617309975 3.00590191249054 0 311
0.159753419134705 3.44787642561759 0 312
40.1979977233891 4.04594511815397 1 312
40.2200712328553 3.00791567878875 2 312
0.180059065364028 3.05183438434411 0 313
2.79805450266554 3.00484975041184 0 314
10.668776868505 3.33232498595922 0 315
40.6760208098308 3.09577065687289 1 316
36.9886209108565 3.4400028814783 0 318
0.729884181762904 3.12034555995664 0 321
40.2040708394953 3.33298985158014 0 322
0.989211896551409 3.10850770980832 0 324
39.9802075633316 3.40790887326041 0 324
0.486579647913128 3.35553336918675 0 326
40.8461758297958 3.04329583230145 1 326
40.1137160471151 3.82439028267647 0 328
40.1386079547897 3.2035448676015 2 328
40.1416868756504 3.24172026970802 2 328
40.2384942754089 3.24977520721977 2 328
40.2879479862189 3.09523900037791 2 328
4.06311375828493 3.31993339912382 0 329
38.2572172141547 3.50335297159506 0 332
15.9712567078549 3.08830580075937 0 333
27.0792002369194 3.56629767727838 0 336
40.7635750606746 3.2104604281039 1 337
40.2340634422466 3.42885186366579 1 337
7.2377669736729 3.05281262222195 0 338
14.1170283345898 3.1439339360293 0 342
0.103203241542208 3.25344201331212 0 345
2.03511578003406 3.33154982783608 0 346
0.560296513921054 3.57313949048463 0 346
0.0915532229856381 3.72377543034292 0 349
40.5859512753409 3.20441862608911 1 349
22.7539250248318 3.26363125233494 0 354
0.113351237496627 3.0352030696276 0 356
4.41836921695199 3.19884014936291 0 360
0.493730407792341 3.36638485014537 0 361
4.60814920122327 3.64724688706024 0 362
40.5597330091145 3.0353989124181 1 365
35.3608258864555 3.01055646185083 0 369
0.064069614266062 3.64025703729235 0 370
4.66617168605368 3.24470056787252 0 371
39.9279346328379 3.07206716391283 0 372
0.0568320875911213 3.11993476774714 0 373
0.0148793774007698 3.00144613522316 0 375
27.6550798919436 3.14370524151537 0 378
40.9411003204618 3.0708761954992 1 378
40.0296348975869 3.01975014348341 0 379
0.251462940055693 3.64372173137338 0 381
4.4778610472467 3.1129605285728 0 384
1.69440128010617 3.49740336613901 0 386
40.5871287606746 4.31986037080418 1 386
40.5953896869498 3.06740146915487 2 386
40.7602698782458 2.99131252594474 2 386
40.9502603778696 3.87124989344917 2 386
40.9841187449485 3.84886348097017 3 386
40.7427567659501 3.19876105314404 1 388
39.9888983027003 3.05178249151152 0 391
38.4346987741116 4.38407696221692 0 392
39.7657044618704 3.18691372330136 2 392
8.87545320493413 3.42662978604035 0 394
40.5651796619963 3.30706646277288 1 395
40.9443199761767 3.52153899036505 1 397
4.87620023469111 3.06724236495172 0 398
40.556912137622 3.15740135824351 0 400
40.3207578530159 3.17092867425154 1 402
0.602901276283598 3.81423469972784 0 403
0.876293029955522 3.58431299874342 0 412
40.9626322846484 3.32347347178956 1 413
40.9813108780823 3.08260991022444 2 413
2.45191372430144 3.50445909763739 0 419
0.0103896252428335 3.0484149201453 0 423
0.38913295722494 3.04757033722706 0 425
0.601564083867356 3.49193218098152 0 426
8.41902691920955 3.13572533915516 0 428
2.16017908067461 3.12423008816082 0 437
10.0714579508841 3.17116510991741 0 437
39.9470587206252 3.01668389979331 0 437
16.6364479821567 3.0918691069596 0 439
33.9751886362257 3.3517519916053 0 440
39.9245653062224 3.28934482607378 0 440
0.778749549801643 3.1527977645917 0 442
0.159474482648453 3.03487126547938 0 447
1.56691336607456 3.03029275077839 0 449
37.8650789403387 3.74716541425941 0 453
0.0136573986330804 3.33741363563737 0 454
40.3844547974035 3.09985921194312 1 455
0.305068229108494 3.20526029373597 0 456
0.138358653868175 3.28451210185624 0 459
2.12267905452514 3.20750557404192 0 464
0.0132086015417465 3.10348463607517 0 467
39.9870791699392 3.73404885234473 0 468
40.019712978773 3.4080083433996 2 468
40.038081468075 3.71058944675747 3 468
40.1992196880425 3.00721239816829 4 468
40.8386317261576 3.28196881283181 4 468
40.8061046624304 3.13023693952102 5 468
40.0420340783052 3.32409387552302 1 469
40.7634790536572 3.40700758185031 1 473
40.834721650422 3.50373085823937 2 473
39.9618455554637 3.63923942589558 0 477
40.7185086318381 3.03601001027766 1 479
40.7526358636382 3.15981802625102 2 479
0.00539754157402719 2.99243843168139 0 480
0.0988402769955592 2.99136502829773 0 480
37.7406251967928 3.00773558277341 0 482
17.9378765756733 3.00197752988309 0 483
39.9763728558213 3.1883037429452 0 483
0.23265902816214 3.02020137324015 0 484
0.188625995371263 3.32677406293885 0 487
40.5963969197214 3.03131543466061 1 487
20.3991043832532 3.0193060359164 0 488
39.9369327193777 3.26615920840443 0 489
8.61726218879692 4.10395263622393 0 490
17.6778752627055 3.12056142901808 0 490
0.525267423310112 4.13360445871792 0 491
40.8891195768114 3.59725324630712 1 492
10.5234212376853 3.53455204282982 0 493
3.63046575077788 3.18072833300121 0 497
0.0518946848720523 3.7125066445841 0 499
39.9709940068183 2.99096393843541 0 501
39.226651817197 3.11610690039595 0 503
0.101882075447768 3.08125664532627 0 504
40.0852580202367 3.03381035770814 1 505
39.9258091832349 3.45911161523685 0 506
39.9329101178066 3.02881393830645 2 506
0.569914621868876 3.13679065351491 0 507
39.9274952626336 3.26539123894337 0 507
40.0253233261496 3.08331146880646 1 507
0.00951502915452548 3.25292189224377 0 508
1.69084719307709 3.0566857151905 0 510
40.7779041173958 3.62761634019382 1 510
40.7842815043705 3.26540708855535 2 510
3.43055252556073 3.03894033891426 0 519
0.482806277938532 3.55068531806533 0 522
0.0016490885755734 3.03338654298008 0 522
0.0139829336720063 3.1018893943785 0 526
25.0506194889432 3.13803484083069 0 529
0.00586274026764139 3.12697817900009 0 530
24.2456943213263 3.15222910668947 0 531
33.1563855396806 3.85959101986676 0 532
0.0137671942589103 3.11756197585432 0 532
0.10291599043309 3.7774980898317 0 532
40.1153996296772 3.31161649728946 0 537
39.9616671538382 3.24869995538941 0 538
40.1440906535002 3.19936218392265 0 539
37.7602945312477 3.4495468502064 0 541
27.0664086705097 3.02544777601651 0 542
9.80034023407241 3.47431633922918 0 543
40.5406637295942 3.60841340237535 0 543
1.5844813948542 3.05035780272977 0 545
40.9362574228175 3.4832474957691 1 546
39.9648003596766 3.54950982263272 0 548
40.2678953995249 3.18176789010125 0 553
1.71289319470137 3.53199671759692 0 555
0.740533288096245 3.04975303636415 0 556
2.17955700863005 3.08533691078873 0 561
40.9905157405041 3.09643762805228 1 566
40.7457205123823 3.08756936336252 1 570
40.7674724550861 3.74701799395378 2 570
39.0306888587243 3.70330595437019 0 571
7.9240175103276 3.63856621670593 0 573
40.0460926258561 3.05561731879397 1 574
1.1486783912166 3.24563976486514 0 576
9.90372036543263 3.15041193607687 0 580
39.943159129738 4.00082540606327 0 580
27.0279642290426 3.1969932784346 0 585
0.173103971176867 3.3881312363174 0 587
23.5403919161908 3.05683355871171 0 592
22.5574404318974 3.35895280821603 0 596
40.0076442193288 3.04515000083723 0 598
40.911242257021 3.18687626472379 1 598
40.1106205797548 3.12457382190909 0 599
35.380594118954 3.44872535080469 0 608
2.07040546276716 4.32059726752973 0 615
40.6319401163232 3.08558518040395 1 615
25.5197535249315 3.18919072604575 0 616
24.8116522285072 4.42351126241916 0 616
15.4621835512854 3.13058786680918 0 618
31.9953117649495 3.56491285298574 0 618
3.61778225696477 3.14285678966276 0 624
40.4799737014432 3.21397428026257 1 624
27.8022981866486 3.00214242039795 0 625
10.0211279080913 3.10939974465588 0 628
6.73982610072491 3.16584836122093 0 630
40.8259510425009 3.31810170011727 1 630
0.0492892439276755 3.63633513836971 0 633
39.924968941114 3.13548686288586 0 634
40.1804965475198 3.1264795508631 1 638
0.0893984182410767 3.10257293737316 0 641
11.9572562538009 3.1817696951514 0 643
8.69086883385751 4.12540601193052 0 643
0.42638721641851 3.32233392619443 0 644
25.2264441628915 3.00225808599965 0 646
40.3258881130345 3.73555847646894 1 647
0.546839560621763 3.31801578027565 0 648
0.0749772411789693 3.1027065703912 0 648
0.0768496139881969 3.02735158033564 0 650
40.411558990144 3.26918443306437 0 650
0.0524220316402912 3.09897397420912 0 651
31.7218520930271 3.35679546973997 0 652
0.117698202476963 3.00306220268042 0 653
40.0642066175308 3.36994412818754 0 654
0.577373512044626 3.02215186820517 0 655
40.3507426291794 3.17468664020438 1 660
40.1266197533646 3.07792600292947 0 664
40.0071722679558 3.24607642731902 0 665
8.0637979907513 3.28353789081665 0 666
2.07085139688486 3.25666524662167 0 666
40.0535816215341 3.06678046207173 0 667
40.0786461022492 3.84996141317381 2 667
40.7631698735443 3.02585362799694 3 667
40.6348891089774 3.28023656060779 3 667
40.1119778456961 3.88045457913158 3 667
31.1920102168023 3.31631081740308 0 668
37.7970001055807 3.11547762207327 0 668
40.5732745923192 3.00069616088294 1 676
0.0372734669563223 3.12477904350747 0 680
2.43746165356644 3.22634335212971 0 683
0.51362937577387 3.23413617125604 0 685
3.32207160302293 3.42435325546291 0 691
22.7787116099681 4.94717014070002 0 694
0.362518634147753 3.21315873130959 0 695
1.02033900434498 3.86856230284344 0 697
10.6314655493388 3.15664450974556 0 699
37.7587158332555 3.11766465058134 0 699
40.5121341279332 2.99651422840434 1 705
40.6483845447958 3.05052426679919 2 705
0.188768760403333 3.08253276114511 0 706
40.060974789049 3.37547527282 0 706
0.58128216367785 3.18407712759354 0 708
30.1929607974707 3.24441438940248 0 711
39.935119350928 3.1923708719066 0 714
0.321076085874503 3.14424857527117 0 715
2.31921844779618 3.03208041631844 0 718
13.4091148283431 3.28179695933949 0 720
40.1036498092361 3.28686231467411 0 721
0.0434695480705406 3.42404582312721 0 724
24.8644112029295 3.2230518004551 0 736
4.2290138495805 3.04464451120717 0 737
40.03911493035 3.22655232214214 1 738
40.6926828354221 3.1568997352927 1 740
40.7338269608963 3.18914418086756 2 740
0.308279966695573 3.35405322047075 0 741
24.8577021334251 3.09510128198959 0 743
0.0418076696162501 3.02817211179673 0 744
40.5520620303318 3.18527535732676 1 745
31.4395310544779 3.96290427758227 0 750
10.49908145777 3.12806962466408 0 756
0.00969882183312122 3.0879753893671 0 758
33.3280553920798 3.15193513088446 0 759
37.9336828439547 3.23374353322465 0 759
40.6327442267534 3.64369359282899 1 759
0.276245195294336 3.09009304525432 0 760
3.12196223251964 3.01650991277835 0 760
0.280782844406175 3.21117825682867 0 763
2.56829413409845 2.9996611142348 0 765
17.5174842164601 3.13286810307157 0 765
1.28401680953634 3.27107401245467 0 766
1.84506279243078 3.13171872512098 0 771
6.44760288732658 3.01954586152299 0 776
24.2093105906679 3.65239492582683 0 777
2.3372761147197 3.17032299070505 0 779
26.9199597428754 3.07377258847877 0 779
37.4469393985989 3.31051742655301 0 780
0.137322063505622 3.15172169749359 0 781
25.0640489909125 3.60246957280498 0 787
40.1147291156553 3.87033854853385 1 788
40.1151594496442 4.08183967036137 2 788
40.1719838595684 3.44851551652498 2 788
40.1388246260404 3.00761959254747 3 788
40.1974685790621 3.52757555491686 4 788
32.5305521131634 3.20994054321406 0 791
40.5329832887832 3.0696127934319 1 792
40.4354084342808 3.50140994088805 1 794
0.146346173820298 3.26037461406846 0 795
0.0744431488615885 3.07524613448189 0 796
0.0948854590891264 3.33629193027496 0 798
22.5489093248704 3.46847513260771 0 798
32.2347761004503 3.0245933596034 0 799
4.00708525087381 4.61964199264195 0 806
0.00642900940244264 3.65463272992894 0 808
0.0587538472564101 3.47666470874321 0 809
40.6728793754332 3.37500713703539 1 815
40.3578272676436 3.52808186390881 0 817
22.6053916405221 3.15497388433943 0 820
40.7750505229443 3.64521395463491 0 820
40.8153360785165 3.46148623046406 2 820
40.9442746012427 3.4253915582985 3 820
40.7220529917717 2.99498382919208 1 824
0.00526612997150483 2.99466513286479 0 825
0.0616999969066716 3.29357997966407 0 826
4.67400651575319 3.3403743941341 0 829
40.2988981911071 3.23196451536453 1 831
0.744803553185872 3.028334000982 0 832
0.124056608978687 3.85150646217614 0 832
0.031771676734635 3.25833393323693 0 833
37.7521450390436 3.00951500441895 0 834
40.9841754912954 3.82129257425562 1 834
0.921100911533945 3.63994737757689 0 835
2.89034176921969 3.50942722688667 0 836
22.7798306429499 3.12595646290299 0 838
8.62850962509051 3.15398964271762 0 839
33.950297946373 3.24916839779194 0 840
40.5390272267718 3.60980980892161 1 840
40.2710138297729 3.08065919392505 1 843
0.625973924482786 3.26485144563498 0 846
39.9572685068953 3.11877518435569 0 846
39.9432875984289 3.53100685041982 0 847
39.925192606793 3.10461300373285 0 849
0.262041725329699 3.42940983896134 0 855
0.125534427165039 3.46312628599428 0 856
3.11120022992326 3.17482713388001 0 856
0.6114925822402 3.10452961193618 0 858
40.3806310404647 3.24774195365426 1 864
2.27632988340162 3.05457727670266 0 865
10.0243271333751 3.06810399539889 0 868
22.688461177304 3.00680364004854 0 868
40.6864009871237 3.52226629671478 1 868
14.7800694609071 3.93477465482904 0 872
40.8236772985287 3.53550519921104 1 872
40.5165807722692 3.01232433002418 1 874
1.16824373649931 3.02931034860699 0 878
0.488783243534757 3.55340376781805 0 880
7.14896266337045 3.15854342219642 0 880
27.4741435071913 3.43880881717551 0 882
0.167886143099592 3.00835932954578 0 883
40.0452953563217 3.23498221201407 0 884
39.9260719514903 3.15432273597097 0 885
40.2225517455112 3.2838223345494 1 885
40.5751420942047 3.0375087373136 0 886
40.8898252897246 3.34193989037366 2 886
32.0612244054076 3.45504596670135 0 888
40.3694394649969 4.45324381090512 0 888
40.5984389434219 3.30078246744303 2 888
40.9644084553324 3.74347497560216 1 894
40.4729559448637 3.27955185733765 1 898
0.00683169336629712 3.28573427679103 0 903
40.3335433459465 3.28726394075534 1 904
0.170765721429657 3.20502889103343 0 906
40.6061245248743 3.10910195637168 1 908
40.5047632139943 3.07039158314911 0 913
2.15187401549121 3.10735170788721 0 914
0.226893557483726 4.09732844271708 0 917
40.1896778353333 3.09331191609341 0 919
40.5266194461379 3.00321915306641 2 919
40.8402632716202 3.06224874022694 1 920
39.940712500671 3.20871313229126 0 924
39.9356739089011 3.14854013315852 0 927
0.0278255290970142 3.24493823486038 0 930
18.3875664961726 3.64725347225158 0 931
28.2300221045448 3.17796617743418 0 931
40.9839818323121 3.07983470591415 1 931
3.19473023798293 3.13908146452936 0 932
0.0800221024003124 3.09552766585748 0 935
5.55841794599609 3.14063256899323 0 935
40.9546365376186 3.12500185672412 1 935
40.9684984643908 3.58050196831539 2 935
40.0999563468244 3.20080630265837 1 937
0.700812024570397 3.33627691212444 0 947
40.6144734957811 3.62461998482364 1 949
40.0915113300175 3.36042824525533 1 954
40.1625145005621 3.28614491206598 2 954
40.2160369682778 3.01200655546007 3 954
0.139150529591684 3.52130361885471 0 957
2.37635295746887 3.29292381151894 0 958
1.86756224498415 4.13259188207042 0 960
1.00120939248279 3.38554418470231 0 963
40.4915153919965 3.46232996753802 0 963
9.31585872103654 3.12646046695679 0 964
0.428437440179493 3.02259043570435 0 964
12.1373932272419 3.0581200296024 0 964
17.3864761455079 3.29594932035764 0 966
4.44978979493733 3.40398740090887 0 970
26.9368080569335 3.37305306621375 0 971
40.8159954228032 3.1322524906868 0 971
0.171945499456492 3.01483348735198 0 976
0.159154894007414 3.68766526938196 0 977
10.636363803894 3.11437165273086 0 977
40.0098779257558 3.17240362744282 0 977
40.0122959265565 4.40593773530888 2 977
40.0717212279528 3.02132589779807 2 977
40.0604031766111 3.05307591528531 3 977
40.3800583827963 3.24635412609507 3 977
40.0577021465983 3.79156992052256 3 977
40.2804621878309 3.33004824798355 3 977
40.8101536919027 3.16804039580214 3 977
40.2923691977772 4.09036293658621 4 977
40.3115283219573 3.55075128818918 5 977
3.55516476713352 3.56494161814553 0 982
23.7134153751583 3.55472649693144 0 982
40.630333110606 3.25054278289812 1 983
0.970167782558845 3.15751855589599 0 987
36.0497853784652 3.18023693400219 0 990
39.9719106750134 3.38999245751555 0 991
40.0003068595924 3.12053835474927 0 992
40.7149066228044 3.31819906954973 1 992
39.9323920105862 3.36424071942368 0 993
39.959349823576 3.12904377274443 2 993
40.4506245075349 3.0953185519493 1 1000
