"ts" "magnitudes" "gen" "cat.idx"
2.21046657490425 3.67836392259315 0 4
8.15053054339201 3.62932249067911 0 7
0.356239582322597 3.20951147737128 0 8
9.93014546568057 4.54703893302169 0 8
1.0025251467524 3.02497374696558 0 9
30.030228946041 3.17023968027542 1 11
30.039599914617 3.22518313979966 2 11
4.79791963794155 3.0976189638431 0 12
0.0356042792736923 3.13460178117751 0 19
4.75223821737016 3.13317323046911 0 22
2.67163787312391 4.12770018798521 0 22
29.7704838970331 3.10061767732134 0 23
3.84716578567223 3.89904138772181 0 24
23.4067116243998 3.56352765544339 0 24
0.271486574174315 3.91463912138208 0 26
1.89938308259639 3.16748466715079 0 26
29.7963440977962 3.38779657819942 0 26
0.150827030917284 3.31361481837813 0 27
1.47723087830609 3.53843226081071 0 27
19.8034596866398 3.76729982824061 0 30
0.773421671221891 4.53437760478773 0 31
15.5219208155019 3.32827651330306 0 32
30.593273209999 3.04778267829103 0 33
0.0012157158083323 3.183090064036 0 35
7.74671454454167 3.46660424808656 0 35
0.0247173589162635 3.21288351039369 0 37
0.0778093331834533 3.00710246673646 0 43
30.8760694157422 3.00130299553623 1 43
10.0922673641902 3.1600292877914 0 44
0.000324011745428876 3.1118834644212 0 46
4.28443812930954 3.37596809404678 0 47
29.7838638197888 3.39972241776238 0 49
0.00353567742650632 3.40330695820215 0 50
29.8289895935813 3.1240995592224 0 50
30.2282778997064 3.28607059871497 1 50
30.5361739579299 3.05341276572721 2 50
0.0121981555706575 3.26034850688715 0 52
0.0574724735419544 3.12699206498002 0 52
3.22913929904453 3.25518654548219 0 53
29.5768519678045 3.18754293551594 0 55
30.0938898920171 3.06079440256852 1 56
7.61533158388998 3.06372257074603 0 57
29.4755102466768 3.08687437302042 0 57
22.6158486653879 3.30599002570985 0 59
30.7830060405281 3.85800665800859 1 59
30.3063941822943 3.33182585751018 1 59
30.8129647091868 3.9390847461759 2 59
30.7907027835225 3.1213933612555 2 59
30.84553349644 3.20124425135955 3 59
15.1541396610111 3.28764028252218 0 60
24.311932220904 3.60564735480149 0 62
5.47748936274847 3.14026459052517 0 64
22.5253433895684 3.05349609784461 0 64
0.0125429887887631 3.25525126704273 0 66
4.28594820607382 3.10483777856747 0 66
2.32226771979399 3.81362904147871 0 67
0.0704442877780409 3.25632189203088 0 70
0.281722072494783 3.34913286317215 0 70
29.8191387285996 3.6658649462166 0 70
29.8417796018924 3.14939217120929 0 71
0.35390050093333 3.03718023859798 0 72
10.1259753369501 3.10441480207688 0 73
30.44415548158 3.3287452270814 0 74
30.6449709242195 3.4448634267618 2 74
30.2092125217054 3.99192652459646 1 76
30.5240566933086 3.01248954240432 2 76
5.44834555144343 3.1311253206417 0 77
30.4942182960544 3.20035209759924 1 77
25.1095709013582 3.08791445680616 0 79
29.8211078743573 3.07374930337262 0 79
0.0216898830152591 3.34572328002457 0 83
0.126042045273392 3.15112498377736 0 83
7.62700509536825 3.09946170597721 0 89
30.1463686694946 3.51538752428277 1 89
30.6165349596735 3.55659099075156 1 91
29.8502330692423 3.83161244039863 0 92
0.269800196492018 3.11192185157861 0 96
10.3160719446179 3.41786024256666 0 99
0.299641566667926 3.22835848785895 0 105
0.65426021699557 3.00603638148881 0 107
0.121055397421763 3.76203735389979 0 111
5.73754551496426 3.34797165721247 0 111
27.4340880819442 3.96291845031687 0 111
27.8446439086832 3.24669617461483 0 112
30.6760259698235 3.25604275997698 1 112
4.6346736709705 3.22549063947924 0 113
30.5705811699661 3.3005324247817 0 116
0.0068473068039092 3.0020819992376 0 119
0.0436822507523206 3.45725535186085 0 119
29.3122894590292 3.45286090654018 0 122
1.13222263661287 3.09254912346622 0 124
30.6748967756607 3.15854354732308 1 125
0.00651554442303694 3.39515818625831 0 126
0.00499451868930149 3.0544982404487 0 127
7.54551118496207 3.10652484025793 0 130
29.826756799895 3.00824668127342 0 130
24.2640351285949 3.50058198374659 0 132
30.2188380358853 3.52804561869577 0 132
30.4894393548925 3.00545665152168 1 134
17.5833134966104 3.0707597037535 0 138
28.2590472667898 3.07852925399063 0 138
30.5702603812419 3.14238024032779 1 139
0.114208189678079 3.06942168535425 0 141
0.0709847790120074 2.9936596694901 0 141
24.2857892802465 3.73198497649848 0 142
0.112685621434142 3.18119562376502 0 143
30.0720502032522 3.08188654810573 1 144
0.374490825653869 3.02352707170314 0 146
0.52813076452424 3.0903113758666 0 146
5.03926515768839 3.00641290319437 0 149
25.7700985067547 3.16042777556535 0 149
0.147931088127831 3.7351341656346 0 150
23.2504603684719 3.45364261648914 0 151
30.33762803091 3.6186559118568 0 151
25.1076579034526 3.02003583599268 0 153
30.6685444695499 3.13468443326639 1 153
25.1274602370447 3.09873550202981 0 156
30.9485982871465 3.07137727069827 0 156
30.6890398295686 3.39569264348945 1 156
28.5772524637566 4.01310539670091 0 158
29.8075091504843 3.24818914355611 0 168
30.1784470001325 3.00016922027111 1 170
0.116371676326263 3.61646499548485 0 174
30.0953623071868 3.30917442955615 1 174
0.0436389316055738 3.87704819804686 0 176
1.15189774520965 3.12599251649229 0 178
0.16864454667197 3.81727927338621 0 190
4.35569941756548 2.99482142845475 0 193
0.0585382673235727 3.44065997214403 0 194
0.0427551152020793 3.04598835377217 0 197
3.65712556329015 3.06293162147824 0 197
0.207259813910742 3.15345650519081 0 198
1.80700547273205 3.24709130124309 0 198
10.649959862874 3.20508936521221 0 200
26.635841162606 3.60244941104076 0 200
0.108163988871777 3.07381593055871 0 203
0.265268947873918 3.60979243039082 0 203
1.50147393427122 3.50350615084499 0 205
30.4047925411337 3.16033160278872 0 205
0.118574861876766 3.14994392941284 0 206
30.352795707909 3.02416685564016 1 206
0.570653017665036 3.10408026566201 0 208
2.62971460988784 3.32396838636459 0 208
1.64824520252944 3.16953129580181 0 209
1.40224428622716 3.33195184534477 0 213
0.617540066428501 3.17613088739617 0 216
30.7582052082901 3.55823582530108 0 218
30.7594188793317 3.14921139595218 2 218
1.33569124169478 3.1098800128153 0 226
1.19022563140727 3.59390100884976 0 226
0.0341894871373697 3.05310070730672 0 227
2.87414804034374 3.20615305917742 0 228
9.19565531036136 3.0949024354781 0 228
30.7610338979025 3.20538618810664 1 228
30.8579424070537 3.67102974182141 2 228
30.8891597804687 3.06606748210914 3 228
30.1103549427353 5.54891423453492 0 229
30.1447890098897 3.24307357954593 2 229
30.2720788931341 3.14951172414488 2 229
30.2135587759422 3.23039052041128 2 229
30.1109949992918 3.41014577150487 2 229
30.1118715599542 3.30053876643799 2 229
30.4658532537672 3.12833921892436 2 229
30.2534166789034 3.29449578630706 2 229
30.3501049234199 3.17603036961291 2 229
30.2381397857358 3.03424420747915 2 229
30.1935470770376 3.1419104731491 2 229
30.179311046877 3.08398619462013 2 229
30.1609972599311 3.80915619871551 2 229
30.136783508482 3.54931282295974 2 229
30.1109360228435 3.2806397060456 2 229
30.1710872894324 3.1257785396556 2 229
30.2227132581026 3.10635665914895 2 229
30.2785611659064 3.05921299065225 2 229
30.326938809 3.10802679815671 2 229
30.7363306591276 3.06432506823307 2 229
30.1192861767144 3.52507298278224 2 229
30.2587032642559 3.73626414867481 2 229
30.1331208428087 3.59646460602256 2 229
30.1572555652515 3.26933798623844 2 229
30.120330371025 3.47690112244431 2 229
30.1481749360564 3.63344040871639 2 229
30.1184021264398 3.18729887928464 2 229
30.135347522574 3.21084299375841 2 229
30.1705265067637 3.10708736377692 2 229
30.1695499589942 3.33057256617345 2 229
30.16255554363 3.2792758745113 2 229
30.1993320472519 3.18700279319483 2 229
30.1521254799948 3.09142666812033 2 229
30.4021750268011 2.99350015628767 2 229
30.1147782845062 3.09146474396682 2 229
30.1275524693099 3.02489724370211 2 229
30.1235161694257 3.46459240187961 2 229
30.1624812438438 3.01684031539453 2 229
30.1370313231826 3.07003259710733 3 229
30.1530785582317 3.5578129180019 3 229
30.7986752490124 3.56809554660913 3 229
30.5266886359144 3.21073229507424 3 229
30.418330633473 3.26499921586222 3 229
30.7637833844178 3.6614665419279 3 229
30.2415398445367 3.85018625128645 4 229
30.7777955112286 3.17524172069392 4 229
2.84748366339754 4.21117742775675 0 233
30.7796888965272 3.44106464249329 1 237
0.0348445067471189 3.44741701323633 0 241
23.8578938927223 3.16822805898807 0 242
1.67178200578719 3.33446251710213 0 245
30.3558694661219 3.16261169423506 1 247
1.68812770819754 3.68956158913183 0 248
0.493109134758546 3.10963320083775 0 250
0.912504014534766 3.0068819441898 0 251
1.35902853568732 3.25447878267519 0 255
0.0529217566964209 3.15426905753059 0 255
30.3647000902888 3.02019360564633 1 255
0.355465232200795 3.29553961299532 0 256
0.0271432959151597 3.09883168050667 0 263
0.0837332916242057 3.11700792634867 0 263
2.04365671357903 3.77289661677337 0 264
0.0354718970863271 3.19947024713666 0 264
24.2888590751649 3.61383939705115 0 265
29.7936633487719 3.20159522500096 0 265
2.97536914698261 3.06079516845754 0 266
0.151760558643179 3.35327808716012 0 267
0.460834530340087 4.37404764837463 0 268
30.6958548518905 3.33855010557074 0 268
29.2890189276001 3.14125192594244 0 270
29.2922982599966 3.1688392753859 2 270
6.44452766388518 3.12691458461127 0 272
26.6710041066047 3.2013159477211 0 272
4.67213618821532 3.83226518628017 0 274
30.3819388718434 3.41570258687191 1 277
30.3815575625371 3.22059973736007 1 277
0.0729611155388282 3.06114902312016 0 278
29.8709786041856 3.0702523404523 0 280
2.93089586892369 3.30936129647879 0 282
30.1064701405444 3.2920342898962 1 282
30.6343408209827 3.16412764259667 1 285
7.91495595115825 3.40404212864779 0 287
3.88912021113877 3.00082363065748 0 291
11.3497724661891 3.83143947187736 0 294
27.0185514093428 3.00166522451502 0 294
30.24295695723 3.33594111646637 1 294
30.3186453695998 3.05879962674619 2 294
30.3212041986844 3.07660803502212 3 294
17.5495609026997 3.08532900922564 0 299
5.92432311310275 3.05254108783408 0 301
29.8401972522047 3.28994218527312 0 305
29.8771895477462 3.47035207755588 2 305
30.6946082097852 3.9632383942427 3 305
30.1120470672936 3.98438145531656 1 306
0.699071022975146 3.17510672578635 0 310
29.8563077692288 3.56602636197454 0 311
30.1687206594494 3.23408703446418 0 312
30.0645397273612 3.16433114522539 0 314
30.0756964547413 3.71962530897611 2 314
12.3839756059325 3.0640280255394 0 316
21.9708239159558 3.20750575597086 0 316
0.951936646257198 3.01132820373808 0 317
22.5546892673438 3.6050183732928 0 319
28.5862027762477 3.21293001891342 0 319
30.1104065483991 3.19469666190262 1 319
30.9440417080522 3.12000094549659 2 319
0.0478976659007541 3.09940911828504 0 321
28.9311409417628 3.24829156156759 0 324
0.784438084814107 3.44633278423703 0 325
8.35702243097151 3.90479682796135 0 325
30.364480083957 3.03646865760336 1 325
30.387155553328 3.10325182293106 0 334
0.0138402824581418 3.32702991981995 0 335
23.7154969324667 3.29754750286399 0 336
0.0341948269939229 3.71706303990035 0 345
0.129102830998186 3.40396193206939 0 347
29.7794138045003 3.09098399335676 0 348
2.68961857031478 3.07590892649725 0 349
30.595339684663 3.48991072752343 1 349
0.237332870600323 3.62391695015011 0 350
29.7855340747574 3.40187879296319 0 350
29.8344195178663 3.5520660426704 0 352
0.0687851254514775 3.32446463670097 0 354
28.2787739027174 3.21740317704684 0 354
30.9321713472341 3.2535479489401 1 354
30.991396600834 3.22659928313626 2 354
28.263254660705 3.10324421418116 0 356
2.19663605509854 3.06769536952224 0 358
22.6734439828449 3.03788420031695 0 358
0.621467216004821 3.10819990905459 0 359
4.30257213935122 3.14393979744339 0 359
0.0507357482456669 3.12684944632591 0 361
30.8719472027473 3.31979167629038 1 361
30.8779143761986 3.09849696471358 2 361
29.3181878676241 3.69107099122045 0 362
7.11450229329879 3.01834643787152 0 363
0.0315021137168803 3.06566321724583 0 364
0.0948902124940354 3.03387012871113 0 368
30.9400579285898 3.13449745787022 1 368
0.213393891300247 3.32281678212499 0 369
30.2318428211469 3.16202849655998 1 374
30.9446642558646 3.03194667528199 1 377
0.022823808172208 3.27017962192276 0 378
30.087201488353 3.03362302270854 1 380
1.97788316998205 3.26910148126547 0 381
29.6813136737432 3.55711952322764 0 381
29.7518691476932 2.9937623489157 2 381
7.87843898349343 4.02465893139795 0 387
29.8685386629845 4.199743126445 0 388
29.8962925175726 3.40426044188379 2 388
22.5868956761443 3.25044664045351 0 389
10.3065939513302 3.36539650854082 0 393
30.7103794703365 3.60666763046372 0 394
30.7217002811668 3.04009551808028 2 394
8.437412732468 3.32826359680291 0 395
0.610712628448725 2.99411051651368 0 401
16.313900122098 3.47504678273475 0 402
7.07728973646366 3.37663809818304 0 402
7.86477949918346 3.02095747890388 0 406
30.5348366896246 3.18039075969095 1 407
29.9647099377973 4.2072583833461 0 411
0.0799766770522117 3.59383239245866 0 412
29.7773064038479 3.03069906505794 0 415
0.0868149882488992 3.61405945491883 0 417
10.4090181277751 3.1245928517366 0 418
0.676635924478009 3.00961500958978 0 419
13.8043787309774 3.30200644269451 0 420
30.2739734164529 3.38132887942535 1 420
0.00295606321984808 3.01008089990977 0 422
29.6321534482706 3.02576372848654 0 422
0.303061469140573 3.1367483281489 0 423
1.67184891126473 3.09173982099259 0 424
22.5832626430469 3.06947776413809 0 425
0.528844924413642 3.06152391882637 0 427
12.3230264854807 2.99886859870583 0 427
4.21201663666368 3.34774214590437 0 428
25.099426420157 3.39375955717967 0 428
27.3809607693901 3.30725378043248 0 428
1.14583309954301 3.69182301980838 0 438
31.0099944839344 3.00062390984395 1 442
30.5589868822306 3.05155495365061 0 444
0.0255245416154491 3.36798758185984 0 448
0.0457485396205209 5.62020931144868 0 448
6.41105986197209 3.18450949777047 0 451
0.0601118267902534 3.21340614481904 0 451
0.0871451492655235 3.00165052442383 0 451
0.19037957942114 3.2567343217129 0 455
11.2995029911702 3.31701894120978 0 455
8.15760431638028 3.12127713397623 0 457
27.2032084823631 3.37606648048936 0 458
0.44995723857982 3.49414200529156 0 459
1.1485956006239 3.19508501701766 0 460
3.08618606818076 3.4313501575902 0 460
28.5084559981095 3.31614631113142 0 466
0.39558747921965 3.62674303645282 0 470
29.4545444061583 3.26069762170258 0 471
1.9430862681095 3.11286352454778 0 472
0.00462749844823484 3.01766374773284 0 479
0.0423427091157338 3.22422225204441 0 481
0.579475504265803 3.13901841017107 0 486
28.2778679681978 3.01450823968553 0 486
27.1838617393675 3.0090466185464 0 488
26.9954873456727 3.24217691298928 0 488
30.6046046205215 3.02214085162855 0 490
29.5622504193356 4.02954576192457 0 493
29.6993699068274 2.9983207713069 2 493
0.151245729527691 3.33453381930957 0 495
30.2025168302093 3.04446268865989 1 495
0.10484133734332 3.02810866246303 0 496
0.0685314053667765 3.11709777705133 0 496
27.0903123620832 3.39724039573397 0 497
4.08581349615412 3.42001750653098 0 498
10.4251488462546 3.66233731169115 0 500
17.9849087440867 3.12671222862241 0 501
10.0023194469726 3.02001153310411 0 502
26.9537135507324 3.39714369536886 0 502
7.05265030762477 3.42056564100094 0 509
30.2863813363105 3.00015221446088 1 509
30.5846094207409 3.01411783306041 0 510
0.325579982591296 3.47830599947091 0 512
30.3383791073315 4.17676860329642 1 515
30.2576803613078 4.2490368488504 1 516
30.4860513024091 3.0052714322602 2 516
30.8491173118578 3.39819283729124 2 516
0.151916569172709 3.60363614180877 0 517
0.197910120712376 3.1906833660321 0 519
14.7001436040453 3.13693760559211 0 520
29.8277139741565 3.54276161448558 0 522
0.0561157420800949 3.54178052034823 0 523
27.0821414368255 3.36969448290536 0 523
29.7845943868096 3.15435215707969 0 528
30.6978219357875 3.55363274136784 1 530
0.0710604964979891 4.01250928055641 0 532
0.0757579586506198 3.5555485097393 0 534
3.04363747124354 3.08265268664009 0 535
4.15545925821137 3.81458634821805 0 535
26.9259729042823 3.45852679534945 0 535
30.8611029520721 3.01521059036282 1 536
2.54362919247771 3.02463013253737 0 538
5.55320182232524 3.19814500373808 0 539
25.9576193322198 3.14890828325478 0 540
29.4048919108513 3.53669799660079 0 541
19.8727848771515 3.12891949589015 0 546
30.1053261397496 3.82899279457071 1 553
0.0457540617220781 3.03004889314519 0 555
0.0216105277617378 3.01586996849341 0 557
0.830054043637395 3.00649371861646 0 560
22.7180616272154 4.393399850934 0 560
30.8498032876846 3.28473023264384 1 560
0.390208905964895 3.12827069866942 0 561
0.0503308937894663 3.41539392541764 0 561
0.0116864636620904 3.28542554959392 0 563
29.8105355284095 3.23700522083227 0 565
0.0115106002810814 3.3670735551739 0 566
0.885306122612736 3.33524552985959 0 566
0.384737435759876 3.21384430317021 0 567
23.8716862464109 3.14897820607429 0 569
5.9679614027064 3.30820836599078 0 570
25.6273637400595 3.23754302890067 0 572
19.249660118865 3.24543135252808 0 577
0.407697856649776 3.07743389701943 0 580
0.695705712022901 3.67685593174143 0 584
0.0142022879401004 3.28115345821848 0 586
6.38229479841484 3.42323287616705 0 587
12.2066754891003 3.00373959152401 0 587
24.7456419012355 3.00660371307715 0 587
0.955242553986326 3.32217789633271 0 588
13.4721185826613 3.27873170441894 0 590
30.2741657946348 3.04095572564307 1 590
0.21765745090101 3.22239565278661 0 591
0.0417405125751715 3.1899713569126 0 591
30.2856401346248 3.2746172492153 1 591
30.2575451348998 3.20963485427566 1 592
26.9393381962905 3.12727996578242 0 593
0.00201169944852176 4.44184575359028 0 596
0.00689625824439786 3.23650423647779 0 599
0.436954441591547 3.88826881632685 0 600
0.270668290702036 4.23514500357135 0 604
30.0311490734197 3.09673967220119 1 604
29.3085982837819 3.09438732042873 0 605
0.468276557944588 3.06700809683055 0 610
4.98611419055256 3.90874307112693 0 612
28.286275279888 3.04592908947385 0 613
0.0343107779204841 3.26278488948548 0 614
1.26197832110958 3.07626357219477 0 614
11.5892072379249 3.16954057705579 0 615
0.012070919775079 3.38093351876516 0 617
29.7716499722666 3.16238444204345 0 617
0.104315324436532 3.08011730418101 0 618
0.0302201057518812 3.14904123680151 0 621
26.9308601555503 3.74683863102732 0 622
2.79879777533034 3.10529153292887 0 623
0.0758623547162318 3.31466669817197 0 624
29.7868286116715 3.05198766972548 0 625
9.37227680230053 3.49939349944652 0 626
0.0371674061095578 3.37940322838667 0 627
0.42663907382421 3.10924956587734 0 629
12.9225999964056 3.13918978298922 0 631
0.113782586578741 3.29296244102323 0 632
0.958434158925548 2.99726033553253 0 635
0.907156965848448 4.09767851216712 0 635
0.836912183894243 3.15421075530128 0 642
26.9283301785661 4.20507343770473 0 642
1.22503445203874 3.32089558478791 0 643
30.1151345359717 3.46444194995727 1 643
2.90567037069371 3.48968138585048 0 644
0.00905139227904266 3.1175652559111 0 646
30.4069468378179 3.36225986611538 1 646
30.311954485634 3.35534523699914 1 647
0.134636793526394 4.57773543503476 0 648
20.4888908122351 3.11733934815831 0 649
0.510072703636737 3.12531624315452 0 653
13.8188754961593 3.18342591106634 0 655
0.492402296114971 6.26476211759913 0 656
0.0453224950294311 3.09435168044158 0 656
22.1068029235556 3.02390022507242 0 656
0.354429522275856 3.12888016939774 0 657
3.95488167100516 3.40501177353202 0 660
2.31022541729212 3.4090976866184 0 667
0.0427008310961749 3.17505965496835 0 669
30.194632606031 3.03065257259522 1 670
0.139952652265053 3.3556946784799 0 671
0.00991915650012495 3.29760433957098 0 672
29.911104799233 3.11977809656639 0 678
30.1460905504968 3.17326413314197 1 678
30.5314734575018 3.1374346484782 2 678
8.09673613486214 4.40073008747273 0 679
0.285898172523336 3.00107561722097 0 683
0.173929781680475 3.01455753933272 0 683
0.0203153353028543 3.24055280883899 0 685
27.7179762313964 4.93077734118501 0 685
0.0153263034578319 3.27311556264628 0 688
0.685897370137539 3.13842237628087 0 691
13.2538782287392 3.35256488664088 0 691
30.7151971526068 3.07003930380187 1 691
30.9391035827069 2.99354777349841 2 691
28.2585751909369 3.1885565714536 0 692
0.275809260885984 3.16204490500508 0 694
16.0102399806247 3.37922593867934 0 695
0.540319368832946 3.28129569877548 0 697
30.7558290498887 3.88463004972947 1 697
30.7656775324538 3.04928447312952 2 697
30.9177462663853 3.21936838737175 2 697
0.0931036612496244 3.00242382295924 0 699
0.130513703404605 3.53621138837901 0 699
30.018308627335 3.43272961520639 1 700
20.6046253876847 3.83319591473163 0 701
30.0480929120999 3.25867081356861 1 701
29.2663946977606 3.05471883221002 0 703
30.6308250137694 3.46544985405422 1 704
30.1661998146769 3.06927131860154 1 704
30.7510302984844 3.50110635289411 2 704
30.288460307783 3.11714502760252 0 707
22.994712467043 3.16198019010972 0 708
1.18339533010467 3.10522908828246 0 709
27.0309713072208 3.15730173098809 0 709
28.4312401197561 3.35987572449534 0 711
24.2846442917627 3.00543408990967 0 713
0.0309154940203258 3.06892202232204 0 714
29.3378398720452 3.75300154068661 0 716
12.7758445269355 3.89207182078373 0 718
21.5494260000293 3.00341369206936 0 718
0.271575266012213 3.20129562712217 0 719
1.11191943897243 3.0097373414996 0 719
22.5594902534951 3.05606531852185 0 720
2.54213933686266 3.60759113992645 0 727
30.8987512017224 3.48908757646192 1 727
1.25819479767014 3.20051093867952 0 728
30.1770907773801 3.12987761593214 0 732
30.1455242809179 3.0375992112255 0 732
30.263495519978 3.07987314669591 2 732
0.790205549074564 3.46399307808817 0 733
29.8806312773451 3.03497687061729 0 733
26.6397767917047 3.62502195961463 0 739
26.9917448307247 3.00142843479193 0 740
13.9691848080045 3.02259839627657 0 742
28.2400040463377 3.24225453905716 0 742
22.8499878748149 3.26009939936328 0 743
0.279799776002282 3.36128078183078 0 745
30.495779517721 4.65773568367456 1 745
30.9126776455132 3.54368920545813 2 745
30.8343603391668 3.36080638920543 2 745
30.7425246079994 3.63392909620168 2 745
0.0857786819250607 3.11792698934816 0 746
27.0811856645167 3.1168109769879 0 746
29.7779913847422 3.03430320577646 0 748
0.00116318310356938 3.74355769161611 0 750
0.0265924692525618 3.09736595779871 0 751
29.9658004948806 3.08780887788406 0 755
0.435694670418508 3.38247160478617 0 756
3.42358318491461 3.34065088340221 0 760
0.167735895945945 3.86681068678658 0 762
9.97230836577976 3.35039336098802 0 762
1.0715574735284 3.15760913105829 0 763
0.302983839586797 3.20908257270451 0 764
0.0410610493228299 2.99158523519656 0 764
31.0145855303012 3.41608644390378 1 764
28.2526046054787 4.16677836963028 0 765
30.4376993530054 2.99337710772258 1 765
0.0402706316904402 3.45055989175115 0 768
3.55879372353718 4.05659485100047 0 771
29.7812877565424 3.05491697000406 0 774
30.5859147975311 3.32529793243558 1 775
0.026829610503362 4.12583253853026 0 776
0.38740805530305 3.1914346936155 0 776
18.0074064037751 3.10783447708813 0 780
4.21494787364703 3.36462548067405 0 783
30.3737576672897 3.11325387374852 1 783
30.8680694967324 3.79464891210564 2 783
1.12979637611132 3.18497866319136 0 786
30.3799569454599 3.43690249274885 1 786
30.732870102353 3.10718099870826 2 786
29.7986376074352 3.35885031059033 0 790
29.614498659923 3.31597264740832 0 791
29.7942092889134 3.52694521622678 0 791
29.8118447659748 3.30863854881517 2 791
0.106325076161295 3.09690789056294 0 792
13.0825004388647 3.61071742800499 0 793
8.28033384184786 3.23270501342698 0 795
22.5573016908864 3.7798810425221 0 796
0.140285209793369 3.53851951090894 0 797
0.294286662187522 3.66270132347213 0 797
7.01502846889012 3.02837129111246 0 797
22.6703896898493 3.2711409338254 0 801
8.5123163205106 3.23279721657999 0 802
0.049211819693486 3.41406385188907 0 805
1.13603036143654 3.28723134714844 0 806
0.16506263212577 3.85461513641041 0 806
27.2358005288898 3.8040420778046 0 808
29.8027017837851 4.1612264126054 0 808
29.8099918523995 3.45896457121056 2 808
30.3227886768613 3.49619162367558 1 809
10.9094799500851 3.02956528156091 0 814
7.80657027059719 3.11524628548508 0 814
0.785615226225854 3.22560062959955 0 815
28.3026775307204 3.18253215357441 0 816
30.230269569121 3.02712860845958 1 816
25.937744726922 3.20469889299573 0 818
10.0091363120473 3.17199630021462 0 818
1.10274188045788 3.1326851276976 0 823
0.00291034591569444 3.08145160148936 0 824
0.0354126974799273 2.99803120585883 0 824
20.4645554467161 3.37895068098646 0 825
29.3692949091347 3.20648597444034 0 825
12.1169551510496 3.27128997740372 0 827
17.6753742451537 3.05259934205567 0 829
30.1180636774142 2.99539872411877 0 833
29.7856953601088 4.36533573835251 0 841
29.9402921575005 3.36149978882557 0 845
30.2095836158 3.02515444650381 1 847
0.0861555426377938 3.0187253578758 0 848
1.73567498249905 3.35052135840758 0 848
7.86167002017206 3.01218435625346 0 848
30.7852904451169 3.04838391328871 1 848
30.8219181805958 3.29856509917312 2 848
3.76802465789748 3.17992945607065 0 849
25.0831324614155 3.82428974520065 0 851
5.31894355676515 3.36944469492789 0 852
28.4514993624116 3.14911309085501 0 855
27.0962004541353 3.13727644058801 0 856
5.64670014498836 3.09317614783763 0 857
24.4799768883566 4.18788982081562 0 857
31.0018534091391 3.17261115927703 1 857
13.9587589190301 3.33288072754319 0 859
29.8423818919249 3.10883439131633 0 859
0.0707882642358673 3.48530150104908 0 860
0.00124674199910574 3.44242794694649 0 867
0.0382515160346444 3.43403282051203 0 867
30.6886092286181 3.01416632995665 1 867
0.447456890011661 3.30691028438572 0 869
10.0014383587085 3.12826257957931 0 870
7.47615101578196 3.0187038297153 0 871
10.0052652501208 3.37045423049241 0 872
29.7691254172505 3.24275113512761 0 873
30.4495137607768 3.0386127763309 1 875
30.958034153245 3.03258829723738 1 877
0.680942884024395 3.06918711667831 0 880
5.00348294162994 3.93784967499958 0 884
0.0363306121415553 3.12659742521238 0 888
26.9363946128627 3.22994263046413 0 888
29.2897811801936 3.1680250475006 0 890
12.7316902669848 3.3282113013203 0 891
30.7194544653498 3.04338074625074 1 891
0.327447575553664 4.7547075680161 0 894
29.9587000161692 3.2233516263511 0 894
15.9040723077309 3.14006187942495 0 895
29.2758894270808 3.05889679354043 0 895
30.4776432257235 3.06033541449005 1 896
0.000189628852983384 3.10649298845454 0 898
0.0746897545061943 3.69158632303943 0 901
22.3579075348785 3.10965525392733 0 904
6.43291933500088 3.03144643921896 0 906
2.19035881679992 3.37745683808779 0 907
0.0150834711445872 3.78920230506484 0 909
8.01889443939602 3.07800775743698 0 912
29.7714675540504 3.07173338120254 0 912
30.2336365316619 3.61236729049484 1 913
30.313467820481 3.37743471698314 2 913
30.3094857147015 3.01161074413672 2 913
30.3828443628491 3.07338128051245 3 913
0.0425454528192447 3.10827247432811 0 915
10.0138612694374 3.00004295227306 0 915
7.52460846615878 4.18116714092161 0 916
0.574472547755409 3.28415459888021 0 920
0.723216130390135 3.31207006961156 0 920
30.5505231464371 3.09912975077063 1 920
9.04313583832781 3.25617949272157 0 921
7.28924473195613 3.51584355006937 0 921
0.0605652108272457 3.87795851046622 0 922
27.0119706697761 3.12063889008019 0 926
0.042040934059064 3.81423014196107 0 927
27.2375573983231 3.03663232873301 0 930
29.8333694740667 3.08280949914537 0 932
29.8334186803743 3.19958633915798 2 932
7.3449374246443 3.20377303405938 0 933
1.58405286129815 4.49544243439942 0 935
10.4693723791983 3.14913133616132 0 935
30.6457689880949 4.36756846980013 1 935
30.6486467838431 3.33729900616717 2 935
30.4472062253949 3.08834284461903 1 938
0.206442493295343 3.2364073306126 0 940
0.823635274569701 3.14801841140748 0 945
0.297274180652401 3.13689288121812 0 946
13.4083583668094 3.86599791615055 0 947
28.302129610208 3.23464216486411 0 948
26.9515051847559 3.86185359372582 0 949
29.9587365886747 3.99513321929903 0 950
29.965469593639 3.17308653580925 2 950
30.0908694599123 3.22708058227681 3 950
0.133604483819909 3.32648300087499 0 952
30.2288484475422 3.46497129396321 0 957
30.091292027067 3.13155880125298 1 957
29.9953777198982 3.47075078831261 0 959
30.1356911644429 3.10282668120912 1 960
30.2411831496903 3.15609281107412 2 960
30.1895203936986 3.14372828180056 2 960
0.941445600158505 3.16191712151219 0 961
30.1011751105085 3.02404109034674 0 964
30.111679892932 3.73421148006506 2 964
0.497251926961599 3.5306680414773 0 967
0.0116564748115171 3.26185135897954 0 969
12.7414145346152 3.90896843661006 0 971
1.26455417198737 3.16131318015114 0 974
4.66476969678777 3.13728418461202 0 975
2.17421078427211 3.32162285488231 0 976
29.2674858731825 3.37697970468062 0 977
0.0518663095354946 3.08341923860712 0 978
30.7990841382738 3.08316959236136 1 978
30.5407539910261 3.34210845866862 1 978
0.27475309320388 3.73385847793871 0 980
30.4516750228681 3.12522095499338 1 980
0.00369947569577792 3.19711214816694 0 981
0.233332219651479 3.31396146586754 0 981
30.889011712195 3.17907939045676 1 981
19.0450400022696 3.4385045644305 0 982
22.7431405320997 3.52302158184506 0 983
30.1502852930311 3.28290266995416 1 984
8.13632266903584 3.19034376514579 0 985
29.2709444401458 3.43115352103813 0 985
27.070339130875 4.00419377384623 0 986
0.424069133311108 3.62940808362428 0 990
24.1867597420409 3.21865601606067 0 994
30.68359839512 3.48088479843565 1 997
0.00655905566028254 3.0390939810513 0 998
0.666842798227376 2.99716916115962 0 998
