"ts" "magnitudes" "gen" "cat.idx"
57.3779121128932 3.22096722016263 1 3
57.3858158160776 3.02015654705752 2 3
57.7375582108829 3.77869065323637 1 10
4.05127508017032 3.85574910196802 0 16
4.07155343234171 3.62999572530373 0 19
47.4787921345047 3.03910151376851 0 21
37.7386640384494 3.22101979231499 0 22
2.56369177079983 3.30695253957297 0 23
53.4111528603845 3.1982429140752 0 35
53.3665698028995 3.04878437872088 0 36
10.0941832306786 3.38911599084681 0 39
57.3472576871604 2.99946915431027 1 42
46.3693476496496 3.23893121008038 0 43
53.5685600458638 3.01879606117319 0 43
22.5798758328571 3.25431046721127 0 44
57.8347581768498 3.087320523203 1 44
0.0857045850835368 3.35084655849171 0 47
57.3855711330284 3.03172569202452 1 48
51.9942124414113 3.31616378731305 0 50
0.0572085120556778 3.05584170073777 0 51
51.1395533319352 3.19123073022008 0 51
0.103459177490029 3.5663820038406 0 70
0.0739663967453284 3.08482878281608 0 73
0.0901886387980662 3.33772554030443 0 75
55.8329648641237 3.18612829669075 0 75
1.1794222785052 2.99215135379183 0 77
26.2889091370089 3.24767269311062 0 78
5.13403849540277 3.03355764523435 0 82
0.106227928377155 3.29246578568097 0 86
47.2525407458638 2.99936462441242 0 90
0.899314785125499 3.69983031122701 0 91
3.46328768467184 3.16496430958484 0 94
57.1598851570484 3.02152305401193 1 95
53.3493126510082 3.0556098696869 0 99
53.7058265186693 3.02656749367795 0 101
0.217984683103391 3.15312374398428 0 108
0.0417790594283406 3.03876486256088 0 109
32.0347045996743 3.12459004130563 0 109
57.7083488357343 3.00559167181841 1 109
56.0260426001413 4.00009079730997 0 111
0.521198169667148 3.23929761944265 0 116
2.98886718518253 3.1242172060469 0 116
51.1925967370492 3.33793556082767 0 121
45.4975547230808 3.64075049219441 0 125
0.237685609571865 3.06330069530695 0 128
0.0662432408916036 2.99182005375454 0 129
0.108778490764763 4.14810626407952 0 136
2.23987655826516 3.98738796807077 0 136
57.0761238747832 3.37297606195045 1 145
57.0826361184581 3.18366867319363 2 145
0.792133046190363 3.0878273373848 0 147
0.464136107687689 3.60086417974623 0 152
57.5997415349443 2.994927129007 1 153
1.67484306652846 3.17830548111434 0 154
56.0087569936537 3.2749474061837 0 155
1.6660596479931 3.14442713856365 0 161
4.6353183739938 4.06152806092711 0 165
24.9624405423438 2.99640005724982 0 165
56.8367196734026 3.20975528790005 0 171
1.93929283914354 3.25172138362717 0 173
0.0652947287767792 3.03278051343206 0 174
57.1292585033547 3.35869651019892 1 174
53.6156669625604 3.40411252015017 0 176
57.6354075690355 3.0367629009242 1 176
57.0270266881302 3.0401171644428 1 176
57.0929302032195 3.4901912213251 1 182
57.3736404091209 4.85000234868444 1 189
57.4197413627975 3.33590704257845 2 189
57.6244570162181 3.86927820548458 2 189
57.3755572558788 3.00828445883568 2 189
57.3788350607102 3.59349231616989 2 189
57.5717405280513 3.08414382353977 2 189
57.3827578245889 3.61386741138095 2 189
57.8236168911055 3.44591028488989 2 189
57.4029385734947 3.02151641303791 2 189
57.4449490334925 3.2423009084593 2 189
57.3778401435059 3.2581590428125 2 189
57.3924891930375 3.12158900910445 2 189
57.6763406499833 2.9950177587118 2 189
57.4925967730921 3.92145738009592 3 189
57.4230259332115 3.03988053154839 3 189
57.4535664879742 3.27392724986117 3 189
57.3865316942538 3.05887367485359 3 189
57.3997030808661 3.12371409573226 3 189
57.4360393128255 3.92334868546571 4 189
57.4537982553662 3.36890694903959 4 189
57.480817444411 3.05192326655235 5 189
45.6984960322551 3.30327616341422 0 192
56.036706210202 3.17802545309359 0 195
53.3475824066725 3.24890347858043 0 196
0.00134596498869172 3.3574107912787 0 197
55.905514523981 5.40958230893702 0 197
55.908463299039 3.38899692994518 2 197
56.164278464075 3.04810334346874 2 197
56.2705340554775 3.16320091147063 2 197
55.9806541516169 3.07104201507934 2 197
56.6436871631104 3.36604021584128 3 197
0.00960766583820136 3.04354655143394 0 199
57.8889970301274 3.37943647215093 1 209
57.3901871638697 3.22914886089838 0 213
41.4712370133248 3.05454359207648 0 219
2.86110474320623 3.17157597695862 0 223
0.0533629705527404 3.01137966287733 0 227
0.114320116163691 3.0345181692832 0 228
57.9113396223724 3.1940635207198 1 233
34.3008569352577 3.24021653023868 0 234
0.845012032108924 3.12652690888948 0 236
0.112864918175157 3.35393984890056 0 239
57.0173159275759 3.49852889519022 1 239
7.66728204039225 3.08253531449287 0 240
28.9564269214035 3.32172581393682 0 243
57.8893150798135 3.20591674106097 1 243
46.0522938120941 3.4544353810713 0 250
57.9506707744763 3.01881754622399 1 255
57.0344744053759 3.16556069339664 1 267
0.137867846293334 3.15304445265762 0 268
0.218125951684493 3.30789340049431 0 271
55.0629088819913 3.15753266122072 0 271
50.1764477088868 2.99226556915083 0 272
57.703591104047 3.01568717874058 1 272
13.138237364687 3.19677309337041 0 274
53.3698041143441 3.36143455889407 0 275
22.6130358355113 3.6774317269295 0 285
56.5330622328306 3.75906960666577 0 286
25.2039357080282 3.73618921031231 0 287
57.8650522296407 3.13360437160452 1 287
0.100166323971558 3.17316217401496 0 290
0.011165028416532 3.2056299527366 0 296
5.57851792239284 4.02604077505246 0 297
53.8989440575965 4.44093239921807 0 297
43.4796392490662 3.02806023776982 0 298
3.38108349410543 3.69773017384723 0 306
5.16201674504588 2.99615391806819 0 310
48.2597181766472 3.27715191441202 0 310
57.6248482728001 3.24931678780177 1 311
0.355140321785948 3.09064802650478 0 313
57.608138038227 3.28099942947846 1 314
56.174259478998 3.02529953945207 0 315
57.960094142621 3.83425151527163 1 318
0.492510485930684 4.02537258535819 0 321
11.1946155533356 3.50446409457286 0 322
45.5035449117136 3.03684997502668 0 324
55.9861866454437 3.11756493155852 0 330
0.120395777831329 3.79595388016862 0 331
53.3518270692696 3.01709036694932 0 334
2.1712218543167 3.3696273021988 0 335
0.0159000939253481 3.00332499078304 0 338
0.16442153091989 3.22193574110853 0 340
53.5543063974878 3.19269924409643 0 340
0.00680301693774593 3.41430202233485 0 342
48.2974683351571 3.23699541783151 0 351
2.72831727043071 3.01539873975984 0 353
0.348589063345336 3.39295599175405 0 356
57.116573812123 4.04016810696758 1 358
57.4774604007133 3.01973760755711 2 358
0.161713492659181 3.74693710507476 0 361
20.472367574911 3.79290962037932 0 364
55.9725445753285 3.68619024711525 0 364
15.180545532219 3.35863490703066 0 365
0.594559287826256 3.11653959521188 0 370
46.4409528559645 3.25053552112323 0 371
4.67106740408699 3.28216096068179 0 373
57.2462126337081 3.20665747450271 1 373
17.5391393402261 3.96900890654711 0 376
57.4585137333811 3.12102898320772 1 378
46.0309897798741 3.34609156526623 0 380
56.093119326698 3.64969280574898 0 382
0.461705474467967 3.29764832880665 0 385
57.4763250252322 3.49469068600277 1 388
54.6887111928535 3.58533519002779 0 389
22.0052501326685 4.33562687002951 0 400
57.8662882066887 4.76502089380621 1 402
57.8755013514108 3.26182703412619 2 402
57.8668185132315 3.00565946553838 2 402
57.8667685748528 3.10672264473015 2 402
57.8713762544413 3.98431193721757 2 402
57.8789493278872 3.54843339046074 2 402
57.8752589178085 3.42237093503191 3 402
3.91209591747074 3.02063196965222 0 405
57.7251157568857 3.36143780968093 1 405
1.26987871137889 3.70532167247036 0 408
5.9083046257688 3.20863292117066 0 408
46.126542453596 3.2736955557287 0 409
0.361334131466904 3.49449274544966 0 411
0.00162529597035932 3.03410407590085 0 412
57.6259283189751 3.28870921665606 1 415
57.5510349002756 3.79072584538476 1 415
57.5536077028044 3.72437943554072 2 415
57.5656488476773 3.05959719790868 3 415
0.0473344647591229 3.07101888765624 0 423
2.13211781537698 3.01516482137437 0 423
56.9164347641945 3.18905990020415 0 428
0.0828822068033346 3.27258707983421 0 430
4.71019090062176 3.09912212571457 0 433
37.7450539771591 3.03093284389911 0 434
45.7304995005577 3.14315343467332 0 434
57.3707236944787 3.32077047190882 1 437
57.896037800619 3.03635413394994 1 440
10.6422275842345 3.04070711878595 0 449
16.7221039513002 3.06899687626474 0 451
4.14945172706914 3.47718625856307 0 453
41.5068916529795 3.41910923395765 0 454
0.915866020534446 3.63779109521083 0 457
57.6179840989966 3.1205416619315 1 461
56.6769255263241 3.29596821059818 0 463
53.5049353359275 3.50167158747239 0 469
0.122582342818889 3.03017571518682 0 473
53.4066481697842 3.08626487349819 0 476
16.237627229702 3.15100159684943 0 478
33.6763934231578 3.33557854403975 0 483
53.6131568920907 3.33417710400068 0 486
57.4451791312635 3.16288359013832 1 487
57.2876993831337 3.28608808944307 1 489
49.3196685383458 3.01120683318497 0 490
1.63331595085518 3.01575084553743 0 496
51.1140875590818 3.09499017006467 0 497
53.4174651970275 3.12937347372747 0 503
0.095661832377153 3.05840899395962 0 505
24.2289334301902 3.11087342039649 0 509
0.098181263602608 3.04259873274139 0 510
14.0824851369095 3.33175635186994 0 515
45.7180044674989 3.20292313083335 0 515
57.8844863408335 3.00155469104312 1 515
20.7117012100177 3.23242737318209 0 518
7.71109280281843 3.62303590279234 0 519
56.0062073439784 3.08203784641859 0 519
45.3391880257202 3.60286001745188 0 520
36.7023891588425 3.09326162146951 0 529
50.1520180299596 3.00719405439919 0 533
57.4557881335818 3.27613478380275 1 537
0.048821956090726 3.44706254559148 0 541
13.2539474769195 3.12480777616119 0 541
32.0671124352269 3.10667509417115 0 543
0.600990282627403 3.24903447105136 0 544
0.0615082347971668 3.14962938518563 0 550
0.0865679001974044 3.07275037685864 0 556
5.81970176069887 3.12828019502672 0 556
18.8398483122062 3.37807675708137 0 557
42.4754115718895 3.30365479313235 0 561
57.8824023603551 3.06324428677719 1 563
53.4292992322417 3.01186145031393 0 564
57.485077525172 3.10745760230252 1 571
57.404018516801 3.09078747647485 1 572
57.7227840427399 3.63894695504256 1 578
57.7497207540227 3.23896256507748 2 578
57.5736431064174 3.12053958482109 1 579
0.830073468482134 2.99563231087744 0 580
57.8073076665491 3.23274161437295 1 580
35.8522293921292 3.19465383937527 0 584
57.1028494084344 3.14843079326083 1 592
45.814097002168 3.14054713843592 0 604
57.7272156550639 3.16416172303082 1 604
56.1330312321106 3.69413474724792 0 610
5.81801807980091 3.3168825484047 0 614
53.3743437915731 3.70299635706498 0 615
0.113648360443885 3.13592987908808 0 617
57.1216369472999 3.83324644765278 1 619
57.04375152491 3.16452762347958 1 621
0.0155562321541402 3.080823299129 0 622
0.817588989773831 3.17181774309693 0 623
3.97857614860366 3.56211242811033 0 625
57.2918141148143 3.92642714801536 1 625
22.5762464441123 3.18056660090196 0 626
57.4326322662268 3.35944859794837 1 629
0.000867703987053125 3.12767051737506 0 630
57.5082256190103 3.07835139717059 1 633
57.5320198141834 4.13044824140862 2 633
57.5789025091267 3.58109802507925 3 633
57.9011818875892 3.05053268597358 3 633
57.6005291879749 3.46056073300412 4 633
52.8774758664473 3.51913762048358 0 637
0.543855342987775 3.1444479170903 0 640
26.2151738703621 3.25447539152971 0 640
5.90532977078248 3.95591713751033 0 641
1.18975151518274 3.70941149351968 0 644
1.81614430595993 3.254679238532 0 646
53.9307279705879 3.26670250153478 0 646
0.727694686666674 3.00599605128188 0 647
49.804632188674 3.47867423004989 0 650
0.124971109533392 3.2327318101122 0 652
57.576821169499 3.16125244481875 1 653
10.3894817584912 3.1583183597401 0 654
8.36889429200601 3.05666834165858 0 660
40.3310639624067 3.21663737265275 0 660
17.5966106381031 3.63592276712004 0 667
0.5091788663905 3.71883714474343 0 674
47.7285007936202 3.24208458748105 0 674
53.9543459197921 3.10245921732275 0 674
57.7994490935557 3.97062027012137 1 675
57.599481389308 3.3088348748973 1 676
57.3633597527255 3.05191438960173 1 677
57.97347341679 3.02347271349028 1 678
37.7568946626239 3.42275223687866 0 684
53.7274455231046 3.14081764737718 0 687
0.0965613593217119 3.64604547864523 0 693
56.0380172070041 3.21763848887358 0 696
57.5484620601894 3.30677340467801 2 696
0.127975483581889 3.1297660106329 0 705
0.121104091465093 3.04563599271432 0 705
0.39053076607026 3.3355270731639 0 718
57.8862676414751 3.09001401945533 1 721
1.37338696286835 3.66555829552397 0 722
57.8213625004605 3.42643379237456 1 722
53.3506560718623 3.03242016083128 0 723
0.261096532916368 3.12171862273759 0 724
57.3315129940488 3.34148591177894 1 724
57.6783155905173 3.34928489027151 1 726
57.3959997467786 3.04335340001017 1 728
57.201642638221 3.13311408190243 1 733
0.310366512935173 3.07889823305488 0 736
52.5246803657671 3.17298615617686 0 744
36.6709296985857 3.1963078789596 0 750
10.9915336375654 3.46490342650948 0 751
0.877485501229675 3.12295390816413 0 754
46.5478028747115 3.11365009938599 0 759
57.9516346775085 3.01011157666847 1 766
1.71366820472511 4.17908983840382 0 772
45.3023677890144 3.20894942556478 0 774
56.4795865144159 3.12155606683443 0 775
57.6529181645341 3.06287657578025 1 775
27.0096517219971 3.02637419793051 0 776
0.130893416650356 3.04521938559546 0 787
10.5340604562395 3.01491350292952 0 789
0.796031726807405 3.22311407849885 0 790
1.48958635702313 3.21099836107149 0 790
55.9735709434205 3.14569173267117 0 791
57.0590860190891 3.34879934632438 1 791
28.2458079281516 3.05187783612442 0 792
49.168958421935 3.37009394038154 0 796
1.22757357952454 3.16432908235421 0 797
46.2700570490329 3.11582032954549 0 797
43.2309394788189 3.04182314920764 0 798
50.1743272871849 3.11468686665652 0 806
57.3425089404077 3.07301184403771 1 807
57.8327942848295 2.99020354632299 1 811
10.1538183743017 3.33308636185408 0 812
0.153226215753855 3.09946380204499 0 815
57.7141218813226 3.51198432369762 1 817
0.183189886243147 3.29958218070248 0 818
53.3763658345184 3.15181180684702 0 823
57.8822164830376 3.03034928811812 1 828
45.7334789951701 3.20670669695988 0 834
0.656356181177977 3.10966141285053 0 836
0.245394129265614 3.09788839580668 0 836
56.3673205636407 3.37244052980862 0 836
57.9413055790678 3.13796945578243 1 840
0.804387269491868 3.59602937019845 0 841
47.25223137898 3.54199569232698 0 841
57.3174293571241 3.16411736645322 1 843
0.0444121848396678 3.218691551547 0 844
53.4096031769641 3.23096128133887 0 850
0.475708625754424 3.01856454001235 0 857
57.8791160747964 3.82941163528007 1 858
57.1738567942843 3.23866048279132 1 862
57.4679804476068 3.43840410330121 1 862
53.7993131119213 3.12505765245221 0 865
52.0910367828367 3.08091871180436 0 872
57.0788681413137 3.089158228306 1 874
57.7499600190114 3.00770689983623 2 874
28.4230452726996 3.1521611567613 0 876
46.0826065962445 3.87074456908511 0 880
54.4567288065108 3.24581506194983 0 884
45.5560275328115 3.06292389078597 0 889
57.0633279526696 3.03546573998528 1 891
57.7791577104103 3.00613672385683 1 891
0.0732650752489068 2.99847935681977 0 892
2.06094824859499 3.32027147976246 0 894
35.4201307163551 3.11594654459272 0 898
53.3900236995944 3.04758932647381 0 898
0.0437331544255843 3.25967003464807 0 899
57.7114236794036 3.09233392440619 1 900
45.4620304394523 3.04836097994179 0 903
12.3103807294222 3.48383182849292 0 905
53.7152655750921 4.025527040439 0 907
54.0603102081667 3.11620254860181 2 907
21.3608514775159 3.39942343371249 0 912
51.1191740369853 3.44536325769714 0 912
13.6819219178221 3.07064106507178 0 919
27.2380162897495 3.12474405375341 0 921
42.4414710127676 3.16726480585367 0 935
44.2975624181192 3.20242836849694 0 935
53.6010498360696 3.00733431842931 0 935
8.50539496839009 3.45498885000589 0 936
45.7225846052718 3.09325283496191 0 938
30.8884375928932 3.07862184021752 0 946
0.00177835545307483 3.19197604293892 0 952
57.1392911862672 3.11430838645034 1 955
6.70885101999887 3.47626596231986 0 959
45.4875528745191 3.03156861705516 0 959
17.9488734489574 3.77047318880345 0 965
57.8066062204629 3.05101754933322 1 966
57.7889851368122 3.10517851037139 1 967
0.06412371767039 3.34278770043227 0 968
12.1349485638443 3.98658968993803 0 969
0.0348068584001528 3.25262815229501 0 973
2.0481265534703 3.01674686617916 0 974
57.1223362126943 3.04488707595443 1 975
1.33829235833282 3.05913486235861 0 976
57.2647148965948 3.15670746230848 1 979
57.986678611403 3.14752353197609 1 984
0.369471749703321 4.08910959313993 0 989
0.320167147500502 3.2384230920217 0 989
14.1698898231707 3.11514244595323 0 989
29.2688185399337 3.37622514645736 0 989
0.153231209554915 3.06350646905436 0 993
0.332000531523446 3.31003868534376 0 993
53.6654355229591 3.02245426279123 0 994
0.485975055282747 3.31563582256674 0 998
42.5818955798331 3.50739686307482 0 998
57.3740501985044 3.38235290391186 1 998
