"ts" "magnitudes" "gen" "cat.idx"
67.2840129923195 3.40540815279651 0 1
67.2783589068555 3.14732954967785 0 1
96.313245162849 3.39433861532762 0 1
69.748735353689 3.37814714918967 0 2
93.1305737525627 3.68673231960998 0 4
68.3648745307135 3.1565568089393 0 4
67.2842381151752 3.13224019132321 0 5
69.457087832241 3.38181862847309 0 5
98.7645785675656 3.09760869311383 1 5
80.5677979090402 3.10582860634592 0 6
64.6775738503522 3.42398671727824 0 7
99.0431399629258 3.2955582825103 1 7
82.5931209659597 3.21711120861093 0 10
67.5714124547009 4.41369815910582 0 11
67.3828349382431 3.17892541465012 0 11
89.5135657085962 3.15532029096591 0 12
67.8637784283351 3.55782392177946 0 13
95.7764266123845 3.30742237402779 0 13
63.830632551174 3.7535673678594 0 14
83.7030461351009 3.01476051640484 0 15
42.5189454437029 3.04942056497907 0 16
67.5843782329754 3.71430325473884 0 16
72.5786002240449 3.24825264651254 0 16
97.6913882834501 3.21859136197705 0 16
76.1770477972963 3.00711246782918 0 17
67.2613428269004 3.02203524017203 0 17
75.7113347867311 3.22360508935489 0 17
64.0234972496876 3.241945888959 0 18
97.6879539598631 3.28951538786152 0 19
68.0949246678467 3.32861074569514 0 20
95.9179709190974 3.09192765057835 0 20
97.6604220165439 3.75784431269293 0 20
63.7419427514997 3.10398776381015 0 21
68.4757816659956 3.08781014600295 0 21
63.739047107823 3.05712408076797 0 22
98.0699901117308 3.10454362730609 0 22
67.3003140311362 4.09538407832796 0 23
76.6565038348464 3.78633321495401 0 23
97.7688339396089 3.61561899428983 0 24
95.5500632357866 3.15481965539987 0 25
95.9306806654035 3.00525502022656 0 25
97.270840971158 3.10399177957713 0 25
81.2059671648045 2.99117974054216 0 26
67.9308139272102 3.08667815423906 0 26
88.171935580984 3.33806094606999 0 27
95.8727553424125 3.19115759327218 0 27
97.2851919514547 3.05245403769819 0 27
67.6070482372799 3.11391590027364 0 28
67.4085500483546 3.34583998509036 0 29
63.7435603161639 4.62500577519501 0 30
67.3389662145255 3.12099751328847 0 30
96.527644617107 3.02520959323977 0 30
98.6908342872948 3.09607013131322 0 30
67.2677116371786 3.64609845101985 0 31
0.0257101578498126 3.45952272434505 0 32
67.3584323170523 3.03152718543049 0 32
95.1741569495993 3.1230542903717 0 32
95.7173976585318 3.33983543639609 0 32
66.1147929561041 3.27638680656137 0 34
67.308348518611 4.13738602340718 0 34
73.7274604971444 3.08708989578132 0 34
89.4418752443337 3.27751737411387 0 35
97.6424336431076 3.52064454287619 0 36
68.6308830826992 3.08427158249271 0 37
74.949037960003 3.05041513875088 0 37
98.8072765497297 3.13399219441457 1 37
97.7955702993504 3.10665903807135 0 38
63.8362250185541 3.70676780302809 0 39
68.9701490124802 3.1250226439318 0 39
68.8192609417354 3.03910086970687 0 39
67.3312939141131 3.00828294869078 0 39
69.0643121569352 3.02516947571246 0 39
96.952686341062 4.28821691467595 0 39
67.3244658738318 3.03558425180419 0 40
67.4752237219737 3.32184617363838 0 40
84.0651288909734 3.24103080871871 0 40
97.2090814283684 3.01097487780686 0 40
68.251908927983 3.02608678444737 0 41
68.8362426877335 3.13804684259768 0 42
67.3842871557203 3.25718787841741 0 42
67.4438977749062 3.06442057819887 0 42
67.5372429484806 3.90046494469998 0 43
97.17242552358 2.99502729081867 0 43
98.8769598002916 3.40313593257894 0 43
98.5691449239199 3.09270300991926 0 43
98.539716089125 3.35018067291579 1 43
68.2721871872984 3.07785098458489 0 45
97.8547669204738 3.36356138422326 0 45
97.6893067037823 3.66285814530783 0 45
96.6612846232873 3.12055452102027 0 46
98.4071134663116 3.2754496757776 0 46
67.4362155565432 3.1061267580797 0 47
67.2869031963822 3.20805072387752 0 47
97.689541333777 3.48249286006709 0 48
67.2543117287104 3.05952750187051 0 49
97.8962716126358 3.47199615709891 0 49
68.468620360901 3.01772573476985 0 50
96.9792024718922 3.10211594574367 0 50
63.9933513938251 3.35406346272156 0 51
97.6972185201966 3.48411423128466 0 52
67.2630317904985 3.04585829548588 0 54
68.2195720541868 3.449716190469 0 54
98.7945203486974 3.19627917130029 0 54
96.3354592285209 3.07680421898985 0 55
98.372197165131 3.11173340425245 0 55
97.7413561551764 4.46999505435913 0 56
97.7561695873644 3.32833406861963 2 56
0.0152140078475089 3.20956131787179 0 57
71.8303274383135 3.43315055968684 0 57
70.810423309789 3.32376585083109 0 57
93.7321654071633 3.42458425643726 0 57
98.5539886767317 3.37775688844096 1 57
68.076458888246 3.01656203046811 0 58
67.2982916337305 3.10943779050152 0 58
67.3709984382229 3.04803049227271 0 58
1.28041193395423 3.07724623204194 0 59
64.1666560274053 3.12567710382328 0 59
0.313794632705456 3.17965906164919 0 60
67.7080637882042 3.25672844125157 0 60
67.2638534845896 3.10286397270291 0 60
97.7521806540513 3.34569489880728 0 60
67.7148018883977 3.40358984341607 0 61
67.2723910344135 3.01046292772152 0 62
67.8699720618011 5.7291293546964 0 63
67.2816434647131 4.2328517815819 0 63
72.9856834233687 3.2489019080232 0 63
77.6325004629344 3.03525796341909 0 63
65.0632521563155 3.14337776172414 0 64
99.2448681644616 3.02931924449059 0 66
67.6719889691656 4.07642974057128 0 67
65.3268889335485 3.64185944435341 0 68
71.3765354712393 3.0602666508048 0 68
88.3621616353951 3.3995862063362 0 68
66.5789689691219 3.00210689366031 0 69
68.8255909233122 3.26654756473131 0 69
67.3661256338355 3.53490635617756 0 69
96.3501437298175 3.00618696406121 0 69
97.7228952513182 3.25036942965578 0 69
67.3470776560064 3.11688165160867 0 70
73.9284219376531 3.1530312793968 0 70
73.7247787187302 3.26009350036942 0 70
99.1237459244029 3.2451965369538 0 70
67.2875199396272 3.41739715752727 0 71
95.8197383453866 3.04370781087681 0 71
67.2552468800396 3.6509672147788 0 72
70.1492775171269 3.14149030849393 0 72
97.7708307208696 3.19202065218719 0 74
67.2536030584671 3.37124690177172 0 75
71.0862531719651 3.09092466467892 0 75
67.7906681010241 3.22187356036105 0 76
68.5620885431828 3.09930197890553 0 77
82.2467674492047 3.14695265335925 0 77
97.1452743861679 3.67489311991553 0 77
97.7465954921304 3.00135081865566 0 77
68.0387055427484 3.09515250854322 0 78
70.6754350025466 3.02507484277997 0 79
67.2695722587915 3.56545131538018 0 80
86.0745464811294 3.02099738632675 0 81
68.4387440535351 3.02219745716264 0 81
67.5282769459578 3.05018350359753 0 81
68.098929531804 3.02599397917444 0 81
69.6741950237357 3.13442703396383 0 81
99.1172943811205 3.3364272802545 1 81
96.6705263416196 3.73976993133198 0 82
67.8488776370468 3.41086983625678 0 84
67.2951924121274 3.26374920790786 0 85
96.9146249521735 3.16666215814219 0 85
97.6690069737273 4.16300170775387 0 85
97.8484373086089 3.51390892425191 2 85
97.9121091959018 3.09151540187699 0 87
98.0263576348077 3.3711882591523 0 88
70.0970970825072 3.38450281982546 0 89
67.2565713455548 3.48445070862833 0 89
96.3635694717375 3.13904014742232 0 89
96.9404436443553 3.51271028772515 0 89
67.4871315093182 4.21565751798761 0 90
69.2577436047326 3.29389256470409 0 90
98.4070487159982 3.00497974199449 0 91
98.2751055364304 3.04433608348841 1 92
76.9558771246713 3.58085356833162 0 94
96.67841954525 3.03975840330366 0 94
67.6388440754706 3.07073226002655 0 96
67.7009649162741 3.04385221159092 0 96
74.6006344162168 3.02843084504286 0 96
98.909106951584 3.34416829324868 0 96
98.5567700018966 3.39787099242692 0 96
97.6533404347516 4.05728540416933 0 96
97.7058947754079 3.09589665273598 2 96
7.381504663426 3.01107721881801 0 97
66.5087553036614 3.354939077157 0 98
70.6902937402636 3.01845581149284 0 98
67.4116955052358 3.741975306736 0 98
98.9110636063658 3.00300857555286 1 98
98.9317510659455 2.99072090439935 2 98
67.6527755672838 3.52039723464619 0 99
73.4810149287146 3.32676191232771 0 100
75.694832716745 3.47225941569482 0 100
67.4688819604221 3.1575402055911 0 101
67.6138180956982 3.31362647425162 0 101
96.20408692224 3.02340646598229 0 101
97.8009060127444 4.12472169406794 0 101
87.172106524729 3.07183604748363 0 103
95.9138861336922 3.39048674386974 0 103
96.9259805364826 3.11782828892018 0 103
0.924737433570071 3.18404276650384 0 104
69.5658322315161 3.25163227268229 0 104
97.6981999407227 2.99013575655511 0 105
99.1694307098903 3.01938557138704 1 105
21.0308450724675 2.99662978234024 0 106
67.5335156782271 3.26119400049503 0 106
70.8533079266677 4.02183719317681 0 106
97.4947652750399 3.02170960373292 0 106
97.7097005164886 3.65229372425736 0 106
63.7737248490496 3.19658193362164 0 107
67.4344222168969 3.18419276714047 0 107
77.8923213482989 3.03601716754202 0 107
97.5661417906612 4.3585032251964 0 108
98.1479215955299 3.0663424203611 0 108
67.5104093594881 3.0799144545626 0 109
67.3268726721921 3.39927460432861 0 109
99.1214568428502 3.15967198632524 1 109
68.6077660357656 3.88497120481303 0 110
67.2532565293028 3.701488654188 0 110
81.7195268447804 3.99430062168416 0 112
74.1434335038971 3.15641209848111 0 112
91.2472893035055 4.22998210562691 0 112
76.2632333487471 3.02493139087062 0 113
73.8833269712554 3.3819717499737 0 113
67.9511700662834 2.99010033861571 0 114
67.2931409724536 4.33417357138074 0 114
97.5304388369362 3.77873955016041 0 114
67.4621254040694 3.06248298214187 0 115
66.9071094044797 3.16291059742101 0 116
63.8971076359775 4.21200907658759 0 118
70.8507748227948 3.82684500424151 0 118
69.355104925427 3.14764870408433 0 120
68.4302747242661 2.99562634651872 0 121
63.7648527477013 2.99764488095335 0 121
65.2864107241316 3.4027055520307 0 122
67.6246783750727 3.30425151732244 0 122
67.8481869037325 3.57130089758067 0 122
67.6399780605401 3.28501778307019 0 122
95.0273255409808 3.2620352447519 0 122
67.6461632223102 3.00956573422941 0 123
71.0322444677406 3.55336695848897 0 123
71.3208278069716 3.04194534380114 0 123
93.6633923701412 2.99458760333615 0 123
97.8422248413111 3.12206319544461 0 123
67.3893313300131 3.16107251831088 0 125
97.7444219891765 3.68903367311101 0 125
98.2444691120159 3.04532505862531 0 125
98.2694039570557 3.01086183858645 2 125
63.7352009835357 3.11254945895488 0 127
73.6021271060285 3.0173246642237 0 127
67.2613651034663 3.16946403329538 0 127
99.0805443841161 3.11739014645922 0 127
63.6812781264366 3.37096832175989 0 128
63.7612458241189 3.13375157212985 0 128
69.8223052942525 4.27037851115038 0 128
19.055407609239 3.21342231710493 0 129
19.2389299473668 3.07937603943679 0 130
64.4943043049109 3.00176184793325 0 130
98.9924317854263 3.02603973483254 1 132
71.0126041346899 3.63090505673075 0 135
98.4047085855225 3.58352186750178 0 136
65.7872853010498 3.16551844104457 0 137
73.6652550038045 3.084448642976 0 137
67.7687372202486 3.69475685550911 0 138
86.1173221328365 3.24715490581854 0 138
97.6776128689795 3.1500102700046 0 138
98.0936288441114 3.23539706816157 0 138
67.3651791806071 3.68556503944787 0 139
80.5533111247881 3.1227731781999 0 139
97.6565398413051 3.21325375683848 0 139
0.0322215977497152 3.42139142148897 0 140
63.8449030328435 3.19187441964576 0 141
68.484511140003 3.0145911190439 0 141
95.8397456910984 3.34602238210535 0 141
78.7363622782404 3.01665322064413 0 142
80.7404503331477 3.07056667548395 0 144
97.6935141238316 3.30275227908545 0 144
67.2586252401093 3.14569723280257 0 145
67.2674797047069 3.09253514454297 0 145
96.6891951944157 3.43992697212122 0 145
96.7029999292349 3.16876806891459 2 145
69.1517673695862 3.13680472096933 0 146
99.0111127617597 3.06099142236806 0 146
67.2815537527349 3.32853813416157 0 147
97.3750961416291 3.11253263670943 0 147
67.2562470590988 3.89280840882995 0 148
98.4735606910933 3.14942995547146 1 148
92.9561950758756 3.0981608600137 0 149
67.838600971596 3.03400163972458 0 149
67.3250827130529 3.0421037133204 0 149
64.3749304309352 3.39723086190088 0 150
67.3372753926946 3.79360918486264 0 150
97.7546902882464 3.01978626924003 0 150
98.5650125876807 3.32602847300939 1 150
73.2443218157563 3.60697993887953 0 151
0.0748252501824243 3.79389510020077 0 152
70.2814487844424 3.24912437212226 0 153
68.8515998906414 3.12050869446897 0 155
67.3359355850034 3.04515262863722 0 155
67.3626701657909 3.43119563039193 0 155
84.904946920416 3.07387874565417 0 157
68.0877843216321 3.76331016813539 0 157
96.7103882581807 3.84381347418012 0 157
97.5016455025333 3.13483709709424 0 157
99.145834850128 4.18944875666231 1 157
63.7488499321712 3.23036532800236 0 158
67.2633679129323 3.3946866637153 0 159
75.6062327229165 3.14458100348605 0 159
82.8715824801761 3.63428002000577 0 160
98.6995325751875 3.11565436338565 1 160
63.7521703977679 3.50042086586297 0 161
80.5269376578468 3.02493028217961 0 161
97.8595294723191 3.23024704341578 0 161
67.2574334473961 3.22841487970756 0 163
68.0130152790334 4.02223724900377 0 163
79.3322993810104 3.24391353590952 0 164
68.674336654259 3.30332685720841 0 164
74.3298277981626 3.12964684293701 0 164
0.822528838323564 3.09996105170294 0 165
67.2665666692437 3.73082546435328 0 165
88.7602804031151 3.09973152176266 0 168
74.4026798403315 3.03676670490707 0 168
96.4681956634626 3.02717267843473 0 169
97.4926482351378 2.99043856104176 0 169
97.6697060515996 3.85292631629848 0 169
96.802808356667 2.99906365607724 0 170
96.3388911485565 3.68439080379676 0 170
67.4251246364498 3.15686949979386 0 171
67.5224319077484 4.18076650402041 0 171
90.9960069589587 3.38188932504372 0 171
67.580428977037 3.41201699046315 0 172
96.1415423951029 3.19034594874749 0 173
67.2623525601857 3.20746752226392 0 174
68.4501101733088 3.39092123822156 0 174
63.7391400572867 3.76381169092691 0 175
67.2533741147272 3.20815933742278 0 175
67.6154262097316 3.24420476312535 0 175
64.1721127279167 3.89646670634363 0 176
67.2645174976695 3.54668387015858 0 176
67.2812026750044 3.79802954120295 0 177
95.8079296899932 3.07500418979842 0 177
78.9305174632236 3.12285597889185 0 178
73.4767224177478 3.94892189985862 0 178
67.2835705500211 3.6197596482676 0 179
96.0178849483934 3.12917525162154 0 179
97.2336973923899 3.4711099501881 0 179
99.0321269875665 3.73981325657123 1 179
97.7279267858033 3.14288627286653 2 179
72.953101961322 3.15227965521318 0 180
96.9259163664017 3.71444719341396 0 180
97.7821124901511 3.61205282094787 0 182
63.7558487208039 3.02077691384812 0 183
67.317084940101 3.81453617642812 0 183
96.3215686352416 3.04199439947749 0 183
6.92311830367038 3.74232477147303 0 185
67.734678321774 3.05019693685618 0 185
69.3645960454009 3.08938324633342 0 185
97.1533814567899 3.93809315948438 0 185
98.8374794577055 3.60542118001861 1 185
98.8448153825364 3.52671151152543 2 185
0.925279564874525 3.00333691675406 0 186
68.2899112260439 3.00882450775258 0 186
83.8382381597626 3.58159453202481 0 186
92.5988760235388 3.03845943189795 0 186
97.6897538460509 3.63546302527105 0 186
98.9478028793626 3.81391511622061 1 186
98.3889660350785 3.38286065288423 1 186
67.2785632687119 3.32621159501346 0 187
97.9856279288373 3.31950254748681 0 187
98.4203182649605 3.24195821094567 1 187
0.0652134099319823 3.62262060245759 0 188
67.8345814789057 3.52537132995841 0 188
67.4770702168395 3.14048901357929 0 189
68.4504260353234 3.06656440502211 0 189
91.0430993750876 3.48447200195328 0 190
91.8814073091213 2.99824785732074 0 190
99.1576294897397 3.03418290227443 0 190
96.4560502605035 3.80393093058455 0 191
98.3379084194286 2.99469984734312 0 191
96.122850549867 2.99428762653134 0 192
0.146869157428479 3.06791524298957 0 193
97.865505259978 3.97157455731846 0 193
0.171736679034506 3.71937425749523 0 194
67.2867630444755 3.26814904901958 0 194
98.3650358309504 3.26830772905041 0 194
97.8590785463449 3.41976949239852 0 194
68.6849757019732 3.35856270987221 0 195
1.1951867950373 3.07286042947543 0 198
67.4056697274764 3.09099483819983 0 198
67.3803974841379 2.99710802192924 0 198
67.7052116245833 3.09994422653302 0 198
67.853878997191 3.56488433513239 0 200
67.3097585167154 3.10121479490814 0 201
97.8774850968106 3.03877750745522 0 201
97.6685323917846 3.42308781654466 0 202
0.153554843221904 2.99492856763335 0 203
63.8079137918725 3.32666653884709 0 203
63.8529392917168 3.07011208005773 0 203
67.3335931052569 3.14538188648233 0 203
67.2623998447804 3.04948791019423 0 203
96.3283534363189 4.05603478738491 0 204
68.0425021824561 3.00603059584093 0 207
96.6835668792689 3.46186656511686 0 207
99.0247807174262 3.23336077026516 1 207
46.1388187315092 3.68013916642166 0 208
97.6674017357474 3.04457245265403 0 208
0.0742955378549664 3.89744324150236 0 209
70.4030441326508 3.01189974840762 0 209
71.7531208581108 3.52033665392925 0 209
71.802480778662 3.34147163952192 0 210
67.7476035491993 3.37005748218591 0 210
69.6120555751551 3.05178729315806 0 210
67.7667698955491 3.28212229027827 0 211
97.6653261551608 3.15801125833608 0 212
72.4872227657673 3.03488085015023 0 213
72.8570260235382 2.99774533096619 0 213
71.0420376682732 3.41267788785178 0 214
72.6316973589103 3.87155223298645 0 214
95.7944751136067 3.13008872848346 0 214
91.2166444461593 3.03316668388503 0 215
64.4751114780467 3.10505192888193 0 216
67.2785420794552 3.07445428860306 0 216
67.2797654647582 3.01326264586668 0 216
97.6514434163332 3.12057852544364 0 216
67.4761080996138 3.46701846986414 0 217
96.3455050280812 3.36580819842798 0 217
99.1827889664371 3.7150287098495 1 218
99.2048200573905 3.07061983279671 2 218
74.5278177291292 3.29694189884886 0 219
67.2645381970479 3.32918377111268 0 219
98.1619793694495 3.49463552018018 0 219
64.0024833358106 3.1574153411412 0 221
81.7815805170827 3.74805025747771 0 221
67.7929230951154 3.64885725476206 0 221
84.4957038462614 3.07926382320733 0 221
99.1273400026646 3.0297363824745 1 221
82.7675634851035 3.0118965668397 0 222
63.8754254675256 3.39050232510419 0 223
67.6095540460856 3.00878158206652 0 223
0.0990891651459408 3.01241440815257 0 224
97.654400788916 3.17231651417816 0 225
67.3793961000133 3.15945322412409 0 226
67.2546315772448 3.74994608351732 0 226
68.2503479077043 3.03721055956713 0 228
71.609848326738 3.3691633697735 0 231
67.9994366852325 3.46579706835258 0 232
67.2958613580459 3.62174400672685 0 233
95.9556051649927 3.87522261674281 0 233
68.3922286100933 3.09019088589119 0 234
77.1008933486353 4.06547698228056 0 234
67.5002531908656 3.12518141184666 0 234
97.1503052146315 3.01024589273073 0 234
97.561958914463 4.12705583392191 0 234
98.1111640993748 3.6510700262906 0 234
99.1698957967705 3.24484381627955 0 234
98.1432240405472 3.00252200656847 2 234
98.211151923601 3.14709733852008 2 234
67.2828173313129 2.9915115628051 0 235
66.7310924071766 3.2286913283787 0 236
84.6347349574693 3.16347287644932 0 236
68.0020646129461 3.4656413788573 0 236
97.9740355404904 3.75343384304542 0 236
99.1312605850205 3.0688573001151 1 236
98.1692841597726 3.15174434090133 0 237
73.1171422379145 3.29432140212416 0 238
67.2800920882267 3.1099143520917 0 240
95.9190928686861 3.01732870410412 0 240
67.2611146560869 3.27114564640597 0 241
95.9482903372853 4.3986055792002 0 241
63.8364732900914 3.04513815515778 0 242
99.1771276029565 3.20432645598111 1 242
69.6679304442618 3.45067635959736 0 243
63.9102844748841 3.10138351135172 0 244
92.6403171566525 3.067398754763 0 244
0.042294549500807 3.25054572944224 0 245
67.1279923267805 3.01229608177648 0 245
67.5353342318698 3.16609779382348 0 246
14.660644712279 3.26346363080021 0 247
67.2589529377187 3.4802079870366 0 248
95.2943139107996 3.45292862365461 0 248
67.7509445323933 3.01727510112628 0 248
64.0171221082539 2.99381153228529 0 249
0.170906550417644 3.12719050340112 0 252
69.70104642385 3.11278866374366 0 252
67.5047034838061 3.1498837444117 0 252
97.3973733409559 3.25929154974597 0 252
97.6537307363338 3.01675651538101 0 252
67.3825856851854 3.11915588531479 0 253
98.8784386445463 3.12462823994554 0 253
67.4132037326516 3.8792825435299 0 254
67.2628704865765 2.99198177089805 0 255
67.2724150586687 3.19198531464959 0 255
76.525221676242 3.41576355654574 0 255
67.3714563663303 3.19495948923152 0 255
67.3915088375042 3.05029717388557 0 255
98.2733634529816 3.38558192564086 0 256
98.3478652436608 3.04202541112506 2 256
70.4924084020635 3.32588932963729 0 257
73.1574486987456 3.14122765461102 0 258
95.4774708891303 3.38979804349586 0 258
96.8227494707757 3.03280155780823 0 258
97.665928141597 3.21833596132585 0 258
86.3633725642883 3.32662669504572 0 259
68.5423000693267 3.16445723334053 0 260
0.409166159728816 3.23953928492671 0 261
67.3975237469206 3.8035049108775 0 261
67.3154405472721 4.02242085392996 0 263
67.6967834293131 3.49888493118232 0 264
97.7492611348429 3.4039801313254 0 264
98.4397149462991 3.14030213105408 1 264
95.9995227874962 3.01558371206178 0 265
64.3386855248026 3.09191391108076 0 266
97.1579211662276 3.42090530369158 0 267
67.9728040318219 3.02916791839551 0 268
67.8479323313468 3.29936135457388 0 268
97.2982942928105 4.47169787654696 0 268
98.1632267241439 3.04375604773469 0 268
64.3369827333394 3.84756662969553 0 269
67.2686695950206 4.0448475313275 0 269
67.3194244349786 3.24663740328422 0 269
71.1713895876846 3.15533944834061 0 269
96.3304274011636 3.15529654628562 0 269
98.9591335954391 3.38813260843424 0 269
98.9809828565728 3.11825042722409 1 269
63.7465088498995 3.08535083600229 0 270
67.5191784625586 3.07902846151477 0 270
97.2997392841952 3.18225906521104 0 270
97.1706593877 3.55205636786822 0 270
99.2266809829296 5.24026809686448 0 270
99.2303197108605 3.20592431178909 2 270
99.2338318502345 3.06808598882698 2 270
99.241669616037 3.06510818414923 2 270
98.7359603663517 3.7232003615159 0 271
67.2794744303404 3.05206760429647 0 271
97.99451361094 3.06106592840317 0 271
98.7656259098602 3.72398128270153 2 271
98.794654111888 3.39497659027598 2 271
98.8938818141507 3.50343643995773 2 271
69.2675654995423 3.01592348846971 0 273
84.816700536678 3.40672850831269 0 273
96.0544321900981 5.01488216090994 0 273
81.6850417735724 3.76642259568285 0 274
96.2231338647676 3.30628953073065 0 274
97.8357214637041 4.0726434494492 0 274
0.264342400046498 3.00088326340565 0 275
67.3078723107261 3.41931256446456 0 275
67.6543655952506 3.17107850825883 0 275
97.7249371394686 3.1782167399351 0 277
99.1264268907059 3.1333972045329 1 277
98.999931210167 3.05525446316111 1 277
67.579036340888 3.17513905702778 0 278
68.3928205777349 3.45997308270244 0 279
98.8403503009856 3.83868366102729 1 279
98.8711797272544 3.04757210486135 2 279
97.6525526185094 3.2092340411941 0 280
0.722519925651599 3.46695337930798 0 282
68.1153761278539 3.22106687290761 0 282
68.2051331499799 3.24597781525136 0 282
96.4458878730632 3.19092115669742 0 282
85.6955094762204 3.28102596587171 0 283
67.2739392279282 3.17501659188883 0 283
68.0929788346108 3.12647490341945 0 283
98.1290357272721 3.11877896537971 0 283
63.8839679178622 3.05985141931576 0 284
67.5223848270548 3.12726505048765 0 284
97.3553413392135 3.32134941311327 0 284
97.8369149561266 3.49897996985057 0 284
68.0034454987944 3.85302504438075 0 285
67.2600154433365 3.04953972399997 0 286
67.6158923357441 2.99061625792598 0 286
67.7132872375473 3.54525236619053 0 286
95.7801853891524 3.93199339914722 0 286
67.2570621773973 3.27030909412823 0 287
96.9692116179107 3.09330653862518 0 287
73.1343524802231 3.30586132727042 0 289
67.276544658556 3.12499596854446 0 290
98.5820630357729 3.25687740060633 0 290
67.8133836828929 3.06246077317812 0 291
67.5355478312393 3.2106132899177 0 291
69.1110903469192 3.65815101200424 0 291
67.2828962450565 3.20467926936186 0 292
98.4669036681105 3.03585468364525 1 295
67.274372967039 3.59716329615631 0 296
85.8427988911353 3.45748788992159 0 296
67.6224125181944 3.07097180413004 0 297
98.2969960805961 3.16379192572784 0 297
67.3695359071401 3.30882858885567 0 298
67.2833080337213 3.16928154327093 0 298
67.4868846194615 3.93162428887147 0 300
80.5907684335409 3.09454835586588 0 300
97.7713094837592 3.58198102154539 0 300
98.5094839513574 3.01354474630192 1 300
98.4537073604103 3.22805871104988 1 300
63.8577470062962 3.7629137757301 0 301
67.6564415900302 3.16048629646484 0 302
81.3994836818867 3.09909192548642 0 302
97.6521017324891 3.03611944432514 0 302
67.9857957162859 3.15001073762711 0 304
68.3208381722897 3.13276499662584 0 305
98.8759595905237 2.99920358744361 1 305
68.1678602476571 3.47785327650919 0 306
96.6554099511173 3.6936290314564 0 308
67.2609045977104 3.9382077502665 0 309
67.254126042109 3.10620872683682 0 309
67.3830559322207 3.56007446737958 0 309
78.7005949256612 3.22795667024253 0 309
82.5011785650721 3.23869753813846 0 309
70.7219001564845 3.65172344803629 0 312
78.7036292870093 4.03053800204406 0 312
98.872606741621 2.99275214167059 0 312
98.8909617141182 3.03247861903301 0 312
94.2558490109573 3.19918536565781 0 314
67.2922363461085 3.18662346408793 0 316
69.4467405658752 3.33230715271223 0 317
97.7448812520429 3.07310224378477 0 317
47.992237146127 3.35579161464133 0 318
95.9634856729744 3.91701590618506 0 318
81.4392018080731 3.01358651726346 0 319
67.2528870250036 3.12300521606317 0 320
68.6705494527966 3.84649373915434 0 320
67.3189603211932 3.52503806583425 0 320
95.9029666343243 3.58312752615213 0 320
98.168793552491 3.32961768798092 0 320
64.1575977367177 3.08811962018401 0 321
67.5674503175374 3.10679629777455 0 321
97.655368273111 3.39734383719622 0 321
63.8360282096302 3.18506178956792 0 322
97.6523927707216 3.28940878235123 0 322
67.2686183682784 3.14633591577413 0 323
83.7332980947357 3.12768558278772 0 323
97.6658777355374 3.26462419654734 0 323
97.6556584379982 3.18593152774411 0 323
67.6666501112202 3.55748633820768 0 324
98.5159947073359 3.03908888913563 1 324
99.1840573609613 3.25996151486001 1 325
64.5998353228628 3.15161455906826 0 326
67.9607457423691 3.55977205926267 0 327
0.145349937447189 3.74869084215019 0 328
67.2757571396776 3.44139306546559 0 328
97.8376480198974 3.74239207155003 0 328
67.9029954851376 3.38173467787233 0 329
67.4801585499589 3.39957130452325 0 330
67.9424641598196 3.0160091284299 0 330
67.5652239141257 4.33866696953875 0 331
67.8551276152089 3.1069739869683 0 331
97.9315971575993 3.21095799481203 0 333
78.4047074662438 3.03590932653097 0 334
68.5938994977346 3.5951114473629 0 334
63.6764587307876 3.31557157180982 0 336
64.6894792261754 3.38535921866054 0 336
67.5869076252738 3.42838197409028 0 336
63.7918538440425 3.06446682647388 0 338
96.204838386923 3.12463626549513 0 338
97.1827491113818 3.17247195895217 0 338
97.7649181097414 3.05315495382761 0 338
68.8848616402423 3.06398591785189 0 340
69.8827975955442 3.06046313451232 0 340
97.5302220452644 3.04239407595134 0 340
67.5725532067698 3.2333792241151 0 342
98.7010277116012 4.09029661689886 1 342
98.7553718163398 3.25110055271668 2 342
98.705633016508 3.13285100791452 2 342
67.6434540033349 3.11470302412594 0 343
67.390845299696 2.99332821829311 0 343
66.0117292721567 3.41877504216254 0 344
66.7235487134803 3.35993316162726 0 344
64.4574641427482 3.26360118543734 0 344
95.9666546992357 3.2023328498967 0 344
97.8091663222496 3.04267907532673 0 345
95.6606795701558 3.45978623748483 0 346
82.3446356258273 3.09957845689916 0 347
95.7732338127358 3.72932516993413 0 347
64.3095162414048 3.84828823166586 0 348
97.1787278177227 3.06213078104818 0 348
97.7094663980587 3.11957824928738 0 348
98.3864392279454 3.07032221481498 1 348
66.1940239279543 3.33343557353981 0 350
64.1052280711396 3.04872423493822 0 350
67.2601879500376 3.3489415162895 0 350
67.4003302472918 3.16941638412211 0 351
67.4378690079182 3.21621404436645 0 352
83.402348773573 3.05765728860243 0 352
97.6779776301724 3.19953576382209 0 352
97.6677588089469 3.02906059669973 0 352
77.4191438032014 3.84126508026788 0 353
97.6788211970023 3.01963580516011 0 353
67.3956726532194 3.14539494214705 0 354
67.3393620778941 3.15274778745513 0 354
82.8330074176729 3.6543742460209 0 354
88.0592092485823 3.0214006200198 0 354
63.8592247090023 3.02806316003579 0 355
67.262797937294 3.04783376257529 0 356
67.9131558282071 3.01753397407976 0 356
95.8873845832389 3.03301796311317 0 356
97.7014710509778 3.19178023438317 0 356
98.0400492438201 3.05577507405691 0 357
72.7125753733392 3.86927103496984 0 358
67.2527651797606 3.55473098026708 0 358
67.5861598219466 3.08330049096288 0 358
72.2713574789849 3.12310913914412 0 358
67.4988180437738 3.17963049873259 0 358
90.4017434627781 4.15362996899186 0 358
96.7997862555154 3.29812347538622 0 358
97.7556277425808 3.21710121742445 0 358
75.7952042310321 3.09055321367928 0 359
7.74565821460534 3.11033083620781 0 360
67.5171860186895 3.5837833931526 0 360
68.769785082207 3.27834616564263 0 360
97.2576400845079 3.18512802624356 0 360
68.2139430802566 3.3662563262123 0 362
97.8304097863209 3.58014028813326 0 362
67.4047988865193 3.45405046488278 0 363
97.7785438748708 3.03585856282504 0 363
67.3126001973439 3.09131846990891 0 364
67.30345108094 3.90182764104986 0 364
67.4388646924409 3.20821149922142 0 365
73.0714820889249 3.09452582348974 0 365
96.3186941630153 3.17361967000347 0 365
63.6513942211206 3.12805047603789 0 366
97.6937689867384 3.99789971120489 0 367
7.79634580399756 3.0860837118105 0 368
97.1521546536031 3.45460128753836 0 368
78.9367754063672 3.11074164215466 0 369
68.3689540917336 3.12287099370979 0 369
98.7501545629736 3.04558398148801 1 369
64.209273359658 3.6333837268698 0 370
50.9570381579683 3.10098416140787 0 371
69.8189898429819 3.62520898377478 0 371
65.6913251653737 3.59922624064569 0 372
98.4941723346429 3.22727638598516 0 373
64.2726962153048 3.03559077488822 0 375
68.7931836552517 3.35979540279346 0 375
68.2405055289806 3.10478630202872 0 375
85.0881454573678 3.12368422445407 0 375
69.5238885500769 3.20615906813422 0 375
71.5145198268767 3.12545340848492 0 376
97.7033860374857 3.11183109600219 0 376
69.7068263304534 3.01402672544165 0 377
68.1655577074534 3.12448515076302 0 377
64.7127668075929 3.40411691219649 0 378
63.835355606498 3.06447728625171 0 378
63.794575838335 3.13016376182468 0 378
67.2926628044772 3.1565118894575 0 378
68.325931978969 3.39027728370376 0 378
80.6627367588122 3.06849092391082 0 379
98.4843764589605 3.23194039501241 0 379
0.417986977631609 3.0967972832244 0 381
98.0107631019575 3.06396040296213 0 381
68.9971545041925 3.05484477959912 0 382
97.9821614970231 3.21368061893256 0 382
67.3187422806944 3.1272959841634 0 383
95.0024642498421 3.01106984674133 0 383
68.6478331869756 3.07049555299 0 383
90.34837538867 3.54775165967766 0 383
97.2791206349661 3.09623706495566 0 383
96.9273934128144 3.24364749960188 0 383
2.35623186353613 3.01661403465748 0 384
74.404207439269 3.49808012906407 0 384
87.5138079205014 3.3817935716476 0 384
67.3797306136335 3.04937127496128 0 384
75.2335569446029 3.11432193856567 0 385
82.2131666570632 3.32721723274303 0 386
67.2557887814946 3.17026937605008 0 387
90.3862103700218 3.2306590005763 0 388
67.4062642143169 3.31783573120637 0 389
97.6740486887132 4.23289534665763 0 389
7.3569506726 3.10296002148739 0 390
33.9958096991829 3.086532592002 0 391
97.8439847741579 3.09897037940843 0 391
63.652989533243 3.48011400379895 0 392
75.7299801810682 3.27724737605532 0 392
70.9688547569605 4.00090656121479 0 393
74.3590158489951 2.99303945864235 0 393
63.7469661512426 2.99236155803473 0 394
97.9813352256372 3.01522772421026 0 394
99.1075369850539 3.1493489474082 1 394
64.5335127207087 3.23995897945491 0 395
67.361314032207 3.19865498175652 0 395
67.261934845767 3.32918623464647 0 395
68.502034103902 3.45276908872374 0 395
69.0856740052166 3.40579222625696 0 395
91.0277257732417 3.19932147970859 0 395
63.7674190381606 3.32130349158324 0 396
70.1538545112588 3.07760593903705 0 396
69.3918407766977 2.99673820917517 0 396
98.6602003359974 3.15299170386927 1 396
67.2637825330771 3.09021082218229 0 397
92.5339691164253 3.07015855691789 0 397
63.7750176374982 3.52815949274128 0 400
67.5686220235852 3.32869983028229 0 400
70.9998749342851 3.05125112334988 0 401
98.9348362777189 3.06990271414861 1 401
63.8099196673075 3.03850989150219 0 402
69.3564877466993 3.2064806835045 0 403
67.8404094230081 3.02587283237814 0 403
67.3036367266598 3.42868723600314 0 403
67.5817951654591 2.99875434207181 0 403
72.4498471799974 3.01706038669633 0 404
95.789683352488 3.01383887298222 0 404
63.8925238116023 3.01753861198009 0 405
68.9343998184674 3.61606196759646 0 405
96.4064790308502 3.3668938839814 0 405
0.0120335068934961 3.07216276220128 0 406
96.5139084444388 3.60259157819845 0 406
67.6132015763168 3.45929305519353 0 407
98.5165826219406 3.43419531622808 1 407
99.2131354105465 3.3213287919756 1 408
77.1105289067272 3.06133258835827 0 409
83.3528378783145 3.28756992402174 0 409
63.7935924190032 3.49328867817619 0 410
65.7917566191825 3.5846578786208 0 410
67.4247310434752 3.01439350966673 0 410
97.6646783813627 3.19338978575272 0 410
98.0537061411881 3.13008740105358 0 411
0.553485210879473 3.03334905393635 0 412
81.1186230927295 3.04329097534188 0 412
97.6627040888559 3.25511333543047 0 412
97.7354311457538 3.69576807121497 0 413
98.311434755781 3.43270003819639 1 413
67.5356327800966 3.40163521182723 0 414
70.9122403125099 3.38982795818435 0 414
67.3174075052098 3.38742866899682 0 415
78.2858730507564 3.58766277069255 0 416
97.6161627720736 3.91493181552412 0 416
67.3890074871724 3.0356664270302 0 417
98.2486601454121 3.16667393823028 0 417
63.8525050311419 2.99973519580649 0 418
67.2538060337801 3.24233433607975 0 419
80.9379540252533 3.66139248336829 0 419
98.7043036456278 3.81310431055335 0 419
98.7109867188639 3.00383936787127 2 419
98.7180794506817 3.27128921151471 2 419
67.3116966023186 3.50551471737559 0 420
74.6467475763152 4.1016988817559 0 420
67.6473890266105 3.00340166913197 0 420
94.1812562436171 3.67759677691053 0 420
97.6986831361615 3.30966710811392 0 420
67.7109749422962 3.44577964037235 0 421
84.9834440756147 3.49007698691791 0 421
95.8892623454967 3.05034559176134 0 421
67.2585621701743 3.29201803351883 0 422
97.431758518354 3.14711137143679 0 423
67.2699345694747 3.15619703057307 0 424
93.6021521831793 3.2291082358218 0 424
97.5037580518366 3.4050174407472 0 425
72.195582778354 3.01612570031075 0 426
96.9688516892649 3.01764164541187 0 427
97.7108731268436 3.38586637342899 0 427
63.9859999798843 3.45014255070582 0 428
67.5399805316408 3.1117637210967 0 428
96.3853797975429 3.9650906677485 0 429
75.1741412685973 3.42098047987958 0 431
97.0357362816549 3.22849138135618 0 431
63.658436296177 3.73589171390405 0 432
84.5399488064097 3.01066308137655 0 432
67.3434638873721 3.03714412920378 0 433
67.7243569641702 3.24275502364173 0 434
68.0397443626433 3.17186827556363 0 434
2.7166013634318 3.49800397582224 0 435
67.2559369256819 3.01760080880323 0 435
90.0703461834231 3.12457598809045 0 435
96.3000102748475 3.52965158859498 0 435
67.4777466924882 3.02228368178447 0 436
71.7315112124517 3.24381743077402 0 436
98.0356627804751 3.09550093926949 0 436
0.406869290876076 3.19924552354382 0 438
67.2547066438077 4.50489093576097 0 438
67.3239180233455 3.24014356338479 0 438
96.5493398526738 3.48187842434238 0 438
0.194074634601183 3.21378802774773 0 439
0.204101866952744 3.44995361485275 0 439
74.6534222773378 3.29796886154069 0 439
67.5316049797238 3.0064387207436 0 440
97.7075616143143 3.40660628084776 0 441
97.6571877246652 3.26439203960666 0 442
97.2358146136971 2.99996155930858 0 443
95.8802750610945 3.83275445848295 0 444
49.3404190865486 3.1398552334487 0 445
97.2448266045086 3.06544456585137 0 445
97.892527012099 3.16824038093413 0 445
97.6544485688147 3.30399451732436 0 445
67.7732970612648 3.25989172248833 0 446
67.5250815709504 4.152114916954 0 446
72.0386606359184 3.07796523353428 0 447
67.3459979605704 3.09823699931926 0 447
67.3268018909383 3.3207679739836 0 447
67.6378005955505 3.28032596118475 0 448
97.3287973018372 3.15554810992588 0 448
97.5525050826252 3.00729068911301 0 448
97.6524967321733 3.1636728640688 0 448
8.69664035723991 3.15563671886202 0 449
86.9080190625451 3.34420619506027 0 449
63.8148729148329 3.18592691907965 0 450
76.61368081351 3.30206956767651 0 450
67.8768356882101 3.34199661330151 0 450
90.5957780223846 3.14846120114529 0 450
95.669267367806 3.35164079518733 0 450
97.6763786413682 3.48572325019775 0 450
99.1574420989298 3.07870131010721 1 452
64.02070067625 3.52635870935429 0 453
67.3322858126195 3.04625032235406 0 453
96.7733176225777 3.44232053217536 0 453
1.94037358162277 2.99522562052605 0 454
83.6387550291368 3.10680371344507 0 454
95.8684568924427 3.26048613241748 0 454
67.2932888167189 3.16152529459921 0 455
84.4908177734448 3.03592515315404 0 455
71.2036588542254 3.58437182253437 0 456
67.5104450197422 3.71060896791699 0 457
96.4209404353157 3.51904133114693 0 457
98.0494987238426 3.05177933950075 0 458
63.6679160402519 3.16435281052306 0 459
69.0855589750659 3.09359535785818 0 459
98.6620744151073 3.298780049501 0 459
68.0835523492356 3.26687209175302 0 460
96.6844915707114 3.28105699316362 0 460
98.3715650182955 3.09059089900011 1 460
98.7650392306775 3.19473003382 1 460
98.8029015319916 3.94931532444397 2 460
98.8774090161638 3.6875903194239 3 460
97.6651891371017 3.16614937832722 0 461
67.319615753022 3.07793297825342 0 462
67.3691885225271 3.2057131981774 0 462
72.9255958299323 3.11186282162172 0 462
94.1701532443538 3.14690558420755 0 462
68.8106618869946 3.31073856216182 0 464
95.899729252001 3.04645102148081 0 464
69.2011949552904 3.08014355429624 0 465
78.0170469000203 3.26289743216147 0 465
90.3747797498117 3.02944469692364 0 465
97.6743820721408 3.09705256527948 0 465
97.8249199874634 3.50229680679364 0 465
99.015552757854 3.08683176997486 0 466
73.2011505231392 3.18894770932004 0 467
68.9121878434297 3.15994956337994 0 467
67.4527576532465 3.35489979959302 0 468
95.6620063755614 3.33581436454041 0 468
93.5371850842483 3.68453402544403 0 469
96.7224415646775 3.53766180612569 0 470
78.3971657901875 3.20412915215429 0 471
97.7836443725029 3.35220125780441 0 471
68.0788109952518 3.34790746371544 0 473
67.5907246999904 3.23494422840261 0 473
67.3381875991602 3.71225305787068 0 473
67.770990647744 3.00955064613083 0 473
98.3232478870234 3.13018478312021 0 474
63.8997645507646 2.99391237237491 0 476
68.5328303487626 3.0063615566041 0 477
98.0596042563484 3.11185045030246 0 477
63.666083246058 3.23543201482053 0 478
80.1527686179418 3.2926565204931 0 478
69.3810079049033 3.02894187025093 0 478
82.3536619927927 3.21793103874209 0 478
67.3183758637043 3.05495345313095 0 479
70.7871084487273 3.97029108084187 0 479
97.6522135471598 3.42808030016145 0 479
99.0265937011961 3.11619406762308 1 479
99.0774705606231 3.77381515705553 2 479
67.4967889466623 3.70229902844438 0 480
89.5934112264891 3.15940659926678 0 480
95.8957271043369 3.15930366051076 0 480
97.929403371958 3.15207151926771 0 480
63.8477887344463 3.04990122396001 0 481
67.2636453115376 4.05049979228083 0 481
97.1915524686987 3.1486984702608 0 481
2.59011168603995 3.35319062736047 0 482
98.2839817378942 4.20208595670999 1 482
98.3066497183086 3.22891501098354 2 482
98.6092955821577 3.3648580370575 2 482
66.4575854164514 3.91655675571873 0 483
70.792743755073 3.45381478738039 0 484
75.3872390497311 3.06291090111978 0 485
99.1415799816411 3.10496238439539 1 485
64.0591727177592 3.67921843676012 0 486
67.2859482250734 3.09228877406703 0 486
98.1142188682416 3.01611135976866 0 486
63.7218641997202 3.1167987351287 0 487
67.2580718290572 3.61349622969114 0 487
75.1769246054473 3.13626270482561 0 487
70.4010728945464 3.11840498244638 0 487
95.909334248775 3.13743497052726 0 487
67.4400783313195 3.05333748842545 0 488
67.253652579673 3.11774761941743 0 489
87.1410668421972 3.19414233730434 0 489
92.3623736324478 3.57258015764528 0 489
97.7198918776797 3.71529243500755 0 489
68.9521274623849 3.01508645313405 0 490
67.3091752531602 3.17565139709279 0 490
97.8763325702862 3.84173190416659 0 490
88.291644184412 3.10467211488367 0 492
97.6581633993776 3.16731763871409 0 492
63.6558389834011 3.07049208923786 0 493
73.9833251178881 3.07481545829351 0 493
97.7843110005072 3.83146178687796 0 494
97.7948781296376 3.29101860922806 2 494
67.8977028414423 3.87566579624179 0 495
99.2277179006294 3.48529166513639 1 495
19.0299193293332 4.17316828505486 0 497
67.3868527627407 3.08194869021407 0 497
97.2270310213878 3.10898911382514 0 497
97.6535479678734 3.01925272674168 0 497
67.9172603295477 3.34369150067424 0 498
98.8578150970668 3.21643965412935 1 498
67.2675408244413 3.03443143507856 0 499
67.3175040754747 3.48733089790288 0 499
67.2640937442514 3.00658414058832 0 499
67.6488902451638 3.04999492736086 0 499
97.7524990204972 4.24627515745932 0 499
97.8953204822839 3.12114311809175 2 499
92.6480944704466 3.25713117314566 0 501
87.5570255670021 3.58170396387159 0 502
69.1997502848323 3.09356358815761 0 503
97.0249221335636 3.47186360734444 0 503
98.4419048342195 3.03468460626068 1 503
64.4429759359989 3.34158205842029 0 504
68.1498442778564 3.02715179979377 0 504
93.1392932724068 3.04060943490105 0 504
64.063480830222 3.30325329914273 0 505
82.1861268078167 3.76808000943972 0 505
96.5528075019897 3.13535002399747 0 505
98.2061581091197 3.63268991685484 0 505
1.05869986521647 2.99468971942364 0 506
66.6549771855252 3.04487273192898 0 506
67.4139916228781 3.02887873325406 0 509
97.4424807306539 3.30412443549052 0 509
73.4236665740986 3.04217717519551 0 510
67.4752871914374 3.62917965783056 0 511
67.7376887503033 3.08921830454363 0 511
91.4286618436814 3.42562393593412 0 511
95.9601596229802 3.23069654580112 0 511
95.7254954886385 3.17231782878616 0 512
67.3818441716678 3.21845919765472 0 513
99.0948284924768 3.75436357129802 1 513
99.155867492647 3.02065317056526 2 513
68.3960814754011 3.01011758941721 0 514
67.2568412775735 3.70153487732685 0 514
97.436547609405 3.10955000281057 0 514
80.9542803687594 3.17366799978184 0 515
80.100434540999 3.1710473921997 0 516
97.6645316203869 4.56195405935026 0 516
98.8560387231216 3.04861059969746 1 516
67.2794207558532 3.63167379117194 0 517
68.5020092511363 3.34654859386028 0 517
67.2996184521896 3.2974343885555 0 517
69.7339389834988 3.24252979324451 0 517
82.8438662354849 3.64839557031798 0 517
67.4166809356465 3.01816179584827 0 518
68.1341416901332 4.03761308666111 0 519
67.3360205759218 3.22504346265789 0 519
98.6604183081744 3.05544042287154 0 520
77.9285216258541 3.68781805454627 0 521
97.9174670421269 3.08554120304987 0 521
67.6460214348268 4.30422539039983 0 522
97.9931462573337 3.41945296088926 0 522
67.2646859437003 3.26138837876516 0 523
67.2636915872597 3.05667788603543 0 523
91.4489505916199 3.1456910866038 0 523
0.128579584001254 3.017795810873 0 524
70.4167634832784 3.20867078814158 0 524
67.3730929221284 3.04985459683049 0 524
69.1979800248178 3.67840832025701 0 524
88.5329979292529 3.22902642938513 0 524
98.2155610850066 3.34166002125671 0 524
77.847916643719 3.14243024927542 0 525
77.9399567828955 3.02689486143549 0 525
95.1899900634809 3.08988708138701 0 525
97.962622486469 3.18461545410933 0 525
64.3982327834259 3.30761747503928 0 526
67.6564851183483 3.07090586001601 0 526
64.6627762063913 3.62227525013255 0 527
68.5429709050827 3.08841753197716 0 528
97.7518450238629 3.20088389678952 0 529
97.1694260179301 3.76787945595793 0 530
68.3181261581931 3.13348863859369 0 531
95.9809436756087 3.13054334338925 0 531
79.0305290468945 3.16708902765885 0 533
97.163204077349 3.03296050719758 0 533
73.6816243711048 3.46116419780527 0 534
68.5707328768199 3.11280344255387 0 534
98.1449343930435 3.33056546291636 0 534
69.6882644902824 3.59578948780427 0 535
97.6534124379016 3.02922405464738 0 538
64.1441437856806 3.15025132918008 0 539
65.7462601891293 4.51467697119913 0 540
69.7717975614422 3.4155029300874 0 540
67.2674714353816 3.10420256568644 0 540
97.8999957658372 3.40434579273681 0 540
99.0333955804624 3.11987086130702 1 540
67.2584352241029 3.37539659965881 0 541
91.293758227168 4.31474434365367 0 541
67.7503454997545 3.62286041842675 0 543
97.1684800538887 2.99945881960222 0 543
97.6928236771782 3.15565361886366 0 543
97.7221154185668 3.14648525595267 0 543
98.8270174527813 3.18571013310242 1 543
65.3061870676212 3.12141104655053 0 544
97.6619441469784 3.08385616556175 0 544
67.4499863515078 3.50667305241036 0 546
72.4659554419869 3.52183212590376 0 546
97.6815741926514 3.04904556096379 0 546
97.7658641241817 3.64758030448339 2 546
69.3187411440091 3.07286433693335 0 547
97.4319894996463 3.8880795520625 0 547
95.2061725879768 3.04383445320849 0 549
63.8412469993489 4.20966447326969 0 550
70.6455232352394 3.17335714691871 0 550
97.6558979974357 3.04972196351505 0 550
67.2645323563969 3.00226830158976 0 552
97.3517866671003 3.26019705081901 0 553
67.267943335085 3.14440682387249 0 554
97.8235887540366 3.11627403546485 0 554
70.8359694884208 3.01246274181931 0 555
97.6513438790939 3.01686987346857 0 555
67.8676090927731 2.99175140977755 0 556
76.1811849085488 3.0012617558818 0 556
97.3036384914836 3.15783093076074 0 556
97.8415962152133 3.14176581843599 0 556
69.8754398146256 3.22103638519255 0 558
98.5434893396847 3.21918468428531 0 560
10.3466172175483 3.71957151022805 0 561
63.7970196142382 3.33911077753486 0 561
67.3647806049185 3.03460966600899 0 561
72.4270685727763 3.12864202717362 0 561
67.9308901171303 3.11627774599718 0 561
98.762874541552 2.99521102102369 1 561
0.0129813390607027 3.06231606241696 0 562
67.4807997206108 3.45488163079152 0 562
75.6350678228 3.02034844686516 0 563
63.7409062569619 3.22491849190673 0 564
67.3165770504618 3.17704879856767 0 564
82.8305400568248 2.99104267943083 0 564
67.2840491521236 2.99867340203254 0 565
82.0233293729689 3.06011707022558 0 565
72.9738848837233 3.09969967231658 0 566
97.7004134969682 3.11836137251968 0 566
63.7123114367836 4.0327681672571 0 567
75.6820586533021 3.05320443452246 0 567
70.5315813442564 3.33813746256378 0 568
95.8959620403606 3.22516480663425 0 568
66.6920788738394 3.57366873133912 0 569
67.3637418981843 3.12971688893778 0 569
97.6629942016698 3.1215869266922 0 569
67.6892756745418 2.99209898108465 0 570
67.2775678617855 3.07132054401325 0 570
67.503241403926 3.04973216076992 0 571
96.3576353545534 3.10942292781972 0 571
0.475135308037128 2.99446830929133 0 572
27.2856109986253 3.63138321324204 0 572
65.1400953177006 3.09229999988535 0 572
67.6209953003518 3.37586733378864 0 572
97.2131216407279 3.0287694965964 0 572
67.5017311362461 3.03355472755469 0 573
73.5693657167722 3.05631812405991 0 573
67.3453453641461 3.09087987092653 0 574
69.6783429150303 3.37691618618388 0 575
85.1535637553847 2.99608374443629 0 575
63.808874679849 3.28560728736266 0 576
70.8062123171349 3.31602158008192 0 576
67.2639797833501 3.43245306655764 0 576
67.2576820478457 3.06570559175952 0 576
67.4381843031071 3.35578697628656 0 576
97.1629703959826 3.07213664844783 0 576
98.5039638599653 3.12075843911453 1 576
98.5049742693786 3.00631955725104 2 576
67.2803020019778 3.23823073119308 0 577
27.1587763831462 3.14465453188288 0 578
74.6851022979674 3.28611858069248 0 578
72.5916684070869 3.43043872087727 0 578
98.4541361366671 3.18909768295151 1 578
98.460764789378 3.0779678023527 2 578
68.0543622075968 3.39412992632424 0 579
72.2107781398738 3.94095668768943 0 579
99.2183360252336 3.0671291138091 1 579
67.2714446246096 3.27304832649758 0 580
96.7813860360646 3.44585501111902 0 580
67.3622889348361 3.19060301176175 0 581
25.6120369973426 3.64930001374918 0 582
63.7501225793905 3.26859387870413 0 583
63.7381303483355 3.00728918263234 0 584
67.2573130899407 3.00613870315861 0 584
78.6639219885354 3.06620592972802 0 584
77.3814521308733 3.4757965093132 0 584
98.2182721678101 3.73717067891122 0 584
63.6819443306061 3.08815449841506 0 585
96.3611167717273 3.8545590922114 0 585
63.7650438424021 3.18891344271312 0 586
65.1833872433023 2.99562986728519 0 586
81.7415887855019 3.1247724860372 0 586
77.2465157023424 3.59067423298124 0 586
71.0069007722061 4.16118405130832 0 587
4.07282899638258 3.4409953054879 0 588
63.7445568017217 3.56460629560554 0 589
68.4965343612491 3.07816660266243 0 589
96.4586921871146 3.01779146790659 0 589
97.8036728917667 3.28572971575685 0 589
74.641076635927 3.59362701871872 0 590
67.3218556928208 3.70605712217964 0 591
67.338848659282 3.2600032433301 0 591
67.2959383975944 3.781835538623 0 592
67.7733259917607 3.07299901357889 0 593
67.8183599278238 3.14544205345721 0 593
66.4694343692559 3.67876188969046 0 595
75.0024675660799 3.8867535170231 0 596
68.0132238505319 3.143489009346 0 596
69.586696190372 3.03291889087233 0 598
87.7450933952192 3.43626296966248 0 598
96.4120676115987 3.72447239047289 0 599
97.8964283038547 3.08754097760079 0 600
67.2665660371104 4.13945107292004 0 601
97.7449691173507 3.31427333084652 0 601
97.7737547536559 3.14565450510246 0 602
97.8536200730148 3.17973016178068 2 602
67.4079532407338 3.1645355739711 0 603
67.3722486788348 3.04469405950042 0 604
67.3458702136385 3.07386991536207 0 604
63.9452419311904 3.09023212634875 0 606
67.2993857363749 3.00216026064349 0 606
70.9992996184962 3.04912269663227 0 606
70.3933093669297 2.99593732345223 0 607
67.3882677590102 3.18044662672009 0 607
65.3810816702994 3.4169919225576 0 608
84.6221114627547 3.23215309251009 0 608
67.5205149338524 3.46806092540626 0 609
97.8865171516049 3.10162571330148 0 609
63.8194437203488 3.36063155637265 0 610
96.6636381580036 3.28792453757213 0 610
97.5182794154005 3.13475172591757 0 610
67.3472060109823 2.99240546395557 0 612
67.3176746785664 3.13330043939376 0 612
75.8408721100432 3.44920588962226 0 612
45.745661064473 3.67222788319161 0 613
74.4421519232725 4.02164617935188 0 613
95.8746965102087 3.0638600993733 0 613
67.2668922823279 3.89070777172713 0 615
66.4610160151661 3.04931000940943 0 616
95.7157136504892 3.59617207363083 0 617
97.1999700894464 3.23603065954656 0 620
63.6819461923867 3.06976466070741 0 621
70.8494474641753 3.27214354920179 0 621
97.819397579267 3.01681858245879 0 621
97.6635525731535 3.29374002077852 0 621
63.9595008263832 3.67676008917332 0 623
67.2823626563659 3.30351683343446 0 623
67.9728037759844 3.2017660076483 0 623
67.3973471528244 3.11479060890778 0 624
78.652567950943 3.00233109924529 0 624
68.285298564388 3.78920143297118 0 625
68.915073632487 3.62935091643188 0 625
69.3285938930188 3.07270119592667 0 625
63.9358709105489 3.19491137637425 0 626
97.7088872585874 3.14342395376939 0 626
63.7054709673845 3.39552059021768 0 627
67.4190550944286 3.49249052152495 0 627
67.7593507979141 3.19375392114237 0 627
68.6092625839139 3.07249087711757 0 627
97.8302030214782 3.61793427116023 0 627
69.6577164301198 3.34469929424848 0 628
65.4029305575992 3.33985208933187 0 629
63.7441328698256 3.18342484235044 0 630
76.288253049587 3.13434845426412 0 630
67.7929288637371 3.59099528021328 0 631
96.816435140756 3.74013247596315 0 631
97.2107648021396 3.03194925972187 0 631
67.2570512599885 3.13419504215086 0 632
67.7260499257244 3.84908890561807 0 632
67.7831947579875 3.57030579688435 0 633
97.1459990928608 4.30351715714824 0 633
70.0501787526423 3.2919885286333 0 634
67.2685062358155 3.77506794122398 0 634
67.3304603414557 3.20862838370238 0 634
97.6807435092471 3.2245079153178 0 634
97.6783288572269 3.16938825042512 0 634
95.6714780528323 3.12220408933361 0 635
96.3037503171842 3.3720334131393 0 635
97.6511956103088 3.01385566573516 0 635
67.2782207990215 3.27562454384686 0 636
67.2672978127604 3.15579978187522 0 637
75.8387259661503 3.59259300613407 0 637
97.1816135897891 3.11437297425297 0 637
67.415497129393 3.41146927983763 0 638
98.5183507986173 3.0758872843762 1 638
75.7639704264649 3.00034714631516 0 639
67.8856124947002 3.32115209335684 0 639
0.000469965831649308 4.11316437608352 0 640
68.103848083731 3.39763984209209 0 640
92.0453776795003 3.08831536653273 0 640
74.7357402123884 3.05549456381061 0 641
97.6567092919109 3.88670186314097 0 642
64.9481478748503 3.08565093392057 0 644
97.8829611293642 3.11554479353948 0 644
99.1977754315082 3.03428065355628 0 645
97.667916715524 3.89268954529728 0 646
69.2724419105481 3.33622936489802 0 647
67.3404495141492 3.10770959380095 0 648
97.7617157516916 3.04489386988688 0 648
72.6976903753638 3.78256257729466 0 649
69.7964743919764 3.28740659637086 0 649
95.838765290799 3.94304417177556 0 649
72.1949332858312 3.24986975815801 0 651
68.5954476619243 4.27674591855063 0 652
68.7816749567373 3.24473358059031 0 652
67.5058546493517 3.23330642048481 0 652
68.4911320010447 3.24974821022263 0 653
67.3229611989301 3.224323193994 0 654
95.8021227733253 3.07081720208383 0 654
97.2546911563708 3.36164450155598 0 654
0.109072022840614 3.08512563857621 0 655
67.8792244311359 3.00113012591826 0 655
96.8366253825768 3.39924607301593 0 655
96.6590679902948 4.21289199635606 0 656
99.0335771750555 3.26660900786885 0 656
67.2621270557332 3.40667025772665 0 657
70.4925069043299 3.02577062908916 0 657
97.6697801384769 3.08076233248479 0 657
63.7663713596716 3.2332823262043 0 658
97.6732004058745 3.06779628903368 0 658
97.6555683656983 3.57769916955369 0 658
97.718344727022 3.54895900785416 2 658
97.8865463097896 3.14727979591952 3 658
72.0042405902834 3.0277456444627 0 659
97.7074928295295 3.83080346164035 0 660
84.2293287344484 3.34942527397179 0 661
67.2611678256939 3.03211509917659 0 662
97.0000056173481 3.00697223697344 0 662
98.9439813056767 3.05765708574479 1 662
95.8829722685209 3.04064776832683 0 663
97.9509397669475 3.10773690446746 0 663
99.1631144988157 3.77083719068408 1 663
99.1912461039697 3.6702777103048 2 663
99.2364378104544 3.50647813254869 3 663
66.4698767295067 3.57467827486031 0 665
68.2275429187169 3.72670019802673 0 665
97.9890058818281 3.05244877987818 0 665
98.6974794498917 3.0233673521833 1 665
67.3148302895185 3.75776078172171 0 666
98.3296970429171 3.26055121662404 1 666
63.7247427774105 3.10454444290834 0 667
69.3248566333119 3.00314631588771 0 667
98.8764731115468 3.17302331164052 1 667
0.138936097446528 3.09732179996446 0 668
67.4505691605984 3.95638098405583 0 669
68.1875909194309 3.7260181484073 0 670
69.7488843031582 3.30194487076483 0 670
67.2897700622473 3.06265033605125 0 671
96.3778794553989 3.28405408564139 0 671
99.084708093879 3.31202695351362 1 671
67.2896236366684 3.6761508804977 0 672
95.7749649926157 3.26808186159707 0 672
97.6834044542798 3.12101910693553 0 672
0.00851963145549001 3.68636019449518 0 674
64.7169692012376 3.86456865332897 0 674
67.9136468240102 4.21505624360435 0 674
67.277661219084 4.01673153945983 0 674
67.2687910101107 3.29284724443042 0 674
98.6041301986179 3.07153673088227 0 674
98.1611996474981 3.85764128410854 0 675
97.9731677196689 3.2580085470688 0 676
97.1742183654392 3.74177540485488 0 677
68.4225003548103 3.22053608788406 0 678
97.140042849499 3.19190372035402 0 678
67.5201505367971 3.19073723502402 0 680
96.676304280497 3.39730277730427 0 680
0.00840372511937229 3.05839803308193 0 681
99.1825442604367 3.00794400009319 0 681
67.2858497482474 3.4343667578187 0 682
97.6685590964336 3.42488185643031 0 682
74.5271801253168 3.10375754490841 0 683
67.2564569027073 3.37002257595516 0 683
29.3273461332935 3.29063198667104 0 684
67.359837654895 4.0281602323354 0 684
91.890988272485 3.41235581247488 0 684
68.0391443933708 3.47275900226001 0 685
81.4460704845093 3.29848059477196 0 685
5.89902037253415 3.29958770552532 0 686
7.82204830105943 3.03536650483014 0 686
67.5257622310083 3.17820622789626 0 687
67.4325387696735 2.99784776704403 0 687
95.8971883868239 3.28211269028406 0 687
97.4670789590184 3.24791637852227 0 687
67.2527197231127 3.04940612906931 0 688
78.6349267230433 3.11314457749042 0 688
97.3306505341177 2.99162782560877 0 689
97.6678482994554 3.04532030533071 0 690
67.3050726282286 3.56015204504063 0 691
67.3297171505238 3.12313870609374 0 691
90.9984153884667 3.22669499859682 0 691
97.2154450341864 3.21778256847728 0 692
66.4254547091459 3.18786904700013 0 693
67.3973937557131 3.4289324970295 0 693
99.2286580663447 4.29260762068935 1 693
97.6552180523937 3.50197174568019 0 695
0.0677801453914387 3.57036505754712 0 696
68.9819154129316 3.0578165791071 0 696
63.594026607203 3.14651810344208 0 697
97.3501214324579 3.41336702285351 0 699
96.2455844423519 3.16992098682967 0 700
67.6700837651677 3.13847326351658 0 701
68.0898584315054 3.33363939605771 0 702
96.7207604556119 3.21507834775834 0 703
63.765947584874 3.41287790940305 0 704
70.1541655529078 3.28638969025675 0 704
67.3511586329166 3.47933622900991 0 704
95.2109489612109 3.04256699948619 0 704
97.657136934803 3.10959664614859 0 705
97.6520236775055 3.00814367346693 0 705
98.9193302695446 3.02825156632271 1 705
67.603639657659 3.07275965402263 0 707
98.7403564179052 3.11645830115209 0 707
99.2133775222853 3.40830213303419 1 707
74.4091389888699 2.99798433726825 0 710
72.6574411908089 3.74435142045761 0 710
25.5298143611997 3.06834130936935 0 712
67.5604597695994 3.69623687195683 0 712
2.15443651351276 3.09581326353951 0 713
67.3896566159152 3.39701624392278 0 713
67.8089792901265 3.15305368422576 0 714
67.3149947736941 3.95643780631545 0 714
97.2899515037572 3.49463534602037 0 714
70.0279439840285 3.25367530447597 0 715
63.7694367096223 3.00653985611577 0 716
67.6400508503009 3.95434492004931 0 717
91.7127035991423 3.00755284736397 0 718
64.4094660574313 3.54183668837054 0 718
65.8689492716662 3.41134019966554 0 718
67.7511185479322 2.99880840888175 0 718
67.2989930337161 3.14199683652772 0 720
67.2574215694199 3.49596308190268 0 721
68.281119413716 3.21832288567072 0 721
98.3931174659908 3.42925526177427 1 721
67.2697043406328 3.08557311544575 0 722
96.3514458188376 3.09718603871343 0 722
67.2635503672968 3.14715945869373 0 723
0.933887576699358 3.02533692886076 0 724
63.9528929489796 3.1371985397088 0 726
65.1350586961834 3.52418610137745 0 726
67.2753099778591 3.13066433498046 0 726
73.7497403453263 4.07856499310336 0 726
67.6754950609299 3.07559908288359 0 727
98.6849578048375 3.20876219826833 1 727
98.6855600632162 3.43984841850807 2 727
98.8360973002485 3.26842077263793 3 727
72.3394018930472 3.13702453062113 0 728
85.0008135790125 3.46414741854234 0 728
67.3085652290562 3.07259622109231 0 729
63.9669667590816 3.17955523021437 0 730
96.5999253660972 3.00663177977507 0 731
97.6802652117844 3.41011961736438 0 731
97.6524722610712 3.15131130549333 0 732
67.4109735989897 3.24449561792546 0 734
96.9149343859129 3.42187009269401 0 734
98.6516375265143 3.30415968123051 0 734
67.7790658956101 5.24460174899344 0 735
67.8127249088862 3.27842685635275 0 735
70.0484210802453 3.05023002438724 0 735
1.83214843391276 3.24044632572553 0 736
73.7417459170529 3.15733815570637 0 736
63.6676073392728 3.02810731237485 0 737
70.8073329537197 3.21885421376142 0 737
97.7403961587002 3.00141685615687 0 737
67.2593915240375 3.13329074929198 0 738
97.6538885814234 3.04329329591984 0 738
68.2154493201517 3.0614622302227 0 739
96.9687658941808 3.01429106498556 0 739
97.2218379407715 3.51333619860863 0 739
63.8096445415612 3.12605108776406 0 740
67.2612886048559 3.13931326487008 0 740
68.7237643699327 3.33816660512565 0 741
64.2947389449106 3.32798810519007 0 742
67.4847718157538 3.21697597669521 0 743
67.2764367681852 3.02999731173128 0 743
89.7691721362414 3.39482674142353 0 743
64.1821331307738 3.30042967870979 0 744
70.4867602678599 3.28385162827219 0 744
95.2066859071712 3.15318952909581 0 744
97.2160342179953 3.03110089715363 0 744
68.1284562559633 4.41745787921112 0 745
70.4116571781471 3.37235044120398 0 745
98.7911472355423 4.33030009736667 0 746
98.8158822028216 3.43250790518082 2 746
72.4392974909405 3.05393884161762 0 747
73.4398092963742 3.01035680324854 0 747
67.297582482381 3.78436249981272 0 749
89.1712908011052 4.32232739143195 0 749
71.0177069287082 3.62346982977443 0 749
84.0299032118 3.04009458616785 0 750
97.173363099798 3.74400823067838 0 750
98.7366347231038 3.45440348156494 0 750
71.9716686874269 3.19887748933068 0 752
99.0290285551261 3.11009918977201 1 752
67.3901259321983 3.2965110111844 0 753
97.6765572969272 3.49934431686467 0 753
98.7063432957318 3.00117323116922 1 753
46.1212449149375 3.95611215967856 0 754
56.4481822454714 3.10915754058538 0 755
95.9824729812825 3.49504601185094 0 755
67.3599490299166 3.67763621323807 0 756
97.5523849825349 3.01256643399094 0 756
95.8236533162074 3.05230986041335 0 756
64.6648240926859 3.1302018545026 0 757
83.8289492741159 3.10596466409183 0 757
67.308102240048 3.04152300295234 0 758
92.0881867681548 3.26725361291356 0 759
67.3345182921608 3.37059141983649 0 760
70.3905857723922 3.09079220799057 0 760
67.2529217840278 3.10367919597127 0 761
98.7865428603061 3.41071733193865 1 761
63.6647988492501 3.70216395665341 0 762
89.1321718695586 3.0302907765914 0 762
2.04865794149403 3.18564056535489 0 763
67.2999095080291 3.17449723354769 0 763
97.3612252870706 3.18861093457724 0 763
68.7662406336418 3.00713859905138 0 764
69.0421642921369 3.33782767011653 0 764
76.0017866171921 3.84706147983782 0 764
68.7387413624366 3.11970211956607 0 765
10.7488138806204 3.31075544444016 0 765
96.319791255254 3.06913777424803 0 765
98.7141483534927 3.08225331387165 0 765
67.2734357692585 3.05331721683669 0 766
68.6654297973321 4.03008756296497 0 766
74.1281985418694 3.12989837461474 0 766
0.434077254150054 4.24782373396718 0 768
63.829771588709 2.99693589944792 0 768
67.2704223107053 3.10182523284401 0 769
67.8511975907552 3.73933624233845 0 769
97.9224245647347 3.17235208576863 0 769
67.4666539750862 3.08939238505942 0 770
67.9633256527942 3.11644949418579 0 770
99.1784381051354 3.7587615944638 1 770
99.1835367001966 3.25792095346706 2 770
56.0975669180144 3.23852264306655 0 771
68.6114276533233 3.01339513815312 0 771
63.6959368818425 3.22221761063878 0 774
67.25597718928 2.99608793122556 0 774
67.3779655536171 3.02164104848582 0 775
86.0502800944683 3.11628685001815 0 775
72.1192122671139 3.16911348880025 0 776
98.5120583737492 3.18481677385461 0 776
95.9450224830664 2.99322220371025 0 779
97.7500983229808 3.33065841094055 0 779
80.7220132359655 3.29410836391179 0 780
67.2614673945416 3.05830571201107 0 780
67.2601585709553 3.44542090429007 0 780
67.3121582030284 3.15230816912802 0 780
0.0317262889504423 3.08565124748668 0 781
67.2731814002069 3.11560603436468 0 781
68.1257998693429 3.16436067982064 0 781
87.8102469468469 3.15814674970237 0 781
3.14935812563226 3.04285858455322 0 782
82.8123897050642 3.21375166650008 0 782
96.369291323524 3.06519446678837 0 782
67.6046207754984 3.01360643596596 0 783
82.7611917371607 3.49278015827538 0 783
97.1925791563673 3.63328500353301 0 783
7.01363786540444 3.25127549564409 0 784
67.5017284276012 3.25623032466663 0 784
97.4192460516782 3.1334758731203 0 784
67.8784071012703 3.39226595392428 0 786
77.107752437195 3.07994354648338 0 786
97.6530849276816 3.26290619777432 0 787
98.6316052593563 3.01187487799109 1 787
95.8640510181766 3.07707064335012 0 788
98.0649520995951 3.5525695902197 0 788
97.8727684975809 3.11483360408483 0 789
96.3703926207994 3.3574785418163 0 790
67.3360668301354 3.65894472145615 0 791
97.7338398501893 3.39737008767875 0 792
98.1693109584777 3.24680167703891 0 794
67.3064922707866 3.08915624465951 0 795
70.4012373457868 3.14460843643095 0 796
97.2907838620101 3.21643849552035 0 796
98.6613365371984 3.02506718453863 1 796
67.2634642707118 3.10818372315112 0 797
68.1399659964979 3.37261805173395 0 797
96.3647281329486 3.97311743264866 0 797
2.77262336346652 3.89099974389013 0 798
67.263055591414 4.87616810353927 0 798
68.3203479959157 3.80775311911881 0 798
97.1747150595397 3.0283614693735 0 798
98.9348552694816 3.23974859022638 1 798
0.0467951559410449 3.58132698226906 0 799
67.2553544795296 3.23044908972545 0 800
64.6540691856171 3.027349533437 0 803
67.2687488576976 3.14550620559986 0 803
69.1232945988296 3.06667927580188 0 803
67.6703130174639 3.89302313116754 0 803
95.8465002103518 3.6907634625427 0 803
67.2528594429741 3.53913844136437 0 804
71.4102957983211 3.3080613734681 0 804
97.6930357875503 4.10296619055826 0 805
67.3023119191337 3.10707014839139 0 806
69.7884226221027 3.25270632993179 0 806
70.1863555494709 3.15707930172972 0 806
80.5285626887827 3.36058063262997 0 806
97.2854233035834 3.32213789070701 0 806
98.8548129715298 3.1267470862737 1 807
63.8409170180138 3.15735223062852 0 808
67.2542157237477 3.21655268447215 0 808
98.3632929275546 3.22881477072297 0 808
98.6994190702487 3.27097857868392 1 808
67.5712032074397 3.15483228454016 0 809
68.5143525256024 3.22892124141497 0 809
73.5175375639301 3.53803817998558 0 809
68.8567276103013 3.10353623525993 0 809
64.2434434802497 3.1969733954649 0 810
67.3489833839923 3.92083548924243 0 811
68.1773552973549 3.26454339424035 0 813
71.3155106320644 3.35771196925803 0 813
96.3040734666539 3.53718796383355 0 813
97.7203943634967 3.01046915325648 0 813
96.6929672602615 3.21023944655148 0 814
97.9771722478497 3.20848458167702 0 815
72.6186926300354 2.99856535800681 0 816
67.721558318132 3.00877624428219 0 817
67.3140705645205 3.19325607870022 0 817
97.7697067984352 3.06050781616861 0 817
67.2608990369111 3.02195340602794 0 818
97.1316410032658 3.10586501384148 0 818
97.1259864828829 3.23103056702839 0 818
97.6830963560273 3.10572950976074 0 818
97.8486511667297 3.05945045124001 0 818
98.4331547913371 3.31619846015109 0 818
33.6685459052835 3.82149570813991 0 819
99.2451987582997 4.11243194865971 1 820
65.0807198254719 3.20029152329138 0 821
67.2733435184069 4.22326664234265 0 821
67.9477640878063 3.44725878848019 0 821
71.874854153758 3.7004987576962 0 821
70.8915634434588 3.57441201693636 0 821
97.7650612578358 3.103226076578 0 821
68.3697845752253 3.46390183053301 0 822
69.3583698988868 3.11619091017945 0 822
98.9380492784465 3.21034170409649 0 823
82.5648954303452 3.04321629587818 0 824
97.7413847222981 3.23012851218708 0 824
67.8031434257338 3.2498802367195 0 825
96.9792857429737 3.5477972990298 0 826
97.2851567582727 3.06755923910815 0 826
69.0602257372754 3.2931144512327 0 827
68.0743540557589 3.07192473698459 0 827
71.0317106093131 3.02922511997414 0 828
63.8208334174484 3.0445416115333 0 829
67.7072882756507 3.04944001365213 0 829
78.8170446131584 3.89193620377113 0 830
67.7565018039339 3.06317335944104 0 830
63.9020158630151 3.12045352289008 0 831
64.4393015544544 2.99300335153005 0 831
97.3500021178771 2.99821954366407 0 831
95.8459235719107 3.70627320540903 0 832
98.016273383504 3.26591693238035 0 832
6.27520560441554 3.26849754907348 0 833
96.6622792711865 3.03533227204502 0 833
64.0295192079548 3.12646700927894 0 834
97.8125275821279 3.19273315907396 0 834
64.6695037246067 3.34944068445866 0 835
67.6149785901655 3.01864248633731 0 835
85.1803977518075 3.4580290420122 0 835
99.1404865479369 3.44690433739971 1 835
67.8950721048114 3.01662875412094 0 837
97.5925522372397 3.38357792067408 0 837
97.6856979942427 3.10856685534537 0 838
63.6612568014067 3.18483645361781 0 840
77.1459762426258 3.14453146185797 0 840
97.7075672308647 3.0426139053818 0 840
67.2764790849569 3.10515731860399 0 841
68.4579978335241 3.07271569008433 0 841
96.3055481718601 3.13321643063913 0 841
68.2124174053884 3.96308122425 0 842
96.303942106364 3.82158174462208 0 843
98.8857854942418 3.0831618014285 0 843
99.2301525472025 2.99243462442575 2 843
73.1419680342326 3.06782613583172 0 844
67.5564440499406 3.07775922938394 0 844
68.5547068089097 3.10862897476162 0 844
84.8293202212739 3.8772637727803 0 845
67.2689653037022 3.01820204528669 0 845
73.7522594447977 3.20374955750083 0 845
95.1772116324046 3.00299290273665 0 845
67.9771473183454 3.30065415962972 0 847
69.1931688164244 3.80470509316155 0 847
97.6513017398515 3.71080506216631 0 848
97.8909705014181 2.99477328217485 0 848
91.069060206005 3.09866428949925 0 849
0.0369642181327986 3.01609330169314 0 850
67.2683946844982 3.2694488180578 0 850
67.2781948290633 4.35520951246315 0 850
96.5844392318518 4.05009884695617 0 850
69.6202178745007 3.20964152823498 0 851
97.7286127383149 3.24272749580809 0 851
97.8556565989433 3.09953508326961 0 851
1.77793384345884 3.01034250252489 0 852
65.1390656344544 3.17276853084223 0 852
50.1541509073596 3.1373242306402 0 855
81.9538061230353 3.28670578732226 0 855
98.2281221961833 3.10711347792637 0 855
98.8443440933929 3.0127301201725 2 855
98.5308083287457 3.08472455236823 0 857
96.9301923287385 3.20332844957214 0 857
96.267252657245 3.33980321300928 0 858
67.7628697938718 3.51822212194832 0 860
73.9804079206203 3.10308224077233 0 861
69.796449179258 3.07198040148334 0 861
67.4083829676988 3.09294792578615 0 862
96.3420441392493 3.47799415179251 0 862
96.3530342452623 3.11242475799953 2 862
25.2457411606033 3.0376524406702 0 863
63.705491218594 3.4209726613282 0 863
68.7616187452943 3.59239236474244 0 863
70.0818122073627 3.03920638791137 0 863
67.310215762405 3.13306685095921 0 863
75.2658953614643 3.15484451513338 0 864
67.2566199588979 3.02990970652718 0 864
97.7027536897965 3.22908985736098 0 864
96.0902352902382 3.06448578117951 0 865
67.9868588863806 3.00799025494167 0 866
97.8945569360548 4.2468754025469 0 866
71.4230168107141 3.58768969072205 0 867
91.8778243054455 3.09945292584531 0 867
68.737632632688 3.90609494440708 0 868
96.4336093920407 3.02468639318357 0 868
97.3136092802866 3.54129277871164 0 869
67.2699713185906 3.03971947556213 0 870
70.2059476328723 3.02086074436394 0 870
97.7991600107785 3.35242604895787 0 870
29.3568938660809 3.1061369229236 0 871
63.9842370123907 3.31705017115392 0 871
96.9119924738578 3.30828694902002 0 872
67.263822477563 3.1234601895865 0 874
85.9905384141018 3.41987557014826 0 874
96.6896407770976 3.59352410056414 0 874
67.2597925592729 3.45990677786512 0 875
67.2825693167637 3.20206464771137 0 875
94.437523543883 3.1058666573775 0 876
97.7025428709151 3.3644679932299 0 876
67.311061165235 3.16220243107451 0 877
67.8954164075453 3.34099776020408 0 877
97.7254280065379 3.51407454510624 0 878
64.0100994057025 3.2597433551912 0 880
70.6998224659767 3.15916766688755 0 880
80.5586132958555 3.05465441891376 0 880
97.8373820258349 3.6334626825141 0 880
77.8716145851256 3.21641345605436 0 881
67.2713381418374 3.53178645151738 0 881
97.793888752178 3.14923613419776 0 881
97.7420516793722 3.25660684185848 0 881
97.1842443099413 3.07595949092649 0 882
99.0470240653758 3.02531075497578 0 882
97.8479640335483 3.04056214459897 0 884
67.6478391074524 3.9080305010725 0 885
97.9264020675953 3.6459619658401 0 885
67.942961037309 3.2741782130574 0 886
76.6339218562566 3.59575071202232 0 886
68.0267452546434 3.31907873546697 0 887
67.2890376384338 3.00241250316915 0 887
71.0861834831594 3.14053229403435 0 887
68.7158067528151 3.17828479226457 0 887
98.8323708474443 4.17171296019337 1 887
98.8396692000971 3.12022590994457 2 887
99.1282932895508 3.01372887807977 1 888
67.2555306779479 3.18411659738719 0 889
99.1457261280943 3.49604875568339 0 889
68.3517822134955 3.11322242204754 0 890
97.9402732793773 3.18740345585554 0 891
67.513042633609 4.33269111078049 0 892
70.6889940854286 3.54844011865035 0 894
63.8347865238958 3.05646642623757 0 895
67.3640392457468 3.04003997506946 0 896
67.2991389539072 3.04623081623762 0 896
82.2783388879433 3.1108614636909 0 897
97.6549096844354 3.07930309183392 0 897
4.73530892019981 3.25262639178034 0 898
67.3513396276553 3.34562591456538 0 898
96.2300731403076 3.36680699344815 0 898
67.9401544261046 3.24344083060119 0 899
83.0145915031413 4.28712780754547 0 899
98.0924486684233 3.05494273522913 0 899
67.8521704050613 3.00228688666843 0 900
69.4493865147889 3.08100501008557 0 900
67.2561587345331 3.78514894815318 0 900
67.263097903454 2.99361118926473 0 900
71.9199248810066 4.20569439577225 0 900
73.0486494951464 3.62257443219541 0 900
96.608587205553 3.31367056697985 0 900
97.6807228731667 3.40855973198899 0 901
68.0810818862409 3.43587194514549 0 902
81.1807223515399 3.41019815825311 0 902
75.4599536417247 3.0707054390866 0 903
97.6531090080427 3.3015375841336 0 903
77.2441606469943 3.02235884672816 0 904
67.3451764994354 4.253423400643 0 905
69.882129670728 3.21687876726166 0 906
71.6321551617273 3.19987983613087 0 906
63.7432155620966 3.49776833588719 0 907
67.4024889494351 3.16732153950683 0 907
98.4362434351158 3.22340574648757 1 907
67.6308010727791 3.21726394975415 0 908
0.00700704291512325 3.14352384926782 0 909
64.6160782290053 3.30405191173858 0 909
97.6914597129398 3.37904970183236 0 909
76.645274951543 3.2913615257819 0 910
67.2941123270394 3.12483196508145 0 911
67.6799351184644 3.12128867108845 0 911
79.3481389353975 3.19321615370299 0 911
1.57127238377896 3.26476305301402 0 912
98.1812010204578 3.57712447348633 0 912
68.847798038975 3.50368505819727 0 914
70.8024151126407 3.16360363018586 0 914
98.6326451978496 3.03467256132604 0 914
90.2543116475585 3.0833512789784 0 915
98.5977976480306 3.07363210659069 1 915
64.258499027741 3.44663166837829 0 917
65.9061652031498 3.54915688029951 0 917
68.6304502189727 2.9965747459191 0 917
98.9159270906627 3.02653940792275 1 917
67.3562006748454 3.09362908862726 0 918
74.8755021898433 3.18045246041312 0 918
67.3136620185315 3.1535544488538 0 919
97.9826445814632 3.05589175018978 0 919
0.0453409461251891 3.15607272405922 0 920
67.254445394178 3.04481981344801 0 920
68.3522796302274 3.08522587081738 0 920
71.4898659549144 3.51350615167559 0 920
97.1287279812644 3.33435315281597 0 920
43.3962322173698 3.19567239572573 0 921
67.266757302316 3.09685739743886 0 921
67.511301487766 3.1210496187361 0 921
97.2253030165521 3.17751587241038 0 921
67.2720565312645 3.05931865615428 0 922
67.6232037803538 3.15117973345527 0 922
98.7847663271047 4.41492303862606 1 922
98.8860513623534 3.39301713381351 2 922
98.8513146293119 3.17200616179313 2 922
99.2195646522737 3.08897229511356 2 922
99.0163863554258 3.00251385224059 3 922
99.018869861929 3.14224694609981 3 922
67.2857613564841 3.17160206899181 0 923
98.6788476446226 3.10846820350771 0 923
79.5521284585683 3.00477409262241 0 924
67.8436222191406 3.61635601202247 0 924
97.1632595260472 3.06535074359466 0 924
97.8372655401065 3.41163125476126 0 924
67.6594096260756 3.14808938308291 0 925
67.2681315945176 3.69549920588817 0 925
69.3006935197762 3.12472762230049 0 926
97.6602738717711 3.5381870405746 0 926
0.0419388957080076 3.06664463928639 0 927
67.2965777577087 3.21403124598495 0 927
71.7092453559228 2.99233234060271 0 927
97.8092345905415 3.09519694055847 0 927
98.302860036473 3.3991037570444 1 927
98.362812554681 3.00581746470464 2 927
98.3245775630048 3.15696799802958 2 927
97.9319637269011 3.6784380602608 0 928
97.6517508052021 3.35142413736321 0 929
98.8556254515231 3.0229114203898 1 929
65.6515502825874 3.06077511491999 0 931
97.6731944321013 3.23437606454349 0 931
0.0459569660664875 3.13036016191457 0 932
67.8634806178313 3.80489204495569 0 933
67.2725634927806 3.06693912985751 0 933
67.3761134036455 3.04883676910467 0 933
67.3063944441559 3.53416605173062 0 933
67.9210581231976 4.27836245335563 0 933
69.0303984632164 3.69485974785256 0 934
68.016817041007 3.2979414890377 0 934
67.3494073680157 3.339528942638 0 934
98.6926114895155 3.03304339090124 0 934
98.8941266963614 3.04641151466937 2 934
99.1082041225983 3.05371865022786 3 934
68.5393976884718 3.14645801114744 0 935
67.2917595605852 3.14478881739049 0 936
67.8532653186592 3.08054530050207 0 936
98.5208838209316 3.0744233912828 1 936
68.4090296765006 3.13800317504623 0 937
69.3068152111287 3.96786136094823 0 937
67.5954032462334 2.99992097672139 0 940
81.0735742690832 3.10747615697563 0 940
70.3752782152592 3.62116266969551 0 940
68.553566736518 3.02497811934107 0 941
67.4777232814742 3.03050216716297 0 941
68.5439305483287 3.79685659429028 0 941
75.1742733001693 3.4332663683025 0 942
98.5127052976556 3.26112960007467 1 942
95.6821437651569 3.53719416180473 0 943
67.2814473259362 3.06374169090126 0 944
95.8787509163538 3.11102299477458 0 944
96.9214334352523 3.42492689421894 0 944
63.7849778288396 3.04446178578091 0 945
67.9731478112984 3.26006649309916 0 945
97.6958214416962 3.00851590963348 0 945
63.748063368594 3.29430308792259 0 947
71.4763932334187 3.15735315010281 0 948
96.9031662580933 3.79484475532103 0 949
5.62528842343655 3.63783594940422 0 950
97.6812765027272 3.38649981727128 0 950
97.7018323730015 3.3106374413387 0 951
80.5963942126501 3.14807028225264 0 952
94.4476818488844 3.00553737283101 0 952
67.2700621629414 3.41760179531706 0 953
96.2155479542772 3.18209783815016 0 953
97.7317502268839 3.00053004981153 0 953
87.0368240603095 3.20235413406764 0 954
0.00660442677295575 3.07721470137873 0 955
68.098224255029 3.06188983487769 0 955
97.6913644752634 3.21134167718605 0 956
95.9188774599412 3.07227243136068 0 957
67.337796056682 3.47684406795393 0 958
95.7124012629095 3.57189384837371 0 958
97.7125500628978 3.14619987761544 0 958
98.5671226052381 3.07767454886001 0 958
98.3418257972032 3.07445640366747 1 958
67.4603430611575 3.64959217193111 0 959
67.3544746810799 3.25798109757905 0 960
67.6646874051112 3.13084924203916 0 960
97.8780310544201 3.06333003873292 0 960
64.9260893742236 3.31724899418583 0 961
97.7061734573056 3.02726269038988 0 961
96.4050354723907 3.39677437386836 0 962
97.906914554107 3.03552832807591 0 962
98.749744949843 3.11069453411972 1 962
95.8835082817431 3.07748173821908 0 963
63.9601577793846 3.2953287578125 0 964
80.6287999094142 3.13509650476426 0 964
74.870879159182 3.83850256220631 0 965
68.2836409488635 3.36879136705552 0 965
68.5362162626286 3.12141671839081 0 966
96.4391381976187 3.30437522990919 0 967
66.362416107642 3.2296640722656 0 969
67.2839177168894 3.31823033190497 0 969
65.3194200623114 3.7079742478905 0 970
68.6113127906011 3.02782241369632 0 970
80.5931773466404 3.59846065688597 0 970
67.7107215931218 3.95790623854343 0 971
98.3549340098298 3.17150546305942 0 971
84.7695515652175 3.42886954425013 0 972
97.6663646344057 3.37515732932499 0 972
67.26143879889 3.41484311427464 0 973
97.6651702108434 4.52413714509711 0 973
97.6858382740715 3.12602113250547 2 973
97.8435099973187 3.82362939496217 2 973
97.6948730597427 3.10958898377434 2 973
98.3466425670164 3.2352293151385 3 973
67.2740718350719 2.99472794947813 0 974
99.066171931782 3.26008223532989 1 974
63.7431433639624 3.48049437741982 0 975
67.2929081935395 3.96312790748075 0 975
73.3196277044305 3.60653949311071 0 975
97.133229013577 4.80565799517815 0 975
98.5586318948578 2.99071235858666 1 975
97.3821523895782 3.1248945177884 2 975
68.3180054470349 3.16160811907371 0 976
98.0874678040385 3.41168941657931 0 976
78.262869731994 3.04528022696471 0 977
77.1797314174512 3.7288740152522 0 977
97.1253718458596 3.97196351342669 0 977
98.358390952865 3.50234672409514 0 977
97.6594186592906 3.07462807057844 0 977
98.3100398041372 3.20310990792764 0 977
67.3145935548936 3.22864259270815 0 979
67.6027875599629 3.70210011970733 0 979
97.1553097350143 3.02784672810547 0 979
67.5366331511886 3.12014499928372 0 980
72.6319034286715 3.60990274991751 0 981
70.8017129673026 3.42094090692723 0 982
65.1040049510062 3.73659590951275 0 983
68.5911549921378 3.11236987671263 0 983
67.843098249272 4.62473201349764 0 983
79.801429425574 3.14468773302097 0 983
91.2005478089079 3.4177651256946 0 983
67.801157201098 3.25231557966644 0 985
97.6510780120665 3.3522892171891 0 985
97.7792948275087 3.36084980626433 0 985
72.6151413936156 3.11689598521558 0 986
71.8790868047404 3.04883494996677 0 986
76.0926211240503 3.03666170177844 0 987
70.9421275761025 3.04091385777166 0 987
67.2600617646498 3.06139239275062 0 988
69.3851181347639 3.16245344953632 0 988
98.510842662751 3.05290862512319 1 988
69.7514581642144 3.32214346794234 0 989
97.5765808632795 3.02711526426204 0 989
98.4864958298665 3.0244167418966 1 989
1.58703253606872 3.5628427864556 0 990
97.3944165603664 3.46492353094019 0 990
97.4886420815499 3.74092835462605 0 991
64.5124188019658 3.0266088420386 0 992
63.7690618756069 3.64550841775499 0 993
70.8353717173992 3.49545092477155 0 994
97.7041872416705 3.00500090166291 0 994
98.7042334419482 3.68476925516795 1 994
97.4157776420565 3.37484994053227 0 996
97.6652686897655 3.0189105305154 0 996
0.0506715329764216 3.13633457463316 0 997
97.6829446798952 3.85105066853351 0 997
69.5622838321848 4.02065902076818 0 998
67.5002065695574 3.07159884789782 0 999
90.9803837128753 3.33126270064823 0 999
67.2528708586415 3.9425493372497 0 1000
