"ts" "magnitudes" "gen" "cat.idx"
95.8100588970854 3.38385357883642 0 1
69.4710803817917 2.99484885655224 0 2
0.0838667114280301 3.17117265625704 0 4
67.9943720428188 3.18004998346191 0 5
100.035910106437 3.05104483179529 0 6
102.825450516752 3.30415544066541 1 6
69.9775431927764 3.35438048078848 0 7
101.179184997894 3.38452628898703 0 8
102.965815386716 3.10926537652573 1 8
63.7540087246282 3.23401891976295 0 9
67.6054314213045 3.43796671250535 0 9
67.9644540852718 2.99427009391372 0 9
67.3219544291207 3.20143416562978 0 10
102.53696358784 3.73510789741562 1 10
102.880658969684 3.07196408477655 2 10
67.4559978908832 3.01351389518343 0 11
68.0017105134828 3.16478100519738 0 11
67.3173909323403 3.15990816886599 0 12
68.3639579216984 3.20666216708776 0 12
79.5054991631989 3.02066080557118 0 12
82.5839482278763 3.01127561179346 0 13
66.613278853205 3.30384861455753 0 14
100.364061503946 3.0005768949253 0 14
3.49912538241925 4.05525031343966 0 15
30.3425936391384 3.40853590157033 0 17
67.3628707259534 3.08809414616837 0 17
67.5285004481922 3.02373152377696 0 17
87.6289678352084 3.28106188264566 0 17
101.089518956345 3.15815534710695 0 17
81.5553416400554 4.2211056706629 0 19
102.813418863322 3.64179186494829 1 20
102.816080921602 3.56301776967701 2 20
63.6667244275682 3.07052432860761 0 23
64.9247813738144 3.22415445541523 0 23
67.732957060492 3.05148084142983 0 23
67.278037656229 3.61157531459395 0 23
101.124833120887 3.30296623829459 0 23
63.7743456487538 3.04329877501849 0 24
70.5466812937877 3.13967559808773 0 24
67.2760533964716 3.09039588602405 0 25
66.914776413983 3.30747884094703 0 26
76.4440853347983 3.48467919561876 0 26
97.6756784027991 3.31027927445351 0 26
101.674483254937 3.05386666782392 0 27
92.9533540524048 3.15186717095852 0 28
0.0265912029844245 3.02064116938251 0 29
67.2746140795163 3.23655236418022 0 31
67.827996132908 3.7403292852038 0 31
82.1257746677359 3.26940334791768 0 33
97.778065138797 2.9976042615467 0 33
99.5324574803218 3.15293694810632 0 33
1.05247072076869 3.31559061936063 0 34
69.6834385535033 3.04895978840571 0 34
67.2576264893028 3.6726256802959 0 34
101.629193027736 3.39106630299432 0 34
67.6171832734809 3.1365238565032 0 35
67.4241220137363 3.57115921295972 0 36
67.5937638699595 3.32957590794729 0 36
67.346366246064 3.48152704231469 0 36
67.2532855340319 3.64103607669757 0 36
67.5481974692404 3.91084643019829 0 36
63.9269601862172 3.07681635842338 0 37
67.5407347233622 3.52125986441493 0 38
67.2549269389597 3.15659506945841 0 39
68.4795901885145 3.45570765561683 0 40
97.6468029250132 3.65134398976095 0 40
67.3399659597578 3.31038971183259 0 42
65.0020366104985 3.04398070174368 0 43
67.6804755618388 3.65408928259071 0 43
82.5434523703452 3.4720361516237 0 44
64.00288696396 3.0767229761341 0 45
102.889456144282 3.035979432219 1 45
67.2548385296348 3.76910211658134 0 46
69.2188780834807 3.28813862750475 0 46
102.268899244004 3.19875417241286 1 46
64.0378191534302 3.22067316331941 0 47
67.7732966064562 3.04598688612525 0 48
50.1738542586635 3.73863908180527 0 49
63.7818715554356 3.31048425792343 0 49
66.764905603014 3.30979135497797 0 51
99.5054660903076 3.22673937538668 0 51
63.6715695926881 2.99006751563153 0 52
73.762663796505 3.59259461506553 0 52
67.6898409738996 3.72145822436884 0 52
67.2865855331174 3.10057555206201 0 52
102.696463745068 3.18737059140024 1 52
67.3941102910406 3.11904761195801 0 53
91.8757511492469 3.64178569966288 0 53
100.556794166373 3.10166739320604 0 53
63.7865682290809 3.13862916646723 0 54
68.2672813733458 3.30697128815449 0 54
67.6393588273995 3.27954142967664 0 54
71.5586884090665 3.00803872185186 0 56
69.4831160481671 3.09931029537566 0 56
99.327875093459 3.31132563396895 0 57
31.3901075938031 3.14246596353222 0 58
65.7302997485486 3.15614842553699 0 58
64.7683654427066 3.13889170174035 0 58
64.8883337321371 3.01025894365762 0 59
103.220529904479 3.00163682154993 0 59
63.8534571849641 3.34488467032898 0 60
67.2996211980332 3.33387957649067 0 61
81.0911394204801 3.03032880725206 0 61
94.2762332963212 3.00577387211898 0 61
102.626388127896 3.20327419899904 1 61
77.3913840301519 3.31740792857854 0 62
67.4343167369335 3.2470224250299 0 63
80.4016100080161 3.32197554185084 0 65
77.2423283429269 3.11438264981255 0 65
67.4547646158726 3.35225222608256 0 66
67.4176394140925 3.3138849917885 0 66
101.347881708356 4.10123766629766 0 66
101.117376185971 3.49279601532887 0 69
67.2690224938535 3.18879829335939 0 70
94.1756550940137 3.00214307934123 0 70
63.7939131736855 3.32661265576681 0 72
102.501331276707 3.83253394909748 1 72
69.4583985384156 2.99821734341719 0 73
101.068833464859 3.01787192488123 0 73
82.3039614032218 3.4249343637576 0 74
96.3314121443635 3.00288630080278 0 77
50.4493425538101 4.61281644788173 0 78
69.9116792655141 3.50945001649852 0 78
86.2343521703901 3.17063080029752 0 78
67.3763363584088 3.44695084576797 0 79
96.7316957174296 3.50817319086828 0 79
63.7539147975218 3.28608403025126 0 80
92.4168528782996 3.1741465911957 0 81
95.8807747951445 3.05683702613963 0 81
97.6721957452812 3.15933630062239 0 82
2.32131811028637 3.30065755886817 0 83
68.2589799078129 3.2551069742896 0 83
68.5398362217433 3.12032250815141 0 85
64.5026512562125 3.04419970707217 0 86
63.7518326379829 3.07747368714574 0 86
67.3090376478047 3.15808896416366 0 87
67.2571214355145 2.99343267402004 0 87
67.3545320176621 3.00381794047288 0 88
67.831934072303 3.24287070136193 0 88
95.8189901824348 3.75881111185107 0 88
95.9628235474291 3.30127955816272 0 89
96.844782367577 3.37787935693415 0 89
100.685060528515 4.00460690795529 0 89
67.9610102395704 3.22427628999059 0 90
95.6613607103364 3.05823379533192 0 90
101.073491569198 3.01343735579171 0 90
67.3706255643772 3.30839033333523 0 91
68.5179352621323 3.5899021334897 0 93
98.4240660245677 3.88487474157594 0 94
67.2909415114219 3.43362272390427 0 95
97.3852360128242 3.0917825083987 0 95
99.8559521950959 3.4326818443937 0 95
65.8151433643728 3.14983742584941 0 96
82.1058562300907 3.13540402871656 0 96
8.44925685242023 3.1972034392924 0 99
67.6068387034808 3.41118434246221 0 99
70.5977790520661 3.20112480796785 0 99
96.6802664172484 3.16937793076741 0 99
72.0959547274036 3.2412712372779 0 100
101.134389411539 3.68309278225317 0 100
67.36555719655 3.05784277793455 0 101
102.868545995773 3.04560721522217 1 101
4.76516992691589 4.04694540314336 0 102
67.4388170994694 3.51057249116533 0 102
69.5594930454529 3.43102711147985 0 102
70.1612227990124 3.11266836599792 0 102
84.3006276240785 3.01545254221709 0 102
103.098869041288 2.99156782041583 1 102
50.0975826918333 3.06574436540854 0 103
66.7460311537027 3.25605444528236 0 103
92.8257028991732 3.390440971274 0 103
67.5393409777668 2.99540600824443 0 103
63.8397766378956 3.45623309380117 0 104
71.5185017716615 3.28768614283283 0 104
101.090679117854 3.23557390611896 0 105
67.7645160846907 2.991574342571 0 107
102.570472887232 3.20696598705095 1 107
102.795490541257 3.06480610334187 2 107
101.308559318029 3.30351757599537 0 108
101.780359198259 3.24874828351271 0 108
19.8123870763744 3.72221580027653 0 109
65.8845434528813 3.03097470921236 0 110
82.4344078255564 3.06276589329462 0 110
67.9118365494098 3.26906773587561 0 111
68.9914229471609 3.04268517151408 0 111
79.0602986169822 3.29545456902637 0 111
96.7566386746544 3.50533939059479 0 112
3.02258034036202 3.15328065216427 0 113
63.8105000108085 3.3546755740704 0 113
103.071977614145 3.18728883426237 0 115
102.695583430332 3.39823785538731 1 115
101.250426746918 3.30844332456333 0 116
67.4502598422152 3.23982286661598 0 117
67.263136980923 3.39774302321805 0 118
96.6677985300666 3.18697475371915 0 118
99.6199166999756 3.28841338232803 0 118
63.7643950227827 4.01786646822334 0 119
67.3998833765369 3.00747953786439 0 119
102.728912174217 4.33989892626131 1 119
103.135386926255 3.0826938446018 2 119
102.776430810066 3.95942914341597 2 119
102.775204758523 3.43782310619373 2 119
102.736156151379 3.71596544857857 2 119
102.744087177627 3.60802398477108 2 119
102.763460403026 3.28250298229439 3 119
10.5372520108912 3.10465744604882 0 120
63.7234552583086 3.00437143965003 0 120
67.2599198238691 3.22835430358192 0 120
80.2417192869796 3.16266409870661 0 120
95.8370792728817 3.18006182126434 0 120
2.14066179031692 3.06906827466704 0 121
67.2554374682871 3.23477240962377 0 121
65.1131178391401 3.81473576864969 0 122
67.2853549990723 3.07338613306166 0 122
101.675284102558 3.53303360902107 0 122
68.0485368105626 3.0565012153133 0 123
67.2902416926321 2.99296411624535 0 125
67.6106893998026 3.07338746200635 0 125
70.086267007248 3.85561175698089 0 125
103.075389985426 3.13792731295128 0 126
63.7140621672317 3.03588084813284 0 127
67.2534923771275 3.20675912445657 0 127
68.2383618762948 4.05223276092052 0 127
70.9490815302293 3.10981481911034 0 128
69.3197194707935 4.49105030749459 0 129
67.5710548084252 3.16749734315049 0 130
68.0450128784561 3.20780065535683 0 131
83.0336572485731 3.326011932533 0 131
102.414394871778 3.20315733143658 1 133
70.9178753350327 3.36369177600325 0 135
67.5034309284187 3.36414129611933 0 135
71.0170499602927 4.95895046868588 0 135
67.7216154937203 3.2429361088294 0 137
83.2390476396342 3.01279621042576 0 137
102.982461265036 3.15972098655946 1 137
102.991287905424 3.08919753813549 2 137
67.5555063732974 3.31917161058378 0 138
101.141532779322 3.13610482024642 0 138
67.2646807275475 3.04685469286139 0 139
103.114719036249 3.26136459964924 1 139
0.0025724961929742 2.99506223004011 0 140
99.7069785305786 3.07759186494856 0 140
67.2938121711997 3.07115553560893 0 143
82.0616610507912 3.65361741860905 0 143
1.13163764111767 3.42050444217283 0 144
73.2002501103943 3.19391161611579 0 145
101.346856265838 3.30825857110658 0 145
0.0346746896419148 3.09270453864737 0 146
68.314189279386 3.24114341276311 0 146
82.071575866044 3.2307805057788 0 146
0.0567157250168223 3.2034362543592 0 147
0.33465574193829 3.21204204800388 0 147
67.8326897421011 3.98999374549058 0 147
67.3702404622945 4.98599206116365 0 148
12.5901466894386 3.19657996542623 0 149
101.226041217332 3.30458182877477 0 149
97.7862995339555 3.31109629686425 0 149
68.3633081088844 3.45110585991108 0 151
102.385709024714 3.98639651019469 1 151
79.3551994786205 3.04927162471093 0 152
98.1619311043519 3.11402744908786 0 153
99.6829875856902 4.16266663954357 0 154
68.526517881203 3.34491048999895 0 155
95.9781748689411 3.21839164165198 0 155
64.7419021575634 3.22334779219879 0 156
67.9038840254555 3.94093031330539 0 156
69.183083182011 3.63335819077267 0 156
99.5855233798651 3.17529038161022 0 157
65.5752735748986 3.7685697534265 0 158
86.1582598199575 3.36843593365569 0 158
67.5616888065024 3.04369644073188 0 158
103.151496655288 3.32799948657961 1 158
103.153759691845 3.01607582469955 1 159
102.660573431504 3.03921486325893 1 160
99.4723560376032 3.03605510735712 0 161
101.145927582726 3.16954260932776 0 161
3.91750918304622 3.10150060814793 0 162
67.4986862404596 3.05351002424067 0 162
97.8910668853753 3.1185939316298 0 162
4.02635275877205 2.99310871807549 0 165
72.4059379597279 3.0989203624323 0 167
67.6388588816221 3.63043411810019 0 167
97.8659041320919 3.2920120151896 0 167
88.7808758509536 3.16464357326004 0 168
102.950159898008 3.38656346998037 1 168
64.9725760850721 3.3123117619596 0 169
13.1979474142566 3.05163708642506 0 170
97.6239888506 3.0087511690317 0 170
102.460097917802 3.01888339652161 1 170
64.4528360309113 3.0158425908921 0 171
67.3580634157208 3.66931472604956 0 171
67.7309627081425 3.08478642245219 0 172
90.9871491779063 3.64038913497022 0 172
67.7152502647515 3.12570176950936 0 173
91.1321949627488 3.23578955429147 0 175
97.7931572938351 3.66895604078482 0 175
97.3682061840691 3.43146998619862 0 177
101.104739648473 3.42365943393537 0 177
101.145101717993 3.21224073712639 0 177
67.3578186345517 3.94132760853871 0 178
80.560468115465 3.10580496305269 0 178
101.96507828851 3.0778517997053 0 179
63.741368256975 3.17844201916104 0 181
67.2641028156733 3.85105891153525 0 181
96.383643275865 3.3081177011516 0 181
102.511614399011 3.00813550153404 1 183
71.2610871540442 3.66874195494716 0 184
101.295335482627 3.5273019077276 0 184
78.8584970640913 3.10700657445253 0 185
102.285962258912 3.24152580933507 1 185
92.7862083965982 3.59352393211703 0 187
70.7986963795236 3.41043033048021 0 187
99.7907627817602 3.25632071502185 0 187
68.7751838274172 3.03569328057615 0 188
67.5685037711016 3.07567872594963 0 190
67.4136479541058 3.01559240018553 0 190
80.6474083367991 3.10322389728974 0 190
63.7711049181476 3.1303829225729 0 192
67.3599409498209 3.41946515157913 0 192
101.190204283002 4.21193696668232 0 192
63.766130047213 3.14396691273218 0 194
101.110785906024 3.14325302297342 0 194
102.385426036529 3.66219264167844 1 194
102.434299921217 3.02088032514802 2 194
0.761172011313935 3.65019625174599 0 195
67.2706568252216 3.46116154862772 0 195
98.2509684767633 3.04069313567315 0 195
69.3585374110548 3.37054692071506 0 196
103.199400041319 3.37480917974785 0 196
74.2533795090946 3.11704877113729 0 197
71.0682601194618 3.07505716035526 0 197
67.3447195061143 3.19076530252372 0 199
64.5643982851014 3.37918777970902 0 200
67.3810703324654 3.06571466100284 0 202
67.2602621858804 4.05765771590899 0 202
71.9281002720443 3.13716010029037 0 202
67.5774327922731 3.373936370696 0 203
67.5190815801914 3.12082246715838 0 203
64.2020041227403 3.40912849880622 0 204
67.3513997008914 3.02155969894098 0 204
75.2591795784567 3.14828411960611 0 204
86.4452068599941 3.06700323261729 0 204
66.4228560836352 3.14342828083027 0 206
99.936662848386 3.10370819091606 0 206
88.7585016761586 3.13374946258353 0 207
67.2616779965713 3.07934976592262 0 208
67.3178696751103 3.38621422549702 0 208
67.4098550750213 3.22472305274927 0 212
68.0081011337305 3.46494869781348 0 213
102.55446079092 3.07826170611261 1 213
69.3665097451215 3.00660218427313 0 215
72.0710366133707 3.21618118475854 0 215
91.7915651840933 3.31665940203426 0 215
103.110233305236 3.51623680189138 1 215
75.1758489427773 3.12061318530151 0 216
67.2662347560628 3.13851956632482 0 217
67.3299557916339 3.92461919071495 0 217
67.2821031966893 3.49015351704501 0 217
67.715182600791 3.05979125549308 0 217
64.1341652762265 3.59214918980807 0 218
67.4408444380006 3.57591177002607 0 220
81.2583087836397 3.11680375936249 0 221
69.206797818693 3.6288927178735 0 221
97.6205850309474 3.02498597758053 0 222
69.2247234992649 3.13085136474541 0 223
92.1056281602753 3.23117862113142 0 223
102.820586484365 3.22999745969547 0 223
83.2433914999396 3.32604280040557 0 224
71.3582653309018 3.07630530723849 0 224
63.7407993729586 3.00045474183486 0 225
65.236733701442 3.09578099698056 0 226
77.9956087001816 3.02108003964566 0 226
67.2922792401414 3.35858114907446 0 227
67.3043065085944 5.18798552649358 0 227
76.7162762464402 3.0420821372915 0 228
103.153742452831 3.05113170631591 1 228
103.177305484933 3.14374900064793 2 228
64.014617154271 3.81353829167691 0 230
72.1412642228533 3.30826434619592 0 232
78.1389931433449 3.07744084056351 0 233
68.2682820607636 3.00659788750849 0 233
76.3988823926911 3.19740318417603 0 233
101.974740040213 3.26009940786308 0 233
92.9537073883647 3.1287292738101 0 234
97.1758030205455 3.00142376297638 0 235
67.9407700641266 3.13809594729205 0 236
67.2609488983353 3.48782617479313 0 238
67.460694855103 3.13127501649813 0 240
102.656243936372 3.10449480106184 1 240
64.0402017965788 3.37884716387516 0 242
68.2212521781025 3.17813114683845 0 243
74.0134016881156 3.14017011593347 0 244
71.3137964646447 3.18521841432656 0 245
102.959386653946 3.0093114498727 1 245
67.6082145186667 3.27141068399726 0 247
102.185140318388 2.99299987927766 0 248
73.5120330979835 3.17494816115928 0 249
67.2715349978473 3.08454868209522 0 250
93.2438483819903 3.06145188983477 0 251
67.2627122649893 3.17044571517984 0 251
68.8350602472431 3.09630713838377 0 251
99.7675968906797 3.09922386670864 0 251
67.9553307497529 3.48462854696766 0 252
68.7872890535228 3.57047390770604 0 253
75.5731226974567 3.84733076011496 0 255
69.7950807457732 3.04319010327989 0 255
102.521956637482 3.64177691859986 1 255
96.707593960387 3.60040674162355 0 257
67.9092663119083 3.37238952608386 0 258
67.6476812132342 3.1132420277791 0 258
97.6748106468214 3.09218659241411 0 258
63.7625283555421 3.15672173910994 0 262
63.8687520613341 3.58017389878502 0 262
67.2552580093832 3.39948474512794 0 262
67.382396851185 3.12225900551517 0 262
101.106693781552 3.35453957968978 0 262
68.7851037620395 3.07790680314004 0 263
67.3598706093783 2.99735888118186 0 265
63.9532743120926 3.68690200178267 0 266
68.1097842903568 3.41712133629132 0 266
67.3501117134717 3.86990452213576 0 267
67.857451279242 3.36921474705094 0 269
69.3564506243121 3.23155572119225 0 269
67.3386318371355 3.26090158533745 0 270
101.133833031126 3.04103431169454 0 270
64.4898491350534 3.1665671713925 0 272
67.2617768782113 3.88808178428967 0 272
67.3251355575928 3.11606427957928 0 273
67.3247908052331 3.11245262039367 0 274
70.7152806857863 3.08067393986383 0 275
67.9826706403589 3.06483571019366 0 275
68.1875664137799 3.01350393059769 0 276
100.286225077477 3.12896497221689 0 276
67.2721197125211 3.31424340815639 0 278
63.7396732078008 3.36859813428633 0 280
71.4033973876128 3.32642476183962 0 281
65.093474949184 3.72573851650993 0 284
67.4697325785123 3.72387283994631 0 284
67.3305913832484 3.59994868852028 0 284
69.2941993518546 3.02004690969768 0 284
97.654876405238 3.3753551798475 0 284
67.2663717375834 3.28081645645822 0 285
98.0501940469768 3.27974135761252 0 285
67.2693318694087 3.05562824452801 0 286
72.648787238615 3.27683079036994 0 286
64.5099351770859 3.37973776252933 0 287
67.2809857824265 3.17882824566205 0 288
67.5293230494543 3.17805635253459 0 288
94.9265069504116 3.18783742635707 0 288
38.0999043982377 3.12013927408743 0 289
95.9165131246626 3.05876382976606 0 289
67.3161919667591 3.00333289955337 0 290
71.5366863367502 4.13740270274122 0 290
96.8254221289103 3.89702430510526 0 290
67.6347452411358 3.07755398173078 0 291
68.1101808254641 3.71299301683052 0 291
71.4949679884931 3.02879202053956 0 292
0.188475273629751 3.1511958651442 0 294
67.3740173892461 3.44040945705672 0 295
67.3281382545174 3.41811572320815 0 295
72.818742475357 3.3099101562408 0 296
68.541059964148 3.27623036221699 0 298
68.4439345228088 2.99092887120296 0 299
73.5660616176065 3.65763248877904 0 300
97.4301301242836 3.36581130167214 0 300
97.8555693664301 3.25341801006684 0 300
101.078777517182 2.99723559668102 0 300
63.6509098695971 3.13496934125444 0 301
65.7789650114053 3.26531158298081 0 302
67.2528312658149 3.10655088427157 0 302
67.6969590102636 3.50896807460256 0 302
90.9932305445361 3.68027332255957 0 303
68.6300340392048 3.17764801371484 0 304
64.3442873644011 3.39945356696151 0 307
39.704352786511 3.05470406151768 0 308
69.147497267065 3.25509286870148 0 308
67.2707428685609 3.06398381688912 0 309
101.429073794933 3.20964698261906 0 309
1.15086660022083 3.22582801950011 0 311
63.7380738692785 3.03144156931508 0 311
66.8685924372655 4.13010201952088 0 311
68.2627354211165 3.00769827900964 0 311
102.122575001312 3.12070223426701 0 311
101.11161389475 3.76815007048159 0 311
67.4872739438297 4.05508354110598 0 313
81.9919169460719 3.66839711950678 0 315
103.211201050067 3.8716776921516 1 315
102.833944911351 3.68667106303073 1 316
97.1960504485353 3.10946893954352 0 318
102.317769731143 3.66096331588162 1 318
67.9527126201798 3.27322360631921 0 319
73.7180975323721 4.65132938074595 0 320
70.2952745318913 2.9960677027329 0 320
72.1472241526096 3.66884127916969 0 323
102.866809057518 3.13162854181045 1 323
67.7966855370312 3.25013664745566 0 324
72.9490453995548 3.65603431592088 0 324
101.128029913346 4.09820253052485 0 324
64.9326478556072 3.23302173703856 0 325
73.1294475802869 3.46887064521011 0 325
67.3294985390271 4.46243592364677 0 325
63.6597320855308 3.89506641182145 0 326
102.487013780027 3.54494721585908 1 326
0.0106242279151821 3.2688550129275 0 329
102.041795954598 3.12742620483755 0 329
63.7491815759414 3.24371665092826 0 330
68.2300900395944 3.14733177478541 0 331
99.3638524955068 4.06484970220887 0 331
101.225821461834 3.00930352164754 0 334
65.1939369985372 2.99401521080149 0 338
67.2880693004735 3.7275825571943 0 338
18.3421391985547 3.62640917246306 0 339
84.1901884270188 3.04999794274591 0 340
101.947097835043 3.03023121593438 0 340
100.199757217957 2.99896616550084 0 341
103.209367400249 2.99166702499093 1 341
67.289091031168 3.44866457819098 0 342
83.7585259838193 4.71406494016258 0 342
70.7604869996959 3.03566194924552 0 343
68.4828563204429 3.63574618495885 0 344
67.3830121479415 3.19414580215939 0 344
67.6631092715623 3.03741612821304 0 345
68.1045600293776 3.01202862495577 0 345
69.9725569748521 3.71547827935076 0 345
96.253187980135 3.18902590085159 0 345
97.7686978317457 3.21755007378164 0 345
101.17288823781 3.19291483064541 0 345
102.787785262084 3.02065644733447 0 346
66.5666171835931 3.18676337462505 0 347
67.6705315747402 3.22576970959804 0 347
74.5305120536224 3.01377643532277 0 348
103.153100797887 3.47131197984029 1 349
67.2803497639189 3.03872641860716 0 351
67.2839640136712 3.04922769046295 0 351
73.5042624295268 3.13865908537033 0 351
67.2568523755351 3.1867043197611 0 352
67.2621250343381 3.38891796400016 0 352
102.37960075166 3.06832773300051 1 352
0.730422843189718 3.00930401714259 0 353
67.3102302135834 3.40957636725469 0 354
72.8996957797546 3.77336808084463 0 354
42.3107207579558 3.08647334604876 0 355
69.5445430902932 2.997144632212 0 355
78.8317704757069 3.03479606656919 0 355
91.1860299228038 3.10423951239183 0 355
67.2530392321749 3.02101843479292 0 357
95.6720482354005 3.3671623065719 0 357
103.115317143015 2.99999475185965 1 357
64.4262122361177 3.26232308420441 0 358
92.7549822675548 3.05801986629039 0 358
67.2960128945789 3.01435758921782 0 358
93.5679881952226 3.43492065190738 0 358
95.8564600628683 3.42439442835984 0 358
99.4871406135042 3.27838945715582 0 358
99.0891967116695 3.10971020434364 0 360
69.8645436182025 3.19647776483816 0 361
64.3066722936366 3.21508845443346 0 362
101.337542320582 3.14207436923064 0 362
68.427281720864 3.99541277142461 0 364
102.877423587934 3.0651739391176 1 364
67.9293811799198 3.08492397875561 0 365
99.5732612421857 3.23986448928946 0 365
67.2954126910042 3.20630169436239 0 366
67.8401693740456 3.08133440038515 0 367
73.2398072347604 2.9944863236689 0 367
64.1938262859511 4.0888835834124 0 368
72.0686043190802 3.00224089167001 0 370
99.6101770153239 3.57370576364855 0 370
64.7415135002091 3.08881779442788 0 371
67.2719778490699 3.15878107425644 0 371
98.7520910529545 3.09025549944563 0 372
67.3403036382795 3.30560435423397 0 373
0.0867707232084729 3.44105279987972 0 374
73.0308220221492 2.99463679148705 0 376
96.9505929887536 3.12567652683134 0 376
102.164050457362 3.73291170338522 0 376
102.433374611599 3.25204342026671 0 376
102.442678767481 3.60136586250191 2 376
2.53429567622431 3.65538691126694 0 377
68.1285570413094 3.184237672686 0 378
99.389205876138 3.14999718248215 0 378
67.3111312272611 3.08998023204898 0 380
81.3305216729367 3.3748778676925 0 380
78.7033102763334 2.99023757705641 0 381
67.2530570230408 2.99834471486343 0 382
67.3114871672595 3.03622442124404 0 382
67.3958593070864 2.99373899626337 0 382
67.4312284152643 3.71139250322911 0 382
72.6209792385938 3.23563318738318 0 385
67.3166501881383 3.05806612748305 0 385
68.1656909858408 3.03902003251441 0 385
101.75732491184 3.5059459452005 0 385
68.5034311045349 3.13948216445446 0 386
67.288771921826 3.16582178096379 0 387
67.8573701839157 3.30813465220242 0 387
101.090947583075 3.0891645657493 0 387
73.9360339021664 3.10131938617272 0 388
69.2686033503585 3.2485178378157 0 388
69.4378641028468 3.71161910817588 0 388
63.7443393752461 3.0285439671235 0 389
64.1618882563239 3.17539082228954 0 389
75.9049215038627 3.00697838057848 0 390
102.150141479729 3.07231867933272 0 390
65.9273680087813 3.00309080474231 0 391
67.7206236748747 3.39725021968522 0 391
99.3060757870233 3.63512131334255 0 391
68.0919119801283 3.11683679362824 0 392
68.4456012935194 4.20108931211714 0 392
99.4659892173564 3.16588168511876 0 392
64.4442285126469 3.77214566259116 0 393
101.181978658635 3.56320759758284 0 393
67.3102925448969 3.11085924309421 0 394
67.2719241709687 3.27867511952033 0 395
0.227951549466395 3.06674704607333 0 397
68.5812592414536 3.32654714573593 0 397
67.6589885845621 3.24008480438953 0 398
97.1555178870961 3.77855756350019 0 399
67.4118087974826 2.99542904475005 0 400
82.0362631352968 3.0363024184301 0 401
89.3582180454847 3.03472369819762 0 401
67.6873972727031 3.44846119960796 0 402
84.7484352398479 3.34036071628936 0 402
101.075320145068 3.06832042044027 0 403
63.8714224333204 3.43321827148655 0 404
66.5847848705953 3.39626062836065 0 405
67.8647333918678 3.22005388274115 0 405
63.7139027826686 3.09459511359474 0 408
72.0401266032447 3.57824620399461 0 408
99.5885505823439 3.30321695006794 0 408
67.780247859095 3.13422318614857 0 410
74.4619618717921 3.19470937117648 0 411
68.3353812856789 3.04166805702946 0 411
101.139688640344 4.13748053957825 0 411
74.1147935737161 3.10503022965247 0 412
76.9881848160849 3.28558823688807 0 412
99.8300878961479 3.09156545758565 0 412
101.292294467542 3.06094152506209 0 412
68.1465856102269 3.19331500068921 0 414
95.7746859700204 3.30494459325944 0 414
97.838031223409 3.13900908771419 0 415
75.4996727739244 4.29018617045816 0 416
97.7394116670424 3.19258172996948 0 416
102.86437119076 3.65884119374117 1 417
69.3180728132571 2.99601558559274 0 418
95.8088445427672 3.40107899159303 0 419
98.852274523108 3.31520002929176 0 419
67.3362780437084 3.54478398200512 0 420
76.2345910183912 3.14195402551294 0 420
65.0700976304843 3.05420543980502 0 423
102.538952119163 3.12573912538266 1 423
69.4155111266937 3.19787481275589 0 424
96.3332278065556 3.12122723924544 0 424
96.4121094827104 3.6645603657645 0 426
67.3620685677391 3.55653629268113 0 427
67.8366489093725 3.23267368814452 0 427
74.2194796446609 3.10963283985802 0 427
78.8554627251218 3.13704122526908 0 427
71.8375015394544 3.16945024718503 0 428
94.1771400783476 3.09278852301352 0 428
97.1263031242193 3.00767063580882 0 429
95.1685295322307 3.35320028277305 0 430
67.254171708603 3.12250807178779 0 432
102.312298075742 3.10424693847253 1 432
101.249167952517 3.55752613758525 0 434
70.060268605874 3.28944273015747 0 435
63.8638070848211 4.22637877982554 0 436
63.8405493969488 3.03560755726512 0 437
76.1304407310586 3.63151471771948 0 438
97.6615049461202 3.04783563930455 0 438
102.697375328261 2.9969852167957 1 438
102.740675954463 3.42844122899676 2 438
95.3883727080247 3.15035372593632 0 439
43.6107509783749 3.81508862356824 0 440
63.9273678506065 2.99807833726932 0 441
63.7565250276582 3.78428842457925 0 442
69.0314969425483 3.26598481747457 0 442
101.102634932071 3.29338525601677 0 442
67.4695948921277 3.03095811489961 0 444
67.2696471381498 3.40544037841747 0 444
101.207177392578 3.07368675677123 0 444
84.6400740359531 3.3661657203183 0 445
101.091179146834 3.16446249791865 0 445
102.370472571095 3.09606543582043 1 445
63.742587070075 3.19804843294933 0 446
69.228580934692 3.00601344996074 0 447
102.073660779129 3.25019116645347 0 449
101.180803244637 3.09473048188097 0 449
97.6601133412425 3.12763520687404 0 450
93.4348332113497 3.13019546941795 0 451
67.2579672865703 3.1728676946864 0 452
67.5997403709981 4.22389642521351 0 453
22.5593814466942 3.29434528850908 0 455
68.1960537426269 3.44165185173014 0 455
69.6670575477122 3.42935787969308 0 455
102.390625687995 3.26633943385282 1 455
64.2539591777911 3.10250936835976 0 457
67.2739684598927 3.19993655357554 0 457
102.028075238604 3.05949227262802 0 457
64.4322984954584 3.23440679395969 0 459
73.6796864134825 3.56555492247132 0 459
67.2639566744042 3.16386119536035 0 460
82.1390573246649 3.06161604682259 0 460
102.482900847894 2.99349234546183 1 460
99.4907355440531 3.0318322529179 0 462
0.00415428907846028 3.0538695165955 0 463
0.187776716159081 3.0385882284972 0 463
82.2427330246476 3.28755244824 0 463
101.143131803281 3.53448423641627 0 463
89.199867129765 3.38800154234344 0 464
67.2981194433613 3.21971145717786 0 465
67.3204057528865 3.04944786513794 0 467
95.9536100732465 3.57814991041649 0 467
64.7686018749561 3.01280922166413 0 469
71.483320724922 3.1459928446047 0 469
67.3029948108661 3.3153298992869 0 469
67.2876876223766 3.20185749987787 0 469
63.9204498703023 3.54689016104458 0 470
79.9523683143015 3.01379709158525 0 470
67.4268075795909 3.41459202598242 0 471
67.8658530965026 3.30688911155348 0 474
72.5926584194638 3.13597356536132 0 476
75.7825588619541 3.62638746581101 0 476
63.8006085567796 3.18515657227242 0 478
70.8887249781901 3.41230884083524 0 479
69.3102746128571 2.99863566751978 0 479
99.5688290169083 3.49195011090393 0 479
102.328968173339 3.45550717756809 1 482
102.360237906822 3.84175110471343 2 482
102.330491478262 3.37686755041346 2 482
102.834752011974 3.30527430757283 3 482
68.5655948917649 3.52216701330061 0 484
80.5549519272681 3.06542256977562 0 484
100.679387868311 3.64922401380634 0 484
64.5655731507505 3.19678835404236 0 485
71.7514412633772 2.99049570470105 0 485
67.589026299324 3.41848729420468 0 486
68.6570095454926 3.39971802195605 0 487
69.1064649887249 3.19277137808722 0 488
80.0012090265905 3.55262677583292 0 488
68.3315844823805 3.00719552634215 0 488
72.4223025836265 3.07408321659638 0 488
102.521705632312 3.50298751143643 1 488
67.4151524850622 3.62207695516415 0 489
81.6788358909057 3.22435809506228 0 490
67.2862995500492 3.21131851692028 0 490
0.00677013977015434 3.05383193151525 0 491
67.6201543735989 3.25167920780736 0 491
71.3755840949566 3.49265707554752 0 493
77.7287240066823 3.00417716001233 0 493
82.5231722667998 3.35699711850244 0 493
64.2144804525983 3.50730538347165 0 494
0.0472386437948748 3.8875702043574 0 496
63.7473590803709 3.24910349498134 0 500
101.222039950245 3.15757994759648 0 501
102.940176533234 3.0201252336915 0 502
102.889039203971 3.47910313789651 1 502
102.924473349607 3.54405544037741 2 502
68.2479414281333 3.24296520261433 0 504
99.4808389328357 3.34308271797359 0 504
97.6670962696317 2.99875852322809 0 505
67.4735884203806 4.05604240963251 0 506
67.8104686497004 3.44235097478559 0 507
63.8357114273331 3.05259536741622 0 509
67.612126541223 3.00403085792286 0 509
67.8818365611937 3.53225487808733 0 512
86.1031066452468 3.46602475612982 0 512
0.0593334945595164 3.48256360232033 0 513
64.1009493861662 3.0619066456569 0 513
67.2759847034765 3.05455152270778 0 514
67.9825179535217 3.15215166419102 0 514
67.5966672662914 3.39005178634487 0 514
68.6034709764083 4.08285504772707 0 514
73.8275901823333 3.02726405188565 0 514
20.7241265691695 3.26102284737433 0 515
95.8162648717274 3.09556773379787 0 516
93.4739442151215 3.26726121636161 0 517
63.7974006124286 3.11338511026869 0 518
63.8539668899163 3.99553316142242 0 518
67.4404496380626 3.07676455934871 0 518
80.3102002964905 3.17585847706271 0 519
70.9891015715474 3.33615799270626 0 519
101.745028883461 3.55430178723393 0 520
72.7503987975064 3.20545709752329 0 521
97.7696538812415 3.12957213967336 0 521
24.8814880691066 3.5119101918211 0 524
64.1170424766292 3.22571238850074 0 526
67.2583982242196 3.43243043526427 0 526
64.3486565565299 3.25737239008971 0 527
102.683042103295 3.36491376396652 0 527
67.371248423009 3.07971563377685 0 528
67.3231766069617 3.09709698222937 0 528
98.6036080182167 3.02837002230581 0 528
67.3090625535332 3.78298787231559 0 529
67.3144727109371 3.06461086071993 0 531
67.2625300195545 4.03685112888351 0 534
95.831887615571 3.23995133965136 0 534
102.743931376186 3.08953942926626 0 534
102.859412059169 3.25414957931683 1 534
71.5390734326252 3.21679867096383 0 535
99.9031730502709 3.00290907485059 0 535
102.526278302753 3.17204754464302 1 535
45.8136439813364 3.12652911203225 0 537
70.0876975189727 3.00268412250885 0 539
68.5332132085455 3.35479401541387 0 541
102.871514241657 3.07156341793367 1 541
83.1012004445413 3.4652883235427 0 542
67.2853306272686 3.22997849121785 0 542
74.5364791046034 3.36857367710232 0 542
97.9815227628298 3.35202091620391 0 545
101.604642483032 3.12872612330381 0 545
101.442791784234 4.35474721603497 0 545
101.663147935968 3.21973022690036 2 545
75.8988225293258 3.30140049878527 0 546
0.120822932200931 3.03024257596506 0 547
67.2773608140889 3.19568246392462 0 547
67.9009015208118 3.24241677124119 0 547
67.2796912301022 3.06166327790771 0 547
76.1198116181174 3.3918813737211 0 547
67.475200098592 3.16360511803434 0 548
67.4800786173642 3.31623396795358 0 548
67.4058434191568 3.05847568810852 0 548
67.2585958888319 3.37975069538945 0 549
71.701144158448 2.99454688768949 0 549
68.3358739585358 3.01173377611838 0 550
67.3680265785405 3.07501255992634 0 551
67.2903998763407 3.29467855414805 0 553
100.657588378254 3.00018272050516 0 553
67.4196733794836 3.42358419624599 0 554
70.714918614797 3.35740944097516 0 556
68.8852387506406 3.44388384683067 0 558
67.3043591659476 3.01837723348765 0 558
64.4910322613115 3.1668592998841 0 560
67.2826037318379 3.8324441946604 0 560
0.0491428680825373 3.03957004744599 0 561
103.07877199606 3.231266080008 1 561
67.2542612868644 3.09196642287053 0 562
67.7541731846937 3.20749079704949 0 563
81.3952554887752 3.32995108400584 0 563
103.235126593131 3.03335835600605 1 563
63.789626801881 2.99220461971849 0 564
97.1999827485467 3.17320375878931 0 564
64.3230022359217 4.1317714046218 0 565
69.1420028410743 3.11284066815332 0 565
67.2691602427975 3.10284301012659 0 566
68.040381755299 3.08263749814708 0 566
67.3332078493968 3.12664897487543 0 567
67.8038312322337 3.05903821602047 0 568
71.9212430125467 2.99526048967471 0 568
99.9039905681698 3.30996341764157 0 568
67.4453959509664 3.40928003286579 0 569
67.4177034949615 3.64505236780614 0 570
97.6406554986782 3.37662365887485 0 571
22.8085425893337 3.65164192664822 0 572
67.2542955414068 3.55384793987503 0 572
98.0705405579179 3.58599883196236 0 572
100.793680152449 3.38875374064018 0 573
63.8422938180842 3.97815410953024 0 574
67.2851288929343 3.58673945876133 0 575
102.414338253482 3.77076667335488 0 576
102.486373149521 2.99608350699122 2 576
67.696322310335 3.39398344194368 0 577
83.6150013304717 3.4415870282582 0 578
91.2229222892875 3.73979324408509 0 578
84.5186924539737 3.58336138648587 0 580
67.3180538841885 3.2624091791363 0 581
68.5211200410117 3.38881290935454 0 581
101.453824858248 3.15730851810389 0 581
79.2016771727617 3.03505102201317 0 583
74.4347460782922 3.13227185786861 0 584
67.3423695234855 3.0333193233244 0 585
67.4808059073618 3.24932286280439 0 585
102.72817143144 2.99963059389929 1 585
64.557127293969 3.62201233327826 0 587
67.3118641847659 3.09824405410236 0 587
67.5868189504766 3.04388586087039 0 587
95.9751023919471 3.23087731621083 0 588
101.909069852004 4.18244618981629 0 588
101.151705500877 3.2641981272889 0 588
102.361631111364 3.30230215227098 2 588
102.576212872499 3.57316488050125 1 591
102.586862209984 3.58302574713628 2 591
102.63726262025 3.12202886858966 3 591
67.2826111185678 3.15553305178432 0 593
71.7847415795821 3.15435304554412 0 593
99.9515027167391 3.14202181638583 0 593
67.5640085117356 3.02381212117465 0 595
67.3091957713771 3.0556814016783 0 596
67.2735960535966 3.60520159163893 0 597
103.197695928141 3.49340289572843 1 597
103.217411003025 3.02323123479993 2 597
67.4007264029173 3.05306286426984 0 598
64.0733875053184 3.02762087893003 0 599
68.2276027155404 3.09148114091637 0 599
67.3621828535308 3.10059080932177 0 599
100.664328012595 3.11544019717284 0 599
67.256494167581 3.26129176010807 0 600
67.3433792600805 3.13960421044489 0 602
94.057455555566 3.37588774119332 0 602
68.4239013921773 3.02430901015955 0 604
102.390504341553 3.18109241113096 1 606
98.6358107825435 3.23425351981403 0 607
67.3651410559044 3.00519310622807 0 608
67.2535937836722 3.22985382126983 0 609
79.7980760814342 3.17670226135657 0 611
65.5186973585387 4.26983981002155 0 612
74.2949851950701 3.17260768627141 0 612
67.2707440649986 3.35910369291405 0 612
95.3589667770391 3.15264067448278 0 612
99.7361651222306 3.36503997538737 0 612
101.104946605228 3.09529454717576 0 613
69.184344279515 3.14635838861816 0 614
0.0960688443879644 3.00464217172311 0 615
63.9344151472736 3.03106219279456 0 615
67.3586869007983 3.70610161046214 0 615
67.9413665448265 3.04916351908218 0 615
67.3744965326392 3.04282143615981 0 615
0.704308967306538 3.0275265721795 0 618
96.1722430822276 3.38705899775136 0 618
99.4547113501302 3.22113328853737 0 618
64.7832759692815 3.4444951825957 0 619
71.0821184993362 3.12410481275027 0 619
102.524675742471 3.27402524091423 1 619
74.6281134778521 3.05003297353405 0 621
97.7171997150865 3.82426807369225 0 622
70.079147682249 3.04918934166563 0 623
32.8149758517567 3.31915924713535 0 624
0.112084943877573 3.90331708200777 0 625
67.299128587971 3.07233713582173 0 625
0.0011724666241883 3.4094967729656 0 630
80.7580800245761 3.22083124266736 0 630
76.392345486214 3.06027117318668 0 631
67.3272534785929 3.52222628015861 0 631
67.5645700959952 3.32372652206646 0 631
101.334677705178 3.12626046221993 0 631
70.8084709809559 3.04032488169419 0 632
86.2800735186849 3.41221024898414 0 632
102.535503084286 3.15593944619121 1 633
67.3404432177635 3.60165601749626 0 635
103.167714239312 3.05685648738564 1 635
103.17780764601 3.52983847599035 2 635
68.6637090746949 3.34008292502755 0 638
68.4840974937454 3.04401726363812 0 641
82.0446244569764 4.27332763952543 0 642
67.2781400122021 3.16534741966284 0 642
99.8167631441615 3.96489501461248 0 642
84.105302795467 3.00843092699011 0 643
70.5870080867733 3.30399926353376 0 643
100.958058957648 3.07895740322059 0 643
67.36918500922 3.01691607902668 0 644
63.7588950266031 3.15076788254357 0 645
90.9243406928275 3.5161254813914 0 647
102.554639324992 3.00275138245236 1 647
83.9495618771962 3.12921149789495 0 648
101.147438559408 3.21420578657825 0 648
102.471583824818 3.22237596538341 1 648
67.2319625000322 3.02657043773864 0 649
69.5453806010331 3.00655913962658 0 649
25.1943598441521 3.50100467884324 0 650
67.3163602581727 3.81418486483212 0 650
73.1835388270817 3.16442806957129 0 651
102.956343132052 3.21009625166284 1 652
63.8921060602198 3.63534294974825 0 653
67.4475147711111 3.32769972404074 0 653
67.299299818931 3.16306841084536 0 653
67.2901376133148 3.3979254802196 0 655
67.564761656035 3.04493781568303 0 655
64.2822380733615 3.04664239422133 0 656
67.60314700619 3.12518360287094 0 656
97.3989467000297 3.14328032094855 0 656
101.067791570855 3.14849922747445 0 658
102.74026306251 3.62471005027027 1 658
95.8687976515897 3.11361703548394 0 659
101.135159617485 3.15530094605748 0 659
67.3318192679488 4.04055767787083 0 660
96.3735153817036 3.04466479075469 0 661
25.4428424836644 3.18138473200371 0 662
75.2463026785432 3.06141994136366 0 663
100.294855455209 3.00176357421316 0 663
72.1260251884293 3.13244021348041 0 664
0.56655435038261 3.61983583544122 0 665
67.5323334204611 3.04261233113292 0 665
73.1724505448795 3.04412315558662 0 665
74.1847008557388 3.93509157642064 0 665
79.4610758139798 3.20561551445617 0 668
68.2776760053965 3.30662300753444 0 669
73.1787457594823 3.0942957553367 0 670
85.7462879784126 3.20337515592634 0 670
102.974269669716 3.22612212518913 1 670
67.1220320888982 3.01577126318616 0 671
101.966868562749 3.39872831671761 0 671
68.021848942065 3.19439923111408 0 673
83.8570346311923 3.68893661914238 0 673
100.099157966903 4.05120307471907 0 673
102.758390854093 3.18256277595627 1 673
102.727305841786 3.19381285490869 2 673
102.78151816809 3.53492489384261 2 673
63.8118776834904 3.70767061910935 0 674
67.3772121216196 3.03084485800089 0 675
63.9159704575637 3.53097878882789 0 676
68.1090684884081 3.04188225395583 0 677
89.2348272561549 3.06630740441811 0 677
70.7011203808576 3.09574874649095 0 678
69.2596677231339 3.53042117310493 0 678
67.3378194624866 2.99331747860247 0 683
99.6789280865748 3.22056536517063 0 683
96.668669741147 3.1062288677715 0 683
67.3439464796095 3.44086163938721 0 684
63.7542973189747 3.15130779991508 0 687
67.2953420629349 3.27260629999728 0 687
0.924778977625885 3.04286861634725 0 688
97.1720941838386 3.11365356042877 0 691
69.5280227169311 3.68661037844455 0 693
0.00124457776965909 3.09339651964499 0 694
67.7496054471609 3.69286328452822 0 694
97.9149201510459 3.13668086274854 0 694
101.157289227808 3.10918024307493 0 694
0.324541138822637 3.04067501537227 0 695
67.6284738218751 3.23161978441543 0 695
69.738324155396 3.47145807704305 0 695
97.1564991006801 3.50047834086519 0 696
0.00821051951190248 3.27906831385422 0 697
70.9773259458056 3.16443435361797 0 697
63.7642527133656 2.9998703399416 0 698
95.7664989535923 3.79845625651174 0 698
67.5489120466412 3.246743296482 0 701
101.950125990334 3.11483796876337 0 701
63.781397848763 3.03316248755244 0 702
67.7424977412774 3.09635889023318 0 702
67.2656710126849 3.05355205688999 0 702
85.7590504227538 4.20305162812458 0 702
101.339342166121 3.06213770057772 0 702
93.8410508125078 3.14080626916875 0 703
99.4770603820971 3.00075038975849 0 703
67.4282745985895 3.05495619318948 0 704
95.7912147323749 3.0884395079628 0 705
36.1434597252714 3.30654747506262 0 708
92.2447140938333 3.27481487951104 0 708
97.8743534036097 3.31424453244996 0 708
67.347312216546 3.55318620443923 0 711
68.2572209809099 3.04494188270563 0 711
95.8135100419761 3.56095342004789 0 711
101.097989028914 3.15588500490326 0 711
103.019933717306 3.11807744915951 1 711
64.9464414286907 3.63733870868367 0 712
102.78876091259 3.45458654053921 0 712
102.973078793594 3.29837917173696 1 713
103.064101792808 3.20186465342672 2 713
22.9169500949969 3.88345355815639 0 714
68.4190321547876 4.47075310998066 0 714
102.062637247362 3.02051045329688 0 714
70.0020806458615 3.61806417296642 0 715
71.2425965412608 3.01790084279644 0 715
103.018268414521 3.25229755242244 1 715
79.511192251649 3.10040386052738 0 716
98.0838314997549 3.62767871470443 0 716
63.7782870532577 3.24503465219179 0 718
66.1607948372905 3.10043967187804 0 718
76.6260343035127 3.33192895623037 0 718
98.1341394091772 3.83992551977384 0 718
67.6111237022 3.45062016817356 0 719
68.2289913550393 3.70980964032981 0 720
67.3163456351412 3.29381398723755 0 720
67.3774867291636 3.30821836405387 0 723
68.0119726798169 3.19669193246261 0 723
65.603065273151 3.14932540949976 0 724
68.1218989162124 3.13213800255068 0 724
102.754224464045 2.99100814365166 1 724
67.2632140968393 3.07098788164768 0 725
63.7415424425457 3.01657963228088 0 726
67.7279722374904 3.29820909680985 0 726
101.190145149464 3.02344668754857 0 727
67.8593704092737 3.37128018394221 0 728
63.6773743892232 3.18634377023474 0 730
101.151787268379 3.18787104125031 0 730
102.553996686235 3.41858446455607 0 730
102.591021042504 3.10268119244045 2 730
83.3862097993228 3.22256864130339 0 731
101.226823575489 3.50866078405328 0 731
101.534920603712 3.02768128191263 0 732
102.493007894586 3.12905025842632 1 732
63.6531087082868 3.24018337781832 0 733
67.2795358512259 3.39953925443095 0 737
21.9863753778351 3.27278215604295 0 738
0.0342114488987155 4.17931920156896 0 739
95.1183665078662 3.04263016795049 0 739
1.39638807157417 4.38012601953899 0 740
67.3536008963895 3.10664568212419 0 740
67.4656394102467 3.38570332238281 0 741
100.647624495946 3.20855378920223 0 741
67.6808862457298 3.31231543833426 0 744
67.2954750135814 3.17077885912463 0 744
1.48733048089871 3.88554311304767 0 745
63.8441003309541 3.09293232367555 0 746
88.2617677391222 2.9913754995107 0 746
67.2676072881821 3.10799903815293 0 746
102.379741736679 3.20127352146861 0 748
67.3201558025109 3.06559978885974 0 751
79.3514592268978 3.11944355325224 0 751
78.7484968974593 3.42718090105467 0 751
102.687414178838 3.10030548968737 1 751
67.3624690686577 3.8527821787918 0 754
101.860008804535 3.77191544469621 0 754
63.8579193663878 3.02669433984302 0 755
68.3700211881841 3.15367650499347 0 755
67.5575444818805 3.55405876834599 0 756
86.8791947018427 4.13052021558673 0 759
67.2850717860896 3.03269200417056 0 759
67.294928154967 3.41201777271213 0 759
63.7840044273211 3.10477523768936 0 760
67.2559059709826 3.3174319356243 0 760
84.4367220556174 3.1538846460893 0 760
75.3239715081019 3.03019231222603 0 762
89.9651863872798 3.40377196735592 0 762
67.2612423898487 3.66946081937975 0 763
67.3028235125245 3.54501698303105 0 763
19.0150435953036 3.39994693339854 0 764
66.3283692570389 3.61355756382877 0 764
67.2787575700063 3.03074423564704 0 764
67.7382436721547 3.02929387457052 0 766
40.8520149486547 3.17472351274335 0 767
78.668495593035 3.3509601631291 0 767
90.4456658657461 3.94707468703722 0 768
67.3954177479278 3.17858652936107 0 768
64.4552414255628 3.3289489681024 0 769
103.094348593126 3.05319220130355 0 769
100.749872186052 3.05649258724631 0 770
63.926835057499 3.11117143045879 0 771
95.8935610218876 3.02695630215199 0 771
64.4816324554595 3.00766826222899 0 772
67.4547874604136 4.1897509339534 0 773
67.5786653695351 3.24033414025324 0 776
101.309327148014 3.5080032090638 0 779
89.2841243016989 3.06700053647146 0 781
96.896916650966 3.2841702671881 0 781
67.2588888844374 3.81231514649326 0 782
75.424726596709 4.26020452384017 0 784
67.4553496525914 3.1657883860358 0 784
67.2545207554574 3.17439867411357 0 784
67.3136713435593 3.08986552938937 0 784
64.31544423473 3.65864985903159 0 785
68.4043469346353 4.11464284727452 0 785
99.6935591233964 3.04039414026857 0 785
102.552153347041 3.2692082759045 1 785
63.7521836012488 3.56387583622566 0 786
65.1828203584389 3.81643491588743 0 787
96.9984955465058 4.19612988988123 0 788
97.0045863189065 3.60157924499922 2 788
71.3219278054107 4.4009739601088 0 790
69.4586670360923 3.0519199802168 0 790
102.321505101145 3.09114095682739 1 790
67.4599174042841 3.25360668215836 0 791
69.181312938779 3.02927395148341 0 791
101.191336205871 3.08754966519989 0 791
67.915541106823 3.00938560401558 0 792
67.2844502402377 3.86784993880346 0 793
101.967473977035 3.7428991034071 0 793
67.3705984083665 3.17610555685904 0 794
67.3637537373773 3.02113980820677 0 796
99.8723052927406 3.61795550700866 0 796
97.5145624232324 3.21236011825931 0 797
101.110215380257 3.80015187135974 0 797
0.953551041829359 3.42028627783124 0 800
67.2590582895965 3.69595517940253 0 800
97.3365508366473 3.35812872941438 0 801
67.3567305491499 3.16071997653595 0 802
81.048120288011 3.099080377091 0 802
82.0404679795568 3.01862688937707 0 802
67.5697329745101 3.30614256729236 0 803
67.3132592048396 3.02380319014523 0 804
96.2290969198365 3.75641222383782 0 804
0.0620449770309964 3.50807396521978 0 805
63.6619911543302 3.77009469299471 0 806
67.2659142551911 3.11822091459361 0 806
67.3030066552863 4.11159196230284 0 806
72.2552798413011 3.10271378377513 0 806
67.71534083218 3.2550317434013 0 807
102.710210693599 3.1092246534853 0 809
0.303502785983961 3.19997486120531 0 811
70.8082567056586 3.41502990545668 0 811
67.6315277831603 3.56520659972509 0 811
96.9126928390885 3.13630958455521 0 811
67.2534836315896 3.41268405374311 0 814
92.5655210239853 3.12044093904267 0 814
97.6716848036924 3.40730600832487 0 814
67.8673051426581 3.56201493253213 0 815
68.4351197937401 3.48746026528335 0 815
67.3443324335041 3.0205158210337 0 815
67.4295002090585 3.27064260577269 0 816
67.5310482273547 3.14670895598695 0 816
67.3212287093477 3.14370839564975 0 817
97.5266378654668 3.17485598393167 0 817
101.756309574082 2.9920070386961 0 818
103.173947472106 3.82633475855577 1 818
75.5452085786547 3.10502997804217 0 819
67.4325831623654 3.21647292939675 0 819
101.110457306473 3.37476692921356 0 819
67.3530345057895 3.10309932951957 0 820
67.2601779881005 3.02490987084343 0 821
75.1156772917092 3.15496486968458 0 821
102.944140306655 4.91140652153334 1 821
103.002191381855 3.16315640886513 2 821
102.955380888008 3.70423901563234 2 821
103.010661846422 3.02416179586465 2 821
102.982010715145 3.15908993906324 2 821
103.023898595593 3.09097767312287 2 821
102.97501213465 3.48132285623416 2 821
103.010709988741 3.41530241955477 2 821
103.018275131684 3.16786650029387 2 821
103.055944676556 2.99687879140093 3 821
67.2739632779342 3.27687659579073 0 822
67.2531576450035 3.08155559370379 0 823
68.3643975244916 3.26467879734501 0 823
68.2195817578898 3.54699013179708 0 824
67.2600339987583 3.61251506587244 0 826
67.3436768735447 3.08434041455475 0 826
75.7725419129652 3.68735428500951 0 826
101.11662495025 3.10905647054021 0 828
70.8153998331967 3.23395908123391 0 830
67.3930589949279 3.10317598209562 0 830
89.7432210911684 3.00290551534503 0 830
67.4086951139146 3.0359338409073 0 831
67.252784710913 3.47503055909672 0 831
67.5652810330268 3.47042430258687 0 831
88.6797390782468 3.56916554991838 0 832
96.6645205246494 3.03360947316839 0 832
75.4755928032825 3.40023359160054 0 833
77.8248886429329 3.13531726224643 0 833
67.0021062032135 3.10820841519493 0 833
65.5988567241639 3.01122130243635 0 833
67.3855161010535 3.33998370469356 0 833
64.195209296923 3.29503899097238 0 834
67.3182305610721 3.00307520747911 0 834
95.9762665619004 3.28703519336855 0 835
100.730102724616 3.54813727740729 0 837
63.765449140316 3.18084901051036 0 838
74.1966530991017 3.58414825383431 0 838
103.229382659289 3.47662311777477 1 839
64.6316011535473 3.12800757080179 0 840
85.98274618132 3.50467369064575 0 840
102.421596720795 3.13619968322844 1 840
63.7490660361169 3.44287121001807 0 841
68.0001445796082 3.13738963704731 0 841
102.504754972936 3.12848070374609 0 841
63.7475520740346 3.05715015144231 0 842
80.2207900401108 3.30264620947903 0 842
68.1184459891163 3.08297693466381 0 843
64.3989676511292 3.32198115944287 0 845
97.665955309011 3.39728277481588 0 845
67.4048588095852 3.07997701342585 0 846
67.5741839966764 3.22812375977787 0 846
64.065662108817 3.0664845138424 0 847
97.72371664052 3.08219526175768 0 847
97.3786242621212 3.03779524161069 0 848
3.17969850764451 3.10767978271943 0 849
70.7107468899953 3.99617999590106 0 849
68.8870937785446 3.15139179397603 0 850
67.3131385200915 3.55919239397801 0 850
68.588720557492 3.24898203105375 0 850
71.7977671761782 3.74939122104938 0 851
98.0254292025542 3.21798466030471 0 851
63.8647580802264 3.09096074689817 0 853
68.6684866303416 3.0981029490989 0 854
69.8688195966968 3.3326608465018 0 854
96.8871090472675 4.04231227902325 0 854
101.314818804811 3.04761782749654 0 854
67.2625843977558 3.24641562837684 0 855
92.4435964028132 3.33907783188562 0 855
102.849613503766 3.0790149524486 1 855
67.2593770657652 3.00366827079014 0 856
72.7421995476398 3.14141631613161 0 856
64.452371721358 3.46087052784083 0 858
65.4991396346458 3.22948095298819 0 858
70.5904284273406 3.19117061414289 0 860
94.476368991195 3.04114725921354 0 860
98.0189789363415 3.16664540659214 0 860
95.9769202055717 3.41501847347242 0 861
67.3637759382165 3.10580265432751 0 863
68.1918263704984 3.73073694091697 0 863
101.091569915318 3.00137714957472 0 863
67.4480442278466 3.40175853328949 0 864
87.0276715855562 3.90977765631057 0 864
103.135403433097 3.0002649872926 1 864
67.2537640622149 3.05244484495032 0 865
82.34395665547 3.12595931453684 0 865
99.7106483827593 3.48565893363645 0 865
64.1878556015289 3.01833629766238 0 866
67.8823979906696 3.12170346846125 0 866
72.5801216400774 3.23706579278923 0 866
98.8489569124505 3.10540018161777 0 866
70.7760021609712 3.40941393606964 0 867
75.4529513639975 3.15728558659265 0 867
21.2586209013125 3.10252903471133 0 868
63.6584919713044 3.04797458272145 0 868
64.5410341543705 3.05718268667817 0 868
0.00101841318609884 3.12814480856543 0 871
63.843119098005 3.05300248809686 0 871
67.526739383635 3.743076558196 0 872
71.9775479734645 3.54118033602425 0 872
102.958093880191 3.38185956746811 1 872
102.958531793048 3.02864645847836 2 872
67.5208452391912 3.17960231708938 0 875
102.637179323453 3.45661929845819 1 877
26.2996607651451 3.45909182633698 0 878
102.906430011363 3.17646319597683 1 878
73.0129517322031 3.22582474332902 0 879
68.1320197717433 3.38267697555003 0 882
70.7650533337717 3.0731800315089 0 882
76.6870120101529 3.0370737615963 0 882
67.9417235287029 3.2930005869212 0 883
95.8840728652349 3.02485560497072 0 883
101.087730891933 3.10288714023978 0 883
68.0129768820034 3.28295349980932 0 885
91.901176054565 3.13887654195489 0 886
100.997671679235 3.25825774196393 0 886
102.309487810805 3.42374600029882 1 886
53.3317819097673 3.05302719892889 0 887
73.5380994208039 3.21305572999183 0 888
67.2943025258423 3.1732282228539 0 889
68.060011454628 3.02077393162037 0 890
80.5915172762944 3.35453045294664 0 891
101.936380434868 3.16430355216485 0 891
29.0326668702788 3.26696373088835 0 892
67.2833381677624 3.05274948614501 0 893
67.2526835905476 3.08485994628311 0 894
67.3238989805244 3.29841552816851 0 894
84.7070705171887 3.21901834412124 0 894
63.7412922900515 3.33123902504337 0 895
63.7717143563908 3.7186818986703 0 896
67.2568258629793 3.18697849742588 0 896
71.0275650278534 3.1750846820886 0 896
101.165588547813 3.46623254472886 0 896
82.7307689755998 3.8833200583684 0 898
97.6643840878856 3.07615021925676 0 898
71.6659935998726 3.4581280423135 0 899
70.6453400718609 3.01893762208969 0 899
103.001543489964 3.15262252036816 1 899
72.1474496366771 3.02799561436911 0 900
69.7556226146196 3.17978084618304 0 900
63.937965709412 3.19831963961306 0 902
63.7986869346548 3.04863382805596 0 902
67.2813917175243 3.07695771289322 0 903
63.7377095249431 3.07563056534695 0 908
68.1513240081654 3.15410217796003 0 908
83.187011098468 3.41000175740582 0 908
64.2427522954391 3.02927350072366 0 909
67.2850399984444 4.08679289519786 0 909
67.8272784377644 2.99418281910306 0 909
102.42516961296 3.28573910328547 1 909
67.2748183781378 3.09248659005182 0 910
79.3883919367117 3.07157637637469 0 910
68.2939767553727 3.1844093112022 0 910
102.083396143033 3.07609208091831 0 910
94.9163062534096 3.21913909783216 0 911
81.2421433222192 3.17345961783089 0 911
7.75485765566549 3.13757450744755 0 912
94.0428783263179 3.40608507034582 0 912
0.458881951352437 3.42207576570641 0 913
70.8644762209614 3.02902799111469 0 914
99.9125383040688 3.30756712359263 0 914
102.982448577396 4.66477189677568 1 915
103.063636108983 3.29076539669885 2 915
103.035692277771 2.99376440253427 2 915
102.992207967399 3.22425532047496 2 915
103.15151620514 3.07013569961454 2 915
103.077446079564 3.74249231454313 3 915
96.8772527387236 4.17390015754696 0 916
97.7509216577248 3.24752262192838 0 916
63.7849111928532 3.25375998811508 0 917
69.279765359238 3.91058111751711 0 917
71.3662691478637 3.07570191620869 0 917
69.0567991737538 3.15679076182807 0 917
63.8133032399369 3.39647808418781 0 918
82.6231208987113 3.52319196549089 0 920
2.18323817054601 3.08114974118957 0 921
80.1167718411941 3.09890705991574 0 921
91.8983786804722 3.17049683312143 0 922
103.0936931446 3.07573936581405 1 922
90.0793739584251 3.6093088908431 0 923
66.7720288338306 3.21127892624463 0 924
91.4031298680363 3.21521060797555 0 924
102.530638596256 3.30040776089293 1 924
102.602239772314 3.00539389012805 2 924
64.8110289635729 3.36212529171966 0 928
100.032229205298 2.99073717462188 0 929
63.7835096659866 3.28833440659575 0 932
63.7409952398831 3.08199275904051 0 932
67.3410064873107 3.06106130320645 0 932
70.6468641323917 3.181526595221 0 932
71.0395675490115 3.12760317715878 0 934
82.3124085667044 3.11509529986958 0 934
76.3088522891216 3.08132341193338 0 935
64.6653457136188 3.43838858283899 0 936
97.7919261928059 3.44633471774325 0 936
102.561241350117 3.84349209769571 1 936
102.621267135013 3.43274128743985 2 936
102.561536580068 3.322945155939 2 936
69.6995397493758 3.09663214053476 0 937
91.5588013613379 3.18056175971384 0 937
101.123689405952 3.13050623330421 0 937
64.6726987832866 3.08399512518713 0 938
67.5650441219742 3.62281750985806 0 938
63.9391708390609 3.57191913482981 0 940
68.0922189094205 3.13850192345931 0 940
74.2577204391234 3.00745824798138 0 940
74.6512095218132 3.01105716446412 0 941
67.2802917309031 3.16356682464381 0 942
102.856756033822 3.01139450684292 1 942
67.9200217522618 3.7708838240784 0 943
67.3008170892676 3.17288927409422 0 944
69.2174616242264 3.78002647522481 0 946
67.4545561578176 3.2803370368852 0 947
68.0263480797759 3.1044745227881 0 947
67.9213204873391 3.4609942091378 0 949
89.2106132404461 3.40812101967102 0 949
100.863299319667 4.40172331949679 0 949
97.664959024339 3.49483886777365 0 949
67.2751760216063 3.02221859894124 0 950
96.2016467220606 3.4463383984484 0 950
70.1397285353366 3.17974322069399 0 952
67.3231141760235 3.06621323642438 0 953
67.2533893127655 3.136246207764 0 953
99.8060347178399 3.28198351528473 0 954
67.2584249402452 3.4500932214193 0 955
82.9208691638763 3.01813576433659 0 955
63.8997176936666 3.22705857224243 0 956
71.2607467353428 3.65635197445037 0 956
97.1497188676232 3.15107662670658 0 957
99.7378762975063 3.04155387286902 0 957
102.958012763624 3.12074175407302 1 957
103.126176415629 3.13467175552405 2 957
68.418846618082 3.53467009391039 0 958
96.3367523872074 3.24721464088242 0 958
67.2899557728688 3.29362175697104 0 959
67.7101925724286 3.6402232733416 0 959
67.2701102298023 3.06390271406843 0 961
67.3328218745839 3.06077441280456 0 962
75.5325501034667 3.79353601095332 0 963
98.1648219892746 3.22358362481794 0 965
102.950508076213 3.03571449993637 1 965
64.1045337907168 3.20257220975593 0 966
67.2907371756477 3.45874665397162 0 966
102.159133209846 3.25269167578113 0 966
97.1331224029343 3.14854409318041 0 966
10.002453497783 3.29879927973816 0 967
67.2892532712616 5.2532550145647 0 967
74.8396151497259 3.2816925771325 0 967
67.4136594999711 3.32947011195261 0 967
67.3514629904065 3.12414697965904 2 967
72.5111992423879 3.04403494746938 0 968
64.0531882681283 3.01561399498499 0 969
63.769177961014 3.32100852936986 0 969
63.8480421993006 3.41655244525949 0 970
67.8709525948856 4.19131106160152 0 971
63.7682862527011 3.17051363344844 0 973
69.1809255723661 3.10071073647258 0 973
63.9396562268184 3.14192157858118 0 974
63.7466204028896 3.33901716287735 0 974
67.5492225928028 3.53568999515836 0 974
102.624153578204 3.15752114137735 0 974
102.971091894826 3.05127118715997 2 974
67.7016413133137 3.63942486918391 0 975
97.2934451123635 4.05351103037732 0 975
103.163114915117 3.08246087225093 1 975
77.2283053891468 3.32040166817111 0 976
69.948374427781 3.18861279567544 0 976
99.4596696308089 3.53832576774422 0 976
63.7580090215864 3.22386682783723 0 977
102.517280924347 3.23016496792489 1 977
63.6876316683091 3.42247996969495 0 978
73.0480850566871 3.05160833166858 0 978
102.191438665539 3.46705932417586 0 978
1.91579299874416 3.28050454208499 0 980
67.272637365876 3.27427740203819 0 980
67.2735384306299 3.35922699960575 0 981
95.7936319921284 3.25380097862864 0 981
95.7112647913474 3.09806093714598 0 981
0.0336861864107614 3.00840805200289 0 982
68.0774665991982 3.29969464720238 0 982
82.0610191202112 3.31497156562775 0 982
80.1085171389791 3.76284021092889 0 984
67.3403113639705 3.24264606421705 0 984
67.6299718511539 3.2824187748507 0 985
101.848712528857 2.99462832333162 0 986
67.4539498843915 3.49033432707953 0 986
69.7885535805189 3.26465553849849 0 986
0.0165702428564569 3.43149947716729 0 989
101.5495449606 3.45051868098392 0 989
0.207147728096906 3.52035104802404 0 990
0.86621084643485 3.41621085269819 0 992
97.1584615886017 3.49366468374472 0 992
66.7493688315636 3.00124934494145 0 994
102.629152482822 3.73214251813593 1 994
102.662615233584 3.27791640980292 2 994
64.8297075074458 2.99388485419176 0 995
67.3030932767993 3.25139313890355 0 995
100.903910460487 4.67072421133079 0 995
67.3141221304574 3.33817296733664 0 996
73.4302422192226 3.55253320184375 0 996
67.3002665787097 3.19215201487821 0 997
67.2878870475907 3.39869651323673 0 997
102.685147265651 3.37733729032554 1 998
102.419965270422 3.05158031581048 1 999
67.8245557017542 3.15480337738009 0 1000
101.155375474677 3.22474222694332 0 1000
102.562169651714 3.12661603320592 1 1000
