"ts" "magnitudes" "gen" "cat.idx"
0.155153977153179 3.48275050280967 0 4
2.58717226873574 3.29554219680521 0 5
0.0433544232650566 3.05209408047293 0 6
53.9796257213779 3.43084682914261 1 6
8.66582976834363 3.06575460341787 0 9
0.043918591900376 3.01636734620593 0 9
49.0789091290584 3.38894543420943 0 10
0.508427252030646 3.3174308093051 0 10
38.1021659205927 3.07349753901162 0 13
53.3233667690397 3.08995650703725 1 13
1.09311373090388 3.02388193098917 0 18
24.7628422938289 3.61278103501932 0 18
3.86990121046958 3.65640392220605 0 21
53.4899723542944 3.2673978012017 1 21
45.5223013610143 3.07839564059173 0 22
38.1875372402925 3.0234599899138 0 24
53.3025299456526 3.63870232136487 1 27
15.7960746013431 3.12330468185033 0 36
53.8575729899198 3.12214821518486 1 36
1.10146450516915 3.1900857347725 0 41
53.2498721151237 3.1719807208262 1 48
28.8520159763299 3.98481786993019 0 52
37.7800531429271 3.23937494992428 0 57
53.1106312141378 3.1164599572962 1 59
0.0722293883336225 3.25943930724879 0 61
0.750143993225105 3.41579962846427 0 69
6.42863455759611 3.00036986463843 0 71
45.5794787663717 3.00626847172386 0 72
49.1020858330912 3.07535575509443 0 72
53.9512602618519 3.23972951519988 1 72
0.376175773383397 3.05138278306199 0 75
53.1062762207907 3.40691694185405 1 78
45.4855915987035 4.02563637595613 0 82
53.4344066725202 3.71723431025736 1 82
53.577736945669 3.08989615317629 2 82
53.4580612193417 3.00219665098957 1 87
13.4212607963623 3.93349650803618 0 88
53.1921788856011 3.00573122133467 1 91
53.9105842324946 3.48367789873656 2 91
31.1877998051704 3.2890736004749 0 92
8.52512223901853 3.19227311971586 0 93
53.835016990462 3.18490341656459 1 93
2.98008815517034 3.53191140958267 0 94
53.9711947312203 3.24557530926627 1 95
3.86247066493365 4.20991704588735 0 97
10.0386646283195 3.26564607653281 0 100
25.2117912052238 3.0190661455126 0 100
0.652430209810894 3.55158618714581 0 106
0.0455266409717936 3.11593351024018 0 111
0.031651542439487 3.23026970230923 0 113
53.0957557839897 3.11913806881348 1 113
44.1607777593724 3.19794494507391 0 114
46.4270316535937 2.99355548601294 0 120
54.0153437637814 3.0387497111069 1 132
0.0340595080627715 3.07621484599006 0 137
0.291018313240342 3.47577122038731 0 139
22.5580280534454 3.23836319909104 0 140
0.218147411960105 3.28824418599196 0 141
0.142480312367022 3.03804798332036 0 148
1.53636114838064 3.18218196066718 0 149
0.00122724551499831 3.29889650825833 0 151
0.120186488024906 3.84042413170235 0 158
0.052530651731302 3.20937476103119 0 161
0.149767958227744 5.00420357392179 0 162
0.073495192306165 3.12600559113884 0 162
53.9062752757777 3.13316954417377 1 162
2.66946964105393 3.18682070671634 0 164
53.4640157396529 3.05834944001148 1 165
8.64128162235547 3.23456137629712 0 169
53.5088870014619 3.25892823265784 1 186
0.453005237056607 3.39702400218464 0 187
53.4359109440442 3.23121939169425 1 189
20.8568018123078 3.31015740266647 0 196
4.27046017801286 3.16964993664603 0 203
0.247826887717881 4.61184659379496 0 204
0.106339807607754 2.99053328688728 0 210
50.1459872469961 3.22045437936399 0 211
45.5088016850069 3.09074540469959 0 232
0.110305359623322 3.03320738688723 0 236
46.7527892249473 3.05177193515326 0 238
53.3818056338091 3.90722872500868 1 241
53.4779520673954 3.98624422107393 2 241
1.4042220083867 3.1036380105014 0 243
51.1233738449669 3.04157913372478 0 243
53.0948071274065 3.0365742007759 1 245
53.5896731879652 3.14812563980852 1 247
45.5145500071605 3.09064971536883 0 252
0.125401623541355 3.10631517477073 0 256
5.22266964590336 3.40014728943116 0 256
0.343099606027498 4.15013625237062 0 259
1.82485772769845 3.2657400586734 0 268
0.0858397377248315 3.75857513441588 0 272
1.36008249905294 3.1927663377013 0 272
53.3475174586378 3.61470318474229 1 272
53.0887434835635 3.16737412742213 1 273
53.7396332853563 3.15804643081394 1 274
2.09155944441097 3.04283048976812 0 277
0.0957326607156001 3.94493428698422 0 284
53.6795706643347 2.99841271735558 1 285
0.00119523466449784 3.15111485662649 0 286
0.0317548305145064 3.32863675399981 0 288
6.1852646197595 3.229999656779 0 288
1.25599004015819 3.11980002520728 0 292
1.17185359486814 3.27244347836999 0 302
2.90761733503181 3.21922823830275 0 304
0.0300708318667457 2.99518078956599 0 306
53.3587329375182 3.0974031384491 1 308
42.3481542845485 3.22936965799534 0 309
0.0308652866908243 3.03127834205787 0 312
4.62651369257299 3.18413711257504 0 312
0.0610433567812877 3.60914110661491 0 313
0.169283441736477 3.66484298790104 0 320
46.4706766177266 3.99383391787456 0 320
31.2046980846701 3.41870097178739 0 321
29.2626156404383 3.41042676794502 0 326
53.3803440189544 3.13517923301866 1 327
30.8644331926563 3.15051619793181 0 328
47.9808875739166 3.00642751613265 0 332
53.7735339427922 3.34613205480726 1 335
53.6578212339986 3.16881775460131 1 337
53.6630117133817 3.07543758482282 2 337
0.0999309248980985 3.33512565338311 0 339
53.8618238192607 3.07330565760635 1 339
53.8712490363136 3.33567818614291 1 341
0.0308894936336288 3.66268984119611 0 344
51.1192077334539 3.13840859270225 0 344
23.8981805776857 3.02991336366041 0 345
0.652764002966477 3.06529970565449 0 348
41.6228296024488 3.21018160647953 0 351
53.409490570109 3.52096627079702 1 351
23.9983654460667 3.00798022175294 0 353
53.6808622539133 3.62393755771303 1 353
48.7971954010233 3.42224746905658 0 356
45.7829250069798 3.19418426457772 0 358
0.119817422635356 3.42956650325657 0 359
0.0216985071389545 3.54239689922584 0 363
12.9613369877109 3.07259970152468 0 363
53.2276075514123 3.03007891823662 1 363
53.2517715133855 3.38539033250433 2 363
0.993090656888884 2.99032787474413 0 367
0.27467660950014 3.20323796954005 0 368
10.3904945783108 3.11466424914793 0 372
2.4292675901606 3.01242945147301 0 374
26.9584476229087 3.37835805436321 0 376
53.0484730456114 3.11499602599396 1 377
0.0206397479612915 3.00874082907551 0 378
5.55434702589639 3.40842056377397 0 385
53.1924189607702 3.36615872020093 1 386
53.5489762814877 3.20739469736732 2 386
0.114431411587794 3.06218541941319 0 389
53.7366526563742 3.56818465876587 1 395
5.23704425682095 3.74906262397016 0 397
50.4326301099139 4.34216355344495 0 404
0.0445024134921442 3.1053013135157 0 405
2.25980129212043 3.14913572063357 0 407
2.14103221331433 3.13091608161004 0 407
3.35036333542419 3.21972067468917 0 409
52.3298594237468 4.50442569211428 0 411
52.3421407902358 3.32695158091537 2 411
0.036665696627871 3.71057431790378 0 413
1.39399906686684 3.26282554096925 0 415
53.8313825893306 3.75678593162834 1 415
53.8488866054885 3.31140404397791 2 415
0.241769283137088 3.2381336404248 0 420
14.0045306369343 3.30006576145308 0 422
0.969299024027929 3.56146797822288 0 423
53.2436056066394 3.22411070158137 1 423
53.4946851419184 3.28713254746511 2 423
0.123843413407788 3.58978236430857 0 426
53.2254439768471 3.87512726477192 1 430
53.3558755357795 3.31781149958875 2 430
10.142915174178 3.6700672410942 0 449
2.99491015457318 3.04007650773148 0 449
29.9081103088877 3.13440209758082 0 457
53.8047106351327 3.42061957619015 1 457
53.0126242644745 3.10308688412599 0 460
53.5577441774398 3.27775294248636 1 463
0.116378539963272 3.20970003512724 0 467
51.4663813949158 3.092030447245 0 470
0.32233513693205 3.0197292687662 0 472
43.9111937392145 3.05157080142691 0 473
12.61814008132 3.20504168195566 0 474
51.1116380191773 3.05709490901358 0 475
0.170651860164496 3.07679964936601 0 485
0.0140841981556721 3.50350345888236 0 487
46.2845453102743 3.31670346125424 0 490
0.028926479421631 3.20290137434399 0 492
1.00111058310374 3.98740792508528 0 495
51.1111799941495 3.42723577603334 0 505
53.6870217504069 3.14886788988018 1 509
2.16594946852085 3.02451973536968 0 517
45.885712989072 3.10484634463752 0 522
1.1887976490854 3.30565821913126 0 528
0.0650793587521795 3.09680996251412 0 531
53.2155128055342 3.51957173352893 1 534
0.205809990777555 3.02277092429046 0 535
50.7360651057988 3.11097840385553 0 538
53.0171407555785 3.45110681954739 1 539
53.5713215003811 3.05895466443614 1 539
53.0336138542354 3.1560374971029 2 539
53.1699775067807 3.40519278025242 2 539
0.0332223816334429 3.41140042253698 0 545
3.75397213194098 3.02936417614448 0 545
46.1887035078255 3.76550534905943 0 545
0.549987381918312 3.00186425120318 0 548
0.00791048522117346 3.1509995021672 0 552
53.41105712546 3.05128810115036 1 553
20.2634543765253 3.30742386053744 0 568
53.9190074975226 3.06838501183456 1 569
26.4798242883971 3.08665073023156 0 570
45.3733938317385 3.03562947227916 0 572
1.22931268034564 3.2988117902957 0 577
6.15446927576394 3.3504458377513 0 578
4.83581223872807 3.39610553129006 0 578
53.3093417618979 4.0998819700247 1 578
51.463355802861 3.37967122077052 0 579
0.0300337060797166 3.58281537729735 0 580
43.6399652398243 3.33427091002933 0 581
30.3773233824962 3.47903288431771 0 584
5.23351985910589 3.17181187698691 0 591
13.2864334577196 3.24198728261434 0 591
53.5453625246041 3.08214439951638 1 593
51.119219109183 3.93120732798404 0 596
0.0144624260890311 3.27964846445434 0 597
0.168167153384072 3.04204796611291 0 598
0.631198993123061 3.02357181858037 0 600
0.159629262426022 3.12725666282135 0 602
8.00307354349239 3.14715150653592 0 604
0.171862644766599 3.64656296513301 0 604
0.159606726860142 3.83028547223494 0 606
1.09359947013235 3.30037828998309 0 606
53.1481528244071 3.20879723814535 1 607
53.5160607705727 3.7242665044779 2 607
53.5178828870512 3.27914568803465 3 607
0.691767997286911 3.24673908220932 0 610
52.8508509606599 3.22644797333051 0 611
2.18998909639412 3.46821666746633 0 612
4.79584038343781 4.172045851646 0 612
3.00764697884087 3.05847149162445 0 621
39.9517643359372 3.147060654163 0 629
0.800069192064286 3.43855764435678 0 635
0.911959525942328 3.10552816703513 0 636
53.0208293806386 3.12668538520299 1 640
2.2629934996572 3.09719495181019 0 642
37.8075397061747 3.07743468360957 0 642
0.0273446543038586 3.4425021314441 0 644
53.2444343892016 3.05190321658465 1 645
37.757314810079 3.07065884528899 0 646
46.4968528773199 3.50491536761527 0 653
0.616430392395841 3.34921886657846 0 659
0.111826937727416 3.17566567707535 0 661
53.640512614194 3.3941268536793 1 662
53.6973787619886 3.43842473383071 2 662
53.9993931283696 3.33971528452676 3 662
53.2403616606348 3.21563208008536 1 663
2.13010127723116 3.40717434570105 0 666
53.4899249890909 2.99273632574782 1 672
13.3098841250695 3.102964249934 0 673
53.4104301530492 3.12357048033176 1 674
6.15156850150373 3.02436811252073 0 679
0.262711490776442 3.17627103205909 0 679
0.688639666374005 3.20647781505623 0 680
3.74557614950961 4.21927798368424 0 682
7.13162020839125 3.81071697261248 0 684
51.1126710789851 3.31619114694104 0 685
53.7574093503967 2.99699307374257 1 692
53.7660866689347 3.46396162160974 2 692
53.997176428707 3.0842029692283 1 694
1.73939514166861 3.08026890863639 0 696
53.9317231885247 3.04020836658584 1 696
53.9658325801683 3.2208928379586 2 696
53.2630511919592 3.37690430066487 1 697
53.4897447136786 3.77812205829032 1 698
0.759776354281051 3.26452723603115 0 703
1.5171556870251 3.13107840313646 0 703
0.184924525518007 3.15594694548493 0 708
53.5055287109312 2.99637344200248 1 708
0.529955344034675 3.26761999829984 0 714
0.00629848333513085 3.78182973299455 0 715
3.81663142972821 3.07157955204629 0 719
53.5323179426227 3.09898262666459 1 719
3.08151008176021 3.20680536167345 0 722
0.143557856934259 3.03158321996999 0 724
51.3754552917839 3.01653165394026 0 724
45.6099993419721 3.42296710995112 0 726
53.5475098876372 2.99556764915774 1 727
53.5656339247528 3.13497911194423 2 727
2.78555130393409 3.39484929377353 0 730
2.08257036973876 3.41628125571314 0 734
31.5200267798989 3.21079284772029 0 734
11.6568835189553 3.37369728764145 0 736
0.00108645332991835 3.30208161103895 0 737
53.9708359913525 3.00375122365596 1 739
0.227078565152693 3.71323188035154 0 744
2.2256397384793 3.4287959592208 0 744
3.65700347009988 3.34411770730911 0 745
53.4631945313044 3.06904819877415 1 745
27.8505418808745 3.21239827819489 0 751
53.6390469629873 3.06128674893106 1 751
53.7685975508388 4.28429174800055 1 756
53.909157090379 3.10272350765722 2 756
0.133453357489088 3.0702640494957 0 757
30.6300964513177 3.06124718597647 0 770
1.7255269147139 3.43893233768408 0 780
53.4935667285785 3.63991251266067 1 784
53.5124150506473 3.11519714227776 2 784
0.0649329509193803 3.8901238092234 0 787
53.9704134880189 3.23452748904066 1 792
53.0223971476402 3.81582462716055 1 793
3.01433290779589 3.39891633823007 0 794
0.0473046053308494 3.33980200721882 0 802
4.38443389696833 3.09370612769949 0 809
26.166810098966 3.18597319992312 0 811
51.1190248683525 3.39539521315535 0 811
53.5778184695259 3.63040660355456 1 816
0.423263741000955 3.09146104526704 0 818
50.1686645107328 3.59280267067646 0 819
48.8420721996608 3.01004050598919 0 820
0.136463302453563 3.07872336037525 0 821
40.3081377909287 3.19059031203121 0 827
23.334889053556 3.01387708767482 0 836
0.00926487555496051 3.00105419878307 0 840
53.9328668947887 3.34994679349541 1 841
0.673920821671037 3.05106242698861 0 849
46.2101256774375 3.67422532573453 0 850
0.633054685187845 2.99237212097978 0 852
0.707261698285185 3.10594597340069 0 855
0.136559982363947 3.38834331849998 0 859
0.448779433794504 3.47415394700601 0 860
9.92244635835331 3.55051856815087 0 865
44.0346495875282 3.50467670693968 0 868
2.86881413250559 3.34599477435113 0 869
53.2054832406897 3.21819575341927 1 871
53.2128227787823 3.07617063369329 2 871
6.96105920315645 3.06769952897079 0 879
1.3760891328614 3.14502730321131 0 879
0.0987445740721377 3.00216842699574 0 879
53.1687790622559 3.94962880448445 1 882
4.35195979922123 4.51831496342454 0 884
48.1250096571798 3.05895094784456 0 889
53.1575619719547 3.91561184499009 1 893
53.5405334339004 3.24105429694161 2 893
53.5543598073158 3.53637474477895 3 893
5.6849736482811 4.11240409308222 0 899
0.129387334015573 3.6417467768679 0 900
38.6208042401629 3.2443764418997 0 902
4.60005508199616 3.11200972189235 0 906
0.444218697491475 3.00018680956114 0 912
4.33564298195652 3.47596005267333 0 914
53.9105756254025 3.51186643435169 1 915
4.59298050632738 3.56238852580286 0 916
53.8718195694123 3.23381795194309 1 916
53.9105020755351 3.67233094521308 2 916
0.211662480561157 4.05014486816084 0 919
53.3629971008372 2.99993737350244 1 920
0.177103816321825 3.34151125125346 0 923
15.5892645984835 3.97749208964636 0 925
8.74134969929821 3.02799539456049 0 926
38.1602793932328 3.00015538652482 0 929
0.582416424784455 3.22141039079514 0 933
0.0785978739838696 3.60452312303539 0 935
53.7753722198863 3.02558630725465 1 935
53.6501498039902 3.028749764097 1 937
53.1109282452937 3.44521705089095 0 938
53.6945771732457 3.12801345493807 1 942
53.3075278470382 3.19135329230701 1 942
0.0331425401649516 3.05118895280078 0 943
53.2397796850741 4.90995237943716 1 948
53.4601949704832 3.08489177218321 2 948
53.2500105196579 3.26199895458683 2 948
53.3693453498168 3.18408238081056 2 948
53.6150486777727 3.00414346799699 2 948
53.5268518596591 3.52044201491675 2 948
53.6322852658973 3.45911789746576 2 948
53.2902645292704 3.11978340347662 2 948
53.2820687729952 3.16575885006268 2 948
53.5803776354619 3.5416291975629 1 950
53.0257108529654 3.12049999369099 1 950
51.1430738456104 3.22358314553138 0 951
45.5292011909812 3.58493562070165 0 952
53.5919759060812 3.26075083176925 1 954
53.2739509182606 3.39565851658971 1 959
0.0474291010869578 3.06336374133378 0 962
41.4619245808645 3.18199889137857 0 964
0.0175424974054676 3.25432222498462 0 969
53.6142444658649 3.30182589798098 1 975
0.0337446740686674 3.17485500445414 0 976
46.1313781287188 3.10867218273598 0 977
2.30033348784608 3.37842961262928 0 980
12.7230156648125 3.02465276798961 0 980
53.2120080484633 3.02369457936978 1 981
22.7683422110622 3.25844168317841 0 982
48.9428530497042 3.13503281036831 0 984
0.052088076558953 2.99447934035778 0 985
0.0876847202954183 3.1993650702457 0 987
51.2442526800725 3.06769421977983 0 988
22.5618592005598 3.77871283614535 0 989
0.313009980954184 4.24271491974615 0 991
36.6101969440729 4.0663591628207 0 992
0.764121584812592 3.04526567924479 0 993
0.0371249767791649 3.55343048531982 0 994
53.5942651952241 3.01124688686658 1 995
0.0328835924559103 3.12028954553628 0 998
53.9986152696979 3.60161089487816 1 998
53.8836194064092 2.99780673190703 1 999
53.3797529534526 3.42175877399723 1 999
