"ts" "magnitudes" "gen" "cat.idx"
41.0786450788468 3.15925283068644 1 2
41.0758861798417 3.44734256327642 1 7
41.8570140869446 3.46800416658519 1 12
0.121148265943272 3.99176910774255 0 15
8.11328175787905 3.58070728171139 0 15
41.5643521548804 3.34686965228491 1 17
39.9696335955289 3.96908627440026 0 19
0.0486515772610219 4.08005226959436 0 20
2.75561771419189 2.99068667403793 0 21
1.38494567011995 3.5689897044659 0 22
41.8736339825295 3.12743895637466 1 23
41.1738582299181 3.06298581100441 1 28
41.1766591413502 2.99701303108955 1 31
24.825632812116 3.20261970532725 0 32
41.0337419909515 3.07923099669954 1 34
0.0888966562245706 3.07888471480856 0 43
0.067502136747041 3.41107405838212 0 44
41.1293170069434 3.09210352829633 1 44
0.335239618376533 3.21627103265687 0 45
0.777627689920347 3.08778122301919 0 46
0.450452755451015 3.04033345825756 0 51
0.477856007914003 3.37171833584969 0 54
1.55277274159374 3.08369103528975 0 57
41.7767684859313 4.29237056834346 1 57
41.7928348767469 3.12989771839812 2 57
41.2642229899388 3.46222801038027 1 59
41.7990724562291 3.9314669589674 1 59
39.9270595697068 3.27634460800634 0 61
1.33659511006777 3.44674659334639 0 64
0.12322314269128 3.51843298562106 0 66
15.2402604987636 3.25703021067978 0 66
4.94413165326857 3.41556231466181 0 72
25.7831095990682 4.55987499059454 0 74
15.3580537203212 3.21440700149853 0 76
10.4649734762159 3.25591331750636 0 76
0.0104124247305778 3.2010238820942 0 76
0.047572891232231 3.03635203085336 0 78
41.664224201962 3.28615260276722 1 80
32.2272407895002 3.51780372478102 0 88
1.38989590246229 3.47588422584541 0 89
27.0614502070504 3.5303740990035 0 91
41.9038706879687 4.36229416038662 1 91
1.71083559048348 3.3476917123549 0 92
6.98517021763607 3.03254256189368 0 95
25.2174784217461 3.32217128110509 0 95
0.11614637205427 3.38536789287195 0 98
38.0010616005822 3.3512181071581 0 101
41.6438539120458 3.29728878087408 1 101
0.105457426237391 2.99571059152145 0 108
41.5987708153293 3.08583409621864 1 109
4.64485531892712 3.26735984813398 0 110
12.253341071284 3.00319432261101 0 114
1.63631109649954 3.28673983501299 0 116
1.0079368598105 3.36513439181029 0 117
0.0689628978874917 3.41774937831352 0 122
23.8844661207126 2.9961217074463 0 127
2.154559636927 3.54804816251989 0 129
7.86130996217281 3.05583207174182 0 132
42.0158711230938 3.36588257873369 1 132
41.2143446976874 3.1394524386899 1 133
41.2380396027505 3.33911260136867 2 133
41.3327608328144 3.0659068650631 2 133
10.4337775585369 3.49861341329471 0 137
28.1695857527472 2.99278056599434 0 137
21.713160218133 3.14493848415449 0 140
0.0578563118250781 3.52498960032872 0 145
5.63231214026915 3.1364460944094 0 147
38.073295103996 3.47907878365706 0 148
24.7693492811095 3.05486029539202 0 152
11.7424543496483 3.55284947745452 0 153
40.6936882921699 3.25775005430863 0 153
4.50233353350344 3.24984462356408 0 156
0.0126428128867296 4.02068364070693 0 159
0.0476349298891702 3.40593157503758 0 166
11.7352186937113 3.05082310287895 0 169
1.7371585001033 3.20352256532532 0 170
18.8301395765853 3.33279174111587 0 173
1.44755326005433 3.407197738339 0 175
6.96063678405639 2.99005275439315 0 178
22.9315287761638 3.01598075406737 0 183
41.0899041764528 3.14014887705541 1 184
0.846447804674262 3.17891649604216 0 185
1.64592817849959 2.99505751291758 0 187
0.0543659473687324 3.01202874953682 0 193
34.0381986063578 3.09710895552842 0 197
4.70340615735464 3.0167257079436 0 197
2.17498892803261 3.30686046706183 0 198
41.607567330971 3.5304832610569 1 199
41.7052598745642 3.10319800816941 2 199
0.128275428442897 3.07044016170659 0 201
2.10904578395705 3.03501609636514 0 205
39.9250751304969 3.02494630510502 0 205
4.63923402147726 3.39174090761504 0 209
35.3932142795585 3.07894840241524 0 212
31.6724497214754 3.0505365434427 0 213
41.083343837326 3.2619928233468 1 213
0.156068195699822 3.5499109927555 0 217
10.3678045327092 3.02201918272141 0 224
5.60659778935353 3.23828549892305 0 226
0.118600700417923 3.16511121591471 0 227
0.0394877189986998 3.97826063622265 0 229
10.0228074844121 3.01012520028784 0 230
1.62956950287551 3.16132156751448 0 232
41.450811244696 3.31396222313106 1 232
41.101185784591 3.20934079621635 1 233
0.150816250558441 3.35368263198139 0 234
0.305810647043073 3.25385805190268 0 235
40.0056977427839 3.58813368944565 0 236
0.109771784600497 3.02038034029456 0 239
41.701943456344 3.22788117276631 1 241
40.0366295477771 3.57642352507063 0 244
10.233360403685 3.72568142241656 0 245
5.04727489958047 3.23179962957789 0 246
5.35907185453662 3.01185962504469 0 247
10.681734647421 3.03511450117592 0 248
10.0880702831401 3.05684208902231 0 250
1.97565168382899 3.29139473015137 0 251
41.9217057599776 3.48655961392792 1 251
41.446715494068 3.85276422887386 1 251
41.6610004778012 3.43572467298849 2 251
41.881888691582 3.08095251154419 2 251
41.4683509800742 3.18497313806556 2 251
0.0652528112868599 3.15313144968216 0 260
39.9562616498545 3.08014463284248 0 262
41.4268188459423 3.35960407115907 1 265
0.052683272213948 3.17448614012395 0 268
22.8091746769569 3.79991430318768 0 273
14.13043821238 3.07185542327105 0 275
0.0106582098762186 3.06537672080509 0 277
0.111766533813416 3.10213408183202 0 277
0.59600611471365 3.27461320529972 0 278
15.4993722511124 3.58575704613149 0 281
5.7395141037089 3.67475432313245 0 288
0.590076906423668 3.0683733383011 0 290
1.50592896896543 3.11939323694923 0 293
37.7704723050202 3.59960472857741 0 293
41.2837487639949 3.91706592407007 1 294
41.4188493969009 3.59836999793087 1 300
0.0586413624705292 3.01596596885685 0 301
41.1911565283403 3.00125877755902 1 302
41.3079638441528 3.10540038805114 2 302
0.292754335683442 3.02821064021464 0 308
23.9127858689609 3.19260360006975 0 314
41.3074949531906 3.10155452652115 1 314
37.7406140983245 3.76989107558237 0 316
0.0468090867664888 3.16621428272558 0 317
4.61917995621066 3.57102161651378 0 321
0.0732075935102289 3.11175244937957 0 323
0.00837919165926839 3.49487428608156 0 325
32.0897149521512 3.75804779797698 0 325
1.78839497751741 3.43425253098557 0 328
41.1472725594972 3.38483465517881 1 328
18.3652804768353 3.27082975020892 0 331
37.7509500792879 3.71262037667958 0 332
38.2973470005887 3.01917833755953 0 334
41.3429183805451 3.0074341072927 1 334
41.2064727867578 3.64528019312832 1 334
41.3800698982596 3.09315816126124 2 334
41.2069230334435 4.24589696078847 2 334
41.2720052602273 3.09650974775017 3 334
1.64377065780817 3.00995497293594 0 337
16.4953358212132 3.47664067049232 0 337
0.348516934543295 3.02028441499859 0 340
3.03272207941862 3.18556830290803 0 341
0.419603210123343 3.12053786650496 0 343
1.07552563960809 3.36210134647823 0 345
41.9132555957508 2.99721512096532 1 348
32.0869443270266 3.82261508887161 0 350
41.300007480811 3.00015822763422 1 350
0.892522789707268 3.21435322748533 0 358
9.51804274159583 3.21307222387234 0 361
28.0448185115267 3.09546752406816 0 368
0.0141744419407354 3.1510052264908 0 369
0.4213349507836 3.0427568223641 0 369
0.17593192203452 4.42432705056097 0 373
1.11594947250549 3.421450192828 0 377
2.39788260314801 3.00231883935831 0 379
0.713576203341025 3.82413259010628 0 382
3.32322950148392 3.00706218651833 0 383
0.646655031293999 3.31465632140585 0 384
5.28667229902116 4.47321181321689 0 389
7.77575211157473 3.13615569493605 0 389
0.0309369911112242 3.01818094080151 0 394
0.290418040685785 3.13655330971917 0 405
41.1584850234535 3.11313484224724 1 406
41.2880267482115 3.67160814678237 2 406
41.3635954343019 3.08371083007908 3 406
41.3270884084619 3.07653315558581 3 406
41.4240264815469 3.55845875591634 4 406
41.5452406171376 3.38068770697871 5 406
1.42016144942781 3.15773563211123 0 416
3.5165080413609 4.06249877435982 0 417
0.0542836205195689 3.66220760741646 0 421
0.0908820984628082 3.17011835303429 0 427
41.2684037149042 3.02103926421726 1 429
41.4215033649557 3.24751236175816 1 430
41.7959632404704 3.00089231652892 1 433
41.1411403169945 3.07445600372713 1 433
41.8174260277821 3.01668698656415 2 433
41.9375636492946 3.7749146973121 1 436
36.2265030941186 3.68205076118272 0 438
4.05380264347294 3.22217966817594 0 440
0.00866622401794206 3.04170959298184 0 441
27.0021981708471 3.08928912276859 0 441
0.0274963660900816 3.06371809538319 0 442
29.9635619270291 3.39557575331362 0 442
36.1618855280594 3.59530225915932 0 447
41.5055306280587 3.8210470183603 1 447
3.00426021935101 3.16469308967227 0 454
3.0585381612603 3.29872846499726 0 455
0.640552306362643 3.94066874523983 0 456
41.5306264084388 3.71300642110018 1 460
4.42113644103519 2.99835375840499 0 461
0.265952629354023 3.10064665537461 0 462
41.3804194707513 3.6966366643 1 465
37.7587596626653 3.02251589521446 0 468
0.0141005571134931 3.10138935655733 0 481
0.00342927703163901 3.10595885365309 0 482
4.68207962822582 4.75921805325505 0 482
41.3635755061727 3.01759485400506 1 483
2.14592487959406 3.20261479566962 0 484
41.9663322269075 3.48137824949364 1 486
41.0916738085538 3.59829472691562 1 489
32.1428183796876 3.0367574176078 0 496
41.6948773743674 3.23917176238211 1 497
0.158178397643508 3.07586379130656 0 500
7.88126396455194 3.45309239891959 0 502
0.0575419963042516 3.43553939510377 0 507
0.00528123174693722 3.1693682264264 0 511
3.54503568654833 3.78419573504216 0 512
0.442024034791413 3.06420597809556 0 514
0.0415180772950646 3.23200886573141 0 516
4.78956608372 3.27150240402396 0 518
0.0332733396809835 3.71730166365252 0 520
1.25992459114492 3.08233743399665 0 521
0.807642637677251 3.10011066015471 0 524
27.3134723762651 3.62922682483913 0 528
9.11705583634948 4.73146050956634 0 530
0.0940271458737088 3.27159692439361 0 531
41.476387060396 3.14496102137803 1 532
0.0899664431993098 3.28506294204379 0 535
37.7627782658787 3.1538657082485 0 535
25.2014669152739 3.5834869474464 0 537
0.0708185868096369 3.20193773069102 0 538
41.780581199247 3.09162232560545 1 539
0.165689141373175 3.46588946266877 0 542
0.354995028665996 3.02355718783478 0 542
25.4015110855093 3.74388032600052 0 543
0.136245782552844 3.05267795294381 0 544
41.0543151315391 3.03324780804432 1 546
1.96947770681973 3.09228225079005 0 551
18.3276412208826 3.044915366283 0 553
33.6772454275991 3.35119187394442 0 557
26.77073635494 3.31582906260703 0 561
0.039790651018265 3.43574574069277 0 562
11.5893490336605 3.18621317570496 0 565
0.284308787596362 3.11526897260649 0 567
40.1952991093696 3.28918574565318 0 567
8.68885128405866 3.31102207652271 0 569
0.345080044804533 3.44499357989516 0 573
41.805034204302 3.35585893380173 1 576
3.16426336806083 3.02470313185772 0 577
0.152780149246897 3.79425816067973 0 578
1.14630772713424 3.17229767557397 0 578
41.4922221663032 4.46835501451712 1 578
41.5323501158363 3.71435857649415 2 578
41.4932246113499 3.41785775766882 2 578
41.8940552609804 3.06793818966683 2 578
41.6038222685569 3.07862110856326 2 578
41.5635735719145 3.37064789727052 2 578
41.5970532364714 3.221870415914 3 578
41.5529989810338 3.28213821176772 3 578
41.8989478236261 3.24597881290663 4 578
7.357875759995 4.44201695226429 0 582
15.3014633995171 3.64912003588919 0 583
2.05268752631698 2.99155180597336 0 585
41.4906213753015 3.20189894710728 1 586
41.4950835615486 3.43137865211544 1 592
41.5653997547083 4.12819157833409 1 594
41.7199843539015 3.09048728227011 1 596
3.37662683411888 3.42682445030701 0 597
41.1075296338272 3.2403434893708 1 597
0.0409034503607588 3.42972904744661 0 598
41.69741045 3.56633827303189 1 603
0.0394134682449962 3.08482503107513 0 607
0.0129774129367788 2.99189435135151 0 611
38.3928874182305 3.25237689858531 0 613
42.0097091716338 3.14858860377741 1 614
0.24751382556487 4.54146345486612 0 615
6.24187730033534 3.07968047472658 0 615
41.3495403473821 3.28986835635903 1 621
13.9463295836335 4.05183487741388 0 622
37.8202151149929 3.11596613823331 0 623
40.5105980253343 3.00983117812958 0 623
4.21377104086139 3.51375640304872 0 625
37.8432011606794 3.05465597480805 0 625
41.7665201201193 3.27836502929525 1 626
0.254753407097852 3.12776923344076 0 627
41.77109263177 3.14700450568177 1 627
7.88789798621074 2.99097819710814 0 630
0.00449500409840443 3.23953243986433 0 636
41.2638972363524 3.15848318932722 1 638
0.265507904812531 3.07429342767227 0 640
0.0388716662844306 3.47968601324651 0 644
0.622464755811383 3.46040586933649 0 645
4.89562411720179 3.39272198685397 0 646
41.1430824381855 3.52439638862188 1 647
41.3062726327699 4.13145385314737 2 647
41.4053816676283 3.01642647735227 3 647
2.39807174894048 3.05246084202429 0 648
2.56580326875618 4.076216631952 0 649
0.00837509764688989 3.02531978612817 0 652
0.450669876291682 3.50046279343931 0 652
0.0126957444925344 3.40200419400981 0 664
34.3226953978958 3.04300236515268 0 671
41.0405543343254 3.05991860362896 1 672
37.8251187510046 3.05233093576775 0 673
0.276400282628164 3.13477382248226 0 675
0.012965704426102 3.12926697076996 0 676
41.8084259374623 3.19797762381324 1 677
0.33507102360853 3.64779450265451 0 683
0.489818966160297 3.01331430935312 0 683
0.0757042170743586 3.02878483200833 0 686
41.7774622260217 3.23510954950836 1 686
10.0281707728538 3.48248738401341 0 687
41.574266960918 3.24675198392962 0 689
0.185527710826473 3.09759044705012 0 690
1.30689447386507 3.07315839881869 0 691
41.7576362059076 3.68477644466772 1 694
0.266282962453553 3.52478434245839 0 698
41.971138887256 3.88146115119728 1 706
41.9798487790131 3.29430086110854 2 706
2.37677322128335 3.17807599752731 0 707
41.9977062422872 3.00561583203686 1 710
1.24652560336085 3.27436305952361 0 717
0.632083216520778 3.11654395559863 0 719
19.7973188305271 3.08325171976826 0 721
41.7485820645556 3.53228997507277 1 724
41.7299316387248 3.37716972180659 1 726
0.349142109222387 3.39646516132544 0 729
0.774278701769629 3.37255031278885 0 730
40.1483159097356 3.1665777412171 0 730
0.0204819913639583 3.05504310408917 0 733
0.627921142687875 4.06617416669105 0 736
0.594979578135631 3.77403193817618 0 737
41.9927486622796 2.99223674767213 1 737
0.0431899058318724 3.22641654462426 0 738
3.24940489693955 3.12142686558223 0 741
41.2364165803042 3.37697351763279 1 741
41.2451546859551 3.09489895648143 1 742
41.2529160298305 3.53856633438637 2 742
6.99327180602434 3.70300681896354 0 743
9.10491064694581 4.01242692082628 0 744
0.176536319282991 3.4335414384789 0 746
41.1320974246223 3.092358052031 1 748
3.9831024574507 3.13516778119036 0 752
2.78572569117409 3.19414466844874 0 753
0.172636613272881 3.40175243526173 0 754
0.498457576348631 3.02814241451065 0 755
6.80396484212856 3.06143758301733 0 756
41.5817537944854 3.14053745893782 1 756
0.0655439841702282 3.03584088718698 0 759
0.0746663032425383 4.08798510809725 0 759
0.85685369501944 3.04966435565758 0 766
1.27517769130855 3.21814140620115 0 768
38.4479610034495 4.69534403374485 0 768
0.00352555856402369 3.2443985360391 0 770
41.799028128767 3.16252269482483 1 777
41.2760427476928 3.17824054354159 1 778
0.40364730116604 3.2254509208046 0 780
0.170355864474566 3.40708570555978 0 781
39.014789088296 3.35426314434899 0 784
0.0675351569059532 3.25862146078024 0 785
41.9165683613714 3.42704282380736 1 791
41.9547854137231 3.10032427638753 1 792
0.0124842647433471 3.07393749286963 0 794
1.46166774477705 3.29965956609251 0 797
0.868665946726955 3.01483737867327 0 799
17.7858520762016 3.55727166732345 0 800
41.6974658418071 3.01683452093513 1 803
0.639867884235649 3.00426490071735 0 805
41.5412801747766 3.49236555161378 1 806
38.9187377490401 3.43207110697946 0 809
0.00164029430127853 3.31535587966016 0 815
19.6570192451374 3.37052660556945 0 815
5.57955457682329 3.33899814398114 0 815
40.233758846385 3.22815227369271 0 827
22.5907097302552 3.1126027461489 0 834
0.359682867617325 3.94890331250774 0 835
0.11102507985649 3.05501152648396 0 837
40.6509973646385 3.20890994637931 0 846
41.6929552647375 3.47228974829312 1 846
41.699732210221 3.20252435381079 2 846
32.5119699266806 4.20101108479452 0 847
0.248733171127585 3.02464068145502 0 850
41.2814300951172 3.04056758191628 1 852
25.0414553195541 4.20376897843759 0 854
41.0542323662989 3.45589412777379 1 855
41.1895660996157 3.42377591541489 2 855
39.9619210038561 3.05614302949981 0 857
0.720312400542931 3.18448398129147 0 861
41.7475442729514 3.11586353323452 1 863
0.090410562685621 3.16973039801359 0 867
28.5666845281068 3.56929146036241 0 868
41.6268831646646 3.05388536973075 0 869
41.08711115309 4.10881649441524 1 869
41.1184592048518 3.76290077500639 2 869
41.1187508926958 3.13637253067503 3 869
41.2377065233045 3.18926007611478 1 871
0.556662543313836 3.73069691109728 0 872
0.077850807337329 3.00179129938081 0 872
2.16803088237087 3.35265866593381 0 874
0.0264847719724686 3.36796258716362 0 880
24.5450526844765 3.21482128186594 0 881
8.10658605074391 3.19621320229196 0 889
41.7702396967538 3.00186847056091 1 890
0.126653129296127 3.84268491005131 0 894
3.15381936258711 3.00084201552551 0 896
4.60439939827987 3.40856233352736 0 897
41.6559264237616 3.02807139845123 1 898
0.0169227403137616 3.09950666077635 0 901
2.21131847323352 3.51589725069092 0 904
0.142434455650625 3.55766168539925 0 906
18.3268047537746 3.0442259366503 0 907
41.8044799004305 3.02293225223783 1 909
0.0429771812788766 3.33688824970725 0 911
6.48272927971592 3.17301766305753 0 918
18.2055144558287 3.13401644550816 0 921
41.7457803826869 3.12234508456355 1 922
9.634350967493 3.16872123819432 0 925
41.9881140656393 3.36223571910097 1 925
0.104520650359607 3.03832973095585 0 930
41.3512079821989 3.6617991340814 1 934
41.4044633105495 3.38275838549295 2 934
41.4125667583877 3.26700748321274 2 934
39.9791330606359 5.00818406396024 0 935
40.0201114338473 3.00077525404624 2 935
40.0111918328595 3.19815707345825 2 935
41.9114167598632 3.04126378770751 1 937
41.6931831402794 3.30788748878845 1 942
2.03608289337616 3.10505505332298 0 947
1.53422239223123 3.89197719719892 0 953
4.02284593567678 3.34721650124434 0 955
1.82924286504061 2.99129389955412 0 965
25.0290228849755 3.22998365067771 0 966
0.0302439438721755 3.72115481131137 0 974
19.7725931547002 3.00629923909531 0 976
41.7668610638097 3.35780605999635 1 976
27.2743969591878 3.92622345247728 0 978
0.58075933575781 3.05316248512734 0 981
22.7690588412813 3.00928321454674 0 988
41.6154504478067 3.51709573430665 1 988
0.148085926533023 3.55600784082976 0 991
41.7992550378289 3.02671876149287 1 991
0.15241333402238 3.40654208098852 0 992
41.4853269550108 3.01154059136874 1 992
0.0257136756842242 3.04271261447936 0 994
41.3657880035784 3.39714400348165 1 998
41.3785767559292 3.28643592050549 2 998
