"ts" "magnitudes" "gen" "cat.idx"
75.2315862382265 3.08192243727459 0 2
102.990631920196 3.04825556037793 0 2
112.439801065171 3.07552410301524 0 2
113.233534953277 3.18708526183996 0 2
112.432520624696 3.05827902444132 1 2
112.140697465401 3.31463206774867 0 4
22.9633953388272 3.44207138719375 0 5
112.19712543677 3.42545057022912 0 6
112.148272204095 2.99937577617497 0 6
112.379034559856 3.2778743649137 2 6
46.2658281570994 3.35707691530163 0 7
70.7120199184039 3.24060099884909 0 7
112.36456006255 3.02477166180746 0 7
112.2657690523 3.10463770001813 1 9
80.4016442339405 3.17582990679686 0 10
112.146788300178 3.4084209482333 0 10
0.108179287112384 3.80189416656101 0 11
112.35687349705 3.46590061264633 0 11
0.0711705823205357 3.13467718873823 0 12
111.317407841007 3.04621078287906 0 12
63.739422295138 3.22437265834773 0 13
93.0556473345129 3.09997979023208 0 14
108.645011564277 3.02293189489365 0 14
110.690291197873 3.1497365270909 0 14
67.5786801704814 3.01072012316931 0 15
89.276201729587 3.20930807794041 0 15
95.9537009547727 3.83228094032643 0 15
111.999542651594 3.75231819681169 0 16
63.6597443155957 3.12085865954845 0 17
99.724752832125 3.16714485730075 0 17
106.453446212411 3.60488524978415 0 17
11.3201729048651 3.39522328561299 0 18
0.00479244844607551 3.73367808812041 0 18
64.3956992461598 3.04782501638146 0 19
67.2955829388912 4.25050130109022 0 19
111.887207382184 2.99472705065953 0 19
63.9505866829456 3.12588169253316 0 20
63.7616027113161 4.06771546385379 0 20
111.890255301939 3.01491305285226 0 20
69.3336386514202 3.34895323972525 0 21
112.289076519469 3.80205713584436 0 22
112.444600346865 3.13183356047878 2 22
113.02886692052 3.10451889481679 3 22
67.3045039448519 3.20806016100567 0 23
112.177750369145 3.03860199647461 0 23
112.168721740255 3.93641057680574 0 23
89.5514242997884 3.24235645207703 0 24
67.3800885779019 3.80750615384227 0 24
0.00858656190119346 3.3140872701069 0 26
63.6642394745377 3.00102778072529 0 26
81.476991882099 4.02346708741303 0 26
113.117389679169 3.32298610491749 1 27
113.20362767171 3.61959367939027 2 27
63.6905631003517 3.12598676740153 0 28
95.1512161166488 3.42216823953425 0 29
68.979424855041 3.28974044468557 0 29
67.2808401658181 3.54636730303914 0 30
112.207716612578 2.99068996003209 0 30
0.442574680802843 3.22426715137921 0 32
78.602511782069 3.3665946407399 0 32
74.7485535969571 3.00979651725856 0 32
69.6451949861031 4.32904824207184 0 32
112.50138823712 3.34461208079324 0 32
67.9310350307647 3.62391323649523 0 33
67.5961849074091 3.58539766543419 0 33
97.5486455665377 3.14665674010952 0 34
91.239502834975 3.38238436686297 0 34
97.5063660796685 3.27094550003418 0 36
67.3470762657616 3.0914772620884 0 37
109.671182292655 3.09710644896877 0 38
66.0734616529791 3.35861096033973 0 39
67.2792729628625 3.49618703318887 0 39
70.4335727809707 3.59571676750596 0 41
109.655399217949 3.10707426988216 0 41
67.577925801885 3.27877596525696 0 42
68.3212417649509 3.50107309914341 0 42
100.518500665013 3.38580797257359 0 42
68.1338668237864 3.31413937479712 0 43
67.3146481083764 3.56228893599352 0 43
94.2650179989776 3.09136029753529 0 44
112.258544568243 3.77669707600626 0 44
112.258841360203 3.29840195208785 2 44
68.5823045478626 3.50537017580019 0 46
85.3897878221294 3.32833400769488 0 46
112.410875782475 3.42212692939534 0 46
79.4872109095547 3.09442451326282 0 47
69.312541122401 3.31732766201582 0 47
67.3178675862802 3.18266971381634 0 47
67.4434645023158 3.27381721271848 0 47
67.4066059752477 3.4473887058287 0 48
69.5697252581773 3.318199730579 0 49
64.0926376411373 3.12040405957779 0 51
41.7324250543829 3.17637047417425 0 52
64.2374551917298 3.07366067075549 0 52
74.2248658998618 3.70297178075282 0 52
67.2647469278973 3.03840545871495 0 52
67.438571468387 3.36345447060018 0 52
76.5102969893355 3.11718896033569 0 53
112.21251132229 3.44731967041008 0 53
112.145545701696 3.41686243247734 0 53
112.300063565536 3.05375357816027 0 53
112.27945019145 3.03373779805515 2 53
67.4599266352951 3.24515066571553 0 54
111.922449517995 3.28991635681724 0 54
112.340796527126 3.41038534692186 0 54
0.359764298357449 3.01548145270975 0 55
67.5471856021837 3.03891858742023 0 55
111.901870400465 3.04713260715366 0 55
65.5512377770218 3.32612232561923 0 56
5.86518332562329 3.52139965188514 0 57
67.3788299014257 3.01584000707704 0 57
112.307768871523 3.13345774384861 1 57
113.218611048981 3.75811828767585 1 57
0.189792889560717 3.17056573162497 0 58
1.97392242952748 3.04988860739266 0 58
112.166338645974 3.15026575019165 0 59
112.305422858861 2.99719087291295 0 60
112.664966877668 3.06932424065435 0 60
112.293893472316 3.13661161589801 0 60
112.315314864382 2.99868226742076 0 61
112.333942548252 3.49336978915346 2 61
67.5866223782009 3.7548576363664 0 62
67.4821215915029 2.99184509950699 0 63
113.043312590555 3.27720839054712 0 63
67.6737060568952 3.74996539423113 0 65
108.284306002274 3.13024693107042 0 65
111.885772373106 3.02963614507761 0 65
68.7237442551076 4.10550495753639 0 66
107.433405882844 3.1760349602511 0 66
97.6550552581201 3.97516231677422 0 67
112.140555277497 3.54819312514307 0 68
112.252606873795 3.11436120416264 0 69
64.7577648841757 3.00424411605207 0 70
67.2569586764313 3.48078541558719 0 70
109.728514047602 3.09438401601753 0 70
112.91873814932 3.27489786425266 1 70
69.7750232868333 3.4103620163912 0 71
67.4311701342524 3.14460366810529 0 73
84.2857063768816 3.11762010149696 0 75
67.3410993105736 3.03380685313452 0 76
112.230994797529 3.35598079528804 0 76
69.3738483346628 3.25068757174833 0 77
109.517539383312 3.02309515331761 0 78
112.508676457114 4.25767024555338 0 78
112.580495222616 3.23306918424072 2 78
112.85681197722 3.6493771758559 2 78
112.529729544693 3.11608369492648 2 78
112.677398257722 3.30149073957673 2 78
112.712278095592 3.25734273281782 2 78
112.800548732215 3.19660423271671 2 78
112.863229389217 3.46953599978198 3 78
112.871049075217 3.04488637141531 3 78
112.605834528552 3.13356043311507 1 79
67.7583817081601 3.16070091822997 0 82
67.6148263881942 3.01071260294695 0 84
112.694781372534 3.17619545141624 0 84
112.195138699264 3.18465842857234 0 85
112.415380698586 3.21305098620613 0 85
0.0633415881742649 3.18142077786747 0 86
63.7646330983316 3.08987192176867 0 86
64.7336350565422 3.02061415760729 0 86
67.2937875143131 3.66236739586026 0 87
64.4334543354969 3.01616578424219 0 88
67.7431853425316 3.34249738759449 0 88
68.2299925029233 3.1999644165756 0 90
67.8147369108492 3.41016617481255 0 90
109.910619388404 3.20739703775208 0 91
112.137988978889 3.38247837458958 0 91
89.5911466026671 3.46666274228779 0 92
33.4705030011626 3.42309262546728 0 93
67.7627503999169 3.26678031552503 0 94
67.3309290547881 3.21596036483659 0 95
85.6880587043595 3.01547641732963 0 96
67.4670526693558 3.06238344201837 0 97
69.8961126319722 3.18202222690811 0 97
112.395503387177 3.61712662361886 0 97
112.685633356664 3.18999817529821 1 100
112.926837857328 3.9140297558013 1 100
113.215912017834 3.02197075931514 2 100
81.1038638464239 3.59120266697151 0 102
110.792499888371 3.08022133081076 0 102
63.7497075586314 3.5257803449903 0 103
67.5964865118186 3.62288478205928 0 103
70.3389605291413 3.23386614902392 0 104
112.779977845242 3.10244005176808 1 104
112.141972720223 3.49603082616823 0 105
112.667844959045 3.57664227303255 0 105
67.320538622384 3.0334608967086 0 106
63.7846877149751 3.02819684519491 0 107
112.591621186798 3.14623356824929 1 108
68.1152420458869 3.29794620661625 0 109
64.267665903018 4.09767625791251 0 110
0.0909733589517809 3.51649682515646 0 111
112.868318056473 3.01393508430605 0 111
112.464526502087 3.2924195225376 0 111
67.3267335145437 3.39771121519273 0 113
107.311303850311 3.0821412227429 0 113
112.502046188548 3.38873825698857 0 116
112.393517312574 3.21180226339133 1 117
113.139015061529 3.21998521506387 1 117
66.8251890404445 3.73200171452973 0 118
112.140868526297 3.17205344452132 0 118
101.736451755052 3.12483690364639 0 119
107.10415618748 3.16157844647906 0 119
72.5208315245976 3.33332639527259 0 120
111.902662302805 3.22082708895314 0 120
67.3091947615828 5.10338800650468 0 121
81.0325249122449 3.35672511974344 0 121
71.5140707865026 3.44188914886968 0 122
67.2827909638293 3.88795635905632 0 123
112.65524651277 3.30768839339332 0 123
67.2545017257199 2.9901936166937 0 126
112.909644251917 3.02251358489493 0 126
0.337430354965474 3.14748985497555 0 128
112.471651261794 3.02952618631182 0 128
112.189207189988 3.16737061217742 0 129
74.649917543452 3.01773485974101 0 130
112.289806834362 3.08001827757751 0 130
67.3855229061071 3.06518032792565 0 131
112.23090666606 3.25452381092939 0 131
112.727575115142 3.14979189741313 1 131
112.332147414544 3.34182583825162 1 132
112.34750001455 3.0793102314465 2 132
67.5370656716001 3.03571915900413 0 133
69.6086965640393 3.16579235619241 0 133
91.7217587020972 3.12811422433162 0 133
112.250268877449 3.49612065503642 0 133
112.353941815749 3.04945020848932 2 133
88.8346844554387 3.04998867561564 0 134
104.331336074737 3.02455718290498 0 134
112.303377338433 3.18135725891629 1 134
96.3174278002591 3.14022204732918 0 137
63.7654728500387 4.04234697639449 0 138
67.2764244387879 3.23543789123455 0 138
109.905111589536 2.99394473940272 0 138
112.514914344593 3.15105330587072 0 139
15.5186917267555 3.0554143733523 0 142
67.3021227910155 3.21055163979025 0 143
67.6996310514087 3.40642645416602 0 143
67.2846597285602 3.56680178373349 0 143
112.187982476492 3.19437403600116 0 143
112.580848708264 3.3121333857294 1 145
67.2805671697491 2.99272723160337 0 147
109.557414917482 3.01407575763841 0 147
63.7458446837722 3.05149562857149 0 149
67.2945916549194 3.07012672677631 0 150
67.5306895487262 4.22666716474483 0 150
63.8050929083113 3.3156728788102 0 151
67.3464055404719 3.19594939548553 0 151
67.5502681265302 3.64439149344266 0 152
67.3780754558918 3.16535561661429 0 153
102.305225703505 4.24468874662548 0 153
102.989697790598 3.2944914018348 0 153
64.2223608015495 3.34199530159582 0 154
76.365318298995 3.20162095393367 0 154
7.27579621991971 3.04055370012721 0 155
83.4508098454612 3.21008065152149 0 155
63.9415564640197 3.2933646679734 0 159
112.273116226834 3.67912853950683 0 160
48.2767858380152 3.00855733186077 0 161
101.831017587955 3.05007017671429 0 161
0.362321431018409 3.4834060166181 0 163
63.8572806218713 3.06834754628886 0 164
74.2510168100919 3.08506274051217 0 164
112.007521478893 3.02619354416133 0 164
71.8701128959117 3.09549209157687 0 166
101.514113391854 3.23958466210397 0 166
111.906244508085 3.17944319485996 0 168
63.6515918396703 3.01497860574085 0 169
72.2615909406762 3.15769997661455 0 169
67.326993465401 4.11947796704217 0 169
112.828029326144 3.77639446342697 1 169
102.836361298532 3.03076482973955 0 170
67.5283258209071 3.09715413646679 0 171
67.9154194079206 3.34142791399381 0 171
67.2774804007212 3.3953016686583 0 171
112.566620807933 3.10407680177297 0 171
0.00140707681665165 3.02794227578451 0 172
112.955034683479 3.07598257957227 0 172
67.2561739557638 3.55784811090564 0 173
67.8466598959921 3.42548097584136 0 173
74.0717881085359 3.07361534614368 0 173
109.852158250554 3.71271732812534 0 173
112.409936045322 3.03849801545134 0 173
68.1730013056333 4.01985354062001 0 174
63.7498527092258 3.24658559211674 0 175
64.8883955935052 2.9901731174273 0 175
0.047096749309068 3.20710720617012 0 176
99.4801452182623 3.35419996365536 0 177
10.0352179725093 3.06611035653012 0 179
63.8249618551379 3.03510917285551 0 179
96.2003705024975 3.1476884986537 0 180
112.0281402384 3.38516811925817 0 181
109.693283227893 3.67704206690481 0 182
67.2606623741792 3.23162607452136 0 183
112.706126041691 4.26323747343611 1 183
112.722341326952 3.21299244871468 2 183
112.840322412596 4.12617173340973 2 183
112.970558671518 3.13948867148148 3 183
112.89643530243 3.61878910038969 1 185
112.896997228149 3.01024301518676 2 185
68.018782046733 2.99067408920454 0 186
69.3094028596784 3.17564675707172 0 186
112.171413825406 3.00656270205803 0 186
71.9043600449181 3.19317200651317 0 188
65.1114811286851 3.76101502051674 0 189
67.4711596622802 3.33865743516123 0 189
73.9685673619625 4.36028747334128 0 189
113.202542281057 3.11437585315344 0 189
67.3237217135998 3.15614005083458 0 190
112.381357571849 3.10492014401763 0 190
63.811339038169 3.62192290662757 0 191
67.6763981914821 3.30334895206216 0 191
69.5736890824938 3.09224636947634 0 192
1.05735562610533 3.78484832095954 0 194
86.495675110765 3.23831686885456 0 195
67.3975351704974 3.09927266289766 0 196
112.186920382972 3.09293140877013 0 196
112.266938836369 3.96492408688707 0 197
112.274465771178 3.61453566833288 2 197
67.2698167855632 4.39777780828843 0 200
112.497368806435 2.99313214131265 0 200
112.259858442058 3.09043548790931 0 200
63.9404319023185 2.99878752924507 0 202
111.05241205336 3.25722857578564 0 202
68.4192191461651 3.17045663970203 0 203
63.6492468989388 3.23295375949415 0 207
112.404270093403 3.1858002963873 1 207
67.2629410702523 3.44763980226507 0 208
78.0914925370107 3.13131568283634 0 210
91.3616967931598 3.94562035969911 0 210
110.715934911714 4.76125430978415 0 210
67.2537988562629 3.82186939411715 0 211
112.19889441444 3.16748660055724 0 212
112.638433371539 3.01989895765433 0 212
112.301585456515 3.63933973310608 2 212
63.8212930499511 3.34214258086798 0 213
54.567213937154 3.88541223691431 0 214
95.4501373409981 3.31519297814421 0 214
69.4526816188968 3.10941100834451 0 214
112.363951400006 4.07160060914532 0 214
112.381463487888 3.00454946249347 2 214
112.39125070114 3.21912308111747 3 214
63.8092821901149 3.05105751737996 0 215
112.214297527219 3.52744732667512 0 215
109.51404292578 3.94426171558949 0 216
67.3302497416904 3.25306954431566 0 217
90.0074720589692 3.65680007587695 0 217
67.4243753228612 3.07302882644514 0 218
112.775780206788 3.16861917166713 0 218
112.901343151412 3.3312511936601 2 218
67.2997738412253 3.09442624398112 0 220
100.360296565739 3.01366298481204 0 221
67.2847479090582 4.45669055814633 0 223
112.184606650302 3.04836754957983 0 225
69.5891348406898 3.44170501375576 0 227
107.333586841376 3.02902135077763 0 227
0.400991304920665 3.35435847511252 0 228
67.3290900636314 3.11050141814255 0 228
69.4304449982504 3.28655083175553 0 228
111.949075860415 3.50051179458454 0 228
0.0182987585825379 3.07855935800377 0 229
113.217758454363 3.16327064130307 1 229
109.590609270368 4.13372464378235 0 231
112.159859566521 3.29552995610035 0 231
112.259009918725 3.17053452664636 0 231
71.1571116857586 3.58068526482582 0 232
71.1663719006806 3.23705992168034 0 232
69.422725105605 3.59686699448761 0 233
70.4866139589082 2.99311721076128 0 233
101.14947398287 3.00432796726827 0 233
78.3788506693601 3.33141891595315 0 234
67.3884256691731 3.01462405815755 0 235
111.90041118785 3.18553543193903 0 235
79.7499242977713 3.13646383446196 0 236
109.573384610168 4.84742480482619 0 236
109.659063861338 3.57418433158282 2 236
64.1850027373065 3.0586154605821 0 237
67.282207216212 3.26273359284107 0 237
73.9820040887262 3.07454863640499 0 237
112.158134719681 3.15004717597869 0 237
112.604058399777 3.22162098906774 1 237
69.8319831710917 3.02724659562908 0 238
97.75634183598 3.10359207245992 0 238
64.008761428086 3.21619416090019 0 239
109.564105476961 2.99400496859084 0 239
81.9118637003514 3.01644414233404 0 240
67.308561185022 3.10576421430316 0 240
96.571593322075 3.2044614587657 0 240
112.300648001443 3.22713772005759 0 241
112.350513942196 3.05850824990436 0 241
112.319426403714 3.36427506948239 2 241
67.2974759046673 3.20135753522212 0 242
111.174658988145 3.01060336240394 0 242
112.326921760073 3.13525186205005 0 243
96.4216095546229 3.12475221057967 0 244
109.528107844561 3.00196792040162 0 244
113.064156757183 3.0574159626172 1 244
67.2621957491808 3.07769994705935 0 246
110.704151739001 2.99208946491144 0 246
65.8059806408545 3.11734159597 0 247
63.7893491629171 3.0849267252615 0 249
111.963756898009 3.00922858828392 0 249
67.5768482228884 3.02725155241131 0 250
64.4122521900511 3.00760402982198 0 253
109.638760371138 3.24489398438605 0 253
112.014639792582 3.07029780223684 0 253
111.953457114575 3.28983024509909 0 257
112.37391548387 3.16260783100966 0 258
112.279516934017 3.3521789985292 0 259
0.0837477680582254 3.10174453940723 0 260
4.65407155493304 3.45302400696924 0 260
90.402333901175 3.98094244241438 0 260
110.789949438523 3.44925575665382 0 260
67.3426987599181 3.0263135450039 0 262
67.6950637959235 3.24237630619066 0 262
67.7448025397811 3.68175436455642 0 264
112.170074096537 3.78839397871984 0 264
111.889100647658 3.1058583081898 0 265
67.255838015036 3.50987603360978 0 266
67.6475397470692 3.67836249900755 0 266
112.167558412401 3.42960746862424 0 267
112.215018298685 3.65385199514598 2 267
67.5899640567308 3.24801437498277 0 268
112.424399475301 3.36975230540549 0 268
69.2060926361425 3.086215872959 0 270
67.2601323910831 3.02291264865196 0 270
67.2826793219675 3.59345134716667 0 270
94.029359090483 3.11515579738207 0 270
110.877420509279 3.0630489615959 0 270
67.2807073542895 3.28949272674233 0 272
111.801301444955 3.1352119096544 0 272
111.946594639785 3.48697024608265 0 272
70.7468925683218 3.81913312714403 0 273
84.566649994664 4.15863643770584 0 274
112.165444700127 3.57281493534886 0 274
112.225848323774 3.18207440218857 0 275
113.077745688167 3.36026561290323 0 275
112.488026061542 3.1338756342741 1 275
112.423279226662 3.02229178385217 2 275
112.5057974997 3.2042266586425 2 275
78.1799949324416 3.33150659964203 0 276
67.2717076411977 3.68203856671341 0 277
69.8940446286028 3.09438308031807 0 277
111.902695359327 3.26214780983611 0 277
112.273270595213 4.27438986712627 2 277
112.274286039761 3.10991062492887 3 277
76.2727948095926 3.02263034972922 0 278
111.903186852919 3.07988838264623 0 278
112.147137051504 3.73698027942602 0 278
113.240674989744 3.15236745478519 1 278
63.9842347155976 3.03701463104232 0 279
72.4877375282171 3.37067809292364 0 280
107.924303976112 3.08501774971708 0 280
108.422238796044 3.15554094880297 0 280
112.293412808869 3.05600245008581 0 280
112.575111551473 3.32137132577976 0 280
66.5452034325689 3.34458066379593 0 281
67.4791461373069 3.36882872249016 0 281
111.902652817776 3.0738656704757 0 281
112.252079082451 3.25318232850084 0 282
112.94653969192 3.26886410774918 0 282
67.2915951987536 3.46881022359531 0 283
67.4848930227558 3.08121157071654 0 284
112.251681822724 3.27613940482195 0 284
112.46586889143 3.0267640419544 1 285
67.4790320946365 3.09502859883815 0 286
67.3347483806449 3.35624305229017 0 287
112.449532293377 3.61655662162381 0 287
112.732300630229 3.83778098568482 2 287
112.219242342157 4.14414601622738 0 288
67.266319906418 3.07191802364015 0 289
68.3362985765037 3.60400391208548 0 290
109.003538346273 3.61192198722925 0 290
111.929897260647 3.0922316432698 0 291
112.956068847076 3.02869737714781 1 292
65.8100315413845 3.03498124977815 0 294
109.611616650933 3.11763743501198 0 294
67.9436560824987 3.14751892512941 0 296
67.7767795104284 3.1268367588512 0 298
96.0982079861306 3.42729877555543 0 298
0.26603823932662 3.17565134255955 0 300
63.8699220904663 3.77691394340752 0 300
67.4985922816589 3.32649675839885 0 300
97.6713811335092 3.07305758146106 0 300
27.6431537889401 3.1093646887784 0 301
81.9786855318283 3.22936573062052 0 301
101.548597807762 3.45267463822941 0 301
67.9205097257405 3.08281380469591 0 302
112.672119099543 3.69596959193116 0 302
67.2566441552192 3.36313353553203 0 303
67.3613442312023 3.03684405683313 0 303
110.690576081376 3.7753146742435 0 303
112.197366467549 3.63126175439279 0 303
112.728993554347 3.17391528589559 1 304
67.263163783041 3.17455346731285 0 305
113.105448212803 3.08930282593309 0 305
112.142088177701 3.05331652259233 0 306
112.951413122685 4.76652048511399 1 306
113.007641383269 3.19149396548789 2 306
112.956679006134 4.09994403127216 2 306
112.962054909043 3.80699490595682 2 306
113.156637486574 3.41519498604816 2 306
112.95737131969 3.05055908734838 2 306
113.154179768813 3.21844699228195 2 306
112.958154127929 3.08404357692393 2 306
113.024496978594 3.31702955553609 2 306
112.985029977112 3.36902327419797 2 306
113.016216956701 3.77297224997829 3 306
113.218144584044 3.04031713248238 3 306
63.770003013542 3.09336324682949 0 307
67.2728483110434 3.09878513197144 0 307
0.00169266911089126 3.02488862605761 0 308
67.6431463169323 3.64390699350405 0 308
68.2296053653321 3.28621095363382 0 308
96.3969453394571 3.53120287680555 0 308
63.7406264033413 3.00460435443804 0 309
97.3215689068219 3.22186975541499 0 309
70.3239411113307 3.09473742805204 0 310
67.6008294238821 4.03028713555502 0 311
67.6409802935988 3.03829304781062 0 312
70.2938304589374 3.01654510350281 0 313
113.237663657618 3.48393962191889 1 313
67.3488111779072 3.27365338669888 0 314
110.414139530956 3.38517651222631 0 315
112.010285582871 3.39393826779511 0 315
112.478525296395 4.33117320599986 0 315
112.517336517871 3.10565369027683 2 315
112.493912060719 3.8341769143447 2 315
110.403758488065 3.28973665002979 0 316
111.930098651075 3.05899911127808 0 316
112.924684704305 3.05370494935798 0 317
3.05959680985806 3.37115170582647 0 318
67.6049893576008 3.13727512482357 0 318
108.335635553076 3.06592704667381 0 318
111.912386787021 3.63383397084668 0 318
109.112221643758 3.83757688474445 0 319
113.190703281182 3.63188873331983 1 319
113.21163289474 3.07776983215213 2 319
112.149275495134 3.46573270883214 0 320
112.155002504719 3.50912417978064 2 320
91.0603892569977 3.21618742578456 0 321
112.268450158067 3.05344779197092 0 322
113.129907133038 3.09627901624649 1 324
110.03010109125 3.19997055595773 0 325
112.245223095423 3.07232594116718 0 325
80.0416888575253 3.97380957256716 0 326
110.691559896253 3.16502404196011 0 326
112.234508924881 3.16261573151064 0 326
65.9679875530135 3.32095192186325 0 328
109.628244040118 3.35465423491179 0 329
63.9691720096167 3.05869957685869 0 330
67.3122360096093 3.34642969660584 0 332
80.1703199947898 3.32575590041916 0 333
67.7297405954721 3.11500768659894 0 334
109.557173903011 3.49559473779516 0 334
63.8172937026533 3.39597347117953 0 336
63.9152465286173 3.24238623881241 0 336
112.903217568974 3.63718522185838 1 336
67.2797747050512 3.05024171873696 0 337
68.1902457011684 3.33560336847814 0 337
107.755760359861 3.19478277139873 0 337
112.448868141516 3.1180228100371 0 337
0.0428953712091884 4.32564142714491 0 339
67.3357584635266 3.40304796410537 0 339
113.091465491927 4.55715546411335 0 340
113.101404779091 3.54104025165085 2 340
113.092400226071 4.37138881132703 2 340
113.124275800213 3.02110639887353 3 340
113.09461696576 3.02536392639061 3 340
0.0744377251281998 3.31906397607559 0 341
67.2536050368015 3.16707572154901 0 341
113.227608607741 3.08202384371827 0 341
107.662552227379 3.1400156088822 0 342
6.53064552562795 3.56619642597271 0 343
67.814886642733 3.21120497432779 0 343
68.7792581311515 3.12248474509251 0 344
75.3764462084604 3.75121289291463 0 344
108.434095403351 3.15382016432352 0 345
112.143627056841 3.60546963885898 0 346
112.14736642551 3.28537298318895 0 346
65.0230863210004 3.08897627007859 0 348
102.853548578067 3.10109875242118 0 348
69.3392524621108 3.00628382665783 0 349
112.148838751153 3.18901886879067 0 349
67.4673029584749 3.47204469563664 0 350
89.8019378061089 3.03320803552979 0 351
112.162545404056 3.02723772598284 0 351
112.153452052562 3.05716813256538 0 353
63.7465238288386 3.0755188681211 0 354
112.140987586911 3.45562938144902 0 354
67.8917776821785 3.12453183148653 0 356
112.138061801487 3.13231308923376 0 357
108.582908014648 3.3069892675996 0 358
64.9444142536921 3.20836344215018 0 359
73.1046402530666 3.05823764219735 0 360
107.282528281242 3.26899258968088 0 360
112.204238831167 3.27102732836821 0 360
110.718922124494 4.06002781112388 0 361
109.523755442443 3.28052131245766 0 362
100.443453616315 3.11864175418619 0 363
112.34268489059 3.15670349546993 1 363
15.3637461289343 3.23790263045758 0 364
67.8286053571121 3.3912233999199 0 364
68.0599917993481 3.30621780696014 0 364
111.886617207059 3.25022243226131 0 364
67.3108363737644 3.35796178359324 0 365
71.2284301187303 3.02003978071497 0 367
67.3950975420079 3.15074888619341 0 367
113.013984104503 3.68560018416007 0 367
112.674728864785 3.015389478164 1 368
85.9827195065017 3.58693392050708 0 370
77.2459529348923 3.65806342799 0 371
96.4118289432674 3.25768668140464 0 371
67.7448879679024 3.03834653446396 0 372
8.17561990946261 3.8277915909583 0 373
67.3302992400613 3.24295361611923 0 373
112.301068831178 3.02145883764124 0 373
67.2607719635322 3.35914846651944 0 374
71.500442556601 3.30657247266706 0 374
5.04163442407895 3.06078035404925 0 376
0.238356768626944 3.0670534186327 0 376
64.7895339191597 2.99935530398604 0 376
67.2537718761804 3.58757521738627 0 376
112.705385301568 3.19839065158249 0 377
1.04077203427511 3.76702090769902 0 380
112.463550029847 3.32893885976099 0 380
69.8682834073366 3.21120489692089 0 382
109.514450147081 4.45450058630978 0 382
109.83808513627 3.3551530992132 2 382
112.426068179674 3.2793667772902 0 383
112.367386854468 3.24346150445432 0 383
78.5657087481684 3.23525759334857 0 384
67.4997117685968 3.83636479872162 0 384
23.8483949933575 3.466561349852 0 385
112.138038436618 3.42882398900168 0 385
112.150498706703 3.67245038960339 0 385
112.519003215692 3.16041847681052 1 386
111.952104225979 3.10300487371153 0 388
109.520338416377 3.41167907707757 0 389
75.6589514922197 3.34083303713837 0 390
67.318947537366 3.30894480463714 0 391
72.9725824269206 3.3030625608646 0 392
68.4521127944082 3.1578994508642 0 392
71.6212891465912 3.02395926351225 0 392
68.5085058273413 3.37353671361608 0 392
83.5710293835466 3.26553176483744 0 392
67.8664157747933 3.16760352830041 0 393
83.4408382466805 4.14610796697952 0 394
63.7649725314679 3.01220369550559 0 397
68.3777679288922 3.10576093973376 0 397
82.0612133742332 3.00148054185221 0 397
67.5780006463932 3.01091242207587 0 398
0.0553322675036117 3.67945154921606 0 399
67.4667547163735 3.06752615258472 0 399
68.9990984403416 3.4757187901933 0 399
112.228653901295 3.14228308830563 0 399
112.43811298239 4.33864390076763 0 399
112.45200108656 3.04714530071824 2 399
112.455620141062 3.04205198831034 3 399
113.096335656413 3.20158355655452 3 399
63.797512008338 3.38805287690317 0 400
69.6218908243961 3.34708550029046 0 400
108.377870754843 3.27967693261509 0 400
112.569273408163 3.48089608282754 0 400
112.239001333386 3.95223213521089 0 400
112.292584811333 2.99377027274111 2 400
112.31954853431 4.10263705217644 0 401
112.361728972548 3.10288221013219 2 401
112.327133188055 3.1470064608498 2 401
112.541101995439 3.43040374053236 0 402
67.398155862591 3.1970774204927 0 403
97.221987934142 3.9612493029044 0 403
112.168452439193 3.10919271348751 0 404
69.5327342126985 3.00708353082731 0 405
12.2282370430794 3.01809775065136 0 407
68.3335818316013 3.36309000916841 0 408
67.3547659426196 3.27635639900108 0 408
95.8885181716063 3.11170803796576 0 409
112.09580738313 3.27787613776554 0 409
112.170859655655 3.05273373300764 0 409
112.783009841956 3.06168355927301 2 409
67.2757416166247 3.23393051761814 0 410
67.5864286023341 3.03822158942605 0 411
112.884532733571 3.09023999155634 0 411
110.244772355449 3.76861099146035 0 412
112.159297390838 3.4754944715265 0 413
44.2662533899422 3.34908873724748 0 414
112.139785038769 3.37327049719799 0 414
90.9976048688583 2.99734975286011 0 415
112.154730743687 4.33618113615605 0 415
112.24785266882 3.27238725202244 2 415
0.127377368146512 3.48097317924108 0 417
0.690581187465725 3.01926381425766 0 418
69.190612602766 3.22673351482547 0 420
67.2592217662774 3.01717700935634 0 421
80.9152864860297 3.37547761565769 0 421
112.140581294519 3.25426149264237 0 421
112.193211463397 3.29097042749454 0 423
64.575356983219 3.09331399449169 0 424
91.0275621516058 3.04619220476853 0 425
68.5392969492063 3.64675246570804 0 426
112.15443650348 3.12817876835618 0 426
67.2529834776459 3.46878538552361 0 430
112.483528161721 3.14990146650189 0 430
67.8353545249057 3.74915207583904 0 431
70.8899807619592 3.74505627900285 0 432
68.2526884482396 4.15316954106243 0 432
67.5256990814057 3.15007152885607 0 433
112.189828533059 3.24435406933465 0 433
112.71292524218 3.34822040081048 2 433
69.5636059962825 3.02402218368956 0 435
67.3126895589072 3.02280483381466 0 437
8.47631202827552 3.36035704016939 0 439
109.579981538126 3.88059367645339 0 439
70.6067796617674 3.09840550626433 0 441
71.6185999184171 3.04557979326928 0 441
95.9120526500141 3.66538634253277 0 441
71.276311380462 3.35789398696406 0 443
67.2991451053377 3.23614851677846 0 444
67.8611673541783 3.03847130787365 0 444
68.2393138644212 3.94521627059564 0 445
110.728989296293 3.19332742805653 0 445
64.7918190221957 3.06711363149351 0 448
81.119929727395 3.24506122748709 0 448
112.994131554364 3.11904301226015 1 448
64.9238326462097 3.02487393147096 0 449
66.8692838151484 5.08971168314838 0 449
67.3220229407345 3.28639132669681 0 449
78.4410414827356 3.05001733214419 0 449
109.673794353001 3.09207988450252 0 449
67.328597016888 3.24296815589107 0 450
75.2105341963655 3.04696280788198 0 452
0.47288097747016 3.14754863226177 0 453
69.3157289732917 3.04142321348023 0 453
101.093696788611 3.08954045403668 0 453
80.9377149561219 3.18463421672398 0 454
106.749947427169 3.60395140457237 0 454
112.152380920014 3.11315638363328 0 454
67.4011145126501 2.99364283053539 0 455
67.7355944237247 3.5198042231414 0 455
91.8753084384251 3.14534782062952 0 456
111.991400796772 3.0340408453752 0 456
112.216332201092 3.52458812347501 0 458
112.636722126177 3.4323510560785 2 458
112.679410375808 3.61321642934666 3 458
112.825755519906 3.95073294866092 3 458
112.682844856294 3.10607858270784 4 458
112.685735699643 3.03607562585051 5 458
112.142864840225 4.08780356815079 0 459
67.2633914585856 3.15267651175691 0 460
113.092976154709 3.49633076499041 0 461
67.3966786816757 3.24855586469755 0 462
67.2600058994668 3.07502321882462 0 464
112.649182392498 3.52677437925888 1 464
112.841390042244 3.08965946782765 0 465
112.960126678673 3.16637691310843 1 465
113.112928541974 4.15256099398563 2 465
113.167199476092 3.01699905083821 3 465
63.9160242656613 3.30313830803189 0 466
112.66895480941 3.26177207512075 1 466
112.360254413895 3.11548365450966 1 468
109.520875593376 3.1325590924531 0 469
71.3580375385521 3.40850702107095 0 470
112.367842588554 3.16957190564306 1 470
68.1326594699556 2.99033807713677 0 472
112.17137611649 3.64075580797317 0 473
112.022437510157 3.30828290651462 0 474
96.4540229896776 3.00349150133481 0 475
110.774015310273 3.64120171776955 0 475
68.8184185001703 3.12950414551267 0 476
67.364200520892 3.6883902205248 0 476
67.5509571651221 3.24966268182363 0 476
68.3337732157758 3.59647657364439 0 476
88.4025437389585 3.27338047874963 0 476
112.703884977559 3.20451439236113 0 476
112.143624541545 3.02713358208607 0 476
112.201825896122 3.0046206969986 0 477
67.503504989417 3.06350842285906 0 478
112.367853655454 3.28780278609429 0 479
64.7261085295 3.0138512600233 0 482
69.3674010298391 3.58573532008986 0 482
45.790932271811 3.01423290955167 0 483
63.7711042454589 3.06267064501959 0 483
67.9349602582299 3.89185678218429 0 483
80.6592220513694 3.06156097778852 0 483
112.266633160656 3.1356271776101 0 483
74.2968230585109 3.11919245193264 0 485
67.79875757017 3.54844905950306 0 488
112.214805559548 3.057705208049 0 488
69.7587867663769 3.71416849893278 0 490
104.441833816772 3.04822692051864 0 490
110.446091995626 3.03209006221005 0 490
112.652279530784 3.25253444965157 0 490
113.237045260739 3.30223715556091 2 490
8.40864234650993 3.11200435582182 0 492
23.2296845959184 3.21634926104252 0 493
67.2669507441459 3.0448089043769 0 493
67.2970024183363 4.54719109287154 0 493
67.7117186222635 3.04859180959089 0 494
79.1081350771412 3.21153439628244 0 495
67.2596555527917 3.06729144077507 0 495
67.5105606307244 3.36709797106437 0 495
112.13847230641 3.42457784847894 0 495
112.504039245173 3.13643171503697 1 495
112.954736411388 3.09990404462619 0 496
63.7828620113331 3.24885065132481 0 499
92.6954439394453 2.99977556883351 0 499
34.5899288840674 3.25124814389313 0 500
64.5712260206535 3.16498932246586 0 500
112.203958573304 3.07361972663699 0 500
112.210861903829 3.2557212988206 2 500
84.2199148323617 3.0477658156621 0 501
111.917902570274 3.28418178339592 0 501
109.590066808334 3.06614663240679 0 502
107.648068068784 3.33255566158233 0 503
63.7600751477695 3.46610867995413 0 504
112.196936718528 2.99553835435149 0 504
67.3726891624957 3.16405432800045 0 505
67.3518624352252 3.83470500236194 0 505
112.2171538616 3.181964916263 0 505
67.3117617403756 3.14705536762012 0 507
112.221474512502 2.99422436489912 0 507
88.9676138643949 2.99681742385234 0 508
112.815598452817 3.61836301268174 0 508
63.8106799550165 4.32453379166063 0 509
67.2535421801689 3.81850656933477 0 509
109.521417921621 3.01578800004362 0 509
84.5350198902206 3.21806170072485 0 510
68.3909499703183 3.56709162396307 0 511
68.1258000655133 4.305511433683 0 511
112.233900189344 3.22524153880712 0 513
103.146000382582 4.07801701405313 0 514
67.2706879731662 3.35705321563154 0 516
82.9721967694065 3.08779850929792 0 516
67.5277848153609 3.53092587583391 0 517
112.922801589013 3.73216094095539 0 517
79.0531453012325 3.34560729484465 0 518
63.7564148483933 3.16765148316278 0 519
67.2527813699716 3.65863192062623 0 519
68.2910897056473 3.10832897682094 0 520
85.1719632554381 3.04021453870295 0 520
67.2591417416452 3.06618849068709 0 521
111.888037103204 3.27668290074836 0 521
0.0295700955007967 3.17918112675491 0 522
64.1641075446743 3.1280521343354 0 523
112.727531311549 3.21607968572172 1 523
63.6709586180998 3.22822729131034 0 524
112.138947334893 3.13834255537661 0 524
112.282814334598 3.37547652808037 0 524
109.856775302582 2.99924955194841 0 525
87.337056023992 3.83085462229964 0 526
72.4334822541498 3.21160789466452 0 526
111.467446172855 3.02464193208393 0 527
67.2692425477419 3.06360623640673 0 528
112.149345963085 3.1421302863269 0 528
71.2911949408691 3.05410660906804 0 529
80.6488641627711 3.07921409692365 0 530
112.08512989141 3.1199744011405 0 532
112.20367197184 3.05908298886846 0 532
45.5713975167159 3.3775513981149 0 533
64.8422613896602 3.16391778843894 0 533
97.1254507649649 3.10091120125789 0 533
68.2392441344081 3.50443177878252 0 534
109.583673123994 3.11042677819804 0 534
112.140400914767 3.24474297393834 0 535
68.7033752726498 3.4444798051324 0 537
112.248303027922 3.25699239787291 0 537
71.2943341155551 3.06280967046653 0 538
67.2940817409343 3.42878572969442 0 539
67.3247148190361 3.07655868941073 0 539
112.148747521235 3.44665357539803 0 539
68.307973808664 3.1428736971991 0 540
67.4016674170515 3.13737841228935 0 541
72.3363950757172 3.01538166688372 0 541
1.95045394785749 3.21961827499998 0 542
84.7922904665383 3.03688520526613 0 543
0.00453671738749547 4.64716662851079 0 544
67.2841851209066 3.27850393096209 0 545
97.4175202707448 3.34554727248719 0 545
109.639811599349 3.44311037360599 0 547
112.522220419468 3.28590135572269 1 548
67.4491011391811 2.99776756021121 0 549
64.0594846160711 3.36588879460293 0 550
112.166486336262 3.0786206775992 0 550
68.35035115597 3.23761087218606 0 551
67.3856057083041 3.02076747934973 0 552
112.601915932813 3.25103844316698 0 552
112.173877049158 3.48264344443269 0 553
112.163074811416 3.34254850735386 0 554
63.875980062255 3.00883255428319 0 555
63.7647541086063 3.12334893947379 0 555
112.019402448571 3.10084380469059 0 555
67.3801318334352 3.29883969583494 0 558
67.2954422888416 3.2881044012636 0 558
112.233368330141 3.15690918403904 0 558
66.7184386200452 3.16011384611987 0 559
67.343999683651 3.81816228525525 0 559
68.3110410495205 4.03055775021393 0 559
67.2593910167877 3.15988948411269 0 561
82.8047493244389 3.47023845213808 0 561
112.181407486336 3.08709728495023 0 561
63.6870553844469 3.14618528361232 0 562
112.150037206685 3.07340112260012 0 562
77.067994985608 3.43339304505795 0 563
69.0881537783035 3.02688884853847 0 563
110.708286172515 3.43820847167552 0 563
112.366888036001 3.68317269676939 1 563
112.390109062767 3.16288657098565 2 563
112.556117346723 3.56250186465311 3 563
113.11449936815 3.28662593672258 4 563
63.9170527928362 3.03601305125222 0 564
94.0734606407466 3.41109231065656 0 564
112.554706991858 3.39289096329258 0 565
112.559806644518 3.14538360518819 2 565
68.5530474661127 3.2858355701581 0 566
77.0057888971813 3.63160296158589 0 566
67.2710942422194 3.40269646194601 0 566
111.884667169455 3.73904130823045 0 568
67.3171932385748 3.16385541059574 0 569
88.1459875027053 3.34993405846974 0 569
69.767463725369 3.13318326503917 0 570
0.129057151944395 4.11939978334614 0 571
67.4703869044641 3.02643159544163 0 571
99.8828630519479 3.11882082049511 0 571
109.554874954169 3.08423500629321 0 571
110.837347259344 3.68594807283172 0 571
112.231637603664 3.15337331216252 0 571
112.233001409844 3.24222225330539 2 571
70.2578742050516 3.36954575804352 0 572
109.855541448309 3.0945655124767 0 572
68.4156107600847 3.18836301693832 0 573
63.7824978729417 3.01501685028305 0 574
112.289774283515 4.01581932443642 1 574
112.313303284776 4.00328041707616 2 574
112.293346838214 3.11076818928485 2 574
112.332765131274 4.26777566640688 3 574
71.0474513234201 4.48899849626615 0 577
111.193087369425 3.3338455775041 0 578
112.242672854978 3.27396867004098 0 578
67.5185098200732 3.02430942718361 0 579
68.3075960393551 3.07867141931804 0 579
67.300419530322 4.32586436871275 0 579
112.555133437663 2.99405828791183 0 579
0.00979826982161735 3.13201462473741 0 580
112.392030890908 3.39813509659097 0 580
67.2550093087598 3.38982272523895 0 581
99.8941551944552 3.16363607246302 0 581
97.6559946677521 3.39720747320143 0 581
109.67994262549 3.6364971451044 0 581
67.3173421492695 2.99368658997405 0 584
96.8800290469287 4.15110715242819 0 584
112.138850235429 3.41320360734353 0 585
112.425627807332 3.58740684015184 0 586
112.287735465729 3.08878423482191 0 589
112.530626578087 3.21105294081327 0 589
113.20232860287 3.16865189938352 2 589
112.771882399324 3.22985415201182 0 590
67.2782712500299 3.78569278631295 0 591
112.314498016591 3.41807874300826 1 592
112.3796963987 4.12795680443285 2 592
112.813407283826 3.04042170139379 3 592
113.232198297251 3.07883523498481 3 592
67.2722799598781 3.40172884478931 0 595
63.6623225352665 3.14103649633043 0 596
64.867224109099 3.51867971761653 0 597
112.155187772205 3.00103356442952 0 597
112.616676731481 2.99982751703063 1 599
108.082567290367 3.27473393703914 0 600
113.055053870346 3.6009929711758 0 600
113.175612941829 3.17026706429528 2 600
63.6561458855676 3.1476636928475 0 601
64.0171893636839 3.62956423530708 0 601
67.2905558431277 3.29816864041906 0 601
67.4632545425441 3.15545631497246 0 601
110.204196593549 3.28423227753787 0 601
2.72150567858139 3.28559297147905 0 602
14.8403833992376 3.22361204572331 0 602
18.4848996752931 3.03164515260576 2 602
0.128272424829331 3.0353217275892 0 603
67.3511456910695 3.42502076015913 0 603
67.2656751237076 3.60050738695399 0 603
112.797132908213 3.4784860593526 0 603
70.0221349630372 3.01261216830798 0 605
0.042453882013999 3.09852977227494 0 606
67.2911840374004 3.35507416749773 0 606
67.7302743379227 3.12494957237342 0 606
63.7661164149552 3.24601979103153 0 607
69.549055547035 3.05466371799532 0 607
70.2626836458245 3.00792371028714 0 607
112.33379427034 3.07583051803431 0 609
75.4656010248162 3.5849300814387 0 610
109.526128492458 3.20557622144111 0 610
112.364689519612 3.166962267876 0 610
112.329417168663 3.41325790851136 0 610
112.659498452196 3.13087998575747 2 610
111.898219719693 3.04881387741509 0 611
51.3021502678134 3.11011217549908 0 612
67.3022116650375 3.16177731874237 0 612
104.644455539624 3.02223970254657 0 612
112.719193289162 3.37185119881066 0 612
112.72373797783 3.16681602607026 2 612
112.861868114459 3.15764048554885 2 612
68.1895363503851 3.28096320205515 0 613
111.889146289556 3.17007250879213 0 613
112.139499969462 3.37578333907522 0 613
109.692476992619 3.45450718449895 0 614
112.491457956358 3.5203401553129 1 614
74.7766864486353 3.09190461376582 0 615
67.2549344745309 4.06024727393226 0 615
63.8512478527219 4.98172044614096 0 616
109.557512790296 3.01618961663591 0 616
68.670349710743 3.01247230217587 0 617
112.144347048986 3.3914261950922 0 617
64.0059577084479 3.09757333861032 0 618
69.3131530864228 3.48767799710928 0 618
67.3862661872903 3.14377370662369 0 619
109.606123335396 3.15937419198178 0 619
67.6154600234057 3.82985382411485 0 620
67.394794028054 4.12072609953468 0 622
109.228649684533 3.01422117384758 0 622
108.418208889728 3.32669811268184 0 622
68.931064159189 3.01244492289696 0 623
69.3401432413082 3.30707943588335 0 623
113.178195832635 3.25806021833787 0 623
112.142828987456 3.14775022179509 0 623
112.592546028148 3.1135513162773 2 623
67.3942741250986 3.08197783698418 0 624
67.3972895755627 3.0438092984778 0 624
65.8256070344337 3.68957150413175 0 625
112.157672647717 3.07855571018466 0 625
112.4224453999 3.23082230483201 1 625
100.579528959765 3.51646799889739 0 626
67.29957374825 3.10766452325933 0 628
0.337661786655065 3.88758690970568 0 629
81.7754364088516 3.2670395551415 0 630
67.283176128606 3.37915627795529 0 630
106.995736022929 3.0686320222525 0 631
112.110505231805 3.58556064891975 0 631
112.5129659595 3.60812378180672 0 631
67.3685079710059 3.04585263883719 0 632
67.6682498958678 3.19978636267851 0 632
112.143819676911 3.77299361443618 0 632
63.6764641130315 3.79084555553488 0 634
112.265088760508 3.19369523292711 0 634
77.1440598365396 3.31135234367263 0 635
67.2671132301488 3.01138535871953 0 636
110.858882499031 3.38927602075165 0 636
64.273898207745 3.06420039374061 0 637
86.1453410687546 3.45415503054704 0 637
67.4548006007324 3.02456286412628 0 637
69.8883630879901 3.1025923577973 0 638
67.3641945099157 3.32880893671579 0 639
112.169316294971 3.44500416977552 0 639
112.175635103145 3.42768866275147 2 639
92.0419446739385 3.23704534221942 0 640
2.45213405983669 3.35321457883363 0 642
106.45757809462 3.4132528257107 0 644
1.35980878411143 3.06486591812292 0 645
67.6270620342557 4.23539593886755 0 645
98.2522609232455 3.24529324407564 0 645
112.205755608868 3.6411583493039 0 645
112.848490801621 3.68927248025094 1 646
112.777946473546 3.08164989636432 1 647
112.144010620054 3.53115724945204 0 648
96.3085641842188 3.52529931315721 0 649
111.769130913507 3.19385068219153 0 649
111.904597759442 3.19061417188502 0 649
95.9582111346996 3.85436314823144 0 650
113.208156404774 3.07196597774699 0 650
112.652160158539 4.15309507554336 0 651
112.750376988199 3.10042982986079 2 651
107.133196494032 3.25039956876706 0 652
97.8085765853781 3.45466277683076 0 653
67.507773790982 3.2347680469648 0 654
112.247524102943 3.09958728740992 0 654
112.290733850702 3.39397402670617 0 654
0.120879260495928 3.61053464683496 0 655
63.8261949374305 3.01169795550718 0 655
73.0292686751641 3.47429965678577 0 656
67.4919454606516 3.02056319466265 0 657
108.033164222842 3.46353868370343 0 657
108.331434415275 3.22796904025735 0 657
109.526652471086 3.32117304465519 0 657
63.6953397722377 3.19481961329627 0 658
63.7725681725271 3.05801612015997 0 659
78.9335313703542 4.07706567082622 0 659
112.181604895941 3.01497956700464 0 659
113.159957510866 3.39225714559465 1 659
109.823083677502 3.68493957958663 0 660
109.624562377178 3.06950678536351 0 661
68.1854266161467 3.14370367185957 0 662
67.4458823158757 3.12013338370423 0 662
67.2663108114092 3.14861006370356 0 663
112.497839188184 3.0457862719249 1 663
67.3614526684796 3.17870034916417 0 665
69.766476920118 3.1288993605373 0 665
112.15487522123 3.36821879169761 0 666
71.4677456094312 3.24160626585524 0 668
67.2662155952479 3.00750113681329 0 669
113.197430462591 3.0022859967163 0 669
67.5032075725788 3.2055776809626 0 670
67.2569923650711 3.06308021778915 0 671
100.022873717608 3.49271094850122 0 672
104.905788183466 3.14950298017178 0 673
68.891835794911 4.872250862361 0 674
112.897605538842 3.12627874024618 0 674
112.98456544563 3.65283972375109 2 674
67.2636343472889 3.10647376639737 0 675
67.4725138892771 3.85426968916979 0 676
86.789820268349 3.37681677330459 0 676
105.811890138997 3.0867242789054 0 676
112.258269289023 3.95002889790996 1 678
67.4003760219742 3.02002045352348 0 680
89.9382404049699 3.13634202319219 0 680
111.904043699175 3.01160387506959 0 680
67.267334236932 3.42413780494406 0 681
112.256907314298 3.20227501224846 0 681
4.66403042262232 3.55557042527216 0 683
71.1103739010151 3.62753937986008 0 683
112.228941609668 3.04569884828438 0 683
112.139690399869 3.05850111544215 0 683
112.264055796954 3.69180982932924 2 683
111.921535638872 3.19835868101783 0 684
111.891932533598 3.01992106231173 0 685
63.9345457267126 3.28657911118098 0 686
67.283769330992 3.26200913635873 0 686
101.954369203971 3.04895733315439 0 686
77.0369242959471 3.03236423609597 0 687
108.405060308231 3.1741728645519 0 687
112.147763197483 3.2728126060556 0 687
63.7675785653595 3.6138249960351 0 689
97.6889577901283 3.25174969222598 0 690
111.886135227926 3.58230009334643 0 690
63.801021348871 3.27358086756021 0 691
112.162436089338 3.62694250933914 0 691
67.4111991254616 3.36044324219848 0 693
64.127658028186 3.06178514844367 0 694
105.945024850311 3.29544156169047 0 695
89.1120948101408 3.09161523072369 0 695
112.803894329921 3.28098343244238 0 697
68.7541775375871 3.31481847193031 0 698
67.3203659101156 3.11338903423805 0 698
81.060856308622 3.01244453445749 0 699
109.08703833456 3.15630633747859 0 699
10.533300592441 3.08863395894391 0 700
112.189636983491 3.16867860668478 0 700
0.0441960225165831 3.1269899742363 0 701
1.59223717959927 3.23108313307996 0 704
67.394656796565 3.47413812873172 0 704
64.7430452526418 3.40766897094696 0 705
112.201526301359 3.13278546885747 0 705
67.3349726609547 3.42314391427968 0 706
68.7802339745926 3.34149259331233 0 706
63.8020620966301 3.2855856343359 0 707
92.3256923461455 3.11434589653152 0 708
112.150535773717 3.77876627508211 0 709
63.7543169244157 3.5999434514786 0 710
63.7595996896912 3.11081702313871 0 710
74.7912573988605 3.62855106835526 0 710
112.610404171496 3.31596066342652 1 711
112.625650732653 3.18791629202153 2 711
67.3437658101736 3.54099761090096 0 712
67.2709487459709 3.01232576061276 0 712
112.893323280516 2.99148743948479 0 712
69.0071234006027 3.33416082136001 0 713
111.78614978657 3.24365335779862 0 713
63.8173284146247 3.11865886783922 0 714
67.3636599347256 3.46535642828467 0 714
109.8465597924 3.64267769618569 0 714
64.0691333558239 3.02682060079824 0 715
67.2798116683047 3.15810904178673 0 715
67.3241191570122 3.51864422193254 0 716
83.7151281485478 3.72490564128717 0 716
112.185481617573 4.09259384041607 0 716
67.2873698043039 3.96978699498821 0 717
98.8852716915043 3.13539492976658 0 717
70.3556219906271 3.25189373584737 0 718
110.955106713583 3.13389586417799 0 724
106.936088385086 3.01689370204839 0 725
63.9097216113601 3.1044778046286 0 726
67.4719579738679 3.0289676576554 0 726
112.169629285435 3.00226625568448 0 726
66.7022162168517 3.16448896168673 0 727
67.3594310490919 3.2174987413944 0 727
70.3404166545408 3.18582674833985 0 727
111.908153520158 3.48019214452531 0 727
74.9122402849368 3.60486246337401 0 729
83.7223630325525 3.16899370139472 0 729
112.836762853451 3.40868456432487 0 729
63.7384465613682 3.40697315622961 0 730
71.5689845584873 3.14048469106285 0 730
69.7665807648656 3.98492652265465 0 730
67.3020998397779 3.92768119364459 0 731
68.2046659050554 3.13395703819998 0 731
112.983902821298 3.21305684186394 1 732
67.9055640623584 3.47901627463114 0 734
91.0229960716806 3.13282109193716 0 734
72.4171594125686 3.28379802098024 0 735
2.30375328182934 3.09731585720495 0 736
67.2642926598814 3.92476393760684 0 736
67.5850605103611 3.43201566788476 0 738
73.8103044128489 3.03340482961947 0 738
79.0014742960276 3.37382677196542 0 739
76.7922468566564 3.13251454752544 0 739
67.3066499816466 3.23566915326486 0 739
68.3065851285339 3.04389219581476 0 739
69.9616430253226 3.36898955142595 0 739
75.1230634045328 3.26484436157805 0 740
109.527548104324 3.09836434171527 0 740
111.885691783769 3.06525305202066 0 740
112.921131334723 3.34086285954793 0 740
112.382801936222 3.19975704152028 1 740
112.965528830634 3.53869164085846 1 740
111.889987814652 3.04227309504869 0 741
112.163422104257 3.42185412233258 0 741
112.218869768966 3.15058754430977 0 741
113.219344872962 3.63039575204631 1 741
112.305244209873 3.4339236640581 2 741
113.236035799603 3.2540618153429 2 741
113.240912194283 3.1385083106647 2 741
112.730277075079 3.08681541394226 0 742
67.3549317294054 3.6181878313229 0 743
111.901377111087 3.15170928845137 0 743
67.3296553710415 3.08786972516107 0 746
65.1543754205164 3.54258045507211 0 747
63.7856096353587 3.03651960997599 0 748
109.904620965325 3.01714634380233 0 748
72.0647059464032 3.17868680325957 0 748
110.705960786808 3.14894384172767 0 748
113.04926187776 3.63563777763509 1 748
113.068060683666 3.23837931366259 2 748
113.073569309655 3.09147957126803 2 748
68.1299738697344 3.64405773548974 0 749
70.9268325526874 3.07639799132224 0 749
111.44310921565 3.1106573291217 0 750
64.1148801376767 3.16429908043941 0 753
74.7376417003699 3.34240364253631 0 753
112.143195369966 3.14782983183823 0 753
112.189963172882 3.67369025485717 0 753
2.99303025223134 3.22550998739377 0 754
69.9243845822286 3.0009169833896 0 756
71.1746856974253 3.07513116635089 0 758
73.8561103137019 3.13604833142971 0 759
69.6939483136175 3.34818126752459 0 760
112.156699360902 3.19559473494285 0 760
112.634070819457 3.54340195223792 1 761
112.710893810991 3.02503008845561 2 761
112.826322725544 3.06462774905752 2 761
68.4317077777285 3.16863974720895 0 762
109.522649209194 3.09548836829798 0 762
63.6612379800023 3.61482167153012 0 763
67.3449022673773 3.41046423742923 0 764
1.15212248023703 3.1101705439375 0 765
80.7077103982657 3.27294442907941 0 766
83.7412738962213 3.35305686035962 0 766
112.989034827157 3.06260221679201 0 766
112.877855421025 3.19441883641873 1 766
63.8249547989348 3.18041933238051 0 768
67.3518864553997 3.09483686683461 0 768
112.507856918665 3.00118721561193 0 768
63.7944024726032 3.1791855899974 0 771
112.230961323455 3.26765889120686 0 772
0.378491657024979 3.01163305093806 0 773
67.2795930769878 3.01543309324106 0 773
112.140755852671 3.08931531007761 0 774
67.3582344623541 3.15879804515129 0 776
110.640874502959 3.06243430259338 0 776
112.469600846912 3.1973335543212 0 776
63.8461772407271 3.19162314291091 0 777
112.18541419765 3.06676602432933 0 777
112.305307997214 3.13864037032078 0 777
67.255638240418 3.09338663028273 0 778
67.6304938472098 3.00393623485994 0 780
80.9154452928941 3.27133856288238 0 780
67.4829795015477 3.09260445045531 0 785
71.2653696415636 3.42805037232096 0 785
112.839010232839 3.18262820054112 0 787
2.67622236926024 3.66115640656142 0 789
107.278773608161 3.41195000092587 0 789
97.8758136423467 3.075862295074 0 790
109.560626737129 3.18056051999159 0 790
109.518645008407 3.99678957163683 0 790
64.6305120097212 3.95158823583225 0 793
67.6417852639935 3.06988052202722 0 793
68.0461561619069 3.02348197306988 0 794
69.8521832895637 3.25517707845514 0 795
64.1634678907273 3.17018680000477 0 795
75.8164636330765 3.07291224317024 0 795
112.216282836056 3.33433102746985 0 796
80.2619921803866 3.40832528996738 0 797
97.1620662064433 3.15163937881073 0 798
112.634661127003 3.96965928057075 0 798
112.912748589395 3.16031489577415 2 798
112.659229418822 3.5626518801349 2 798
112.642295234515 3.05055008538329 2 798
112.979232383568 3.45069942907239 3 798
112.789854834932 3.26713032992753 3 798
80.7835574820546 3.57098152125421 0 800
109.514569112044 3.0827617093371 0 800
112.938293557828 3.47477399294085 1 800
0.0555974657339736 3.09741512720939 0 801
67.6452747626187 3.03233436462657 0 801
112.372095803989 3.13942284122994 0 801
63.7423763322221 3.19465938222437 0 803
85.0643439362257 3.07383283071183 0 805
112.140814414256 2.99349913525304 0 805
112.384221891217 3.17026744163498 0 805
67.2533561347626 3.25170305046176 0 806
67.3970899151614 3.13120207820272 0 806
69.3107257228599 3.26463525891744 0 806
111.893401038989 4.19023082382604 0 806
67.9197856895353 3.06147875409648 0 807
78.6097702128595 3.01460691409389 0 807
100.725658772297 3.6557376614019 0 807
0.918085994397116 3.03317419371769 0 808
63.7375653517544 3.8971475868986 0 808
71.3918504426588 3.139678216592 0 808
63.746520407514 3.00158915298706 0 809
0.124565876165823 3.07875392289875 0 810
112.418077269317 3.23033626397355 0 810
107.828156357366 3.18780555516409 0 811
67.2847283757428 3.33892618555708 0 813
112.137214972051 3.5744252075891 0 814
112.139105058302 3.35811682098024 0 814
112.188533514487 3.23826767503748 2 814
67.7928406735704 4.09981620778822 0 815
67.2568612351926 3.20843932257434 0 816
68.5642858068085 3.0625520128885 0 816
98.8214085367799 3.62607643791722 0 817
0.0283202572470823 3.44890958223526 0 818
67.2647284191015 3.12410124830431 0 818
96.3707582425028 3.11114251481577 0 818
63.9486976266141 3.38214654868169 0 819
67.409809722325 3.33268031835588 0 819
112.121462390654 3.25872565501256 0 819
112.596055064098 3.11013730951721 1 819
112.201267210583 3.00837594536867 0 820
112.311966900349 3.00633585697078 0 821
112.896135332276 3.12111329128923 1 821
112.142772993156 3.29661743100003 0 822
66.3628385669306 3.1079113666946 0 826
67.3328409862049 3.43559642808381 0 826
68.787264902022 4.04625575886178 0 827
67.6626185169982 3.00910679996304 0 827
112.143531171693 3.08336329903901 0 827
109.607265333886 3.12809689866777 0 829
112.230282535332 3.15541700263219 0 829
63.7242080356558 3.59815722900694 0 830
112.033863417512 3.30001122185383 0 831
111.950541703668 3.21540453361981 0 834
112.317105019593 3.29109305441051 0 834
105.604117921375 3.1580642434899 0 835
67.3117339503854 3.88289905814286 0 840
108.363564382601 3.05245910514914 0 841
112.149935623849 3.14178776877052 0 841
112.195094629404 3.46883532440435 2 841
3.06632538678663 4.5196365776362 0 842
64.8915482769723 3.40152831901742 0 842
109.939283162275 3.44964041818601 0 842
96.9980519611331 3.13128997834838 0 844
112.216160702857 3.40822516967083 0 845
67.7303292543698 3.59082038448022 0 847
64.2920393451312 3.34134451103379 0 849
108.404094464027 3.08193629856307 0 849
109.685718269566 3.58294873893447 0 849
67.2885105180719 3.16627660346036 0 850
113.111080897021 3.10893741804508 1 850
105.224302851056 4.08110072803351 0 851
34.9784666960665 3.16608843440519 0 852
68.8178234726874 3.13175982106546 0 852
81.4752864146416 3.8678579794263 0 852
64.2542080883076 3.1440859946897 0 853
67.6535553765874 3.34424342550713 0 853
71.3443661890162 3.10661719623338 0 853
112.14855016612 3.00216756585602 0 853
105.299616634502 4.02513086152334 0 854
112.003190469867 3.06734741217476 0 854
96.3264666787415 3.66388052716487 0 855
109.533282387583 3.37510408307234 0 856
67.2985216975161 3.90624496897775 0 857
67.3073308656626 3.01074571205361 0 857
68.3110185993003 3.43589440465917 0 858
63.934972228441 3.08067194379587 0 859
69.9854473331386 3.04327444753699 0 859
98.5873264847481 4.78768841663924 0 860
112.604605413418 3.44008963267551 0 860
113.112710332311 3.59788489267333 0 860
63.6612681439261 3.47388386811992 0 861
67.3136521519214 3.28328109942548 0 861
70.1748951341044 3.03783655943708 0 861
111.089105498653 3.27255230398895 0 861
63.809548435346 3.34485574802079 0 862
112.514136803312 3.28050628926932 0 862
63.7569722412334 3.11681713028433 0 864
112.14558656575 3.02903091287779 0 864
112.368102742805 3.49442160143937 1 864
112.19931866936 4.1853369411591 2 864
112.289361404146 3.57353471893871 0 866
95.8684285160217 4.39381992814287 0 867
111.067122604798 3.10682053916175 0 867
112.617053049526 3.25991883405914 0 867
67.2550835917912 3.62403286181586 0 868
65.7104529932915 3.0558152570241 0 869
112.173611406128 3.66935276237647 0 870
63.8836571686559 3.47464509291807 0 871
0.0792388449809215 3.47924538068389 0 872
67.6999642183969 3.22834409889846 0 872
112.966072290783 3.60842129394067 0 873
113.140638275396 3.53422165866651 2 873
113.145396474842 3.41230578303546 3 873
68.2935323092547 3.18525674664777 0 875
0.0260810725645032 3.03183720382021 0 876
107.060054854448 4.13821863787436 0 876
112.60998108778 3.72880272819289 0 876
68.3847389889482 3.293820885995 0 878
112.142942090573 3.2820895912167 0 878
102.877687008929 3.04048757781988 0 880
113.090019897834 3.22539317789473 0 880
67.3983122604127 3.31122212655245 0 881
112.166780534947 3.10283271955327 0 881
111.91665695384 3.19787200762676 0 882
67.5122200004277 3.40712910189797 0 883
112.267746417768 3.814093602854 0 883
72.1537190658362 3.23261621013434 0 884
110.26009273135 3.51577773337136 0 884
67.2852687779869 3.12570244651734 0 885
112.778425310066 3.64197892304023 0 885
109.517750590403 3.30151029842844 0 887
112.145938472574 3.28046230336624 0 889
73.7329858660942 2.99010395036362 0 890
87.8262428645366 3.61123163583336 0 890
112.324981171556 3.1630192630758 0 891
112.343666969918 3.20388776335569 2 891
112.606766233185 3.13207720601988 3 891
112.408460768872 3.43284631784848 3 891
112.804607989851 2.99079569694989 4 891
112.435164995068 3.04223308494235 4 891
99.9652336209573 3.22427039147433 0 893
112.705627517937 3.22683985348186 0 894
109.707592827397 3.36849262004671 0 896
111.893734377613 3.47290898047087 0 896
112.350844205075 3.36330815357628 0 896
112.495824818945 3.27063750994045 2 896
67.3538270190063 3.02296794919752 0 897
112.073696174528 3.02307625134025 0 897
107.542359302897 3.20191860603627 0 898
111.890909312423 3.15668467998834 0 898
112.395647928565 3.43168310451269 1 899
77.5606164195039 3.19079481333643 0 900
100.640156250373 3.12550441105514 0 900
112.604280491831 3.05893388588068 0 901
112.213800369192 3.20475479319925 0 902
112.157678668611 3.35434029979054 0 902
64.1045403702744 3.22814052147717 0 905
0.606921894876007 3.52640324725491 0 906
63.7069047925944 3.02913956611113 0 907
63.887445733686 3.46621177423071 0 907
109.528954980481 3.07506586991914 0 907
112.181595565877 3.46409396385154 0 907
112.782420717343 3.21281750911986 0 908
112.16590161632 3.41733048882721 0 908
112.272242338456 3.4056569450499 0 909
112.147521720589 3.15005318205735 0 909
112.304888085022 3.22179084465006 2 909
111.770329170171 3.97681004701451 0 912
0.220876184760489 4.43884631890998 0 914
65.6588353839738 3.10543144188702 0 914
67.3055062143433 3.11043556326653 0 916
67.3556634682084 2.99426062822153 0 916
2.15708477238841 3.41711800777643 0 917
112.227575386119 2.99324367359794 0 917
70.8175557652216 3.82641557749475 0 918
7.58774942859547 3.62539533232871 0 921
63.686732092446 3.18746137818179 0 921
88.7126321014694 3.02671296642754 0 921
112.176157817997 3.05314303809397 0 921
0.196742835756915 3.14686650053952 0 922
109.066045650775 3.14746517459579 0 924
71.6045262485023 3.06364415755482 0 924
67.3417477308359 4.18713136620538 0 925
97.6846035925203 3.18513679437531 0 926
113.243674168973 3.31415268636028 0 926
104.645394465613 3.35312160161272 0 928
67.2529291372289 3.31567415641365 0 929
110.317196507869 3.13918613032271 0 929
112.797592253638 3.02256960197 1 929
113.071514492605 3.19569894856477 2 929
67.4472587128182 3.44448858959253 0 930
112.186098423241 3.09116055319464 0 930
112.961223980122 3.49177389704914 0 930
67.2733693344703 3.23578465556981 0 932
112.304366757481 3.08559904039516 0 932
67.564498652736 3.48053779114537 0 933
112.829940929091 3.3845132573264 0 935
112.997534900951 3.0773030370444 2 935
112.83512749664 3.39740014639901 2 935
109.752063301098 3.16200640347936 0 936
113.098513667918 3.32621474309605 1 936
113.159644965423 3.17595673095923 2 936
79.7494664334849 3.61218018514077 0 937
112.31092017538 3.0909681400903 0 937
65.0490383753776 3.06460658092119 0 938
85.5355276508187 4.11878496396599 0 940
111.962336125737 3.02342335823794 0 940
95.0462891457139 3.15988600110514 0 941
69.0812659211185 3.05733596526756 0 941
67.3159371899729 2.99189629652177 0 942
76.2251913483518 2.9999338228318 0 942
106.509769284202 3.05681241604716 0 942
108.115400023585 3.91038582632759 0 942
112.15085250711 3.76481720784758 0 942
112.618439900902 3.23437441575908 1 942
112.16808804906 3.04723399879166 2 942
112.181678548305 3.04702573997653 2 942
67.7970898558364 3.06812670091806 0 943
112.208783192507 3.07863942082426 0 943
90.8222660951154 4.64970248120619 0 944
66.7071611139272 3.57144455327517 0 944
73.237790853132 3.01607435795657 0 944
72.1577341187072 3.27569066997626 0 944
64.6640461085758 3.01187182104307 0 946
112.140021670432 3.18346946918646 0 946
112.233632029638 3.01169206004041 0 946
75.1816544991722 3.14587700070961 0 947
67.3696471650868 3.70522031457229 0 947
112.14451163498 3.20098947737791 0 948
112.703180025096 3.2573763903856 0 948
112.195761564771 3.16819954325546 2 948
112.713674176264 3.10694554479214 2 948
112.75493618056 3.57828185540129 3 948
67.2782908907912 3.62483437800362 0 949
95.5334974918842 3.0012396350746 0 949
89.4648668470874 2.99542488720391 0 951
74.6937365178651 3.11297827929294 0 951
0.627789808464462 3.01706592181989 0 952
112.1535378997 3.19566594231453 0 952
86.2875938348166 3.61485691030197 0 953
112.295230267811 3.06003154726473 0 954
112.693929323181 3.64132177087313 0 954
75.9069661109828 3.01225726716999 0 956
107.3052399543 3.20787463938768 0 956
112.141586596407 3.79726786336263 0 956
113.127137697748 3.0288144241067 1 957
76.1214502085511 3.09043600753513 0 958
84.3366165032301 3.20439828852427 0 959
67.8031643254674 3.2434104176147 0 959
63.8859645467355 3.36466912839624 0 962
67.6006434130518 3.40320306238782 0 962
112.145697513623 3.21142022307366 0 963
63.7835243277341 2.99888828399256 0 964
66.9192791456075 3.01094842767208 0 964
67.2552108610323 3.00015600633863 0 965
80.1482528354896 3.39723912459518 0 965
98.9682750840373 4.12609877221722 0 966
112.189441757141 3.39679486508343 0 966
113.020610212096 3.56060543558528 1 967
68.7600222530934 3.41021423707509 0 968
113.197700847393 3.36359060737314 0 969
68.0225195961089 3.48037011556219 0 970
69.7900017465636 2.99348822645767 0 971
67.3400992880287 3.34546355277974 0 971
112.183632673883 3.07164372221521 0 971
91.3893130787903 3.90357457815499 0 973
106.369746484403 3.18662492830535 0 973
107.550677537785 3.19792465704343 0 973
67.8388709402345 3.45368138029891 0 974
77.2634498969336 3.07842052213854 0 975
107.5479280358 3.29383754135448 0 976
112.208109964571 3.39036913554973 0 976
112.42441296868 3.20301336864699 2 976
63.8499795318058 3.61443774167549 0 977
67.6576934878207 4.26851639257752 0 977
67.5928069358508 3.14480069729667 0 977
112.325935820323 3.07709018397229 0 977
112.51575342826 3.01793468438236 0 978
89.0273014066283 3.3912225725648 0 979
68.4878125966717 3.16124194913987 0 979
72.7811848501641 3.38936854153866 0 979
67.2805674820087 3.09456814355654 0 981
113.071665551494 3.01125660286748 1 981
110.865656704378 3.03635723271825 0 982
67.2763718219315 3.07473853143711 0 983
112.151914440678 3.36271825129861 0 983
112.177538149776 3.02511197450399 0 983
67.3493763415438 3.00372492072748 0 984
64.3643436202928 3.60224760435246 0 986
68.544265171648 3.42746485107553 0 986
75.4345688715683 3.38137917242176 0 986
110.366883494049 3.19739448006547 0 986
112.154683671583 3.78711110855533 0 986
113.030525354183 3.57387158043874 1 986
67.4201915907845 3.27840931850715 0 987
67.2599803026532 3.69101892167387 0 987
108.874947635964 3.13299338318592 0 987
112.146038808645 3.0933431782191 0 987
63.7418024723012 3.35598838584674 0 988
67.8925250266081 3.08192373683192 0 989
112.119700230536 3.07374929230637 0 989
67.3266617008961 3.53749576680158 0 991
108.361590975494 3.47284485382704 0 991
69.8466513248075 3.75878465353631 0 992
112.877843583682 3.56339794207983 1 992
0.00381902508611835 3.00346834985495 0 993
113.004323166543 3.39126665447167 1 995
66.8779018561003 3.34005849254728 0 996
87.8783037044108 3.69374629609379 0 996
112.757390152373 3.75493415376908 0 996
67.5305524340371 3.17237435294081 0 999
112.492173432305 3.05738746812292 0 1000
