"ts" "magnitudes" "gen" "cat.idx"
23.456492977408 4.09750017564697 0 3
0.1091347888591 3.03988817284373 0 6
49.2199074382069 3.52968228111264 0 8
0.00440592444195073 3.36458610616209 0 9
0.143080599337931 3.23906198829351 0 11
5.49811186197672 3.14796884655721 0 14
14.1736524594664 3.09258568103353 0 22
13.0414817890268 3.05643382070504 0 23
2.7064513470145 3.03953166204581 0 24
22.5726007731899 3.60290169175163 0 24
48.2811493995592 3.00248001465241 0 30
2.90611446143338 3.05647034904669 0 32
1.94882843171333 3.21082722501848 0 32
2.14218797330902 3.4556911393093 0 33
49.247653152011 3.56022975611527 1 33
17.4160880593653 4.39673904949438 0 34
49.7888222466313 3.13762582640472 1 34
48.2494420150732 3.85796089129236 0 37
49.1001048962675 3.6726686594906 1 37
49.1018548948554 4.07871060169367 2 37
49.292898667655 3.35293590866948 2 37
49.1099347377084 3.72821539999201 2 37
49.1268888796311 3.1897507066496 2 37
49.1783101384995 3.16690722051171 3 37
49.2516944708639 3.00617865809834 3 37
49.5621909973867 3.1684562621044 3 37
49.3761133159473 3.25870503508675 3 37
0.13917012998692 3.61454456149199 0 39
43.6994546757132 3.22005943864641 0 41
49.9063365828801 3.05852643901114 1 41
46.7965450694627 3.18118294811999 0 46
49.8266395971824 3.37778595253557 0 46
48.8788001726049 3.87282303070413 0 47
0.439610400702941 3.24416785044863 0 50
19.5172612082544 3.23727899381205 0 53
3.44003554890624 3.06206007009988 0 55
5.37747357156837 3.15174443194154 0 56
37.7159216583284 3.03650790560297 0 60
49.2607452198021 3.45105755679897 1 60
48.8678461123299 3.25411998534093 0 62
0.0491550598215658 3.08285069102265 0 63
0.986097703000393 3.15583189256 0 65
50.0137343219571 3.0261460343644 1 65
49.3857569004499 3.38737335489927 1 67
36.9283792880738 3.04799592441804 0 71
46.3893971979195 3.16009972647075 0 75
43.2450436954524 3.73875610761402 0 79
0.667592914202896 3.50269836592018 0 87
0.492482985181545 4.15368391442321 0 88
0.513310224122293 3.06144291136903 0 90
45.4645407401584 3.02246790580725 0 92
0.0142997423955228 3.09107222063606 0 95
0.477752531111556 4.21806519857599 0 96
12.2604457525751 3.50035476552042 0 96
49.7038463020321 3.14364817171794 1 101
47.7479612555962 3.02945142913019 0 102
49.4627186108005 3.30742246145694 1 102
2.27750783285753 3.31143734288134 0 103
2.25800557086356 3.32945684674269 0 104
49.3716461103499 3.76229945517923 1 104
3.74887268494016 3.38209417369536 0 108
49.8877606363125 3.10110293905897 1 108
42.4601527232895 3.09321699838254 0 112
22.9833556444145 3.16205989733551 0 114
45.7110871288257 3.2166406460946 0 117
0.0282313601321456 3.49585680187871 0 124
1.78365941081016 4.10672582341037 0 125
0.463367139256692 3.22272000043672 0 130
2.14798872350206 3.18721724954247 0 130
49.4303092431832 3.02564316989015 1 131
49.6293493103326 3.10457279501385 1 131
0.0824430418906625 3.20552930604283 0 132
18.846159136518 3.36310832724024 0 132
49.5765011291109 3.56330309666211 1 133
49.5898384906002 3.05533282931287 2 133
49.6687469011572 4.03111058952605 2 133
50.0120786567666 3.06684186210369 3 133
1.62584318151546 3.20002770451793 0 134
24.1314937052988 3.44316905106969 0 137
49.7925856822726 3.3872440190269 1 142
49.9124462229144 2.99057397458989 2 142
46.0690881003771 3.29571546547721 0 146
0.472813220423764 2.9991761238366 0 149
3.05435984112392 3.85959343090116 0 149
49.9178821352866 4.56759309659953 1 155
50.000625584048 3.03599910128652 2 155
49.970004952417 3.5688582414484 2 155
49.9674697548391 3.45633166229347 2 155
49.9304318359139 3.2420822349778 2 155
0.0097810795635518 3.14001629372877 0 158
49.6371095251847 3.38483156162945 1 160
0.0377255395466806 3.20503217756985 0 161
48.8403718483244 4.28814441213137 0 163
46.1405440989772 3.2396970245885 0 164
46.2615415619821 3.28344318947484 0 168
46.4442522058213 3.10966661138283 0 169
48.2210072097198 3.15342383220776 0 171
0.0867173128571996 3.16907068429917 0 178
0.0625219050169575 3.31756992034648 0 179
0.682155139790034 3.03531819353248 0 182
49.8200517582331 3.13535621942764 1 193
48.9506537944765 3.29100679287576 0 195
0.187665965926717 3.20610608348962 0 198
42.4562167129529 3.29025935391237 0 198
45.7015440097156 3.28821683090841 0 200
0.0655912300672005 3.53201931146919 0 203
49.1707474441823 3.19786112233821 1 203
49.2718762186446 3.04867599391225 1 204
0.134469516629116 3.47131686727084 0 210
2.2600407936264 3.21363372216647 0 212
13.134282796259 3.13248423863114 0 213
14.7480884792698 3.21437949099525 0 213
1.30063981692522 3.57418815375681 0 217
44.5124942712117 3.71460034762169 0 218
7.18177910713264 3.00453920812417 0 219
0.00802156510692577 3.88499827660235 0 219
0.0101969616190097 3.07539399984875 0 219
0.331306159821261 3.65682322463015 0 224
0.202772588155316 3.01266203075691 0 224
49.0432994058298 3.16185376464591 0 224
49.0628772891133 3.72841451819685 2 224
49.3846410917043 3.18357891860507 3 224
0.922495199618105 3.30818752914387 0 226
49.9350449677181 3.02598279652826 1 232
46.665132031805 3.44483820574559 0 233
49.0685689932756 3.12299871842797 1 236
49.9398717455656 3.15150304268849 1 236
48.277003907664 3.00278207633335 0 237
31.911124949123 3.01940050378557 0 238
43.0299536513112 3.09904553256456 0 239
46.2614128327482 3.12103631944291 0 240
49.6339399096646 3.05895397716588 1 241
47.3704471635242 3.23396879481527 0 242
0.217425554448337 3.23191452499389 0 246
1.86054301705188 3.50743331098507 0 247
8.17979979895633 3.06243275127426 0 248
45.4715367101905 4.13154600758885 0 248
0.447057182917164 3.11538419179305 0 251
49.5967047104236 3.03970625665314 1 251
49.4155671272051 3.16127406724724 1 254
1.21009974873277 3.15339981743646 0 257
45.5185496252073 3.74073523212291 0 258
9.21754497854954 3.40175011669027 0 260
43.8292369508024 3.6606941628487 0 267
0.0394669322499852 3.50558369795192 0 268
48.8554254062716 3.02827735622717 0 268
48.8603116355196 3.53598511631283 0 272
28.2719282375409 3.55507097187729 0 274
49.4551703670617 3.10656871512527 1 279
49.4583004987257 3.40637509372082 2 279
10.7428232927319 3.15026266074639 0 283
49.592026361413 3.04069045297427 1 284
0.163976194734381 3.16721020884303 0 285
19.3864966954458 3.00568313599003 0 288
0.089615535756281 3.31236955918128 0 290
0.719597578311145 3.28673057070845 0 293
49.0344441050288 3.03262656299146 1 299
0.00641581087189924 3.1850048580803 0 304
42.5239055389872 3.20517185945767 0 305
49.7351647996433 3.33175376148345 1 305
43.1803709655194 3.17700678510148 0 306
0.0579587563704532 3.44678410108693 0 309
4.23221773250669 3.58611205205134 0 310
0.225933833350281 4.08831539288889 0 314
49.0937908384107 3.13498216216996 1 314
8.09792707810105 3.56483523582946 0 320
49.143409238272 3.375096933462 0 322
48.8916387426195 3.64632663444362 0 322
49.153420435042 3.0743084417328 2 322
22.7482847896199 3.12589948657692 0 325
0.476375646240814 3.01592376141403 0 326
0.0241263786573024 2.99257630814715 0 327
49.5795329300911 3.43366063238104 0 327
49.9278402614031 3.33011794711615 1 327
1.6029289207023 3.25187788265962 0 329
0.135835275583682 3.10585996709335 0 333
13.3482036719703 3.45811278462631 0 333
0.0942486174483381 3.4007431453201 0 338
0.124891040627664 3.02476764686235 0 340
0.0864968861303004 3.16170086647662 0 341
49.9427352374509 3.02061636714904 1 345
49.4310288351585 3.01174210970589 1 347
49.4432275400617 3.54195259673419 2 347
45.2970972909762 3.20809437773377 0 349
48.9351771720116 3.29184027447533 0 357
0.0377815963054396 3.09602196632768 0 358
0.0579471451965089 3.03556853767233 0 359
44.0320559470016 4.17340369413254 0 361
49.6979284122676 3.43446566293296 1 368
0.137852145853621 3.37044215388375 0 370
13.7937066493908 3.24450584381629 0 371
48.8589345004168 3.19782006259774 0 372
4.32913052183028 4.14436298095244 0 373
45.7075336781974 3.68284724455862 0 376
49.5158561593011 3.39092410757872 1 377
49.9618830207359 3.21066626229231 1 377
49.9443538332448 3.33087278164114 1 378
49.5106896994725 3.191650469516 1 384
4.4004422872418 3.54748442003557 0 385
46.1588005587997 3.85679684299213 0 388
46.5372601747641 3.67722554524318 2 388
0.0561979316647283 3.00990220784834 0 401
48.8296529707184 3.41460104850649 0 401
48.9035250178025 3.05671738738301 0 403
49.9116257577293 3.33447178048133 1 406
1.1429842136606 3.74297470828694 0 407
18.0317941702419 3.38733185480292 0 412
0.227201866577178 3.13357284412241 0 414
46.0578557075104 4.56888750198861 0 414
0.248802961481745 3.0293675979022 0 415
0.429545273469466 2.99903057726272 0 421
49.6884970819242 3.43475427645448 0 422
0.067651910174299 3.45659875457595 0 427
46.1338162173558 3.06056147070622 0 432
0.324338289612556 3.03084284131045 0 433
7.51895582545472 3.71311952730334 0 434
49.6544159086511 3.6799992171695 1 435
1.73509104272449 3.67995793600241 0 438
49.2107391340282 3.11696585047222 1 438
45.4791182544106 3.33317207651247 0 442
46.1983140512075 3.08823555365625 0 442
49.4277171296157 3.00295784271263 1 442
49.2197733045645 3.10154913833595 1 444
8.39454669625066 3.89232621381418 0 445
48.8376434536825 3.26365390571595 0 446
49.4990502434407 3.28857273649338 1 447
1.65730905091653 3.81402975412822 0 450
0.226261522606895 3.2118922114214 0 451
49.128707239553 3.41266553062026 1 451
48.2874015614942 3.41994107323301 0 459
1.12680150092932 3.11864459179516 0 462
43.5829033094816 3.35894058677845 0 464
12.8867234179283 3.81083366478761 0 464
0.0875831420452864 3.79801924745964 0 478
49.6932192514984 3.03736402261393 0 478
49.7542355883481 3.34455306522708 2 478
49.534890197599 3.18986397642442 1 480
0.0409203557845566 3.06586034912079 0 481
46.3806634555283 3.10766324970352 0 487
47.0577718887104 3.30283577541105 0 489
49.8050316289623 3.37937044815492 1 490
0.057137034090526 3.20208757227238 0 496
48.0206250259137 3.02747687390554 0 496
48.8367697040764 3.23842957443616 0 497
46.779029566877 3.38695944066196 0 498
0.0208854272790364 3.3611572904066 0 500
43.6708049855597 3.05154812773266 0 500
49.0434640398339 3.14370035684468 1 500
49.507296125916 3.57804928144602 2 500
2.37923244859115 3.018884245356 0 501
28.3243243100126 3.10848775988392 0 503
14.6647164737835 3.27979711209111 0 504
47.3581555957132 4.52352598505029 0 507
45.4622114406478 3.89626878704865 0 509
49.6988573064186 3.016210632351 1 509
0.264913305212349 5.08481721220398 0 511
48.8946102399642 3.31654220526045 0 516
5.83579732332043 3.11618417165833 0 519
6.02954821738643 3.95729640208057 0 520
3.69519903940728 3.61507258501301 0 524
10.8367429896656 3.13091082990783 0 527
0.058750173086218 4.38624151309496 0 528
49.5083973278847 3.06853563548728 1 528
49.0197337241002 3.13842527578279 1 532
49.031382653245 3.01843384232386 2 532
0.252242955885792 3.41808167174606 0 535
19.8974199898405 3.1660570365351 0 537
10.3742577203566 3.10635939262746 0 537
0.0252614285648191 3.05137175719298 0 540
48.8541563765127 3.09963633605717 0 540
0.0685229496600233 3.16169797190819 0 541
45.6991030490662 3.55993054009683 0 541
42.4748827764203 3.11472308965461 0 545
49.1244093004238 3.19838105797425 1 545
15.0757232531481 3.3954719589917 0 548
33.1149659286269 3.41054990369131 0 548
0.146101029489817 3.37378374402954 0 551
46.7428133542966 3.66638928995597 0 553
0.289255459300076 3.01702344482118 0 554
49.1442305656427 3.17385857193499 0 558
49.0325336310264 3.18218462022286 0 560
49.0527259338701 3.00231733045393 2 560
37.8584799367829 3.05355157268814 0 564
10.4944448900037 3.3570526163273 0 565
22.5455253208682 3.16754590999696 0 565
2.28767415480372 3.5024131904163 0 567
48.8899989844282 3.2214765717257 0 567
0.0128970974182168 3.06724818607182 0 568
49.657722825566 2.99212807520068 1 568
49.7036305313281 3.40313995107259 2 568
0.0491763998786159 3.01138451815183 0 571
49.7447449948263 3.58608617360666 1 571
45.7054926902608 3.67681971199351 0 577
0.332143644885986 3.1832078543132 0 580
48.996484837157 3.17132252071206 0 580
46.2029180804499 3.01498960604266 0 581
2.22161180311997 4.60175439286547 0 582
46.131457320144 3.31841453543881 0 587
49.3876501986847 3.80278829235637 1 589
49.9853646472088 3.53756286465594 2 589
49.388041109939 3.73850607334528 2 589
1.12068024240823 3.66283842427154 0 591
49.9799824570395 2.99879865119489 1 593
37.8055096221256 3.21923672540635 0 595
43.2478799908428 3.12345406550398 0 596
0.330467417121821 3.14608120942468 0 599
45.9747510909116 3.08200393553106 0 600
46.1781076977421 3.2374447681875 0 601
0.0272547323885861 3.1520122887497 0 605
10.0008418689903 3.3909171008321 0 610
49.7714850738734 3.15783066930416 1 611
49.1543244967792 3.054581495081 1 612
49.1679195222575 3.06571197221129 2 612
49.2648703366677 3.02288656020184 2 612
18.9156202374995 3.00256577130897 0 613
0.20786685955254 3.00100050789604 0 615
0.0818228867657827 3.32375888249129 0 618
46.3363796757192 3.09530068352826 0 619
49.3160166516058 3.00743805645418 1 619
49.3160228957338 4.17155924917588 2 619
49.5418197232896 3.70656758375851 3 619
46.4447431671492 3.15801474079249 0 625
10.3714510492102 3.14282169597055 0 628
48.8203076889856 3.2751747797889 0 629
1.95292115227718 3.3872174125635 0 630
0.0164991306592072 3.0375932994269 0 631
1.59857400351032 3.09333191597 0 633
8.08568547605564 3.34359232622638 0 634
38.3345920263219 3.10773096640387 0 637
49.0956617849037 3.73558859699353 1 638
49.0825823926457 4.05298579532249 1 641
49.5383252679189 3.53520923014056 2 641
49.3607719461503 3.27702363563762 2 641
49.3016553241554 3.70624965602096 2 641
8.76508265020651 3.27684799280494 0 644
49.8116359178998 3.13540103469037 1 647
0.0137340607650023 3.23417609382703 0 651
45.7046880314689 3.08699401211136 0 655
0.131426816081093 3.50335299683395 0 656
45.7314996462662 3.48724604418604 0 658
50.0083834879656 3.00946695518379 1 661
0.00956483299614465 3.32164374718739 0 662
0.0105600034495811 3.13754104821442 0 663
48.2723823544081 3.16561073067125 0 663
49.4317823419437 3.34845487440816 1 663
45.4757722331417 3.93187263927483 0 664
46.3291393349693 3.43105415784468 0 664
31.2166635149155 3.15836635883498 0 671
2.12443630753257 4.54639188283379 0 673
2.56959325773127 3.19727806654274 0 673
49.7188312599059 3.40448970473752 1 674
19.1041883185402 3.17330849911142 0 676
19.8871705296423 3.53787900204557 0 677
49.1985007684302 3.40258175431151 1 677
49.2212305803286 3.04705905828796 2 677
3.13697142408362 3.03374170823973 0 680
0.011474732629961 3.11373159537024 0 682
48.812250757712 3.098980149564 0 685
49.3335264633965 3.2953489285044 1 685
49.4331303053403 3.01205845307548 2 685
49.7371152864393 3.09149438446447 1 688
49.477637108564 3.08673126658232 1 691
49.807952203238 3.44591618702861 1 691
49.4735987676863 3.64921498067858 1 692
49.5007504530962 3.02183410811197 2 692
10.6540179033705 3.45628638236018 0 694
22.7039561364116 3.54585534561567 0 695
2.78981517490056 3.08858707596262 0 696
0.70216134112798 3.59908174150379 0 700
0.132562294058388 3.39330038762671 0 701
12.3993141840823 3.20216020221265 0 701
49.2307084534873 3.78427432451776 1 707
0.016299109180005 3.10356394512514 0 711
45.771364552593 3.12135782305465 0 711
49.5283906289 3.59762070048435 1 711
46.2055516402325 3.01480340499254 0 713
49.9170743147001 3.21537404726809 1 715
48.8347530393657 3.20703408134072 0 725
46.036476463853 3.56929504878455 0 726
45.829520304452 2.99015250899025 0 727
49.4334213520956 3.0016810364926 1 727
0.0495349953162996 3.15197072723904 0 728
24.2903983167224 3.23268151745632 0 728
4.73956809085397 4.47578086115074 0 729
15.3367283094386 2.99308852835052 0 738
0.0217734134507603 3.02455701928941 0 745
7.58497434764415 2.99535228627246 0 746
49.3965072789319 3.13509114504922 1 749
3.01893334962319 3.52005865696388 0 750
49.4194924132809 3.19992903192734 0 753
49.5374475649901 4.05169718106186 2 753
49.5523945831765 3.02903970724566 3 753
49.5747320322291 3.06213927120192 3 753
0.00881632825160014 2.99086049447728 0 755
49.0958563314375 3.51855632223144 1 757
4.77868801885452 3.01040295472705 0 759
46.1904639443183 3.25231672231563 0 763
48.2678185549663 3.2117741921046 0 770
49.339331007281 3.22969305527665 0 773
49.2070896608379 3.05038937777358 1 773
1.23319998896438 3.05328994369852 0 774
48.871988418064 3.73813489561762 0 777
49.0860233867979 3.09098872151411 0 778
0.787828890942901 3.05638264314643 0 780
46.6220247044638 3.53393758412809 0 782
10.4892434048695 3.01854059016398 0 784
49.5696873072624 3.06580100983927 1 784
0.086059411309575 3.09294520306281 0 787
20.2436909730036 2.99270473635052 0 788
0.0919204019299847 3.26228520360018 0 789
1.1786361507079 3.80257094714669 0 790
46.3038739149144 3.28111880113449 0 790
10.3307560880516 3.00414050669074 0 793
10.1622856717388 3.59242409064417 0 794
45.7311905603848 3.28612616565982 0 795
48.8500322623062 3.30868885325645 0 795
45.8016846247635 3.35725812578456 0 796
49.6464994930752 3.49355791069621 1 796
49.3456859038301 2.99162224352603 1 798
44.0018920054255 3.24897607777002 0 802
45.46170242012 3.10160268800547 0 803
48.8316844127098 3.11158294952304 0 805
0.192454203916475 3.00455200181164 0 810
49.1356830996551 3.07156783376254 1 813
49.6895139696166 4.37636462746584 1 814
49.7238186796639 3.44926104789448 2 814
49.6989569534163 3.21615209067066 2 814
49.6920959426559 3.05223927499698 2 814
49.894183420519 3.21544371317545 2 814
50.0046964783373 3.13681659346096 3 814
0.155022266707664 3.06058577561298 0 822
0.472756347668045 3.53280211063814 0 823
49.6578608301092 3.3168460805692 1 827
49.8202361891386 3.14923252879338 2 827
45.4125041099197 3.13360309037642 0 828
0.546083212252487 3.0719589173572 0 832
49.556556036146 3.14653445356691 1 833
49.6438844548286 3.17546838763926 2 833
0.059002798619289 3.47553544033246 0 834
49.1128494908657 3.26959375296131 1 835
49.3242312110119 4.01284499685846 1 837
26.9920692856277 3.00066652077835 0 838
0.975940580030835 3.79478032369554 0 840
49.1088905922834 3.36300348133573 0 840
36.7466789238924 3.03588585953572 0 843
2.2565973640176 3.58068910033016 0 844
45.7896637412047 3.39334397725493 0 845
10.2350299852732 3.13455597643949 0 846
49.244588510282 3.03022047571065 1 849
1.11796371000632 3.18882538986451 0 851
28.089820718825 3.15802852603741 0 852
37.8918555517373 3.16652450776894 0 852
45.6990895726792 3.17321736937639 0 852
2.98774869297155 3.11045345903871 0 853
0.648042044845261 3.37333053344457 0 856
49.6615537103821 3.45102086744403 1 856
0.0422441949390007 3.02980878072729 0 860
0.0622816003008553 3.10117213749531 0 863
46.2402955788167 3.03114646300576 0 863
46.1497606228523 3.00303300861063 0 864
46.2714147160206 3.28180348433095 0 865
49.132351647047 3.21999479067018 1 866
0.00916202858496716 3.04344357772854 0 870
29.1963538006239 3.15107847477739 0 870
9.62471066618505 3.50624270129977 0 878
1.17471296984166 3.23641955372231 0 878
46.3383932501743 3.00544109228027 0 878
0.0093831509854776 3.38171677764023 0 887
0.00937639148210402 3.33092597639018 0 889
3.24341591761817 3.02771510274186 0 893
1.17130817645714 3.27019974589908 0 893
49.2849648729056 3.14991254326271 1 893
49.3468398666557 3.27803568765874 2 893
45.468123330324 3.3258032740685 0 897
3.24154697778403 3.0469054087538 0 899
0.784694661320022 3.33877093166429 0 906
49.4844069908463 3.1412715628136 1 907
48.8525949318149 3.09599222041612 0 908
48.8461892233929 3.64532245578111 0 908
0.261713289893962 3.09062384616451 0 909
43.6215604667732 3.65409698753118 0 911
0.948974456667709 3.10978355173471 0 912
48.8411357946507 3.21871298087417 0 912
48.5370277756183 3.2697640469068 0 913
49.9387290691115 3.00797375577732 1 914
49.0195115508136 3.35716004260737 1 925
49.0643062732875 3.28064790134497 2 925
0.0185752418111437 3.17738370474819 0 926
0.97538321816042 3.0277014942025 0 926
0.250960856585245 3.05539672882049 0 927
1.115257512629 3.21777733775323 0 927
0.941345587486656 3.11470376620371 0 929
43.9746086498003 3.03578953278321 0 937
47.0508845498683 3.61530729788303 0 938
32.4293494182242 3.41080581514538 0 939
2.11783245191587 3.36077267388833 0 942
0.151592863283843 3.08869260716814 0 946
25.1335383642824 3.1931893018934 0 947
43.1708607480387 3.09269001590068 0 949
7.49949969046333 3.27240161013262 0 950
43.6344902557961 3.48500513168941 0 955
48.4281379893017 3.2676711369564 0 957
48.99875637418 3.20377691409919 0 957
0.245322381768251 3.43075171742092 0 961
0.0177827497661359 3.73284944945365 0 965
3.5502796017009 3.14186597932951 0 967
49.5181265530732 3.09719175191998 1 967
0.127229676001044 3.04546236883268 0 969
48.8271535101566 3.08213089170329 0 971
49.6431674500086 3.05924113071145 1 971
48.8284357470145 3.00861409971173 0 972
45.7558607022179 3.05256347981282 0 973
49.2674631779745 3.00069390871169 0 974
2.87721920159168 3.20706188420274 0 979
0.0232371964129265 3.1461122613357 0 980
48.8526231537985 3.06644524065881 0 981
5.94382634835698 3.06577083144885 0 985
38.2894606846527 3.07423501673989 0 987
49.567706131525 3.622559098661 1 989
49.9514800279025 3.59879203731754 1 992
44.2661586523638 3.09515090299383 0 993
46.2501579713014 3.3037279354857 0 995
