"ts" "magnitudes" "gen" "cat.idx"
36.619973492473 3.04280752958069 0 4
0.334609974640322 3.61645293212689 0 5
0.787628537639544 3.06306806402329 0 7
2.1429665529413 3.46264247691809 0 8
2.19123346038146 3.08531590837285 0 9
15.2080283394272 3.08835361644816 0 10
6.05528086896492 3.34246461090772 0 12
6.50346197391328 3.28887774193035 0 16
0.0629339768392073 3.1140194425483 0 16
0.108355269412156 3.46629950972617 0 22
22.215163237351 3.09065104340464 0 23
0.0133746353195067 3.92480841467984 0 25
5.08319783496378 3.05524217390116 0 27
27.0877722030253 3.04514675075321 0 28
25.0761666985579 4.44345298623689 0 31
7.2522432100524 3.55591777471684 0 33
0.050371326799155 3.56653352322789 0 34
37.307137765139 3.05098234754844 1 37
0.164412757610481 3.03958453654214 0 41
12.9907349076724 2.99574100864751 0 41
0.0115204443023738 3.2326871589197 0 42
0.0994217308323032 3.04058769800186 0 42
37.3912175434266 3.17165026607263 1 44
25.3431270411372 3.16802011012191 0 47
2.03894408263641 3.31261676161781 0 52
37.6992938776125 3.87180080396385 1 55
37.716912914228 3.25914019437621 2 55
37.7451388529032 3.0245364129969 3 55
37.0338813880548 3.38747085729749 1 57
37.7676346038092 3.50638882396703 1 57
0.094802566034773 3.09415044289216 0 59
0.128789492935918 3.76608189989033 0 62
37.7807730803356 3.36250722009271 1 62
0.166349529017125 3.29592193055 0 63
3.05055330293089 3.09190609367107 0 64
37.5185076886878 3.08546579207023 1 66
25.023961880514 4.20998651076435 0 67
2.20757265394781 3.25387833583246 0 68
37.7652729797732 3.04864561132515 1 76
1.63557137729384 3.3265955708066 0 77
0.0377179397944459 3.27634134403367 0 80
0.0327637100103452 3.172027801339 0 85
0.360896195423853 3.01213262466881 0 86
11.263460871486 3.27331428751836 0 88
0.134595495870918 3.30476120434546 0 89
0.944243263678117 3.21400866861889 0 89
1.1911333300806 3.00244592391688 0 90
0.453714434690389 3.02013317322741 0 91
6.23202905874712 3.1949435655263 0 95
31.7538362797079 3.22848592621471 0 95
37.2622613407761 3.06223819994656 1 95
24.1234018096264 3.11675088848029 0 97
37.0577409366701 3.10103259194059 1 97
0.686640001726397 3.135272183152 0 103
0.262306692381587 3.6136386190027 0 106
32.0019401106761 3.25439812471513 0 106
1.46252466093413 3.19105349432154 0 110
0.000553556688862607 3.00775699480495 0 116
37.9121327685748 2.99513820157654 1 117
35.3526505852296 3.31949305082654 0 119
0.0606073926693455 4.48098174201809 0 124
37.9334034504459 3.32410872431754 1 124
37.7717689617161 3.13104036618985 1 125
6.45601252834161 4.43939313458449 0 126
0.0242117008082212 3.14800167682332 0 127
0.423867345394884 3.37063683003199 0 128
3.27284436854734 3.43884924357302 0 133
37.9727069017567 3.2626027433684 1 134
37.9731801811713 3.44261378320547 2 134
0.513343268662585 3.10336619315401 0 135
0.0323536131196048 3.13444884831902 0 139
4.8910892600364 3.26479448043934 0 140
1.62283348311516 3.4118279197918 0 141
4.5979271449045 3.73906946199712 0 141
37.5684689999648 3.11825837392858 1 142
37.5753322389229 3.13680255360042 2 142
37.0633801076651 3.99198348638033 1 143
37.1632595169653 3.09513279348142 2 143
3.30271440422476 3.23513195422375 0 148
0.472924621849027 3.17339051997808 0 152
37.3262761013206 3.33256933700337 1 153
37.8848540277222 3.09389569557122 2 153
0.197547781367288 3.27580943972238 0 158
1.49630748095182 3.43401101388238 0 158
13.3103526286394 3.18899182742471 0 161
22.5746871119924 3.1374052762708 0 167
37.1404903071557 3.04132480328014 1 167
37.3677422215458 3.17195431098542 2 167
37.3408680133611 4.73195535143039 1 170
37.6693254587949 3.01193535685266 2 170
37.4047148517542 3.17388324670994 2 170
37.4804754222514 3.41678787645343 2 170
37.414998519716 3.51392525673428 2 170
37.3508024537295 3.30633593929849 2 170
37.835200893119 3.08964057675693 2 170
37.4415555140276 3.07809025794834 2 170
37.4421784511897 3.21457503218666 3 170
29.6935397638011 4.18139943975398 0 174
0.62061374524103 3.78987177248684 0 180
37.7781891880181 3.05185850060782 1 182
37.8179404157867 3.11427549291064 2 182
37.9424302660767 3.08550279605401 3 182
37.9069084678371 3.7959132543992 3 182
6.28695882898512 3.19605240589217 0 183
6.52646496096984 3.0122280473527 0 185
25.3847787198571 3.08429971214657 0 185
10.3825463385739 3.48404693969385 0 187
37.8770354440525 3.24645518662268 1 189
0.229687425750492 3.01389024165903 0 192
37.6416690174114 3.26601272970602 1 195
0.545693772504378 3.03432760753344 0 197
0.0187953813847719 3.21442896945567 0 198
25.0026303841442 3.22257382196091 0 202
16.5956521374623 2.99128979164414 0 203
18.7628605746624 4.15448443700133 0 206
37.5646240333185 3.04183581961195 1 206
37.1049353763551 3.9958510562626 1 207
37.1173019267863 3.75649535430437 2 207
37.1789959398188 3.423292643383 1 209
0.00459087998354873 3.56671302664872 0 210
25.1505292923925 3.12919211933315 0 212
37.894862804012 3.08396189293544 1 213
35.7094218147239 3.50397861545969 0 218
37.3686858463656 3.08113468709364 1 218
37.7235433686614 3.35905313386439 1 221
8.88917266575052 3.06815057678204 0 222
4.23507524808327 3.15039838608228 0 225
0.00487817701098433 3.42009151025439 0 226
4.63979095836772 3.16735698671683 0 226
0.17965681463568 2.99570843608459 0 232
3.51033095494902 3.03518862483347 0 232
0.404141629564097 3.77601635177459 0 234
30.6516140040622 3.18256854299757 0 241
0.00153748651898675 3.22647905976779 0 242
0.0112834641863893 3.1209057735386 0 246
3.47391983051449 3.12382960636868 0 247
22.56447951286 3.03537407025641 0 249
22.5907198668403 3.06410106639776 0 250
0.0668072046302505 3.26662758135003 0 259
0.596048534786741 3.34524412919059 0 270
0.532918314350687 3.01027097959748 0 275
0.456444105978261 3.42007674871305 0 277
0.197117523964369 3.04138350512872 0 283
26.6094985070386 3.21365011622086 0 283
37.8755063830499 3.00035821618752 1 285
0.285566101620153 3.15004680606157 0 287
13.2901818227296 3.27449953849954 0 288
23.8955996096384 3.01594183456687 0 291
1.51054884820657 3.00265318929183 0 292
0.111101121791041 3.14511077994768 0 293
37.4618332501591 3.61219639694986 1 297
37.5328201973575 3.60796269789559 2 297
0.710506500150805 3.3268941736053 0 298
0.554470379459283 4.07711049957077 0 302
37.6651291234043 3.21516094182991 1 302
13.0739645853759 3.48704198082669 0 304
7.22026365632363 3.28850218061569 0 307
37.2501178906855 3.56411239777241 1 309
0.0320956528146797 2.99613034157253 0 310
15.2998407832227 4.09822871374973 0 310
0.0321961809357803 3.57726131252619 0 313
17.7064740134322 3.06750210448756 0 315
0.328508958741991 3.0619275608196 0 322
0.17212486520547 3.11327721580475 0 322
0.0199658570639342 3.23409630594495 0 325
26.9390970103655 3.01913728896773 0 325
20.8820558059712 3.45693372286393 0 330
0.153332476889879 3.60855703625655 0 330
37.9463538650047 3.30379677677721 1 332
37.6369696044453 3.27001603463308 1 333
1.39990941545599 3.06942244577391 0 335
37.5688622523189 3.50918643416664 1 339
1.73539192470039 3.47009017804942 0 340
37.6015946421862 3.05458041746257 1 340
0.142318222446628 3.25088615438635 0 344
0.244703049563741 3.22276625672706 0 345
31.1781452340205 3.22235522434511 0 347
1.81397920699993 3.01664848774848 0 348
37.5185370241847 3.02814259431885 1 349
0.318135463441056 3.54278295824262 0 351
1.13945724411749 3.43084357047873 0 356
0.132630434918597 3.2881115324655 0 359
21.5345155255232 3.16257059783615 0 359
1.07232856336015 3.01970428330327 0 361
2.13537862713844 3.14220036865613 0 362
2.98156576456167 3.17154749440039 0 364
0.58312936320431 3.09512349322556 0 369
0.339758902282386 3.45053890573554 0 389
1.13706481341024 3.10083150335564 0 390
22.995973382199 3.03388219509871 0 392
0.189501602288507 3.71238875298687 0 393
37.7764137828812 3.84804097918095 1 394
26.6490699219813 3.08288937561685 0 395
37.1290092253216 3.91362068381248 1 399
37.2166035453083 3.25455995434706 2 399
37.4985551744789 3.08132168822864 1 400
0.032208948674565 3.58816399314251 0 404
37.5510560706348 3.0248777927271 1 407
37.5920445070692 3.09753230568203 1 410
0.211620094434935 3.26110283864466 0 413
37.7557407765739 3.41756511141443 1 413
37.2792235537522 3.65856088139018 1 418
37.287261766438 2.99137426446259 2 418
0.343859432414983 3.13974799807953 0 423
6.79878869720786 3.58906270311555 0 425
0.459245323415819 3.24738166649337 0 430
27.0103181705577 3.01469836451465 0 430
37.9078315246474 4.01578786265891 1 432
37.7263403166175 3.45663401879664 1 432
37.9105983439241 3.67114455852239 2 432
37.9085441593191 3.10012120385313 2 432
33.8750844827216 3.00798376232335 0 435
0.00877325952971216 3.07165679215507 0 438
0.514144685238382 3.2846524546145 0 439
28.3718364709012 3.05864038893661 0 439
3.70029726433396 3.23906059393011 0 441
2.58465254519979 3.03376431181204 0 441
22.5573171781733 3.3984659537895 0 446
22.6156878168632 3.32591356481376 0 449
0.359366600617107 3.04620393729152 0 452
0.0773268577838601 3.37222828220856 0 453
0.0590921271664346 3.01832462406559 0 456
19.912291859145 2.99235937141192 0 464
0.245845093679178 3.02060061255513 0 465
32.4525034369088 3.20141836522152 0 465
1.62216404700823 4.23295539283289 0 467
20.4466805169579 3.45522432393681 0 473
37.3613389704 3.59094560660465 1 481
37.9329155133195 3.14899104032014 1 483
37.9350049418144 3.20844179050628 2 483
31.746102179148 3.68719800315811 0 485
2.29426078922784 3.03351212770472 0 488
0.244718275901922 4.30339415440246 0 497
37.1578274482485 3.34321634652061 1 498
1.21122131882341 3.33225280848784 0 499
2.12197469338942 3.05848975838129 0 499
15.3473354103313 3.1704349095704 0 504
37.7174522983 3.06797997772898 1 505
0.127176163805014 3.30046996572725 0 506
0.744923266597765 3.34762231275151 0 510
37.3336134486921 3.00782509806131 1 515
0.0546445020911354 3.82851843450423 0 517
37.9989760500934 3.0526826646004 1 517
0.00319718992222885 3.28364819071878 0 523
0.531115602222613 3.05093581656623 0 525
25.0145337178419 3.76081547249574 0 525
0.332951853089151 3.85776514847946 0 526
1.94035628589689 3.93250588069568 0 531
37.3145424531862 3.36080325760207 1 533
2.32911359753988 3.17091007993252 0 534
0.976202893237679 3.84244613930253 0 541
37.1583957110156 4.01171311953254 1 545
37.4548599977372 3.29442873799507 2 545
37.1782508927644 3.12900491281415 2 545
11.9956561771271 3.58023836191861 0 546
37.6105235984173 3.26552088292853 1 548
6.22303860249092 3.64991785229977 0 553
0.00267217613131099 3.26309755645102 0 554
1.1168591418961 3.42110458722638 0 556
31.9690954660776 3.01411340542841 0 558
18.8858101235516 3.34764275211172 0 562
10.3860754100809 3.35770109351279 0 568
37.9558848621413 3.03272259368099 1 569
2.96593106198521 3.27363284342256 0 571
1.43172819145418 3.26872632179236 0 573
4.7550173957571 3.03900832165324 0 576
1.4424703174287 3.09582517961524 0 577
37.3987037559595 3.50861341412531 1 577
37.7546854153365 3.19777451795297 1 578
0.204300283063562 3.03524324757808 0 580
35.5815122016788 2.99851726822204 0 582
0.0598859421958451 3.07667161708511 0 586
0.121384775718755 2.9948756560027 0 586
22.8465543408469 3.16377482016619 0 587
2.29167377035939 3.57729467242497 0 588
0.44257545080521 3.63635675534487 0 589
4.53714452353724 3.13508844835784 0 589
2.24790000812564 3.26698304837869 0 590
0.179036160223006 3.55475803036685 0 593
0.066169047237535 3.93393155455889 0 595
37.0281038642019 3.21541009222296 1 596
37.2792214315009 3.22175604347263 1 597
1.34784529152713 3.08595740283574 0 599
29.776218963619 3.18367885651824 0 602
25.0761209655509 3.28737422885262 0 606
0.17290940622366 3.0210812888686 0 611
0.959809195106345 3.24042311092652 0 622
0.0540407999968587 3.99595367994784 0 623
3.12237061874531 3.36343809578391 0 633
15.0825792335924 3.31202887420372 0 634
11.6899992833226 3.35087932699701 0 637
22.5531761167206 3.50115926164661 0 644
37.4315791280564 3.06900281483803 1 648
37.7445418270394 3.38443980030784 1 648
27.0849756036516 3.41598779327796 0 649
0.43831448959902 3.56576385679113 0 650
0.0240946138230226 3.13018130655822 0 651
1.22245263291946 3.01294162858614 0 651
17.6144427975318 3.27493831809625 0 652
5.00616716668686 3.003386641797 0 658
37.7654082082767 3.34799543552159 1 662
12.116098649723 3.06589913007163 0 667
37.9677240498454 3.43477817594857 1 678
6.08774474763275 3.02658495328913 0 679
1.5355413367885 3.09627865100824 0 681
8.81864219651507 3.18594750804021 0 682
32.3429830396218 3.20147469624636 0 687
37.3858253261164 3.16569577328517 1 689
1.07868211262082 4.16746638996747 0 690
35.5835369048388 3.07963814305239 0 693
1.96851704584891 3.32983837247868 0 694
0.133256134831166 3.66988314900443 0 694
14.2889417493749 3.01588726053189 0 699
0.113626075167872 2.99759047384183 0 700
14.9383310783732 3.41409528908838 0 700
37.4358253766872 3.29950401609309 1 709
0.754596766469452 3.30681231572833 0 714
12.854602681 3.00343618781803 0 714
0.913716525336702 3.9294035857503 0 716
1.47488723497467 3.95486159944517 0 717
37.290939213391 3.12146103595708 1 719
37.2956595137451 3.35770673437024 2 719
0.342725217619543 3.00426583063902 0 721
37.310034314552 3.04261162922508 1 721
0.00208300165905509 3.05805396179982 0 724
0.00200854993400118 3.02942166124452 0 725
25.7316081558495 3.99091376577018 0 731
19.4393261292759 3.19522145645009 0 735
0.0746681122930692 3.49084325160939 0 736
0.788404236755874 2.9963989011608 0 737
3.07039036826948 3.06106544110323 0 739
0.145697765859409 3.16711324390165 0 740
0.0272988255556537 3.00244421846956 0 740
0.107641353357054 3.10850244432132 0 742
1.5460402539031 3.8259641613478 0 742
37.5550688213293 3.6183205343197 1 742
37.7268016876821 3.21394523904162 2 742
37.7396937743344 3.04901767948302 3 742
0.265415029770213 3.14931353746257 0 744
0.0454591909766422 3.3525759117538 0 744
0.084873668827786 3.60944585167387 0 746
0.451572911239451 3.44550270620459 0 746
2.0798944328117 2.99535132012622 0 752
1.09980350561624 3.04850366112117 0 753
32.1774226141782 3.3859454538938 0 754
0.182938450957745 3.39323493443637 0 755
22.5557910303363 3.46347679484792 0 756
0.0195129909370402 3.35196922945373 0 758
1.1150222998043 3.16330017998832 0 760
0.919633946534206 3.34192917156296 0 760
0.32952987212862 3.06461291758293 0 765
0.0847295380810397 3.31553690139548 0 766
37.1569750885569 3.18728198382743 1 766
37.4323528014679 3.31876108814709 1 767
13.8045925177812 3.09764290832712 0 769
37.5503140873365 3.08579105904241 1 769
37.9121687513959 3.30431384729757 2 769
4.08893428864567 3.28349595856167 0 772
37.826170623684 3.20155221796948 1 774
3.42038771089744 2.99125147233104 0 776
0.979846941179452 3.15199324528888 0 778
0.842788064625935 3.39409565066995 0 788
0.0118549645026571 3.16670940210322 0 789
37.8497347863481 3.35466476103839 1 789
36.4057707365872 3.11641715151546 0 790
37.7153816392269 3.26920209668282 1 792
0.00675688971612159 3.84251340908005 0 794
37.6430428816561 2.99408967224419 1 795
0.0788565178169334 3.25105678827914 0 797
37.2489473818891 3.02288627526568 1 798
1.16333985592201 3.08321923825746 0 799
23.8739884777289 3.04034986448594 0 801
32.2274831185761 3.52223712728941 0 802
0.0810577872946457 3.24405025194664 0 812
37.3022448042497 3.34693423142377 1 817
10.7011259712415 3.15978434812166 0 818
0.727046582283871 3.12187630381006 0 818
0.0657275340650094 3.08609559945025 0 819
0.172445517500356 3.2124207414956 0 827
0.0599353798575172 3.31800177886703 0 828
0.0884857400703033 3.28216593956633 0 828
0.0322022487120767 3.40081856630175 0 830
21.0872807294546 3.02754134252426 0 831
0.0456496871977243 3.34708574478114 0 837
0.158126997788951 3.26258809786167 0 838
32.226324700304 2.99594782289991 0 838
37.6254526478328 3.46323634447544 1 846
22.6436116781315 3.03585046549562 0 847
33.1056783469755 3.3023680876176 0 849
1.15106090324397 3.59950410506026 0 855
22.6498122814466 3.16700033692286 0 857
0.520135208706213 2.99864607825577 0 858
11.6501081514036 3.20314301005697 0 858
3.78155368262316 3.04177801295559 0 859
0.507720306063889 3.07276778235309 0 862
0.0410123972243048 3.02156568990866 0 863
0.676878293004203 3.60901270447274 0 868
37.2729603680838 3.02560476819201 0 868
37.3163007159728 3.04857760871442 2 868
0.0192252294205589 3.50401746372591 0 871
25.6023644004824 3.00047564760573 0 871
37.9969624077525 2.99945558871311 1 872
29.0093217498587 3.24014525105638 0 876
0.0204174813291535 3.21938627904853 0 878
0.322849863296938 3.40496445867778 0 880
29.4621477773895 3.00660765759235 0 881
14.2904461839462 3.77760758224073 0 883
37.8998984491077 3.1946011093706 1 886
37.1848395496231 3.27477927718427 1 886
37.2449087444563 3.77897407579965 2 886
27.0275578306841 3.29762117641044 0 890
0.185247290133694 3.21764039829655 0 899
6.52069144879525 3.58365820012799 0 900
0.79622140141573 3.02216549508093 0 903
0.00584187313512733 3.19191081103817 0 907
27.3601671749312 3.03170308254444 0 907
0.065849847289978 3.12101292059423 0 911
24.6016297337102 3.45131697060841 0 913
36.7150439702702 3.42256599436157 0 913
36.8708073025894 3.48082642242317 2 913
2.15778422392023 3.55805439802289 0 921
35.3848490550364 3.1661379652345 0 925
1.23609875128816 3.3189617224397 0 926
20.4938687883417 3.04596999394607 0 926
0.368529395617874 3.36236436482494 0 930
0.26280883607509 3.73588812140393 0 931
0.102618967243515 2.99237882356905 0 931
0.414615905374822 3.28444555763388 0 938
1.3198556436724 3.21978767813585 0 938
37.6986034129836 3.80221038514246 1 939
37.7225512684021 3.02507346434384 2 939
4.26066254502642 3.05787348029849 0 940
27.005399076073 4.24665244244121 0 944
37.1522418797571 3.12003174586888 1 945
28.5690175384983 3.72034200189615 0 948
0.309205960575199 3.16512061009269 0 950
37.771618301896 3.20851424942427 1 952
37.4611966616305 3.09538576507285 0 954
0.616354616156879 3.31186232009467 0 954
37.2755269456279 3.21952733448888 1 954
1.75520165710999 3.02320061950361 0 956
1.25594531184642 3.08833621383185 0 960
1.36353455411559 3.39222134028306 0 961
4.26056434141582 3.33102133260256 0 966
37.5520195792519 3.06031003593338 1 966
14.4182705952982 3.12439377936661 0 968
37.623889740938 3.56287324777416 1 968
0.457933623256337 3.1048580473187 0 972
0.05297737530997 3.90457957723975 0 972
37.2153302819092 4.35441900835373 1 972
37.972836551304 3.11965902958143 2 972
37.7229588413306 3.02284638193056 2 972
37.7960373005374 3.26669947665208 3 972
37.7911449939628 3.74021605360225 3 972
37.8078679534746 3.65362291071195 4 972
35.3663651909108 3.04478989141185 0 973
37.4241648783531 3.80792873288756 1 975
37.4472849962087 3.58730782051779 2 975
0.845750277296633 3.07033270608373 0 976
0.0475255220666033 3.95243493341282 0 976
2.73487731225298 3.38831349306079 0 976
0.0821640193853578 3.4503075313197 0 976
24.4383792768679 3.2306217469842 0 976
22.926671555306 4.19474462932269 0 982
27.278710024937 3.62231219700657 0 982
5.02245881948726 3.60619906210736 0 984
0.10760637725644 3.15619123735626 0 986
37.452509093247 3.00757557098916 1 987
37.941351971272 3.11745480547334 1 987
0.326747002062953 3.45720085301655 0 988
1.17629452462837 3.16953466216882 0 996
2.01021039394472 3.19953180425464 0 996
37.5101259000689 3.43704376079646 1 996
27.1003380905746 3.63800177285958 0 997
25.1138123758314 3.46800396968111 0 998
25.1354743730107 3.04583194684352 0 1000
0.00271977634074003 3.12074010610889 0 1000
0.938665578735497 3.19378580945274 0 1000
