"ts" "magnitudes" "gen" "cat.idx"
86.0843016040827 3.37489615238392 0 1
67.2761302519775 3.15089613396194 0 1
67.9562672556439 3.03986260275421 0 1
84.4826671950457 3.0661471847073 0 1
89.199574037637 3.07073037172855 0 1
68.1036242758784 3.56915114890233 0 2
89.305798586121 3.11982763659704 0 2
79.3125613647799 3.07086451942527 0 3
84.6041959431215 3.09858857626217 0 4
84.6209703208672 3.25732427167046 0 4
67.5481799868986 3.0290200099477 0 5
73.4998296801881 3.5686253945699 0 5
8.63393107688434 3.02889039415567 0 6
63.7523607337005 3.14533425518384 0 6
32.7559843739658 3.65352929410984 0 7
65.4152602645267 3.23941515977585 0 7
84.4802015726726 3.24382229816839 0 7
0.0550213403464407 3.71011295963269 0 8
89.1514804463705 3.10488709974926 0 8
67.9928193883597 3.07611569282104 0 9
67.5329482173673 3.11788951612485 0 10
84.6316998071958 3.56129467329128 0 10
63.7460443653253 3.38591261943178 0 11
69.4134268570372 3.02286625258014 0 11
70.4363545037261 3.17075969756323 0 11
63.7406328403119 3.40603094035177 0 12
89.5841466595946 3.11241070433185 0 12
86.1160399883888 3.06990336078357 0 14
89.4032813703914 3.15998441042138 1 14
68.3271272737642 3.56974630829148 0 16
64.3393577555056 3.70030727224856 0 17
76.4963770573547 3.83453093586292 0 17
67.480651458848 3.00385021172491 0 19
69.7331440074662 3.35753175114883 0 19
84.0600523605501 3.36263949106509 0 20
67.5134112053142 3.01246049921412 0 20
80.9711935148225 3.00280277385616 0 20
37.8638626116053 4.09501995626865 0 21
67.6010483940537 3.12459336556088 0 21
81.6205628472987 3.83888968712097 0 22
67.2974019521638 3.02867724090151 0 22
67.2689441480788 3.75210720224785 0 22
67.2720173395081 3.21232711641054 0 22
89.4458841194718 4.02202548796138 0 22
90.1157494720212 3.10903233121276 2 22
89.9529232381913 3.13307838611176 2 22
67.3337811729616 3.32000986837327 0 23
89.516282646199 3.18996747051057 1 23
72.8625622246112 3.09384563602887 0 24
64.2973987408662 3.01079398454588 0 25
67.5932866255299 4.62628143606558 0 26
84.0603702876793 3.27470679433225 0 26
64.4070010046298 3.03987137666196 0 27
63.7551668651181 3.41939311157049 0 28
83.6869582466482 3.09778315542809 0 28
71.1000194635948 3.27858120752985 0 29
67.3316562578354 3.03137681730681 0 29
67.9969255361414 3.16448839696477 0 30
73.1010501983886 3.01680703532335 0 30
67.2593267271243 3.44587088711333 0 30
64.2015797628431 3.24500190571004 0 31
69.4746637895731 4.39008196666297 0 31
87.8099384233648 3.16744267600405 0 31
89.6574295747366 3.12341422549025 1 31
89.6619719266698 3.28029125259715 1 31
67.2591157640102 4.19774579452438 0 33
64.6373287482388 3.29825924557464 0 34
63.8720943768556 4.37206422849298 0 34
68.2548190061703 3.12978967408959 0 34
67.3296731373816 3.37667209965634 0 34
67.6106232090741 3.60797982799719 0 34
68.8557312499172 3.36037250016857 0 34
81.683758582786 3.08012734565486 0 35
65.770751127534 3.284174711041 0 36
67.6679190277445 3.05623688746749 0 36
67.3488363669879 3.04288196153924 0 36
84.616844331428 3.484371059806 0 36
85.4745227987232 3.07783363786515 0 37
72.3537139883978 4.16946785833228 0 37
85.7361961261659 3.25784909078991 0 37
89.6603158143027 3.22205377847025 0 37
80.886970203007 3.31970910484654 0 38
64.0794672769855 2.99090623227286 0 39
67.5099881514824 3.41440938296194 0 39
67.5520674294683 3.22307251053891 0 39
79.3484499850297 3.19724482041306 0 41
67.4400105942286 3.20429339672096 0 41
68.5336619799605 3.27453897603995 0 42
89.2601536770623 3.15360830222566 1 44
75.5292554027987 3.00302651832127 0 45
67.4310529759651 3.09993922719851 0 45
85.5665420144778 3.05699335838804 0 46
74.2419914921021 3.21968990412776 0 46
67.6168483410561 3.09658196359446 0 48
79.6251000853437 4.02693200568626 0 49
0.101280975377241 3.34712214511094 0 50
67.3595942962514 3.05970336946605 0 50
67.3255374850284 3.05148760915602 0 50
68.4890219124343 3.28987490034748 0 50
85.8129981227952 2.99865126566551 0 50
89.3652704953954 3.10387902362659 1 50
1.54999365153474 3.22302790315359 0 52
67.5961187929824 3.46756225652029 0 52
67.4861741623533 3.15024349593502 0 53
89.8029149693709 3.34897891094362 1 53
89.875711028866 3.17286203216713 2 53
63.7606685220441 3.16623906232553 0 54
73.8312750287736 3.03965490430711 0 54
67.2716795160893 3.56426002772804 0 54
67.3676180180162 3.2869873630222 0 54
67.4709053971565 4.39591456590063 0 54
68.4969415893561 3.24703441519983 0 55
63.9884313722837 3.15875957998106 0 56
67.360556587137 3.58986150051847 0 56
73.5666713168411 3.83985882562493 0 56
67.7128493748105 2.99956315400837 0 56
67.9545900598652 3.57763394419418 0 57
89.1593878911332 3.0085466643939 0 57
68.1102030454555 3.0815291428116 0 58
67.4094169160272 3.21006463283755 0 58
63.7759570673502 3.07112821917976 0 59
69.313378553708 3.27570392853925 0 59
81.9839184780339 3.67250819119911 0 59
65.889219681883 4.57436516136754 0 61
69.879511503552 3.17956613655882 0 61
63.9619899183365 3.10618064070493 0 62
64.095393193061 3.8931385301279 0 62
69.4390017477225 3.18815853757161 0 62
89.1696825224659 4.07803194161788 0 62
67.3361053098181 3.8682130938067 0 63
68.0926671747801 2.99589042631628 0 63
74.1430531489275 3.19147107273794 0 63
73.8380084861745 3.2131712200268 0 64
67.2952798223142 3.00497699155934 0 64
68.2840331393221 3.03219695720094 0 64
89.178275722803 3.80917235892254 0 64
89.1665276332225 3.09001883658161 0 64
89.2583591228782 3.85389545422464 2 64
89.1886900286763 3.197597442776 2 64
68.6349144268842 3.03162841695579 0 66
67.456215008754 3.03978931713537 0 66
80.5939486554259 3.03263767254449 0 66
89.1635005955166 3.30221574352794 0 66
65.9323025107697 3.02455360995412 0 67
69.8568203507102 3.36017758292829 0 67
64.6168816783493 3.60779370086891 0 68
67.3176789389007 3.634641812284 0 68
68.0664870990227 3.329687872257 0 69
67.2709374935094 3.27927246296562 0 69
64.0850223404736 3.13734213359746 0 70
67.3574783814613 3.16060440470112 0 70
68.0160188464809 3.2650454836783 0 70
89.5044942117386 3.23692548350149 0 70
89.5413564256784 3.3008554172677 2 70
63.7682810323027 2.999757720564 0 71
63.9871215013914 3.0699964162738 0 72
67.3104662459594 3.29124675421265 0 72
63.8143299492766 4.3690580171491 0 73
82.0967619002631 3.13146217259841 0 74
89.7447733029064 4.60711008854403 1 74
90.1496395156525 3.24352838174502 1 74
89.9268491124659 3.31824941189556 2 74
89.8466684149559 3.16375476117531 2 74
90.0993293714167 3.52370919357507 2 74
69.3311960737934 3.51382238515289 0 75
69.2696289151081 3.24279943581294 0 75
63.7657407720038 3.01479972044346 0 76
71.1395809091307 3.44138800685748 0 76
87.2559657466063 3.1155395472906 0 76
89.5750114500795 3.20672060338977 1 76
67.4318116892759 4.0588705157113 0 77
89.8531691233312 3.85682353155834 0 77
67.2795810673858 3.07569175106182 0 78
70.0158329602955 3.2285565861418 0 78
84.7144018883808 3.04728362159132 0 79
69.3184399113034 3.1038120787529 0 79
89.1398559293505 3.48021479501188 0 79
67.271040654088 3.09401079829153 0 80
68.2892501837756 3.4364035957327 0 80
67.4114783967044 3.18410060021358 0 80
67.5861168812555 3.18275896912282 0 82
69.3492789230136 3.47513356268671 0 82
89.1615868794276 3.62425016707069 0 82
89.4073454883696 3.3134855014915 2 82
71.0694332320156 3.39474926453885 0 83
82.0403571709915 3.12603883005571 0 83
82.8326962799023 3.09680084089794 0 83
1.55918290971852 3.03512106674941 0 84
1.60118791154402 3.10695405095562 0 84
67.3042719022393 3.18029423480102 0 84
78.400401209672 4.0069163178332 0 84
89.9246760045337 3.52410551607655 0 84
72.2798548356683 3.90762168098689 0 85
67.6055983480643 3.79023185666291 0 87
69.7496011861011 3.20566541176214 0 87
71.5897447528056 3.05095657796125 0 87
83.7793272775961 3.28198709902729 0 87
78.6532482279686 3.01134062041219 0 88
67.6364184051555 3.02867309592105 0 89
67.2825632509447 3.16458242589874 0 89
70.5391593186968 3.4248021227785 0 89
69.6732563505797 3.21604469844944 0 90
82.0732226825941 3.0769128943509 0 90
89.7731938592547 3.34144652192946 0 90
89.2053073537977 3.29867956867915 0 90
89.8084251559146 3.18932015492759 1 91
68.3850999597848 3.29422630213621 0 92
67.4818738961688 3.71253235882314 0 93
67.3155870252398 3.38168154492763 0 93
67.4998656250783 3.09907532044314 0 93
63.6623982658436 3.42211553285768 0 94
64.1701109776586 3.16988222717996 0 94
68.911706780433 3.03665079376533 0 95
67.2621190728358 3.03468713720368 0 96
78.7141629335626 3.38818934454984 0 96
89.1465913164364 3.27571110840808 0 96
89.2313746170996 3.26800518150357 2 96
67.258605890717 3.00778877070579 0 97
67.3871305716808 4.58356701126934 0 98
72.1574076236367 3.57290514725921 0 98
67.71555482042 4.10924743544397 0 99
71.4087245899057 3.62403310055026 0 99
71.7696100333571 4.44787214648154 0 100
84.5107473345985 3.11306196660444 0 100
67.2687107234861 3.25106089311708 0 101
67.2717944363877 3.09793733645503 0 101
67.230284757378 3.10219436756817 0 102
71.8990271326267 4.03674901357937 0 102
63.7699989920891 3.7474954954603 0 103
68.2812925823166 3.2109161364626 0 103
67.6215650268969 3.21258554245277 0 104
67.2762775756214 3.04627911236731 0 104
67.550623107297 3.32548393920344 0 104
67.883932831165 3.09148674329759 0 104
71.3356404140045 3.28736603942056 0 104
67.3927245877558 3.01195973125349 0 107
72.4464544000937 3.2238701721357 0 108
71.0329852872356 3.09096108561017 0 108
88.4769469120195 3.54679041493697 0 108
67.4252289253689 3.14389230899169 0 109
68.0114286445801 3.32279316268927 0 109
69.8210454179214 3.30883899567927 0 109
89.4880225807235 3.42902717711625 1 109
89.5360089035576 3.22238367062258 2 109
89.4962232639162 3.40567830753662 2 109
89.2861440700267 3.25969678198899 0 111
63.8642092896503 3.14514479808391 0 112
67.2583104879074 3.38619060260762 0 112
68.5900077753678 3.18590449713331 0 112
89.2064118985601 3.27933603296597 0 112
67.2626169713429 3.30464150146645 0 113
67.3062080436897 3.44701519635887 0 113
67.4236587027533 3.70148324636181 0 114
88.493973519744 3.18502093887153 0 114
73.2690294746555 3.15421856415786 0 115
79.0082124704061 3.76039311378667 0 115
88.0464750042955 3.31865637124559 0 115
70.6452637789158 3.00316541915509 0 116
85.0433443592252 3.56572022483131 0 116
67.9783407044669 3.02269321160416 0 116
77.9448181398734 3.01428231893665 0 116
75.7811034501091 3.02858131193504 0 116
84.6309157112737 3.02985895295363 0 117
76.6276180471826 3.16188860779163 0 117
67.2990462901406 3.02448792555457 0 117
67.5318498127423 3.64315616474828 0 117
67.2841047158798 3.94659049733214 0 118
67.3254818841715 3.40245010592692 0 118
78.4413364435515 3.0013783100723 0 118
63.8768804368464 3.11097934137277 0 119
67.2775728774228 3.32628635583998 0 119
86.8041882139142 4.25715310855129 0 120
86.8497437430714 3.1928114692568 2 120
0.0537951767220685 3.0527028824358 0 121
70.1686286485669 4.48124045738944 0 121
72.3988289996437 3.49543369471437 0 122
67.3457740501931 3.6415967098825 0 122
82.0989477704868 3.17761165504237 0 122
0.930304604751661 3.01819202862045 0 126
67.2532012146159 3.15930752615986 0 126
86.1565273729372 3.06792253287152 0 126
67.7177113449377 3.12245842068714 0 126
70.4111917739173 3.11330883690225 0 128
67.2872589012765 4.3665212085201 0 128
67.3324069160788 3.11110321059109 0 128
73.965367387046 3.31921605803487 0 128
71.3788075855449 3.23163817847629 0 129
67.2803243351826 3.03377134648579 0 130
89.2053472332876 3.10558021567553 0 132
63.7830615586374 3.75549349395091 0 133
70.3228719678344 2.99951324821945 0 133
89.2169320814939 3.0492980184947 0 134
68.4666862159146 3.20751680364728 0 135
89.6516173118532 3.09331413366757 1 135
70.306907207091 3.2382701240293 0 136
67.4163603136076 3.4747842839686 0 136
63.8013418740661 3.10189442325184 0 137
67.2690281781968 3.46386220062372 0 137
63.8237249735554 3.06301804787305 0 138
69.3289184714002 3.23800764511216 0 138
78.6006208623785 3.06961367096257 0 139
74.1436690124668 3.25544223795512 0 140
89.1336554042486 3.01104046257126 0 140
90.124762422153 3.01536845953963 1 140
67.3567742245255 3.65820566582033 0 141
69.3655324440125 3.02353850383888 0 141
89.546454124599 3.45481945474493 1 141
67.7830548385553 3.16860051251415 0 142
67.8631955583723 3.1672862908887 0 142
69.3296281346693 3.19735788493083 0 142
68.1182624797424 3.05958609092525 0 143
67.4613576580093 3.34944710756509 0 143
80.5941399079777 3.78762314050755 0 143
14.1745988103988 3.05466111726156 0 144
63.8489472503126 3.23030622833857 0 144
65.7790561036313 3.09182855611258 0 145
63.8123373112821 3.30920227574179 0 146
70.2881080576704 4.30025514371972 0 146
63.7398548524694 3.02033721029166 0 147
67.3071852829007 3.47980891886715 0 147
89.3281191817757 3.42871019782852 1 147
67.2922031746154 4.2082476647401 0 148
64.0430849850799 3.01435421313267 0 149
69.9062302502179 3.48738414051998 0 150
89.4482783208497 2.99930428586807 0 150
63.6579128427884 4.05684071834117 0 151
63.7216061832786 3.63963423500535 0 151
67.2120131393917 3.51718943149676 0 151
89.3470113752216 3.31173258639899 1 151
89.5201229392686 3.33598642958081 2 151
66.8705304503008 3.2881370802907 0 153
89.9578971968491 3.53405946833658 0 153
89.6870115571462 3.46330533342526 1 153
89.9713944313521 2.99102870953031 2 153
89.8232786282381 3.24521742623934 2 153
68.0222039933014 3.1068377350062 0 154
78.0631664769375 3.04097428271905 0 154
63.6951695564001 3.10266390390309 0 155
63.830188680688 3.29612469591539 0 155
67.3773440866764 3.00720735763089 0 155
89.2051536906218 3.08994699613775 0 156
67.8047820949488 3.0053789454524 0 157
76.2572983771594 3.10059283012822 0 157
81.1086907428212 3.65047314546894 0 157
73.4676323120528 3.20411343612982 0 158
90.0848990801994 3.09332199970677 1 158
0.599077843657454 3.16531210893741 0 159
67.255147361196 3.34718325899488 0 159
81.1860661149913 3.48619551266346 0 160
89.2508674346136 3.07876249673547 0 160
67.273363426914 3.25841330408185 0 161
67.2887908669976 3.24905686924663 0 161
84.9109898912934 3.22806329968685 0 161
68.3438954219385 3.12862561900237 0 162
67.2614439925989 3.17047939218038 0 162
67.3939794987375 4.43942039635561 0 163
69.4223823388564 3.05878469736366 0 163
69.6848060898159 3.28916823624262 0 163
89.1342743109361 3.3272142543194 0 164
63.7430893647069 3.45526497673306 0 165
74.9899391424218 3.09428962004457 0 165
68.1251072615516 3.18015993075538 0 165
83.3938515416692 3.01808630700304 0 165
66.8114708707664 3.63626684215548 0 166
68.9442599921899 3.34842114772178 0 166
67.3435259361302 3.1668409102162 0 166
67.8516568599509 3.05720477075582 0 167
69.702096809794 3.33066050525966 0 167
85.2017423574123 3.08257771758832 0 167
85.6170166437313 3.47247221347465 0 167
89.965140074705 3.75957516249313 1 167
67.3948799125381 3.33078257760782 0 168
67.8287515250892 3.25357544642907 0 168
67.4438873340119 3.01969215505679 0 168
63.7988530571734 3.11514482616493 0 169
69.373991921856 3.1339757099259 0 169
67.2773595782749 3.13985876114321 0 169
67.4275207905613 3.13961925146907 0 169
75.9962312000275 3.12896156752513 0 169
90.181220830166 3.08548677297153 1 169
90.1907868774577 3.14860667863428 2 169
78.8913985055679 3.26978059041176 0 170
67.6733125206265 3.35506814308985 0 171
67.3271226218466 3.0818549296142 0 171
87.1257315292233 3.03491747830778 0 171
67.808386595353 2.99785663151323 0 172
67.4940087922405 3.23564524528781 0 172
67.5768575980104 3.54284311324911 0 172
85.3840213861202 3.34149667716748 0 173
68.8507044295721 4.11111990806078 0 173
67.2558891022276 3.14064326296101 0 173
67.2976846684147 3.1633258422693 0 173
70.160103931721 3.41742339225577 0 173
85.0780040009638 3.20999509720403 0 173
63.7988323709197 3.07834774874555 0 174
72.952400602243 3.4172175568555 0 174
74.2734317240219 3.02795249736228 0 174
67.3812239567413 3.44424616196015 0 174
67.3031646180926 3.53227959081047 0 174
89.8425803619709 2.99302358775395 1 174
63.6659038153014 3.45040083050709 0 175
89.4583407956913 3.40766713953908 1 175
75.3332133505289 3.26677059597603 0 176
82.0579097602835 2.99299557429876 0 176
89.7391864596673 3.49492057025761 1 176
67.998466722948 3.28227778299404 0 177
70.9361445022026 2.99894550496078 0 177
63.8639743385272 3.26202792516672 0 178
67.5897164618587 3.50811036057762 0 178
63.6695509064617 3.03908252374231 0 179
0.226987892550338 3.06623419127516 0 180
89.2605120213509 3.19969292739941 1 180
67.2731237355879 3.05318945606002 0 181
63.6551632907602 2.99672729832634 0 182
67.3106759894067 4.82304868426932 0 183
68.1903392102375 3.51905520801751 0 183
72.7022559600343 3.84982903071125 0 183
67.3973849093781 3.12021883864273 0 184
82.3210076929877 3.16696908513655 0 184
89.1461266130443 3.03405528798605 0 184
0.0713643839589163 3.15141113949039 0 185
63.6931050127368 3.36763536301367 0 185
68.2595602391182 3.0246548105623 0 185
67.2565074583966 3.01360604110344 0 185
67.3867747919179 4.39248472658506 0 185
67.262454834331 3.25351777722793 0 185
89.4886063886342 3.05713323189959 0 186
47.5141130696568 3.58806572162848 0 187
69.5768794093883 3.15132025333716 0 187
68.7808721785841 3.20453688307993 0 188
68.0624622031387 3.24800739298413 0 188
67.7044303162055 3.49981445323739 0 189
22.9602287301778 3.10393129009875 0 191
64.2191635835797 3.20834710596161 0 191
74.1156391191262 3.18634948137947 0 191
83.6399754637453 3.17939483128892 0 192
89.1388131771082 3.09775429897748 0 192
68.5026378494413 3.33568643447929 0 193
63.7391390192 3.40028293236453 0 195
63.7770918355706 3.04973069729697 0 195
67.2993341860158 3.55845924778744 0 197
67.2664009959846 3.02512506884309 0 197
77.2979844572071 3.28221421224456 0 197
0.520104610573252 3.09024358714499 0 198
67.2741125938538 3.45564575070074 0 198
69.8093616310221 3.87123240335961 0 198
89.1697404859565 3.08207661970161 0 198
89.1967649483539 3.13792417667466 0 198
67.3034270597093 3.16918500489917 0 199
81.5210212145428 4.20170336198901 0 199
64.9898114583006 3.06058608383689 0 200
89.5281053901046 3.41977947561645 0 200
66.8966506149702 3.66749689452443 0 202
67.8125881481685 3.00435237199551 0 202
82.4646012980748 3.70418840030541 0 202
67.3115127961041 3.60573803993914 0 204
68.2305576977249 3.15084798611251 0 204
67.2554200587982 3.37647304849372 0 205
77.4133736035629 3.45036553165877 0 205
68.4078661360283 3.02447414422018 0 205
67.304835174377 3.28980588187082 0 206
67.302287908063 2.9977197131088 0 206
67.8043415076884 3.07280058151999 0 207
89.1453281151533 3.1128400660155 0 207
63.9848594648576 3.28127190168268 0 208
89.4258080186756 3.18089316985942 0 208
71.7335487529559 3.01498801756867 0 209
82.8271062487651 3.07665600881963 0 212
26.9174585757744 3.21205662140555 0 214
63.7496184197889 3.33150971258098 0 214
67.2710115460963 2.99262042033809 0 214
72.053322883007 3.41380112711296 0 214
67.2690831881084 3.3090069010076 0 214
68.3368458925309 3.03133068641538 0 214
77.8973828159438 3.22427363919148 0 215
89.1717375729081 3.03777425903885 0 215
68.6768999888352 3.17779932087694 0 216
80.3678114222196 3.36836879294016 0 216
67.4232508991829 3.27722143138762 0 217
69.3287911325755 3.04041802349665 0 217
67.514148651389 3.4655006994492 0 217
76.5882632360345 3.39440114434906 0 217
66.6728059007823 3.26310727914603 0 218
67.5557454794071 3.01898648411733 0 218
69.9292195789712 2.99688587115342 0 218
68.2032808497883 3.08343534575033 0 218
67.568388402231 4.11081322040673 0 218
88.4816393480395 3.143376915224 0 218
64.5486850017516 3.01634979422914 0 221
67.3340323593004 3.25616716033297 0 221
83.7611526447453 3.69734823344814 0 221
89.3342626937408 3.229392288004 0 221
89.7058016138148 3.33371913213322 2 221
67.2716964146186 3.18350583982595 0 222
67.4437995117925 3.51233325522078 0 222
2.0904346435963 3.35839739020356 0 223
67.3220083300942 3.12942917609652 0 224
67.612109278617 3.41300846439624 0 224
74.7754960980223 3.24533555974685 0 224
89.1317689597977 3.49401226128395 0 224
63.9564202641993 3.1336397472255 0 225
67.2532393929971 3.05408662634542 0 225
67.3773705504439 3.00369377510878 0 226
67.9689947481657 3.81494890820308 0 227
0.0505403892037605 3.30781923923044 0 228
67.6038889672285 3.01516754046216 0 228
67.95907122067 3.52694461808866 0 228
63.7442523040228 3.43883767040827 0 229
67.3128779170245 3.45913157440161 0 229
89.3787383852914 2.99823923860204 0 229
67.2553507154664 4.9354421193043 0 230
27.5371887587747 3.65890051136088 0 231
67.6844354933051 3.18724246970945 0 231
67.267949486797 2.99139355264019 0 231
67.558546274628 3.12868774679083 0 231
74.888408378857 3.04090983267288 0 231
63.838801739702 3.0338635370061 0 232
67.8056789168884 3.03871173988322 0 232
74.4894514874254 2.99061026113086 0 232
73.4369822309288 3.13300754168055 0 232
87.5316777000634 3.37354505568654 0 233
64.4220591138872 3.08793744105952 0 234
67.3097708003512 3.11099919071365 0 234
73.495131236085 3.32860715256075 0 234
80.5677374837648 3.33959451370518 0 234
16.3017188313773 3.11376844862888 0 235
63.7619534758956 3.31643967126223 0 235
67.4616506884402 3.10385327136577 0 235
71.0556619187863 3.05974267349849 0 235
75.9784295142233 3.12526875833836 0 235
67.8889367883161 3.17852976647203 0 235
75.7642362883015 3.23937422015999 0 235
81.4890088515981 3.25796909420765 0 235
63.9359880849447 3.01263976480945 0 236
78.5889360896688 3.11859395829049 0 236
63.7517571292261 3.34227120311682 0 237
67.2791541902776 3.03954350235866 0 237
70.7493344967771 3.00006141510639 0 237
67.2534389146285 3.05559532099503 0 237
70.1154497083123 3.48074878405951 0 238
67.3163965534839 3.19699888293656 0 238
67.3643378265563 2.99509199220578 0 238
64.1950348817127 3.29491053429697 0 239
65.7931381280758 3.41294355439307 0 239
67.5119726626919 3.00945173926285 0 239
67.3617664528421 3.27412502376168 0 239
89.2266598572036 3.00966264017263 0 239
21.2885185484796 3.02300522449814 0 240
22.6401104104809 3.0335467168285 0 240
67.2669125653489 3.15242823207788 0 240
76.1323040155077 3.28361906946504 0 240
67.2850444506692 2.99675474410708 0 240
89.1408943362664 3.30260406827262 0 240
71.1520863445701 3.22096444346999 0 241
75.2007497240567 3.05260297487814 0 241
63.8076369932924 2.99140119653373 0 242
81.5500325499926 3.09675691712556 0 242
0.106521875608355 3.23024571650084 0 243
65.9969657758707 3.17057396104739 0 243
64.607637297332 3.25674566583321 0 243
63.760210293396 3.68002085678167 0 244
67.5433509228645 3.4082219316084 0 244
89.1539389519035 3.50477196983963 0 244
67.3784759072026 3.01181592872441 0 245
67.4007337653028 3.34399491633406 0 245
88.3938086178589 3.09786244383986 0 245
69.4449176074652 3.43682476410239 0 246
82.5213557842994 3.43555433296925 0 246
86.9589153382856 3.15705320230323 0 246
67.4070052820699 3.16927617205005 0 247
68.2470969125434 3.39114277706469 0 247
67.8516688629858 3.08343926653859 0 247
69.9891139531194 3.53310113940201 0 247
67.749700813007 3.42946477059397 0 248
67.5706308283527 3.09433443394396 0 248
69.3194228663382 3.17371369984634 0 248
67.289324770736 3.04945688836529 0 249
67.9224802327164 3.10175066348975 0 249
67.2598027251153 3.00266856814762 0 249
89.0446192753619 3.44383201844218 0 249
89.5235655293607 3.32598551562835 1 249
89.680439346181 3.09361166208421 2 249
67.2727202393031 3.12862883237337 0 250
73.3701913235922 3.01195487219059 0 250
64.395049765423 3.70824221097584 0 251
67.6323653031003 3.15253136685059 0 251
63.7712920311056 3.18080332256436 0 252
63.9829611096736 3.12555372419224 0 252
67.2746482878193 3.08729601520886 0 252
82.9625676373222 3.10718514217391 0 252
63.8286320878155 3.01823212297114 0 253
67.3947585342154 3.13940066074466 0 253
86.3031806002474 3.33437240880494 0 253
67.6314060791582 3.22998875770565 0 253
65.4453360831829 3.84570282907526 0 254
67.3543294636133 4.35057858959816 0 254
67.2555127515925 3.00999969310315 0 255
73.5912170275064 3.06558136707782 0 255
66.9083099486477 3.39336497830748 0 256
68.1092870882087 3.33314810158073 0 256
67.4692323091957 3.64400342099157 0 256
67.822709671071 3.32340986058632 0 257
68.556923853409 3.30151549120446 0 257
67.5170274431042 4.00791708998617 0 257
0.0434868351324168 4.53308053780385 0 258
68.194082582705 3.91398275287353 0 258
67.3117635448702 3.22705419925339 0 258
66.4321331946035 3.07045050438944 0 259
67.502754773735 3.14315913037253 0 259
83.884881326736 3.09009385868955 0 259
77.3551434064065 3.20102648287516 0 260
86.5008206302822 3.77447786251475 0 261
69.3666868753832 3.16595481119637 0 261
89.286782911872 3.26048527624566 0 261
90.1739862162161 3.14205583253666 0 261
67.5203224949492 3.0481477628336 0 262
89.1541817101393 3.10613702045934 0 262
17.6882879530197 3.13613002079274 0 263
69.1987633054567 3.75065996237567 0 263
67.2970861012696 3.44242666662727 0 263
67.3774560424838 3.15451230516699 0 263
67.8303378317587 2.99838602591123 0 263
84.3983517102772 3.4154033108907 0 264
80.5715118747006 3.46697810258237 0 264
80.712018806172 3.01650462393749 0 264
67.5295723309907 3.23484469252058 0 265
63.8834478072906 3.81385863973702 0 266
67.2777092899815 3.03246282475781 0 266
82.1636536616712 3.37564581928754 0 266
71.987016105271 3.12889540507528 0 267
67.9807784379324 2.99820756271189 0 267
68.7030265145319 3.27086478147196 0 267
74.1563264699806 3.07309363436592 0 267
71.4706229181753 3.43930459458754 0 268
84.5202527810207 3.16317905985106 0 268
67.3057325526991 3.24334667138757 0 270
71.5431055229715 3.21934101575601 0 270
70.2864071273986 3.0805154018968 0 271
0.18943804959126 3.09470864298583 0 272
69.5698659447379 3.36118570040533 0 272
10.3882225350537 3.23757705718841 0 273
65.1725049714708 3.32503204382282 0 273
3.5500884623504 3.08726943222506 0 274
71.4333588622036 3.13506128686217 0 274
68.6901905343659 3.09494785303013 0 274
68.0814911584708 3.77422810271278 0 274
63.9266005920135 3.00383364574218 0 275
67.3246671911015 3.04796262353111 0 275
67.5483296499877 3.25996182473064 0 275
66.579641747318 3.33588640475395 0 277
67.2605896378632 3.10924790556933 0 277
82.8124828507659 3.24165573356049 0 277
63.7807257456655 3.0407542544634 0 278
73.4444468128149 3.95693594683442 0 278
67.9243056316199 3.09389781994377 0 278
82.9313596939168 3.38783598125354 0 278
80.3557908189986 3.28221866411769 0 279
64.6668115485589 3.63718969843121 0 279
89.3321148972309 3.4732398402852 0 279
89.4831573816289 3.56146372450834 1 279
79.3409887481659 3.10294218924761 0 280
67.3511671864186 3.58170423532592 0 280
74.2160641562574 3.48682664663174 0 280
67.3678243376864 3.73540103692963 2 280
67.3453291424979 3.09944465224436 0 281
64.3785267730113 3.6031088471592 0 283
67.4373569265652 3.02232648054034 0 283
81.4722917409883 3.09870450882194 0 283
82.0422707844451 3.16850736323158 0 283
67.3184844588065 3.73504867674389 0 285
70.5420557813721 3.09556885784105 0 286
72.3948636591422 3.18646147311324 0 286
67.7559473751827 4.11992409739519 0 286
70.9695717460803 3.07490402739008 0 286
89.7787997044895 3.1882237366272 1 286
7.59071782294676 3.17981066571447 0 287
66.3396043477258 3.09617822586511 0 287
68.7644597847865 3.17066035784937 0 287
85.3365490558463 3.53453553925452 0 287
67.5418811128062 3.79078465039204 0 288
67.2567029052143 3.25324534020904 0 288
74.8831896020591 3.22013642453676 0 288
75.2907269402401 3.20166368951081 0 289
67.656515058511 3.09666297582454 0 290
71.057421694623 3.77472822218233 0 290
82.8113657148257 3.01935549086508 0 291
67.5220007242744 3.35680252422011 0 292
77.025290355786 3.22443484320386 0 292
77.737994522828 2.99361089248569 0 293
0.581412545540433 3.06988901109419 0 294
79.4640166462356 3.12252521708587 0 294
67.4078616388933 3.01164107628057 0 294
67.2633890967337 3.32243950697905 0 294
67.4585747874974 3.01386289775128 0 294
67.4357733869196 3.23114211078767 0 295
67.2933054408936 3.12671637295754 0 295
81.1257933948258 2.99710061979972 0 295
89.164172222393 3.00868805241463 0 295
89.3927849339661 3.37832617756542 2 295
89.5762798973095 3.1552817377851 3 295
10.4133787421378 3.15436836253834 0 296
64.310087822168 3.28515465851075 0 296
67.3665435648474 4.79231539456732 0 296
0.102495957347593 4.14225118740708 0 297
87.2614116381987 3.0198474385347 0 297
89.1748199128185 3.08044733502252 0 297
67.2900480258086 3.04659449494341 0 298
67.7655269064017 3.08628797742895 0 298
67.2647699251281 3.14477937677024 0 298
89.9377397957454 3.19968159312053 0 298
90.0339509378969 3.36331803375114 2 298
89.8817314077178 3.37888981129023 0 299
89.3158359920237 3.06081099079595 0 299
67.2671238369028 3.21669496122664 0 300
67.2629208476057 3.4388427098853 0 300
84.6507868979416 3.13153549052982 0 300
89.8280511798247 3.0374465344312 0 300
67.7223531212017 3.23678552860927 0 301
72.0767961053183 3.19591531266682 0 302
79.6349886974357 3.03174525900442 0 302
68.1974888339234 3.01210879331252 0 302
68.8195686717088 3.47421937327916 0 302
67.503406149579 3.02647822583646 0 302
63.7451695052504 3.07050545941456 0 303
79.0738286198572 3.14587771585242 0 303
87.3867846737452 4.11914297784994 0 303
68.4430921822861 3.57386432630636 0 304
63.6587157723429 3.98455408417965 0 305
67.988509041891 3.21615041922694 0 305
73.7152405000104 3.15194054209638 0 305
67.3058523826952 3.29490651035 0 306
64.9022074466679 3.2044258703752 0 307
73.8355425937328 3.14219976559434 0 307
67.283957462797 3.3669035021296 0 308
67.3145120447606 3.07233622049489 0 308
84.5037866721684 3.36335367045593 0 308
68.2675490211518 3.42693660518009 0 309
67.2554215144485 3.12549000634623 0 310
67.5617465347428 3.02369948370513 0 311
67.3260883683953 3.63093778091445 0 311
76.4600484684571 3.76731659781693 0 311
67.7610642433401 3.07053000521463 0 312
88.1829341501309 3.38673339554701 0 312
67.3027559348277 3.16497554105324 0 313
89.1720555058699 3.43789489404993 0 313
77.3625273703651 3.02485827376675 0 314
67.284690292009 4.23814772963547 0 315
68.1567503719049 3.40292239081669 0 315
67.402472494595 3.52652082212583 0 316
79.4278652158986 2.99103646308164 0 316
67.6637962250932 3.6863651751975 0 317
67.2811854621174 3.21893262166635 0 317
67.8602396336756 4.31323011804877 0 317
70.9004230283645 3.42667693725453 0 318
75.8170736993457 3.59041524070224 0 318
89.698542316192 3.06131761398582 1 318
64.1024127928455 3.1666175288984 0 319
67.3237185016101 3.05313757571348 0 319
75.0278174675633 3.81160964496228 0 319
83.0548583173354 3.69986769073138 0 319
63.6911368761603 3.26643248415006 0 320
67.2797649493012 3.03191205046548 0 320
77.6636609690303 3.2134454863081 0 320
89.4568013032294 3.03482842189614 0 320
67.3193174986559 3.21568996328582 0 321
78.7624756650374 3.21168647508985 0 321
71.9096624858377 3.19479535873021 0 322
80.5371114539061 3.12621975739995 0 322
82.0643879046013 3.15498651953117 0 322
67.3688793640688 3.25977245533834 0 323
67.4000663443741 3.02263366882874 0 324
69.7237564403162 3.13629107836337 0 324
55.5707242864337 3.01807287096202 0 326
67.2761336807486 3.26429202642051 0 326
68.4291250734959 2.99117203620761 0 326
89.863724117148 3.73499349509889 1 327
89.9708060344953 2.99044201369955 1 327
64.7507753526906 3.49548944159688 0 328
81.651194484658 3.62820080561518 0 328
67.2862717811739 4.14764373927231 0 329
80.6587511865463 3.22556036570169 0 329
82.0401287596887 3.87262781989325 0 329
67.5489197839801 4.04828261143711 0 330
67.4920712072747 3.17273497775332 0 330
67.2557819640733 3.21317341241441 0 330
68.3175752541324 3.54301294969217 0 330
67.6091428271422 3.0336517074675 0 331
67.4407722163271 3.01462910942434 0 332
72.9943847764049 3.2922660355522 0 332
89.7749324834246 3.17051700632915 1 332
67.2544653792641 3.16599333040904 0 333
68.1593325174663 4.09734950951248 0 333
87.6397216123498 3.05565742326524 0 333
89.1634598085026 3.06664583223389 0 333
69.558715365173 3.07872350895505 0 334
69.4191242943001 3.10702408871049 0 334
67.9325851510443 3.03799789151251 0 335
67.285727637787 3.12374132819612 0 335
67.2743788602445 3.1743441402706 0 336
67.2598671962651 3.4409354513354 0 337
67.3080273869484 3.2539117507812 0 338
68.1088868837479 3.02677254799336 0 338
63.7671520672563 3.0223154461832 0 339
68.0672928262695 4.61057555356284 0 339
67.3065619385893 3.38081363846228 0 339
68.1671388578092 3.05924878928597 0 340
89.1436755038772 3.12330022550148 0 340
89.8050839592104 3.34315789184112 2 340
67.2649243821761 3.48072746035198 0 341
67.3069756412807 3.35905823188691 0 342
67.8080355458235 3.97009550848696 0 342
67.840611664498 3.17597919350253 0 343
89.9828117261447 3.38857456642318 1 344
89.9957432762755 4.25255450969078 2 344
90.0219275360358 3.26424640997364 3 344
90.0045945938528 3.08243435606939 3 344
90.129069592311 3.57743953259818 3 344
67.276227373115 2.99883888078664 0 345
67.2858398687256 3.00894003402597 0 345
70.0757232928134 3.15219738500844 0 345
85.7330136694732 3.09916357052028 0 345
63.8634210590709 3.42650051651675 0 346
67.2585533773656 3.56803781166515 0 346
77.5679661065083 4.08384639168928 0 346
71.9857536123035 3.16837385253694 0 346
84.5144389016983 3.39143656731389 0 347
89.8018037287791 3.27600430195137 1 347
82.0428719888901 3.24849985870346 0 348
89.1682393743343 3.82262566468405 0 348
67.2574894275226 3.09758280573176 0 349
3.83734417778612 3.48310231435581 0 351
67.7553382412192 3.41737323409914 0 351
67.7926083189787 3.41397745856963 0 351
67.2556660389942 3.62734485874819 0 351
67.3438062457894 3.0675139695157 0 351
81.2253244263186 3.2954283073872 0 351
67.3516881892474 3.43381184304961 0 353
90.1857354740884 3.57983503591519 1 353
63.8025040101785 4.19352200034001 0 354
67.2705561591629 3.1816231373798 0 354
68.111791497338 3.28938836777598 0 354
67.410078792718 3.12815378652881 0 354
78.6524324348453 4.2434548933176 0 354
89.1436218184266 3.40382257329101 0 354
63.7921979521806 4.93493093197389 0 355
67.3329414182728 3.2406598375878 0 355
67.2594596138825 3.11965816002073 0 355
67.5518593039741 3.549029794348 0 355
63.7492241113087 3.20764629706012 0 356
70.3533464057045 3.00129553463818 0 356
67.2713913499517 3.26764203952773 0 356
67.2899335477096 3.12124585280258 0 356
89.6793823449213 3.16705037616673 1 356
73.8849769999165 3.14843205100935 0 358
83.688478275807 3.06409735211854 0 358
67.2868161910195 3.38962112014973 0 360
68.132593577831 3.30740238413684 0 360
63.8392866878797 3.24918635096393 0 361
67.2764478475823 3.18100331896975 0 361
70.895075850828 3.17784655877872 0 361
68.1123676142914 3.40043820308352 0 361
70.322417433687 3.55181750017146 0 361
78.5603733977958 3.49663592716516 0 361
74.2958338945023 2.9972288734903 0 362
67.770290843243 3.05653859224249 0 362
89.1966157496557 2.99938499538253 0 362
69.4624824394585 3.04953974706567 0 363
89.1627245000249 3.36465401246367 0 363
86.131413751586 3.02496190866854 0 364
78.0991064180093 3.09274329905449 0 365
68.2760559511648 3.12495161590536 0 366
73.9202502154596 3.03688883822379 0 366
87.8617642078012 2.99452366380626 0 366
68.826742153589 3.26215692871088 0 367
67.4478510626471 3.32897094560285 0 369
70.1598298248368 3.06877443883067 0 369
89.1880828326912 3.13886076776163 0 369
66.79250763237 3.56419526752308 0 370
67.3322923275028 3.50180564774087 0 370
63.6899112414567 3.41174372925971 0 372
88.0763288513806 3.57877949421448 0 372
64.028254975182 3.22219000492009 0 373
89.9201091083039 3.78573704064073 1 373
64.5006084195671 3.3869848928385 0 374
67.45586452217 3.24868922338096 0 374
9.00295902152208 4.11569934512465 0 376
0.510221615306007 3.50378910270263 0 376
68.6304634083534 3.18350817657516 0 376
85.9808357195661 3.24922291887908 0 376
67.2716901465898 3.49793755494544 0 377
67.3704783556338 3.03286556180226 0 377
89.181770432324 3.37383388612915 0 377
89.4146094103437 3.17471227188616 2 377
89.9287613804727 4.15375270760295 3 377
90.0140505878088 3.02826800461615 4 377
89.9539615323535 3.04250608590106 4 377
90.0679216707718 3.64358460633698 4 377
67.5002510889986 2.99391661395798 0 378
67.351720159283 3.26555034762588 0 378
89.9486386484739 3.51682024754121 1 379
68.2714736142962 3.15826081808615 0 380
67.4335853355689 4.25911078564262 0 380
65.9983228566975 3.12198229553893 0 381
69.1333678866636 3.50753572338199 0 381
70.9574916803615 3.18003073095702 0 381
69.3901182003924 3.42565174273466 0 381
89.1435458530135 3.16305229931081 0 381
89.4577921195694 3.44073506047293 1 381
75.6829941066036 3.06556379742191 0 382
0.590957476290234 3.30478893146688 0 383
78.5968199996477 3.27498142189624 0 383
90.1352973766432 4.09750919252534 1 383
68.8580030506021 3.30232442639641 0 384
82.8951127206951 3.0244134469825 0 384
65.8282250751626 3.19006099092211 0 385
64.3049556291413 2.99733922164694 0 385
67.5104640987664 3.27442267897521 0 385
67.2705798629229 3.26723436624878 0 387
67.5390764878857 3.09935652870288 0 387
88.5878835202135 3.04308034088267 0 387
63.8040922287904 3.15396003541137 0 388
70.065591082933 3.90059698244628 0 388
84.4892738022719 3.09841440245306 0 388
68.7899110939745 3.51261509887942 0 389
67.4090331992637 3.17282985099102 0 389
63.656802417452 3.1374081460824 0 390
71.5951402208028 3.61093948249884 0 390
68.1071622972403 3.20892319189666 0 390
67.2550860970914 3.3965137870981 0 390
67.3266112908134 3.13723770805482 0 391
11.477069157984 3.5707176997541 0 393
63.6509437284376 3.0834437136119 0 393
88.1160899863875 3.35858603557269 0 393
72.6192513165593 3.0452089052514 0 394
71.9334479321703 4.16494252066325 0 394
0.200593349230774 3.11937521219958 0 395
63.7861547101272 3.79366821648582 0 395
67.2809240811484 3.29225708701553 0 395
63.7609694267166 3.09736030194462 0 396
82.8318103280985 3.05696044712504 0 396
89.1767450372632 3.43437621054942 0 396
89.3511577264109 3.41024091109911 2 396
71.6811181478717 3.4184949285549 0 397
90.1308422325164 3.06238499333748 0 397
69.8887839211893 3.69015627227672 0 398
67.6904101150385 3.30493264139165 0 398
63.8861935476927 2.99497462701129 0 399
69.546417099457 3.37424850433857 0 399
90.2354359974766 3.11318802275705 0 399
63.7423419104887 3.03879889054339 0 400
67.5845073070671 3.70433620609423 0 400
69.9273072095235 3.22241743554264 0 400
68.1588364044825 3.87068092273823 0 400
68.5419200941508 3.21127062764928 0 400
67.6776995526153 3.01277619393152 0 400
76.2194798752965 3.15141431196146 0 401
67.5715246909181 3.57101832247603 0 401
67.4050288135378 3.51797566939784 0 402
67.8062987306943 3.03949720545818 0 402
67.2759757637447 2.99426053178015 0 403
68.4166160004276 3.10461496234405 0 403
65.0429508150596 3.25009525380587 0 404
67.2545420822532 3.02819170134733 0 404
81.0351822981108 3.08508683030103 0 404
0.0466204594365254 3.61749053724001 0 405
67.2694447182487 3.28873020588833 0 405
67.2746792840794 3.15136346092976 0 405
67.8764539095844 3.17045212753111 0 406
63.8532388546947 3.04511605132199 0 406
89.3270549693824 3.0664660897596 0 406
0.19838301668781 3.17798537404251 0 407
67.2800122248347 3.09426105144501 0 407
65.1752966541879 3.35207155171194 0 408
67.3136732839537 3.13334576938965 0 408
68.3026531938916 3.14361168125681 0 408
69.9085935674502 3.21166267178632 0 409
77.2806534851068 3.60971595358511 0 409
89.3018753274933 3.47163684274702 0 410
64.107100727725 3.19312874650808 0 411
64.1392892505511 3.36108353998567 0 411
1.97674259634521 3.96997871930747 0 413
63.7803608839235 3.00208753436116 0 414
89.1412963409472 3.3473699801926 0 414
63.8877648945514 3.61126460299293 0 415
86.4777259836639 3.25042738141121 0 416
83.381005889722 3.00122287779488 0 416
89.6386967607993 2.99095676801286 0 416
89.7198327805188 3.27540177499403 1 416
89.7375440276746 3.03156483268927 2 416
90.2172206560695 3.72853727614899 2 416
67.25748114926 3.61843612478672 0 418
69.2480986493215 3.19744951364497 0 418
69.3903013919361 3.0282111677285 0 418
89.1749760884152 3.18031535779594 0 418
80.9879163047847 3.1896292014471 0 419
80.5875382811202 3.64310740597511 0 420
88.1034469137091 4.16613437000774 0 420
5.42389016865744 3.73648854915637 0 421
75.8021120002403 3.66385289274996 0 421
68.2806215257068 3.50861316128826 0 421
64.9076758948801 2.99189464386173 0 423
75.5969765266505 3.3687690223646 0 423
73.6311136636922 3.00174304829561 0 424
63.7060971136998 3.35818243567401 0 425
76.3712572732774 3.45753709647322 0 425
67.8960407458278 3.02936059674345 0 426
68.4694111819028 3.39431272897385 0 426
67.253416844787 3.25018156557412 0 426
63.747521287629 3.15015783376294 0 427
67.6071834661545 3.49476463913145 0 428
63.7683897201178 3.87048707889382 0 429
67.4462658941819 3.26847049547612 0 429
69.1611450889421 3.56904504782448 0 429
86.31753858813 5.02390518606537 0 429
88.5768091228719 3.04911809062351 0 429
86.4266265626107 3.00514311222084 2 429
67.2638366422301 3.11801071668495 0 430
69.73233464104 3.3991972864992 0 430
90.0634834638138 3.03157959268226 1 430
67.3848285698713 3.0120261678794 0 431
67.3054246328748 3.57317180933504 0 432
67.287885424466 3.67596743680383 0 432
67.3101709191358 3.51942956860742 0 432
67.3259572232736 3.28253878118728 0 433
10.4340059496771 3.03258347711106 0 434
67.2903863544615 3.73701442912306 0 434
89.9097654891473 4.28650343499905 1 434
89.3877423649926 3.24404408864276 1 434
89.9392655264931 3.04783310759292 2 434
87.2788018671021 3.14785333460303 0 435
68.6743038603627 3.29986476138996 0 435
69.1255914495751 3.16828492806544 0 435
63.763103155949 3.16475513038825 0 436
67.3066664146381 3.16598753640409 0 436
70.1966283258621 2.99130885626232 0 436
67.2557163434617 3.96542778252512 0 437
67.3881486861504 3.41159126978001 0 437
89.874607383487 3.46509531405682 1 437
77.2790380649182 3.01559706790614 0 438
89.3096446644204 3.39948919716082 0 438
67.2572167392625 3.01801031766388 0 439
68.1554418762335 4.68107474575446 0 439
86.3295443657178 3.005796453878 0 440
84.6122337754957 3.01603047516258 0 440
89.5582360926371 3.2422677040318 0 440
84.3944101687291 3.49747477559515 0 441
68.3189240318028 3.07481358007793 0 441
89.1869936737539 3.49381018205671 0 441
63.7685290120958 3.16284814292832 0 442
68.1113820745942 3.18721360005706 0 442
69.7729322151233 3.33496396147108 0 442
67.2666544058203 3.20962347591575 0 443
67.4596888515222 3.10862127648632 0 444
68.5651103598952 3.10274906890023 0 445
67.9789675968131 3.0455738964747 0 445
67.2914428234103 3.29481148042817 0 445
67.5713103522842 3.83308474691014 0 446
67.2883910306605 4.14131014561767 0 446
69.0148306678403 3.01176370017184 0 447
63.8556048910497 3.1688992970903 0 448
67.2532743245451 3.90633274215246 0 448
67.2673365856229 3.56184979983111 0 448
67.5683565127392 3.2024692734236 0 448
85.9729482146214 2.99739333459723 0 448
67.3045152497992 3.39849828007267 0 449
67.2735524525344 3.1042062872769 0 449
67.4512145301915 3.53592232432 0 449
65.8796430848686 3.29075085221585 0 450
79.2634379251768 2.99262359754857 0 450
63.7801615026909 3.95854381449028 0 450
68.7888627693027 3.38302333492218 0 450
80.65478977173 3.029942564997 0 451
67.2855491836992 3.50719479823207 0 452
74.1765707350832 3.31297486325219 0 452
69.6668789212857 3.34850138035271 0 453
67.4170642754292 3.846492443687 0 453
88.282642519252 3.20826026617457 0 453
89.4838138715677 3.28248826856462 0 453
16.9673315487881 3.16403025187926 0 454
64.1041593490983 3.19698043191877 0 454
71.2888190783965 3.52559297302929 0 454
63.9949328511535 2.99371997014956 0 455
67.2640776297738 3.04702430732072 0 455
67.2585055271472 3.02486112358283 0 456
88.2346082331683 4.45393936416589 0 457
67.2770732216132 3.02700644461676 0 458
67.280866728477 3.03225336789616 0 458
70.5675366600048 3.2618230005248 0 458
63.7673759915092 2.99281523123538 0 459
67.2528953514158 3.13101703141772 0 459
20.1248410278029 3.51406748608167 0 460
63.7537792199092 3.35740961608744 0 460
66.7304401245567 3.1199046758525 0 461
71.2762607461431 2.99113559001147 0 461
89.9434103076714 3.15463143302332 0 461
64.2901967669127 3.05593132370335 0 462
73.0665466384733 3.30648841435505 0 462
0.676895317922323 3.85688869998846 0 463
63.8004192520985 3.35588829631433 0 463
70.4649381232897 2.99863687758979 0 463
67.3558905840466 5.13075255974343 0 464
67.7752501602459 3.17039011203098 0 464
78.6207432540463 3.53199574368077 0 464
67.2700655084327 3.12086333294466 0 466
67.5393704997987 3.25744335320557 0 466
67.3036032137782 4.54227148716977 0 466
67.2545606453198 3.03378543874547 0 467
73.9154413060949 3.13742166497315 0 467
89.3301004326752 3.20631697669614 0 467
0.202335424792213 3.27354658244524 0 468
64.388370947312 3.13095395206502 0 468
67.3446810445637 3.03273710542981 0 468
70.1869544171446 3.56460720206912 0 468
73.2615008006996 3.05229539575715 0 468
67.2818744641591 3.52806240704016 0 469
86.7210108848817 3.38001349014989 0 469
37.3916211201692 3.31555788391862 0 470
69.6712974952055 3.25874380976796 0 470
88.3548780216555 3.07878673130601 0 470
67.28930597167 3.56067311617985 0 471
67.4666770088072 3.07212227757654 0 471
79.7576111489729 3.31675976175761 0 472
67.332686377223 3.81046676085779 0 472
88.4693593837396 3.00725069469508 0 472
89.1848314045284 2.99853757251792 0 472
65.1444416473656 3.11030937722755 0 473
67.3138487641474 3.26804011216264 0 473
68.5252821120715 3.08768768806545 0 473
66.9879478232089 3.12197846957791 0 475
89.886122598832 3.40305398518067 0 476
88.665076070604 3.04800789556115 0 476
67.3560927533695 3.22209566705485 0 477
87.1863423725479 2.99079498285322 0 477
89.3655556061151 3.52120031351415 0 477
89.9042287899453 3.12611329988681 1 477
67.4522046271486 2.99163075242863 0 478
67.8111789683738 3.07749638811877 0 478
86.1120062620097 3.44403230186985 0 478
89.4392461329505 3.12210526177774 1 478
79.1142274499875 3.24535856989953 0 479
67.2601732768467 3.26132021535397 0 480
68.4318974687364 3.06964936317852 0 480
69.3612437595979 3.10243969502982 0 480
67.3266707249615 3.16114491269787 0 480
67.3243868533904 3.08641288822581 0 481
73.6392435935181 3.31641950697525 0 482
74.1767262142233 3.09667129873154 0 482
69.5626988020577 3.28952893452352 0 483
67.2848720339179 3.51384285822495 0 483
67.2981620979162 3.45665415367961 0 486
90.2239558772834 3.84498163428643 0 486
89.5055656678152 3.12632257815211 0 486
67.2537897315418 3.09050059589842 0 487
67.3997156014877 3.39427221545847 0 488
67.2811228823245 3.09786969316213 0 488
68.074241887347 3.13990626550045 0 488
67.3983991514064 3.19572370362477 0 488
73.6397700340293 4.07474181569974 0 488
78.6914084181446 3.22491540825016 0 488
90.0454435809322 3.06434601379078 1 488
63.952098616595 3.11251555932328 0 489
67.3035320546451 3.98720404563996 0 489
87.7827368823007 3.14522912858464 0 489
89.3379043273677 3.21314955382024 0 489
89.3841125711251 3.04565043119611 2 489
64.3095888644891 3.09576687075142 0 490
76.6096658581741 3.11421430783053 0 490
67.8615035223816 3.15636526382232 0 490
82.2281837017688 3.03794466919389 0 491
84.5198097444003 3.77109267304594 0 491
89.1593457806351 3.29851168053485 0 491
67.6356971048111 3.15790903068766 0 492
78.7059155414231 3.37479692946208 0 492
70.0584990746557 3.2525538135952 0 492
63.810181347831 3.17017784670762 0 493
67.3108940485944 3.18435803253904 0 493
67.2859461468436 3.32943120279094 0 494
63.795594850574 3.02097708892289 0 495
90.1043629913863 3.6511343433963 1 495
64.085693055714 3.24881877695072 0 496
88.1812942675222 3.54871778432156 0 496
75.4806700667497 4.12628380712607 0 497
89.2463186558817 3.54055198407149 0 497
65.1997572274068 3.32143875340071 0 498
89.1711434198374 3.07745213136728 0 498
89.54963439974 3.10222619831567 2 498
64.6488883983265 3.64722761986167 0 500
88.2288110959962 3.3262930516126 0 500
88.2364821736995 3.10042686007159 2 500
76.4428080864296 3.00098608129937 0 501
67.9087294340049 3.43353703037558 0 501
85.9052126441423 3.48439279927627 0 501
71.0818535072631 3.06418151394027 0 503
69.007154807071 3.00610635732674 0 503
67.2972052653274 3.04148678089445 0 503
89.2226324017536 3.13626903204444 0 503
89.1359231166757 3.24424550335449 0 503
64.1706136267326 2.99632778703428 0 504
67.2909705093076 3.10583611885088 0 504
69.8321265208698 3.17697692906308 0 504
27.4980684069124 4.72660802922209 0 505
68.4664059563614 3.45566297107756 0 505
71.4517221905477 3.33435300648512 0 505
67.3027637986493 2.99939820565998 0 506
67.2667705433686 2.99839940247558 0 506
67.0228551705418 3.19858210565927 0 507
67.26306060587 3.38084933985776 0 507
73.0067856590715 3.16803438495411 0 508
66.4615729487367 3.37431227986003 0 508
67.2642953221899 3.19655762467382 0 508
67.3057329296892 3.31159092786645 0 509
67.2579908988278 3.40686689953709 0 509
82.0214375624643 3.31095147388414 0 509
89.3775793236953 3.95947943760273 1 509
89.3917005197797 4.1132440212703 2 509
67.3678972026956 3.20247626988644 0 510
68.0524198307734 3.58663363034967 0 510
89.1607852776225 3.26524652954554 0 510
0.0979079181166537 3.23904886305224 0 511
67.2844305448865 3.10211895825058 0 511
72.6477341963302 3.60989943975002 0 512
67.4909369251116 3.54917022114049 0 512
63.8956521776755 3.64205242172527 0 513
89.1414068813361 3.28210138614994 0 513
67.30854391305 3.67812629859201 0 515
0.0718323032680791 3.16844411528029 0 519
71.3800205334811 3.01270794968498 0 519
76.0438067309737 3.14970844959344 0 519
89.4080722109846 3.09834967256106 0 519
67.4733547037537 3.19290915873431 0 520
68.9091513776921 2.99797072502114 0 520
65.2027365788757 3.24232885366531 0 521
66.3801671988413 4.55371482888466 0 521
67.5542958588074 3.7002848021312 0 521
67.2700748989321 3.4634939340384 0 521
1.48708577489993 3.04180399849812 0 523
67.2999582974124 3.40756908059889 0 523
67.2618343998861 2.99775031045665 0 525
68.5069565193439 3.03858685082111 0 525
67.3794917746318 3.56185534889094 0 525
63.668045384732 3.42168317123812 0 527
88.4564279891799 3.22497403783443 0 527
73.5833047968089 3.18759149645464 0 528
88.4760246302353 3.41119400029849 0 528
67.2855767779997 3.54887698033631 0 531
87.8915714582227 3.05529763246304 0 531
63.7575965881781 3.04953106688914 0 532
63.7510845736978 3.23166956242854 0 532
75.0866560104379 3.41472863749751 0 532
89.1900718540808 3.00189829312196 0 532
86.4300492251357 4.05371588872376 0 533
73.518772882482 3.41742037535591 0 533
73.5942219077655 3.18057923231447 0 534
67.5055316310412 3.02268522576289 0 534
89.1427642869119 3.94495604654099 0 534
89.1559270167501 3.15599469578292 0 534
63.8461799954818 3.09162749910516 0 535
67.6070912544612 3.3277145029697 0 535
71.2180274233719 3.08294388737068 0 536
67.6605942829155 3.55745923257449 0 536
89.1704984670137 3.06335520018716 0 536
65.7735139266829 3.47272940551991 0 537
89.1507602296902 3.80811261918331 0 537
89.1641918227571 3.05936398591453 2 537
78.5624282767596 3.2007692667134 0 538
87.9716501738348 3.1118853358142 0 538
63.8474750175611 3.17999842349813 0 539
64.8103798290228 3.14404036173139 0 539
67.2658580602105 3.04975705747086 0 540
79.616329207713 3.78782139129224 0 542
89.5992436063755 3.01278816352953 0 542
89.5636119779472 3.0441316349203 1 542
69.6860512242871 2.99567701555888 0 543
85.9942319234661 3.02393557866704 0 543
67.5967974602504 3.20863070166791 0 544
68.2294292155084 3.42322998893511 0 545
78.7016640247072 3.06469912735329 0 545
89.7863267098826 3.18247315300488 1 545
72.3519174984222 3.06132154810443 0 546
67.478384447555 3.39702559243443 0 547
89.284585180121 3.2225475478473 0 547
67.2568418983283 3.30090427384607 0 548
89.1728605532718 3.03674706962252 0 548
89.1742522718915 3.03378066299724 2 548
67.7510738344192 3.90515246707267 0 549
16.1479472169947 3.5632544027229 0 550
90.1840484041661 3.00915473210322 0 550
67.9298154469555 3.0685650296856 0 550
89.4683408687286 3.19161034577795 0 550
89.3091165430185 3.04593096624441 1 550
89.8580797072307 3.14620134607433 1 550
67.3036471789739 3.28756842556957 0 551
80.677752123852 3.36992206603395 0 551
68.9178738393141 3.28819517669575 0 553
81.4494306337962 3.12962518142637 0 554
89.1525516270488 3.48170463231015 0 555
67.5180506857735 3.15188863599803 0 556
65.9836018631085 3.16586968538291 0 557
67.6284088426074 3.96322532929568 0 557
69.758462634788 2.99211664942715 0 557
79.8340133573006 3.1649320727162 0 557
0.106600378378601 3.43393962623954 0 558
68.6780764435582 3.23172163250671 0 558
67.277879907349 3.77598634821369 0 558
78.0570197095196 3.48552600650898 0 558
85.1581112665783 3.22661627576421 0 558
89.1605682101096 4.151674559853 0 558
89.3478482198912 3.16395326882333 2 558
89.7195511391953 3.11123732857391 3 558
64.7040423450183 3.22663143291508 0 559
87.5902895987257 3.1087893048811 0 559
89.1720667910709 3.02931603242052 0 559
89.1341457402801 3.09103885424767 0 559
69.7466255367058 3.39211385042544 0 561
85.9267450042864 3.1383411803809 0 561
83.4875823462577 2.99932394237401 0 561
89.2954149924099 3.01210450548528 0 561
89.4331534648464 3.58337502646031 2 561
2.96908387702809 3.10102202339925 0 563
75.3013532408365 3.41694387695798 0 563
67.2983294373201 3.13504393333089 0 563
70.6720392938757 3.42391330251379 0 563
67.2997610560659 3.11629121903932 0 564
70.2789377061093 3.0941208575507 0 564
68.2886953392557 3.19829730870694 0 564
69.3667374370192 3.21607029111805 0 565
71.2815883495679 3.28489325612043 0 566
67.2737197308448 3.41329370261334 0 568
67.2620966050345 3.22241128912426 0 569
70.8818706097544 3.20782331543164 0 569
78.7724826071506 3.03832819925029 0 569
85.3864905914056 3.09735971578512 0 569
89.1471231989023 3.05002452436638 0 569
77.5961513650557 3.24660937648512 0 570
69.3154331474239 3.27020435153391 0 570
65.0225217405329 3.01400070218093 0 571
66.0888585136148 3.53003663384549 0 571
67.3164002471635 3.16782991243032 0 571
67.3326093139262 3.403094574269 0 571
67.3553455209913 3.23989655182082 0 572
68.1381906580867 3.10719145697127 0 572
74.3306915558532 3.13276768163036 0 572
65.5442799083171 2.99278170603547 0 573
67.6133886872444 4.11618097420393 0 573
67.5443680041003 3.31087342162622 0 574
63.9007443688458 3.29304007365366 0 575
63.7800107714639 3.24408348607364 0 575
67.4027800290221 3.49345534504394 0 575
90.1157213764833 3.59028154095904 0 575
89.292775188201 3.07627704084395 0 575
67.275282229003 3.67027202572907 0 576
67.3779627022386 3.24624711067661 0 576
67.4495887279406 3.61443454008033 0 576
6.13605014531093 3.26067690937322 0 577
79.6500414551954 3.08732904871721 0 577
67.4874736038931 3.13171410948839 0 577
89.8941349172771 4.15959827797496 1 577
90.0392846856363 3.09482800854572 2 577
90.0976540263932 3.31030880086878 2 577
90.1585914191933 4.14309574486106 3 577
72.0889015502487 3.65380096051905 0 578
70.387875982645 3.73418892511822 0 579
71.994864684114 3.6062508674707 0 580
67.3467515276251 3.61142624374901 0 580
70.7244562705051 3.22140765898293 0 581
64.0450624133945 2.99279978319763 0 582
67.261821508799 3.18913449318948 0 582
68.1652872151502 3.54494907391742 0 582
68.4348226902975 3.07651542998773 0 583
78.6299980667369 3.13801582948388 0 583
73.3235109153386 3.09743776928599 0 583
68.116824200757 3.79289905183798 0 584
67.7348189313528 3.03580565765548 0 584
67.5862555710365 3.98967875666601 0 584
89.9651467930332 4.3265495146082 1 584
90.0846676725314 3.39088940050593 2 584
67.743177621254 3.08029954980191 0 585
70.1693551158631 3.06578911823365 0 585
80.1839345982151 3.3156097390165 0 586
0.0768396019100941 3.03268022298363 0 587
67.5784247364645 3.53662766872052 0 587
67.5763928728712 3.08423947944099 0 588
67.4399831114741 3.22672413124232 0 588
83.7393295385079 3.15103237116695 0 588
88.8633099634566 3.24904713427493 0 588
69.1011177502848 3.40722212803746 0 589
71.6682199552718 3.03594024810821 0 590
67.253381744278 4.26130803903544 0 591
82.822593773694 3.14000978836803 0 591
68.2996166260424 3.46145629175916 0 592
67.2885515974064 3.11571632495847 0 592
10.6155043784592 3.02745550135211 0 593
71.3747391048814 3.09043134039202 0 593
67.2766085760096 3.01378711023337 0 594
67.3279299965841 3.19787143290704 0 594
67.2977195474166 3.0624101026308 0 594
71.3852863426192 3.76155631308572 0 594
67.4876699851989 4.97270052270121 0 594
89.4262692222644 3.46871753587601 1 594
63.6509591413448 3.62612905521987 0 595
76.9412666177202 3.0616773762643 0 595
67.3039125740826 3.97057055298106 0 596
0.277835467733256 3.04268086416839 0 597
72.5275105407712 4.19947428970058 0 597
81.2483965694984 3.06438099392314 0 597
67.5690443237688 3.05414844257455 0 598
71.2397990206996 3.00889548267765 0 599
64.2271421398732 3.18254637087515 0 599
71.2660217219057 4.23869057044292 0 599
67.3142406939001 3.01410157806578 0 599
83.9886831709455 3.10755089277036 0 600
66.2129417610521 3.41023026833197 0 600
69.1585050991228 3.22670042073363 0 600
63.73867050306 3.03703481949261 0 601
64.2475094907077 3.55900367746974 0 601
67.3247533427512 3.16292405561798 0 601
67.6032237145339 3.04752566465964 0 601
83.2071515468454 3.09166356345488 0 601
89.1322234863992 3.05248115626101 0 601
63.9428675865017 3.1328577801256 0 602
89.7970112385035 4.27615500859131 1 602
89.803151198133 3.84972323744323 2 602
89.8161246832566 3.67856781084465 2 602
89.8985087004217 3.55376132710524 2 602
89.8039082595846 3.08248468843036 2 602
89.861301557714 3.01249266215992 2 602
67.2529504978528 4.08100901767099 0 604
63.7452558695318 3.52573327190009 0 605
67.8625610416898 3.34503865098303 0 605
75.6952755576035 3.06547216960969 0 605
89.91622325194 3.02642209795667 1 606
64.3304980717915 3.02556303700582 0 607
70.7961980080558 4.00103627864809 0 607
87.4516115208589 3.20666845522444 0 607
67.7901974260133 3.53531623768199 0 608
71.2907331868132 3.07380538686029 0 608
68.1802480669233 3.16155183759197 0 610
66.0480963037934 3.18370538542325 0 611
88.5339736936266 3.68711372950531 0 611
68.4006461712624 3.77647803364886 0 612
65.8782934527913 3.61738698649989 0 613
67.2677967733671 4.19510401795407 0 613
67.310631493704 3.24794093201363 0 613
69.3070662279501 2.99380401275783 0 613
67.638436099156 3.12300550069637 0 613
83.7050039640756 3.30280618130981 0 614
67.3279465761898 3.1025427455 0 614
0.0339185918229625 3.12282744452705 0 615
80.4137798153669 3.62095560214705 0 615
68.1495404771799 3.15617257577958 0 616
1.51537558720265 3.36483029024353 0 617
67.2724937077206 3.17922422043364 0 617
67.6071278783347 3.01690021167248 0 617
68.0825957883983 3.03805291524572 0 618
89.8293288368538 3.36629401776797 1 618
89.1652624601957 4.40307472582177 0 621
89.3622180870412 3.23377092562043 2 621
63.7948525361223 3.18692375590216 0 622
68.465760665208 3.124795799299 0 622
67.2991350750498 3.18834692448303 0 622
88.3481889918271 3.15449015240277 0 622
75.142010353708 3.56116037004693 0 622
71.6957001477955 3.95494361307115 0 622
79.467767961378 3.36884533617653 0 622
89.5525108701799 3.25391043107686 0 622
70.9183760456709 3.15041782596944 0 623
67.3756515294917 3.79005769969905 0 623
67.2946747558808 3.40636792909602 0 623
63.7497170494851 3.59733683121732 0 624
68.2098094720779 3.21001837880626 0 624
67.5304510631036 5.07304485813965 0 624
69.950502194665 3.14436060513631 0 624
70.1646304229038 3.23214113458305 0 624
90.1194767369695 3.11567775662953 1 624
67.4167548206915 3.03877023837651 0 625
63.8181647348018 3.06025509188909 0 626
72.9344344028688 3.38957215895099 0 626
87.4158184026106 3.33898398684984 0 626
63.7637228920176 3.05321448848212 0 627
69.7012634011648 3.39192644665337 0 627
69.2923377080172 3.356788470433 0 627
89.1338770039296 3.35533400869248 0 627
66.5351877082817 3.32181778454406 0 629
67.3111510038481 3.33878539103975 0 629
70.0027076772732 3.41041536080368 0 629
63.7236088089566 3.10921946519679 0 630
69.6413885058086 3.08630217216103 0 630
65.087789415977 2.99432683108137 0 632
68.1752919247512 3.04093104361835 0 632
67.2668317282134 3.01777753707117 0 632
71.4820690500276 3.90930217011012 0 632
69.3061494028107 2.99651451535162 0 632
72.0090920705581 3.80253640907051 0 633
67.3332575454387 3.05309322670993 0 634
67.5214037810543 3.16901783795692 0 634
77.3748819321084 3.02095273163412 0 635
83.4110107695958 2.99428917466934 0 635
89.1358239392146 4.02750183438679 0 635
89.5789669104658 3.07340750705072 1 635
63.7870496549427 3.02570323840224 0 636
68.5898475934779 3.40369701687492 0 636
67.6596431922689 3.75184604272876 0 636
0.0520203190404862 3.05030378686601 0 637
67.2582704040429 3.00920439474776 0 637
67.2767908159328 4.31470858923976 0 637
67.8814528309271 3.63268023781119 0 637
89.1931352157425 3.63006123789917 0 637
45.7845186198917 3.09152438153187 0 638
0.548008524776001 4.18606881787979 0 639
76.8640845671789 3.37898739851792 0 639
87.9174968714592 3.0509684845504 0 639
88.0954577265986 3.33670748242807 0 640
63.6602032716998 3.6218644027839 0 641
74.7973531038945 3.09137803492509 0 641
66.30640739584 4.0444846332364 0 642
75.7649498899501 3.50287139745763 0 642
79.9121059170383 3.4677720822387 0 642
69.5665271919018 3.02152679423459 0 643
67.3320258602612 4.00519259734486 0 644
70.2440864421643 3.04618040922936 0 644
73.1305710561958 3.07827097533962 0 644
4.6486249215826 3.07678923760693 0 645
78.4388974933256 3.04085450500831 0 645
67.3173488569172 4.04455887114977 0 646
67.2567207608559 3.00367023909721 0 646
70.0739187671085 3.4867075575546 0 646
68.9888889806865 3.29336411226892 0 647
67.2813762867967 3.24376690239731 0 647
89.653530796272 4.19874578382243 1 647
89.848561061415 3.38659979456957 2 647
64.6350030854957 3.20781726875602 0 648
69.4849688030097 3.33833505360377 0 648
9.36249385889188 3.26714824046035 0 649
73.3800726868658 3.55572458683814 0 649
68.4481067423928 3.02088927109627 0 650
67.3371261573736 3.09348448981801 0 650
67.2700673296341 3.18435678433384 0 650
68.0036834798186 3.18016266503518 0 650
89.1441390253309 3.2536335237206 0 650
63.8094967501453 4.18836785190047 0 651
84.5544079389358 3.05812765214607 0 651
89.2466674555156 3.28770286787367 0 651
67.3437718402171 3.09401524515125 0 653
78.9681905268886 3.11543501025629 0 653
89.1833667568703 3.50232579605653 0 653
89.5805475842545 3.20737687242139 2 653
89.3056736384483 3.0067330695747 2 653
64.5233061162884 3.29990409858075 0 654
67.3765350981657 3.14744843849683 0 654
67.5274946362574 3.1829492983001 0 654
69.9770018597055 4.08684142250773 0 655
67.8112298031908 3.27530014156976 0 655
64.7782309349399 3.02867036843223 0 656
67.4999859625878 3.3904834999278 0 656
67.376057067222 3.60894364539912 0 656
68.1506708065499 3.10945457388722 0 656
0.0381082554761251 3.0278976635369 0 657
64.6579725424001 3.40026929632861 0 657
72.0598950662134 3.20793533291126 0 657
69.2426999811496 3.10622318802019 0 657
67.3570245717991 3.11420977615147 0 657
67.3183548133433 3.01292086612809 0 657
90.1561819177393 3.19169569332355 1 657
0.0900622169008286 3.16791878691303 0 658
67.2817786553633 3.10322064961202 0 658
67.3329257848606 3.34686629818786 0 658
67.6443217407275 3.05476776779278 0 658
77.2461250305776 4.63692720742206 0 659
71.989498395455 3.69996562598902 0 659
86.0155174036261 3.16861934465867 0 659
0.619220845450646 3.87190933451353 0 660
63.8618771123598 3.18157497256448 0 660
66.5329516038058 3.80262011056627 0 660
69.5371608591991 3.16531512689763 0 660
68.1645469862059 3.03864425748462 0 660
87.1389651192944 3.3767272544476 0 660
82.8229164973341 3.25778855085001 0 661
67.4169846106381 3.57424976177248 0 662
89.6924567722988 3.49188833141153 1 662
67.376469522876 3.00825431179699 0 663
67.3311186973453 3.18125670553495 0 663
67.3000463805717 3.29273056451052 0 664
68.1281109724427 3.44188443041494 0 664
67.3583938290336 3.63311350013805 0 665
63.7479777592436 3.07141919961134 0 666
67.5120297985568 3.30640080519492 0 666
68.4983465711886 3.19437614143856 0 666
73.3059984023053 3.14877125274266 0 666
79.2266006942336 3.42290987428921 0 666
71.0022152694171 3.08678714966846 0 667
89.8311416515887 3.43696087269984 1 667
89.9737252747628 3.04936526459552 2 667
3.90503033371564 3.12151720413087 0 669
64.0706864184095 3.12854403864308 0 669
64.509777718477 3.04151874270919 0 669
73.146055227418 3.04067767843578 0 670
67.3610025964651 3.10883771057269 0 670
67.5104891578704 3.30364034996887 0 670
68.1777241411336 3.41939821194297 0 671
88.5537326003093 3.41028758791447 0 671
89.2104280492248 3.26471678125942 0 671
65.222401480053 3.28832887580613 0 672
72.3137372736153 3.88533517781482 0 672
78.7358218778931 3.54517767016778 0 672
89.1425258627481 3.06727677055988 0 672
89.5220083091215 3.08450193606247 1 672
67.285717497465 3.03974709690775 0 673
67.2946546567741 3.81881267530096 0 674
7.84872143940098 3.235443687692 0 675
70.6533459407319 3.26220909467547 0 675
80.4701397460994 4.96309646831061 0 675
74.4826339013691 3.15002117794549 0 676
67.8654406542374 3.17372585212377 0 677
63.7583031727442 3.0725994021978 0 678
67.2675330647758 3.13376614248297 0 678
68.6492127130887 3.64720912703506 0 678
69.2196969507922 3.21328832757818 0 679
73.3692597205495 3.30071579794496 0 680
67.25321106283 3.05391849000168 0 680
89.2087899928101 3.59980836962081 0 680
63.7373789077127 3.31608619863523 0 681
67.6126693258412 3.1718292862684 0 682
77.7967113489553 3.15322413300851 0 682
83.9508283133732 3.69677813713173 0 682
67.1682929310988 3.22165240899819 0 683
67.2540864418326 3.3572413589349 0 683
89.492337966093 3.10893425327696 0 683
67.5838920132459 3.41058177533874 0 684
75.6851669427373 3.3509748992216 0 685
67.6084871493669 2.99670258458066 0 685
77.5777473650282 3.21178972635161 0 685
66.2399522161786 3.10052161550947 0 686
74.7789296961492 3.14759230581058 0 686
67.5860689162205 3.12731338056898 0 686
63.7456847537964 3.06304207476285 0 687
67.9508148667117 3.02103900563882 0 687
68.3658613720842 3.25017943583986 0 687
2.33621685304692 3.26496583152338 0 689
64.0407415169021 3.09463899146918 0 689
67.2838872343097 3.8710321361744 0 689
87.2614220207676 3.94818853086109 0 689
63.658789518716 3.10129095027071 0 690
67.8078641104186 3.3056806650183 0 690
67.441863927117 4.42648384250984 0 690
70.9033519541163 3.27444850098757 0 690
71.691790540569 3.11231201977229 0 690
67.5568896393255 3.3575497943792 0 691
68.1449064520725 3.03017778260243 0 691
67.3054978478736 3.46215297773416 0 692
67.3153790379075 3.13407601078806 0 692
89.2191700747415 2.99991799163259 0 692
63.6923589298551 3.51478780955056 0 693
67.3217944771579 3.2977972721044 0 694
0.0539400080849394 4.02765889010949 0 695
89.6217947031644 3.30751227163911 1 695
89.7905738248968 3.20411627685703 2 695
67.3450441233787 3.02005811175463 0 696
0.00257219498212325 3.74100425640906 0 698
67.3444577892638 3.07526767561615 0 699
89.1772179336754 3.09037820907526 0 699
89.2323848266085 3.24013422909857 0 700
67.3797988788833 3.18093069917871 0 701
67.259185838351 3.02178625054837 0 701
67.594429457754 3.32440932303271 0 701
68.1371795226519 3.05979667367314 0 701
90.244616833729 3.24141450639234 1 701
67.4633779944539 3.38047211497641 0 702
67.9232702021173 3.56582245889672 0 702
67.3012055716269 3.29686853684276 0 702
67.5897225934235 3.19458200031841 0 704
69.3130267950791 4.09860760583332 0 704
67.9354297604087 3.41652296610636 0 705
0.451013175935956 3.11440353826848 0 706
89.2236817666285 3.3036215484592 0 706
69.3302803790013 3.01672054253119 0 707
67.2733244932718 3.88589266977709 0 708
67.2560420683394 3.0608820042509 0 708
87.9199648346013 3.03660555481202 0 708
82.5495837336036 3.1156321148853 0 709
67.3572463322663 4.23747093860625 0 710
0.933210003826951 3.03152493352173 0 711
2.15989464372946 3.58678502612828 0 711
82.4966639709809 2.99566215449438 0 713
67.5983598859805 3.29811760276251 0 713
67.2739539992078 3.54319777192139 0 714
67.337517939715 3.03302510149211 0 714
83.7753112624828 3.0025258561207 0 715
0.0861800157401981 3.34338825800596 0 716
89.1387535718996 3.45823006304079 0 716
67.2615129012539 3.05039748611193 0 717
67.3040210292569 3.50423605230663 0 717
65.0531209514899 3.26236500966853 0 718
67.3369924724094 3.45347551975276 0 718
67.3803969846472 3.12596749194722 0 718
68.4507119102865 3.49484439035508 0 718
23.6067247329414 3.26698941058968 0 719
68.1750487192958 3.0267208698084 0 719
67.4295505822453 3.16991270888826 0 719
67.3170753674159 3.68983723126552 0 719
69.8159506230346 3.04292463167649 0 719
89.3760663511058 3.59270176883682 0 719
64.3218823220713 3.08807960005788 0 720
79.2606384362335 3.689819437882 0 720
67.2635764837279 3.00015940481966 0 721
63.7433307994669 3.14103094989241 0 722
63.7416019894344 3.20507581264244 0 722
67.9234607306372 3.8251604585037 0 722
0.199116713889728 3.47196066383862 0 723
69.8037983485582 3.01149827282869 0 723
67.2831634383261 3.26692855374254 0 723
84.106109499266 3.03425653032442 0 723
83.8003799631868 3.03475511183654 0 724
89.1346922611387 3.29512550296612 0 724
89.1879806809963 3.37535294398478 0 724
63.7465641561268 2.99568153933553 0 725
67.412555807655 4.45366943191362 0 726
67.2590444043874 3.06647395973289 0 726
71.9125351243061 3.02391377415813 0 726
67.2673142323308 3.10766420004744 0 726
67.3435260904348 4.01283887701742 0 726
63.7816156440018 3.57229813052655 0 727
67.2979418137191 3.12325090011159 0 727
68.3024976434842 3.02453726075215 0 728
68.0050012086669 3.1739441709394 0 729
89.1859567188 3.74088198440866 0 730
65.8778297937347 3.03441985600605 0 731
67.2540682556652 3.00605423411047 0 732
67.496475311969 3.13022904477459 0 732
88.1754262365231 3.33852850465258 0 733
89.5649223448576 3.10621835498278 0 733
88.1903998785045 4.11166654438153 2 733
67.4134324790472 3.14418234113477 0 734
68.6245357595412 3.24861965156231 0 734
67.3114308602433 3.15842356889656 0 734
67.4924964306991 2.9930295406627 0 735
69.1687785651962 3.01116832887368 0 736
67.2765170634139 3.9711998202803 0 736
72.8920055492108 3.03217566378965 0 736
65.7791867679815 3.14049039711687 0 737
67.3171647484512 3.24626367635921 0 737
89.1338680220405 2.99974553330005 0 737
89.895043178675 3.52621264485625 1 737
63.7449894301036 3.0969957736127 0 738
71.5120747013593 3.10690005564985 0 738
83.1208220286277 3.22862857849764 0 738
67.3883652073583 3.13890127071815 0 739
67.8372543086564 3.10603291213503 0 739
67.3539084997021 3.25720696343851 0 739
69.527126651151 3.78283837805147 0 739
67.2624169408085 3.38058576791015 0 740
79.4514573604291 3.12496014490364 0 741
67.6605723562228 3.15893598439921 0 741
74.1463064916428 3.29236178682758 0 741
81.7602287582276 3.09353236363793 0 743
67.2545344711756 3.16342634338963 0 743
68.1316762831203 3.33163247386571 0 745
70.1152027893546 3.77079489975837 0 745
63.8349059236235 3.32615603685452 0 746
83.7724128914416 3.09754578054683 0 746
66.9388542944213 3.28957890393455 0 747
68.236257451917 3.16278001144121 0 747
67.9776912178556 3.02727490250239 0 747
63.8141719646474 3.27619684991502 0 748
88.1894669758933 3.73738191522269 0 748
89.2037641943497 3.30813275647939 0 748
67.3247999054117 3.10806768273048 0 749
70.8611456310141 3.31336252928705 0 749
67.2962612256565 3.98470944816014 0 749
82.4089416827385 3.17401818253983 0 749
89.1444979443118 3.00436657104381 0 749
68.9946694254358 3.47328135951775 0 750
67.3964552048167 3.36861756039593 0 750
81.2202644627587 2.9963343796482 0 753
63.8004985117556 3.89812099254508 0 754
67.9928272780905 3.07240543033336 0 754
75.2237511211179 3.27415097962645 0 755
70.5121505521254 3.06390786776229 0 755
89.2964566510443 3.56018205407505 1 755
64.3324108729787 3.22170785960547 0 756
90.0680280453332 3.53844417084652 1 756
64.5571919431386 3.22405123351327 0 757
67.564906909986 3.14137833691311 0 757
70.3000779697035 3.66719775911778 0 757
68.4749141754115 3.03865210467318 0 758
70.3672891727493 3.18954180466364 0 758
71.6381644836216 3.629081222914 0 758
80.6933619677023 2.99587141240286 0 759
67.2943207636599 3.03102736892975 0 759
68.1906713077436 3.25102929478109 0 759
71.1243969702233 3.02451618980039 0 759
80.9305370313959 3.30681503784784 0 759
89.1420086159631 3.21869500353927 0 759
67.327457443106 3.00424337137245 0 760
73.9925929207734 3.00775302871334 0 761
80.5906983777588 3.56694213956122 0 761
89.6078284154453 3.01524840855679 1 761
87.9694268509312 4.48913458214142 0 762
25.1347417421923 3.64480272010027 0 763
80.8509534625333 3.08657142284788 0 763
67.5008845131832 3.14767043239819 0 764
67.4149713151939 3.31341060728178 0 766
67.2580272135601 3.0106903721529 0 766
87.2762703401987 3.23291210335367 0 766
89.1915666764849 3.36516582113258 0 766
67.2552893178239 3.1641777236885 0 767
67.4964805648653 3.12894250563701 0 768
67.255681943884 3.43161431022824 0 768
67.4115891203974 3.22078131445922 0 768
67.2993156996004 3.17686053332193 0 768
89.1908142826148 2.99656864322493 0 768
89.1479179340839 3.43017763633974 0 768
89.8795884821252 3.44487177160214 0 768
64.6115543925886 3.13687190152442 0 769
67.3163494240313 4.18771905207431 0 769
67.543466540883 3.04010895158582 0 769
67.5320335990371 3.35107811423579 0 769
67.2981281300901 3.19538638828702 0 771
67.9953986898819 3.15441857964989 0 771
11.4593915211626 3.02773744523902 0 772
71.0405816948184 3.02013561954649 0 772
67.3090953480919 4.01741711677378 0 772
67.2806200141071 3.60158101325308 0 772
74.8730185175812 3.44114103889874 0 774
69.2620472853196 2.99894118623137 0 774
63.7464941299936 2.99704663265245 0 775
67.8012609920019 3.08254886662778 0 775
67.420035357789 3.548851735428 0 775
67.4178490744068 3.14153276004379 0 775
89.6048322561935 3.71710876262719 1 775
89.7636851863354 3.31700705687375 2 775
89.7868848647946 3.22944707548316 2 775
73.2812055275158 3.55487900428709 0 776
71.0414192249475 3.11960601064354 0 777
84.6129324647182 3.12334563934098 0 777
89.5624062409431 3.1786800570535 1 777
67.3896919402209 3.01255443656825 0 778
67.4621971926811 3.08450262532694 0 778
67.2579640717515 3.02947531164905 0 779
67.6098895557269 3.28637973351941 0 779
67.4842537295153 3.07663431261979 0 779
67.4779657697839 3.06479401285755 0 779
67.4326523686275 3.40085134138314 0 781
88.0057539563901 3.20392431183412 0 781
89.7240407574742 3.44289082966943 0 781
89.9576408839591 3.02188378031686 1 781
89.7486111517436 3.19268707030867 2 781
0.111529559276322 3.63485261475328 0 782
89.1355798731869 3.11881428059666 0 782
67.3148571566997 3.84149578130943 0 783
75.8564219037129 3.00879359344001 0 783
73.2788169366641 2.99620733144511 0 783
67.5806843700531 3.10054004708583 0 784
68.3302664005523 3.44879817748351 0 784
67.2735161663908 3.08880601994122 0 785
73.4595864068237 3.35917441222177 0 785
81.0913330356053 3.50954118256842 0 785
89.138361183494 3.23156556747116 0 785
68.6206955293147 3.64873989075299 0 786
67.3041424467851 3.50851626006846 0 788
89.1339101602368 3.75754262876635 0 788
67.2767010143295 2.99505140829423 0 789
69.2186628313941 3.53369638004 0 789
75.3210452830463 3.02775225818637 0 789
89.1797533962071 3.16140728391684 0 789
65.7953092029792 3.89210125285453 0 791
84.4824046166835 3.41971706929479 0 791
87.4773089733147 3.08250512109723 0 791
70.0019566862192 3.17848067231946 0 792
81.0789796618353 3.02743211261217 0 792
87.9572127835677 3.07009355133007 0 793
64.7370162804925 3.060033061634 0 794
64.2843854813798 3.04109120608926 0 794
68.5720988850684 3.11439239944645 0 794
73.0415730004352 3.51679826579928 0 794
69.7502532312461 3.28881525851967 0 795
89.7035687018458 3.29883385108378 1 795
68.6562757890922 3.55387483735909 0 796
67.3516845569873 3.2412077466537 0 796
67.2673266752513 3.53395368311154 0 797
78.7008690095614 3.53232682924029 0 797
81.4880774508882 3.05455470897981 0 797
65.769928314902 3.3299861502372 0 798
73.1221893994759 3.00026430101593 0 798
74.8921295173805 3.25416017936626 0 800
68.2328296013132 3.14405498118335 0 800
70.1827065569573 4.41031963368456 0 801
76.1148025553503 3.09998937344307 0 802
79.8277674976507 3.26313686612902 0 803
70.5026124586584 3.1370682178452 0 803
70.3670926270899 3.45292646882146 0 804
67.3378593189068 3.11746310649238 0 806
67.2805538509351 3.1766461728619 0 806
77.6038770524326 3.08686340925011 0 807
86.3785682897815 3.99475039618526 0 808
74.7554630005788 3.15853867569486 0 808
68.0602378447245 4.00457175487014 0 809
67.2529926507508 3.40134289368114 0 810
3.39319144234885 3.18428827074407 0 811
22.6843577242183 4.27561680470823 0 811
67.2631436304233 3.17139022542011 0 811
67.3419456802092 3.1635211851718 0 811
67.2794965771815 4.4357314773579 0 811
89.1419856158674 3.44158948654205 0 811
67.5574876994577 3.72486482497702 0 812
76.785663063393 3.47811685916439 0 812
67.3592375546066 3.09383876408359 0 812
69.3452690286701 3.41469735420311 0 812
87.6420453107085 3.23864238858114 0 812
89.1495213135448 3.83628803894901 0 812
89.353279162134 3.33755013735074 2 812
69.7767053284272 3.04605941164041 0 813
79.1774566973975 2.99473440991987 0 813
70.6518661910949 3.00927674137217 0 814
67.5337721659774 3.18556061647632 0 815
87.7260353732615 3.16895809285722 0 815
4.53677753212102 3.11507088395551 0 816
67.2785918269918 3.4514659451247 0 816
54.1422860590898 3.4705193118426 0 817
67.323521842146 3.0539263388493 0 817
89.841373569097 3.09154482573948 0 818
1.37656237961733 3.12666567037743 0 819
76.6130095739941 3.27129228719254 0 819
67.2910684535209 4.18030503219314 0 819
90.1443944691796 3.31591742765841 0 819
67.2588067054252 3.54035732879955 0 820
67.2772961659212 3.0311369819952 0 820
63.7471961962228 3.30684862092793 0 821
64.2562943884678 3.33130974950146 0 821
74.9982967689797 3.45216882038143 0 821
67.2611150439695 3.22743716438803 0 822
78.1997547239328 4.22615217224376 0 822
67.2614836744451 3.1059861148921 0 823
79.1901535152044 3.0385390128567 0 823
89.3288994056445 3.21773957986175 1 825
67.5360309241346 3.03040191526705 0 826
67.6238101100075 3.46628606887694 0 826
67.849304492921 3.03875121112824 0 826
73.5117763198603 3.19063482236225 0 826
63.7481030326943 3.10448944535398 0 827
67.3341181595541 3.03305188269002 0 827
63.8954365775465 3.2732714513577 0 828
76.5551464223994 3.35601527453309 0 828
82.8168924690239 3.11089090800335 0 828
89.7917040854033 3.33410215666157 1 828
67.4816052732905 3.04231907461681 0 829
0.0878911789547875 3.1026268242152 0 830
79.272431866641 3.20606006228495 0 830
63.73980707306 3.03094741456981 0 831
68.8650910236077 3.39942533692246 0 831
71.0344402730716 3.88487275656612 0 831
89.1511620781621 4.83697079227889 0 831
89.2511593035772 3.28106107891493 2 831
89.1511997774592 3.00089777151892 2 831
89.162879864367 3.02413115850713 2 831
89.1619449006769 3.59924460077476 2 831
89.1778386379304 3.02819068581727 2 831
89.6016082296212 3.24559135971075 2 831
89.1565511421451 3.20895479360457 2 831
89.2014005566682 3.15985554787877 2 831
90.1556500879796 3.17694665236136 3 831
65.7752942815367 3.01267208847682 0 832
89.2135608766495 3.1229589158301 0 832
71.8098599975431 3.44565956354868 0 833
69.7489678203942 3.49993420434795 0 833
90.0687963268526 4.2726192206279 1 833
90.1106783188819 3.5883307549783 2 833
90.1148989080252 3.07707462442791 2 833
63.8779492758027 3.66974514318157 0 834
67.4901856518679 3.65325280272099 0 834
67.2795321190601 3.31784871635254 0 834
67.8427993816988 3.15844903167679 0 834
67.6463142358111 3.42195648091555 0 834
67.2688373962509 3.22427115836028 0 835
67.2957592725989 3.26194481379971 0 836
67.519847111549 3.0036299715244 0 836
67.3109330384284 3.52461585564684 0 837
63.7404750791438 3.10933522577721 0 838
88.4745677308854 3.82936779419303 0 838
67.6260599626509 3.16639447796112 0 839
67.8439988445706 3.44248216449668 0 840
67.3092378150934 3.44583536779827 0 840
79.1904763119899 3.17352244314959 0 840
0.765010301719732 3.00244980492946 0 841
63.8689191024365 4.42259460609642 0 841
67.5676245997037 3.51182897823793 0 841
69.4484917909189 3.57957140285772 0 841
87.6151507933143 4.21708521449298 0 841
67.6670422399444 3.11658074202407 0 842
69.0850098803837 3.20595801120884 0 843
67.3834043867397 4.5399880229942 0 844
87.7325437231615 3.08690275728715 0 844
67.3777036549798 3.49181559316219 0 845
67.2582550316484 3.23586193462003 0 845
83.0798548311343 3.27805854341418 0 847
85.7389975218695 3.22672429136546 0 848
89.195880036595 3.21890378964096 0 848
89.9316373097994 3.05594597182997 2 848
67.3837878648721 3.18002506540813 0 849
74.6312758167061 3.5514928704765 0 849
89.1638527693947 3.28449761536493 0 849
0.522056557609362 3.2290609425409 0 850
67.691580524989 3.05877878951059 0 850
89.591841918829 3.07600674556565 0 850
63.7656805150771 2.99018066013139 0 851
70.909103738167 3.07204676427805 0 852
63.9487383673196 3.11652802462231 0 853
67.3288492618151 3.28420805569175 0 853
67.3526923462196 3.31432673524556 0 854
78.7272349910858 3.51108946781541 0 854
67.3392629637596 3.13472567811689 0 855
4.62821805412741 3.7649060287843 0 856
65.9598135215135 3.17115907536028 0 856
0.0138712160460496 3.25419294692116 0 857
49.0782551501663 3.8643224454585 0 857
69.734516963665 3.1885696924534 0 857
63.7383064229136 3.99226167958235 0 858
63.7020278639179 3.27507525613545 0 859
67.7986701171009 3.4910531385262 0 859
68.5370266247671 3.91436815061982 0 859
67.3895294237073 3.0952539274198 0 860
67.4557927932274 3.41900789756991 0 860
67.257179864234 3.07251439745419 0 861
67.6047271746573 3.12596678952883 0 863
71.4075972041949 3.56432544458736 0 863
64.7237496934445 3.46628047653711 0 864
67.3394565008196 3.38346996304247 0 866
71.1188894109262 3.02465122757714 0 866
63.9570485763462 3.00086435264237 0 867
71.9076486724958 3.25753824311195 0 867
67.3967166746033 3.34246642134913 0 867
67.2788189225281 3.29136329821374 0 867
89.2358632592171 2.9992485126817 0 867
67.7561602294126 3.19080142229291 0 868
67.7018182275513 3.29912828511946 0 868
79.8406741886049 3.19601184149527 0 868
89.8553157301892 3.02177369179902 1 868
81.8137386807179 3.18553140072097 0 869
67.3232477859814 3.01260133568922 0 869
89.1386121090185 3.66139890980732 0 869
77.9422747879492 3.0089448976218 0 870
73.3240194292523 3.12632897808192 0 870
89.2935806871384 5.08600788847794 0 870
89.4634066831593 4.15273728903435 1 870
89.3669811236955 3.11111736348092 2 870
89.3594746322296 3.22385934910592 2 870
89.5372761749701 3.38944200144451 2 870
89.4071468177872 3.87354145520452 2 870
89.3026504140472 3.82585095664259 2 870
89.3491877878132 3.37036334638808 2 870
89.6614042610098 3.20918501596548 2 870
90.0311209915769 3.25891315240002 2 870
89.5308662172852 3.19609749988032 2 870
89.9202877447199 3.00670394002666 3 870
89.5378854552526 3.02291977827888 3 870
90.1761533089466 3.73149206677757 3 870
89.4154604748646 2.99134116043863 3 870
89.6783519761177 3.60930708518703 4 870
68.5515585890755 3.24131345600113 0 871
71.7251169746139 3.04963117582461 0 871
67.2564196333088 3.3247370729845 0 872
67.5558549404947 3.59148416728302 0 872
75.6652011212033 3.73726671436535 0 872
89.1562930310561 3.10672781292707 0 872
69.3345254074347 3.85541244527059 0 873
72.5761032308651 3.02205859626961 0 874
77.859405588075 3.2697058233528 0 875
81.277402954307 3.09610398052916 0 875
67.311754543611 3.11172072451744 0 876
67.2586440930371 3.48351016177051 0 876
67.3712704546648 3.77823374076383 0 876
67.2789625095718 3.48560997407199 0 877
84.4966240585593 3.98301474546343 0 877
64.2997467575183 3.12563000740496 0 878
67.5179064207584 3.10497632369913 0 878
89.1994387396914 3.31853463585063 0 878
67.2923125500868 3.07894761465602 0 879
67.2876850173777 3.24402552415327 0 879
71.0055351990203 3.23406545134239 0 879
70.9138977563278 3.30096830603737 0 880
67.3034876973918 3.09921823721228 0 881
67.5713938821221 3.07124971154905 0 881
88.2108787434061 3.23316069464803 0 881
67.4089092553708 2.99179529157493 0 882
67.5800734839479 3.63531755967901 0 882
88.5906833574589 3.10161331649105 0 882
0.0807496634454543 3.30582512689582 0 883
69.3877084069386 3.09651099340316 0 883
68.8103962887636 3.11411081374437 0 883
67.3129014074714 3.00911283876163 0 885
87.6844217908282 3.5669742172231 0 885
64.2310880764494 3.04341065551969 0 886
64.7199535549613 3.27844807103555 0 886
78.0756016829478 3.03633286317794 0 886
89.1975830095336 3.11033832301533 0 886
89.3560747893873 3.07279807662664 0 886
64.8553503608375 3.1629138229105 0 887
67.2540858448995 3.10028791922987 0 887
67.5289164808853 3.09942367133881 0 887
69.3444172450467 3.81473007601761 0 887
79.1445221149756 3.11678331768587 0 888
67.3523294142394 3.2020430799676 0 888
70.9897538927984 3.22126267742704 0 888
89.298597793774 3.12145951114718 1 888
68.4251732993569 3.43138517186689 0 889
69.3012904575756 3.64219333197425 0 889
89.1491145524877 4.02094525724648 0 889
67.2610514102198 3.05285602394319 0 890
67.3911841588384 3.18986362210986 0 890
81.7117372782966 3.1291608681773 0 890
81.7238689721055 3.21273206553517 0 891
71.5314714797603 3.05740626057937 0 892
75.8034399379647 3.06904736350889 0 892
84.5859549561109 3.06161019979921 0 892
64.854684454698 3.5642151820176 0 893
63.9122297335505 3.50122180157471 0 893
68.3682350916261 3.02171904192144 0 893
77.7840541766576 3.75988999862464 0 894
63.8040021869968 3.12809168544179 0 895
78.5902279863319 3.02450368287844 0 895
87.8641039263495 3.35772106055457 0 895
81.6783036769013 3.11181212540383 0 896
69.3318911817378 3.16010931280653 0 897
71.108368564146 3.36166227696756 0 897
67.3349285947872 3.5297608435117 0 898
64.2258356285642 3.02489998212269 0 899
66.7411062193601 3.68946638826374 0 899
67.3042031335704 4.79997901518967 0 899
63.9114679250242 3.55570819517587 0 901
67.2765422177412 3.10333119999609 0 901
67.3464024629153 3.73875216702254 0 901
80.4355984035767 3.0552654320238 0 901
80.8051360195787 2.99374363098259 0 902
89.2546329307419 3.19469676460689 0 902
89.3893133394143 3.26555022999005 2 902
67.2744785695804 3.23497176239656 0 903
75.252675899647 3.31465168048151 0 903
63.6489758563485 3.12482749128971 0 904
67.2547430161009 3.16053396881474 0 904
63.7664487128374 3.55195015348243 0 906
67.2848514912494 3.60220610274129 0 906
69.0903496911689 3.40252817661796 0 906
77.4274661154232 4.46508643135053 0 906
64.5835021379122 3.18977700590909 0 907
70.8124070031676 3.14778749844371 0 908
63.7415988840799 3.33109588991742 0 909
89.1458124525992 3.09484270840467 0 909
24.426079086283 3.09492308039831 0 910
88.423594515107 3.27289898692497 0 910
63.8938288999125 3.42263345379357 0 911
67.2803531485 3.25790282868328 0 911
89.4636591994166 4.18971302931793 0 912
89.4686283096382 3.1807320180847 2 912
67.2631716590336 3.1360981969846 0 913
67.6059642836989 3.12503487134392 0 913
63.6534711483348 3.47707319056123 0 914
79.6894781772701 3.52715212432672 0 915
89.4791282503672 3.25787614665672 1 915
81.5027084585974 3.66343580619306 0 916
59.595761339019 3.10915880749263 0 921
65.4072308468597 3.46761456116571 0 921
64.6593142636775 3.53749320918889 0 921
67.2819014039898 3.08142741317863 0 921
67.8456663923421 3.33777924336837 0 921
87.0331718482452 3.35121657832721 0 921
66.6254018859026 3.12977017363962 0 922
67.2532848261664 3.10326417561813 0 922
74.1742481165527 3.43150777197561 0 922
73.8874261195136 3.26393860884818 0 922
68.7653393241326 3.99434002994094 0 923
80.470443704416 3.19486343984111 0 924
88.5033518558307 3.37108573515184 0 924
90.2521417098858 3.07469785206597 1 925
63.8647385486071 3.01707324517859 0 926
64.8423619437391 3.17751184861489 0 926
71.4916554266237 3.03518505830619 0 926
89.2087929238313 3.31976495172867 0 926
67.690570064372 4.06196563077377 0 927
67.6436966303682 3.33411149150267 0 927
67.3000537894096 3.31153292739321 0 928
65.517162108007 3.01222762744677 0 929
67.2922943968954 3.44572845114557 0 929
67.974726527274 3.83109736912733 0 929
67.3771758239708 3.57265364728637 0 929
67.6708289464063 3.24403193605009 0 931
67.346512582661 3.01810393350859 0 931
67.3869993705365 3.2027510121217 0 931
68.2490266828814 3.62622615164843 0 931
84.6507829273346 3.46809558665734 0 931
89.1378322607713 3.49172300913411 0 931
90.1350915388201 4.54326489370019 2 931
89.2559845487624 3.01493721554847 2 931
90.1948481159915 3.26780752911849 3 931
90.1485803635709 3.23332902656258 3 931
19.2609029323846 3.24992209155631 0 933
67.3171874195055 3.01674692352386 0 934
74.322083444653 3.13092051182962 0 936
71.2224734478188 3.66418692397499 0 936
89.2406393781852 3.12095898089753 0 936
90.0296718079869 3.11202370300248 1 936
68.6934741343534 3.81367986766748 0 937
67.2725752622881 3.5080782975825 0 937
69.9708818308737 3.08915149739159 0 937
67.2729025315053 3.10636487261186 0 938
89.2231144690054 3.11710757478124 0 938
10.4580775160737 3.0049012413393 0 939
70.4910790104705 3.65929861489796 0 939
89.6840979079522 3.65123197758611 1 939
89.3825169724685 3.13524140469592 1 939
67.4324151260385 3.55558097337532 0 942
67.5055466415491 3.4187728362931 0 944
67.3499422840096 3.97239775854033 0 945
67.6292377181067 3.12463484460134 0 946
67.4372139817996 3.06678069853391 0 946
67.2630777691855 3.01710336585525 0 946
67.3040435295893 3.14059315676244 0 947
67.5113159361727 3.02675836465365 0 947
75.2451770731236 3.07595403275539 0 948
63.8250925508659 3.06175449868294 0 948
65.2592114199272 3.07824805502009 0 948
67.2760805453497 3.53838410309184 0 948
88.2958311461741 3.08949745079224 0 948
89.6183576839783 3.44444520157815 1 948
67.4591644907959 3.2184957234874 0 949
67.2881809132048 3.33543292242205 0 949
89.4033836785451 3.18160666425222 0 950
90.049076192993 3.14780627241945 1 950
71.0336629692701 3.048793812062 0 951
67.2954132255155 4.22169060695399 0 952
68.5164151798046 2.9997706013414 0 952
67.2718806787334 3.41924420584008 0 952
69.3495772463496 3.12806537103418 0 952
67.5481387616838 3.27412730355395 0 953
80.5944027328059 3.73774356162616 0 953
66.6821123502514 3.01197836114901 0 954
88.0161769330179 3.00338430232113 0 954
71.3052167046234 3.17215077106187 0 955
68.182448497752 3.21610046950847 0 955
67.6962448552175 3.03459188549526 0 955
72.2060711049204 3.51886885887812 0 955
80.9173729290675 3.90101072104042 0 955
64.2939760546314 3.04868574596984 0 956
74.8321323263697 3.43456058590906 0 957
64.0838500578392 3.4688013209706 0 958
67.2642956750507 3.59798507265348 0 958
90.2490760430035 3.13084907389501 1 958
67.3199305219974 3.3281246494475 0 959
0.0939146604706727 3.15433283704128 0 961
72.3961973570741 3.43339292387298 0 961
67.3110485859673 3.01686180603436 0 961
63.8631127259509 3.35083388445058 0 962
67.2897998255464 3.11496599275812 0 962
73.3454767163145 3.58565014523284 0 962
89.3087097078234 3.26028193119655 0 962
69.5206756028795 3.03700721394931 0 964
67.3800084236041 3.23297945256132 0 964
64.7990531372695 3.62928691611654 0 965
68.1502129264314 3.03194394555175 0 965
68.3389532639617 3.01064586954741 0 965
67.5598360032527 3.75095610197225 0 966
67.2839327531452 3.45034041001424 0 966
72.6936071187639 3.14103266382259 0 967
68.009181889572 3.16432622935703 0 967
84.671338947099 3.26881483192956 0 967
67.5692536424884 3.61976655035763 0 969
69.3264810983677 3.48196132331413 0 969
67.9588576982139 3.19778982058521 0 971
83.9794439057577 3.04690034429532 0 971
65.8083649369265 3.24960197724193 0 972
67.2777971891917 3.14014665331119 0 972
82.7146709520918 3.2524868807077 0 972
67.275175092099 3.20021112660629 0 973
76.9181834456172 3.19352894972626 0 973
80.9818643280252 3.1255701800312 0 973
82.5850301566317 3.07609242281141 0 973
67.3136491022446 4.29086347326227 0 974
67.3202361604344 3.13776577520243 0 974
67.3257339464817 3.21806512541214 0 975
67.3007294752783 3.35453928733104 0 977
83.9426679742331 3.0850658618633 0 977
72.6393111282554 3.05390769514741 0 979
68.1690715083524 3.08400481468299 0 979
68.6211002748214 3.55238569226897 0 979
83.9776675302938 3.13582614505569 0 979
64.027371036042 3.28893250787081 0 980
71.0461687078697 3.08729124483243 0 980
69.4214889662366 3.61114668819817 0 980
77.0768708426044 3.33902282845089 0 980
67.2964551026895 3.2525467390195 0 980
67.3172947957966 3.46179401159235 0 981
67.2869369968834 3.88482634878139 0 981
67.5255230654331 3.62997383191911 0 981
68.478322818646 3.79854410592107 0 981
84.0942671153737 2.99407822071886 0 981
8.24150443266243 3.76183428060798 0 982
88.5202356576257 3.04342849561017 0 982
67.3216196296484 3.87122707674279 0 983
64.7437219887444 3.3175035783615 0 984
64.0984281575685 3.27143926983469 0 984
69.9793714388906 3.16747133564382 0 984
67.5017442546632 3.15833315824286 0 985
67.2783411115514 2.99077265139845 0 986
74.6038999051145 2.99215167645307 0 986
67.3503119868943 3.17215747289374 0 986
86.6078099050003 3.33588496532572 0 986
1.58035253906662 3.49920954572916 0 987
63.7739421176391 3.15094243131686 0 987
70.6670067125336 3.16942591456269 0 987
76.7836961547123 3.42013268557502 0 987
70.738176457481 3.18374832989298 0 988
68.5290291753303 3.36960949470398 0 989
69.748630446477 3.80186549150254 0 989
64.6093464113037 3.05096679068747 0 990
88.4743092035543 2.99578399083481 0 990
80.5549928320342 3.28183702961819 0 992
67.4222409387371 3.08639223662871 0 992
67.4917970936814 3.56445741138546 0 992
63.8552257551402 3.13503949159873 0 993
79.9725750379965 3.04419104958042 0 993
67.4171148467604 3.16537352139082 0 993
70.6734620696152 3.16824891537606 0 993
72.4142439186364 3.15166432488853 0 993
89.1317016199227 3.08920675809012 0 993
67.5577821935339 3.01329514224649 0 994
70.7361312949103 3.09915423076285 0 994
71.2901927191946 3.07048863115064 0 994
81.3631099555013 4.20561098831423 0 994
67.2535694660008 3.02680323605223 0 995
67.610507971241 3.0993720204863 0 995
64.0554229009838 4.01623041779057 0 996
63.7979989748854 4.14601562887886 0 996
67.2688228508551 3.67533082306566 0 996
0.0547805811874223 3.37734538820827 0 997
50.9974642753972 3.61686467987988 0 997
67.2681493434012 3.10120938718028 0 997
83.1089146860008 2.99854278139816 0 997
89.7168251348 3.00827750863432 1 997
63.7444656632143 3.07763699358016 0 998
0.181189761732056 3.03933864461815 0 999
69.3502739930511 3.1391185932481 0 999
67.3848297611684 3.0468167918072 0 1000
67.9609593305145 2.9966978599244 0 1000
89.3157531146839 3.43334085705306 0 1000
89.3366091485698 3.04608125178056 2 1000
