"ts" "magnitudes" "gen" "cat.idx"
63.6514362199894 3.23718744573623 0 1
104.173688184214 3.024196472891 0 3
104.924458968667 3.04576342946672 1 3
67.3043071895504 3.5148316570164 0 4
46.2091634560635 2.99003891703869 0 5
64.0192534084231 3.48312856302058 0 5
67.4416664656364 3.12329112397872 0 5
63.7429226249908 4.52386125054425 0 6
95.9780580296748 3.20264643842894 0 6
95.8043433124909 3.2313537190742 0 6
64.6365708653676 4.02033057660317 0 7
67.3305482590245 3.27365505602186 0 7
96.736257005076 3.27825409202817 0 7
67.2742076902599 3.34044501971291 0 10
77.5064191143216 3.01734780973397 0 10
10.4173637934683 4.40060666300325 0 11
67.3736876304056 4.10743742640873 0 11
94.8147757223838 3.02124614623995 0 11
64.3380231306035 4.83918126557927 0 14
70.4187898773572 3.42945977716724 0 14
98.0368693402543 3.0206369649165 0 14
64.744893207325 3.15779236440106 0 15
67.2715673074836 3.71955817386679 0 15
68.9836758614904 3.12867350221413 0 17
95.1496029502942 3.34459502188781 0 17
91.3475765458097 3.20707448789419 0 18
0.0061254951183492 3.3622204764553 0 19
67.3486312448301 3.07532697324984 0 19
67.2793125116741 3.13289506278915 0 20
68.8287759300326 3.56204805965586 0 20
68.2524863175533 3.74556508564351 0 20
104.891130635961 3.0306630173764 1 23
91.1089459028275 3.14936495669773 0 26
67.3978185519428 3.48457303681588 0 26
66.0879839282399 3.22126169621347 0 27
102.671006394193 3.09175437954911 0 27
86.5363928355024 3.26177951053084 0 28
80.7156389995352 3.10061448288549 0 29
97.6543669624556 3.90046739432143 0 29
66.750726875044 3.0149025059005 0 30
80.356858897816 3.1163721314001 0 30
103.003919176806 3.14204280380507 0 30
65.9450060707599 3.06341962275363 0 31
63.7422019291653 3.16541459369927 0 31
86.7114940902039 3.28142441024229 0 31
104.750433900141 3.43692946397901 1 33
105.150648094185 3.34538399755178 2 33
81.0726482393699 3.53842527750358 0 34
77.5325362262633 3.54412705403022 0 34
101.21739907901 3.44551919317875 0 34
73.8020770511897 3.69098867779634 0 35
67.422810498722 3.00870530067158 0 35
99.9314279791332 3.3545557581864 0 37
63.8424737157571 3.0323283900912 0 38
68.8902260032909 3.10924540090136 0 38
69.5818834987092 3.13457663196339 0 38
77.5699276281435 3.70758954014014 0 39
67.372392394208 3.62302106001274 0 40
72.5468923120629 3.07219367764084 0 40
67.7179623132013 3.177528736801 0 41
64.155190662428 3.01044731902342 0 43
81.356662732693 3.14211549767136 0 43
97.2826018405717 3.12518408261194 0 43
100.829302508266 3.42496149374007 0 44
103.521700809403 3.45864076624851 0 44
82.3906006440695 3.30423307357574 0 46
74.1260761351094 3.20258985095515 0 47
67.7048307991709 3.08845264522312 0 47
0.397430007180842 3.50690818685207 0 48
94.3764812148922 3.84877223353424 0 50
67.9639622360259 3.11638569984176 0 51
102.864844434295 3.17438247759068 0 51
82.0594270788994 3.00572323392026 0 52
97.1580658730931 3.46728356865384 0 53
64.4745563126062 3.31152475148034 0 54
67.3957615831686 3.53780625376398 0 54
74.1368770746727 3.32551278357481 0 54
96.6597132674513 3.19396076056013 0 56
67.5342199554967 3.2970237069273 0 57
43.6831695657958 2.99312151130116 0 58
99.4670542411322 3.49424464945833 0 59
99.4936675909163 3.10600367616076 2 59
69.8284536745139 3.18022749399589 0 61
66.7208574211196 2.99991408720429 0 62
89.6240140429309 3.43724767450604 0 62
67.2721849284296 3.5493251493436 0 63
68.091112069863 3.17742848476362 0 63
68.3085151778256 3.05496456867937 0 65
100.803537648351 3.29924220686943 0 67
88.3212743120392 3.26755943318617 0 69
68.2827461606562 3.4582707985449 0 69
96.1221627195971 4.26437080498169 0 69
104.690299198012 3.307759306597 1 69
65.0219910679018 3.16423696937014 0 70
67.59791890296 3.14277266650045 0 70
101.276447500395 3.25266695148132 0 70
100.079286575374 3.3785768153525 0 70
103.430217089929 3.41351108209397 0 70
68.6876745457759 3.16277057318565 0 71
67.5506347312186 3.00074393737368 0 71
99.4582550340201 3.25970340262693 0 72
68.3956162155143 3.12213903059339 0 75
67.4624465022113 3.13262893875739 0 76
100.858321048035 3.77671060835617 0 76
63.673754579283 3.01194887822759 0 77
64.4214179691517 3.02816923728922 0 77
70.7612534081007 3.6160178114285 0 79
67.3131073078774 3.14963536702729 0 79
103.462890600239 3.33912882440077 0 79
68.2358660959283 3.34532989511231 0 80
92.5825004693154 3.05841828596877 0 80
104.80848302178 3.05079323881205 1 81
104.811694719105 3.7031638298478 2 81
67.2847588635972 3.20382183161173 0 83
68.327090940239 3.27890250039663 0 84
104.947243811543 3.00540219160154 1 84
67.2702002350091 3.07069588759618 0 85
67.7522011540594 3.47367447703658 0 85
103.528337391381 3.0975046620285 0 85
64.2772625301357 3.14400885848627 0 87
67.0237381927918 3.46994648109555 0 87
86.5569975665949 3.00895575286779 0 87
63.7539372866732 3.67465583610635 0 89
69.5168064969734 3.14489938473242 0 90
104.631690716763 3.20630035784363 0 90
104.70749529682 3.35779489673976 1 90
104.515398110477 3.06385873952645 1 90
68.879931440926 3.37851485196191 0 92
81.9358159230334 3.12138964604202 0 92
101.667584505855 3.05119741680465 0 92
98.6024766601056 3.33711888167336 0 93
67.3631739329054 3.65287893920777 0 93
68.8531070747428 3.06287976914007 0 94
68.7447860477574 3.11361388249994 0 94
67.9909065455352 3.04418296309966 0 95
68.5036013708308 3.67916244827362 0 95
99.4642044742475 3.6298470544015 0 95
101.454238462859 2.99674974590975 0 98
63.6838681777257 3.19356568513251 0 99
67.5708432252141 3.1655354821505 0 99
101.005060831761 2.99460627747353 0 99
4.48162501300779 3.44901961804261 0 100
95.9235100423844 3.32873852737026 0 100
67.2799039030514 3.23433737617856 0 101
66.8254142482642 3.08654830681462 0 102
76.8839520887356 3.26591714718072 0 102
73.5848254535662 3.12421798190146 0 102
97.3686044951772 4.1283965168298 0 104
95.8805256946698 3.03824991989714 0 105
79.381837953261 3.52640368291488 0 106
67.254728480969 3.06560160224136 0 107
71.1422919709 3.22135376192309 0 107
63.6656838493723 3.64978057396438 0 108
67.2598928304613 3.21320044135891 0 110
67.3467525445226 3.06682778980187 0 110
84.0476715067771 3.05990285533899 0 111
104.998364229202 3.41271091711864 1 111
101.263326824168 3.33045671424985 0 112
69.3049962924354 3.31837948727642 0 113
101.273311420533 3.23541620872185 0 113
67.4991591377275 3.09484238468931 0 115
82.1083049868469 3.15951920085797 0 116
67.3609696240509 3.26318890174381 0 117
68.0905768868949 3.10976643341288 0 117
64.3067828543633 3.42344658919637 0 118
67.4298964630179 3.06131440455334 0 118
70.1851777382756 3.2729202542815 0 119
104.469940512189 3.34256480733842 1 119
69.3511325484829 4.42977844500082 0 120
69.3598693158627 3.12539019522283 0 120
67.4104410920711 3.86987481969931 0 121
67.2800001372279 3.1262518588098 0 121
67.4062218417525 3.09163117881738 0 123
67.3498128175783 3.06944506116176 0 124
69.694960510448 3.4393262760937 0 124
63.6843796476157 3.21842884271364 0 127
67.2578654717704 4.14249015932292 0 127
67.3784496349459 4.3890697277114 0 128
102.381411900446 3.14373829228511 0 128
100.645693578916 4.42967806506546 0 129
101.375570222458 3.01342157326813 2 129
66.1422115419442 3.71830438082427 0 130
101.296527254161 3.37497892868739 0 130
69.1689977586828 3.10679428266497 0 131
70.4211868563866 3.1563593445424 0 132
74.1022461500256 3.31468502588405 0 133
2.51476102213817 3.17334603342959 0 134
67.3085390371943 3.39621816514674 0 134
68.3596264068868 3.711098270416 0 136
67.7755076418065 3.17486309627763 0 136
104.990316903199 3.5692728150472 1 136
104.46375441852 3.01157880080027 1 137
64.6691738063649 3.1359199341949 0 140
69.1504614619637 3.26464986173964 0 140
104.435091338567 3.07692280502791 1 140
67.2739261645987 3.16251583040914 0 141
72.460334730159 3.01291532754763 0 142
102.961419361092 3.52679555451482 0 142
0.0038548149980621 3.22451711644413 0 143
104.30562609502 2.99696639608301 1 143
97.1311579735738 3.78593980491087 0 147
101.352301334008 3.19223366613071 0 149
0.0402131879284787 3.00156929667804 0 150
72.6819310498367 3.00804298950878 0 150
80.9364487204076 3.04475424101749 0 150
67.2599508750803 3.05213329419522 0 153
69.8195800004818 3.38896769958683 0 154
104.779474179241 3.38952965544308 1 154
104.784119502949 3.90239793267699 2 154
104.785714781795 3.28234472769288 3 154
105.210852606747 3.02565120342838 4 154
104.846407621201 3.33713913743834 4 154
104.794566415957 3.41938873951969 4 154
68.3094188425944 3.55678653627278 0 155
64.0065562240709 3.03380040689214 0 156
72.0507433389033 3.48959063345517 0 156
69.8812404075357 3.17381825414951 0 156
78.6225344747338 3.67917560290225 0 160
76.8830255739622 3.18270208459437 0 162
67.4155959253012 3.35829035655087 0 162
67.3297817804715 3.38532394798303 0 162
103.175719095399 3.91586151026778 0 162
67.2583255387557 3.5288679720334 0 165
67.4706770304207 3.07821619367339 0 165
67.358931980672 3.70665725969598 0 169
67.2545398413615 3.12800365546685 0 171
99.0247680220403 3.1960031608643 0 171
67.2576689849025 3.02550447031583 0 172
67.2556757023408 3.10876292861098 0 172
98.4316707135784 4.44140675376096 0 172
67.6129248952062 3.13340207987014 0 173
87.7101221190242 3.32290779579502 0 173
67.2661950806266 3.21193931480786 0 174
63.9820603296345 3.09557557069655 0 175
67.3190558217755 3.00399984080871 0 175
68.5710074273882 3.20301746833456 0 176
71.2391212654203 3.18028102912322 0 176
92.0510672080844 3.11839810323001 0 176
0.197719982818507 3.24478537846273 0 177
63.9122629890565 3.0095287281625 0 178
67.2801086291822 3.04794673548376 0 179
70.3231934858568 3.48835018651353 0 179
73.4914982100852 4.04271145917143 0 179
12.5334133101235 3.11821472295507 0 180
31.3264461057413 3.1651113449767 0 180
69.0704331739302 3.02582577867587 0 180
105.100623262328 4.13518622380991 1 180
105.127174833191 2.99161916906331 2 180
19.4997027568963 3.58319209386473 0 181
67.2553522269483 3.08230535341771 0 181
103.438151706518 3.30873179751028 0 181
65.0908044222445 3.06716780286856 0 182
63.9345224341795 3.28941129068884 0 183
65.9327587982179 3.01666913677529 0 183
70.4980732719035 3.37745640636633 0 183
69.4935146273677 3.4845398874368 0 183
81.5864086780592 3.43315315365115 0 183
105.15360927184 3.14382273094622 1 183
68.0277980547753 3.0775232990594 0 186
67.2922412835007 3.13140234100295 0 187
67.3466720903655 3.01081631030165 0 189
93.7694502716342 3.36834101855661 0 190
5.48599232844686 3.37561485136827 0 192
67.4835296554955 3.16867960146191 0 192
67.3542586173805 3.04001936781736 0 194
68.1219297097093 3.11339187935822 0 194
71.557898396312 3.09329350609041 0 194
99.9213908939777 3.46762612127322 0 194
67.7965048402102 3.19664566828207 0 195
67.680411647265 3.09945680012883 0 197
85.2274321373663 3.11008203543135 0 198
63.7488117836766 3.21862372081496 0 199
67.5560524625703 3.07345708534749 0 199
67.8031691760931 3.77173549993759 0 200
68.2146639095954 4.07365751316981 0 200
67.3806746914333 3.40418409472083 0 201
67.2869792049176 3.29142435866499 0 201
73.3094777252613 3.00207448832569 0 201
84.1375290954971 3.41400873938786 0 201
91.5144930767405 3.25300202701784 0 201
67.7734583037667 3.26040322455257 0 202
95.9378808143128 3.15449862414115 0 202
65.4211998871051 3.02126725298767 0 203
77.8013663866543 4.05051056804847 0 205
104.643397674178 3.04805261629959 1 205
67.2550769233512 3.09660656580991 0 207
77.1194900941474 3.20424679928175 0 208
67.2717861440013 3.23010941432713 0 209
69.2768045236006 3.92192104482496 0 209
67.9468347724627 3.20853655624488 0 210
81.6374139026667 4.01687404571488 0 211
67.3693725514676 3.20392956626299 0 211
67.2648290478182 3.11493895301656 0 215
95.1724084837189 3.40176877614622 0 216
65.5213798979141 4.67644173766221 0 217
69.8376860335237 3.0880277982316 0 217
104.344866075766 3.03043127777965 1 217
67.360512228412 3.2292337187045 0 219
99.493519762345 3.06246771313846 0 219
101.20836696246 3.0870700164005 0 219
104.449264353122 3.23661392553967 1 219
69.2257577393053 3.15664550391677 0 220
80.7330778603582 3.54828207587606 0 220
67.6602865810324 3.17527705353561 0 221
1.43435005584303 3.10657249518749 0 222
74.289707015385 3.31847769908023 0 223
63.8300850835323 3.33288665227643 0 224
67.5527178960638 3.56509782790803 0 224
104.301019846908 3.54216318613183 1 225
67.6023380753819 3.1607092871126 0 229
72.2612209137942 3.64908445719349 0 229
63.8888344100577 3.85811056321476 0 230
67.2620141222617 3.33893581381535 0 231
13.9470314782473 3.0705594187764 0 232
67.4229003298613 3.13630279932778 0 234
67.2543333411751 3.57834332829572 0 234
102.018839440846 3.14130936022063 0 236
67.7981866129972 3.21073878346908 0 237
67.3120216900838 4.73238101508946 0 238
69.7715712127639 3.06034055742875 0 238
104.948125349106 3.32204051676486 1 239
104.703604646473 3.02345291901596 1 239
68.0483642908303 3.33471007280226 0 243
68.4573300825036 3.14642122575239 0 243
103.40661474417 3.50637061956065 0 243
67.4548513511881 3.00561029970383 0 244
1.72939362027021 5.33791045340556 0 245
91.9326014721828 3.66074760420916 0 245
67.3792129127889 3.48472513987267 0 247
69.4149537569103 3.14953370995382 0 247
95.6077300329543 3.27321757300134 0 250
70.1097226031484 3.83220146722231 0 251
67.2688945691988 3.02506053860332 0 252
67.9029153622845 3.12764615510585 0 252
101.685386090285 3.12788273543628 0 253
101.096799300454 3.01777579330399 0 253
76.3168334691674 3.74849296927859 0 254
69.2893304361546 3.08502410904992 0 254
91.8850318193847 3.32314557343296 0 255
63.7356946619832 3.09866761981375 0 256
68.4768252245801 3.30200210309415 0 256
67.2764542890714 3.78550774456668 0 256
76.2401678740955 3.44993742439237 0 257
99.6821824055842 3.37540084416243 0 257
67.4006347956201 3.71831257050463 0 258
67.263181717823 3.01785261299567 0 260
67.2992192193624 3.26786419006067 0 260
83.2935758512585 3.31487700097825 0 260
104.321171998027 3.30794016756621 1 260
64.725786292477 3.28090210474762 0 262
71.4961997953376 3.22367918977386 0 263
80.792311847796 3.80861406562829 0 263
105.207540977028 4.33438610073585 1 263
105.211185366833 3.43586956113414 2 263
67.4898078935402 3.14141900918284 0 264
67.5365240803601 3.16258907733241 0 264
71.0750757813829 3.4213270273914 0 265
67.3441342096206 3.47571108548809 0 266
20.4379469938177 3.17152738011887 0 267
97.9175903668958 3.60260954451716 0 267
68.2373357738726 3.0083916221595 0 268
99.7004180717775 3.52123839043803 0 268
104.751891775503 3.20320466291108 1 268
67.2812447338801 3.12029540180801 0 269
79.770418368143 2.99441875517131 0 270
69.8218217368766 3.57383855450446 0 270
67.3995883414398 3.23828872645252 0 272
67.2595438782768 2.990958760959 0 274
0.317515275958497 3.30048387617515 0 275
86.9970309308241 3.09213485340274 0 275
64.1099192734276 3.13915693837795 0 276
67.2787031182193 3.0491434326732 0 276
67.442167102996 3.42778110416232 0 276
67.4499967703589 3.16852050089431 0 277
67.3550115815436 3.11916088627726 0 279
64.7982304633821 3.64545387239944 0 280
67.3484436702165 3.09172128075236 0 280
75.8741047176135 3.0596971137056 0 280
104.837880470305 3.14318506229008 1 281
100.61641332837 3.32961672425744 0 283
0.0362540716389963 3.13897524361611 0 284
67.2668836737306 3.76645973766467 0 284
67.3809821457848 3.12734158046326 0 284
67.3043048441039 3.16714065412288 0 284
2.28017121041732 3.64712860482451 0 285
64.8077574891004 3.18738423531318 0 285
64.1098280238685 3.14683066155348 0 285
65.6231634022064 2.99908171345181 0 285
71.884282657971 3.38347731654652 0 285
104.966870606625 3.10889609506812 1 285
88.2634406372224 2.99770649754512 0 286
105.031422414798 3.43670378817525 1 287
69.1986310894563 3.5284638346966 0 288
68.1411014923048 3.18126151733571 0 290
101.1852067675 3.47273928454976 0 290
69.0321892793074 3.86607261335496 0 291
104.846142077334 3.14363982570897 1 292
96.5922492149857 3.02772438877023 0 293
102.560925353282 3.16837813738629 0 293
65.3186590303065 3.07586250447329 0 297
70.3776075384901 3.297770526355 0 297
67.4994504695255 3.68658004550456 0 297
104.259457005169 3.04317329672373 1 297
67.4514253091181 3.43290059871782 0 298
99.4626717852138 3.83148753383695 0 298
64.3589841115892 3.07172865583761 0 300
64.088309800322 3.13807639106732 0 300
67.7812512654501 3.84786758261262 0 300
0.586528676589395 3.02856814865844 0 301
73.2050414606414 2.9999694093555 0 301
82.8269352154171 3.50938172617145 0 301
105.235779280988 4.46109737262354 1 301
105.241339267762 3.31885657705701 2 301
105.252231603049 3.52560762247453 3 301
68.6617476275026 3.05911144582636 0 303
67.4363169798098 3.64426243084239 0 305
99.8329648758023 3.64280202166543 0 307
67.3590335265326 3.14707192966717 0 308
67.3268238508286 2.99483997323941 0 308
96.5105613129743 3.01208328417904 0 308
101.84877791155 3.05140329213712 0 308
68.980105360576 4.29821020065188 0 310
70.6344230744709 2.9940942509929 0 310
71.4668735740358 3.75394307062617 0 311
56.1694593442156 3.94513269544983 0 312
64.1238758689342 2.99775787300478 0 312
98.7602194492562 3.14682744837958 0 312
104.876424486264 3.13139393637075 1 313
63.7460619466082 3.28677517116723 0 314
67.2652497410834 3.1880202576687 0 316
67.2983636040064 3.10124038417518 0 316
69.2557345213373 3.51271699833877 0 317
79.9652771190611 3.01009578459 0 317
67.5781461429703 3.28189406814034 0 318
104.467303706081 3.03001115744743 1 319
104.478455247804 3.17566012156863 1 319
103.537857632535 3.3784263841269 0 320
100.695528899174 3.23090132204474 0 320
69.3109548690952 3.01094506115358 0 322
63.7475244018581 3.12191367697268 0 324
103.575157797977 3.04789396744897 0 325
64.8801713144556 3.13289647550295 0 326
101.931324249801 3.09867596536827 0 326
0.101034546799964 3.11093376749212 0 327
84.7027301826256 3.12042742843319 0 327
83.8044059497205 3.05286253081784 0 327
68.3045931401556 3.11436010243977 0 328
68.5294114442919 3.42220895314014 0 329
74.720106494889 3.2131671818406 0 330
78.6667724695947 3.1681205477716 0 332
95.8387039111466 3.22144185048906 0 332
20.1200406689025 4.35470946449273 0 333
63.7838986165434 3.89781492242435 0 333
101.093108065456 3.16467767607427 0 333
68.8709464380114 3.1365432372788 0 334
67.2756918223888 3.49643184201002 0 335
89.2640889517709 3.22343254759559 0 335
67.3942322962558 3.13807978207882 0 336
76.8016952830591 3.16722483420276 0 338
1.13311674068614 3.32812270412575 0 339
67.6083329676812 3.14800825656134 0 340
67.3783549342056 3.10579565907653 0 341
96.6368154365167 3.28057299821035 0 341
0.0147763994257954 3.64385875461441 0 342
63.7743948510316 3.94127530358896 0 342
63.7225500130345 3.30976465796212 0 343
63.7424546811606 3.91489111676339 0 343
99.4626900302551 3.08442026736351 0 343
0.0449679157806047 3.12788602166974 0 344
68.5470216807814 3.24216989686604 0 344
68.2714827762136 3.03536172090192 0 344
104.617849796758 4.03423795918046 1 344
68.6169510838347 3.09578538039245 0 345
67.3987012552616 3.85317779197772 0 346
67.6092835658999 3.02265462282135 0 346
64.016730608746 3.46668646664343 0 349
72.4997933401879 3.27621816845478 0 350
66.2389651558989 3.09265814737409 0 355
98.0030085355325 3.06156274921781 0 356
67.5913815552069 3.22991240570046 0 357
95.8383936849782 3.30356184486535 0 357
101.686175522176 3.12409523565438 0 357
67.3012262344431 3.10855945291289 0 358
97.6799219755558 3.27053424290887 0 358
67.3570613355803 3.14972673801423 0 359
98.804202536019 3.36577903203204 0 359
63.96187327906 3.72044737825867 0 361
67.7337979662569 3.23440981782769 0 361
69.5014481971731 3.22178462967881 0 363
46.1502515082129 3.02988653573149 0 365
103.309008823045 4.46410594949807 0 365
103.416172016864 3.02012907555805 2 365
102.312077316027 3.1085835385774 0 367
74.1738506851096 3.20501817510087 0 367
98.520876957252 3.09627384701813 0 367
100.6723072883 3.63796559853975 0 368
70.6001196986891 2.99050568922698 0 369
0.120957812461305 3.39175220023658 0 372
63.771610315528 3.02619643305957 0 373
101.103307107594 3.09828563039377 0 374
67.5176097358607 3.16655242106076 0 375
94.522618972184 3.05719207023274 0 375
67.3381860258519 3.50304221979305 0 375
93.6998418863612 3.1012650059317 0 376
65.9503038049484 3.05913589911653 0 378
67.4270581687392 3.78552350666221 0 378
70.4790845797015 3.11884806333109 0 379
102.876801422356 3.02086864917909 0 379
63.8747062069242 3.42207631043286 0 380
97.1436852713679 3.37657651107178 0 380
0.0754511863058023 3.06241209332667 0 382
3.15249155492504 3.05705286020891 0 382
74.4459791254027 3.6167656713321 0 382
63.7700770651168 3.03293012218679 0 383
67.4953438503178 3.47316908704568 0 383
67.3039153348195 3.57797965401488 0 383
104.367879409324 2.9910044061873 1 383
22.7868706711092 3.19169351153963 0 385
67.3960331214571 3.00538168697045 0 385
70.3357432922192 3.00404618660987 0 385
85.8250975740727 3.07499507759747 0 386
63.8334627577081 4.07275619994641 0 387
104.991188021357 3.6518912114051 1 387
68.1275035630999 3.0323861837277 0 388
69.5975249198086 3.0293912579045 0 388
63.6940839487311 3.17429876255813 0 389
79.7717109976672 3.62406120698063 0 390
103.005041515965 3.04387935520023 0 390
67.4226018861748 3.75680415377721 0 391
0.786869857456011 3.49277143656383 0 392
69.1128665025718 3.1561527337098 0 392
68.3890551516507 3.29375064445902 0 392
98.0433274387413 3.10982651358902 0 392
105.011338303079 3.03154606257132 1 392
67.3967600261716 3.19270662001971 0 393
75.1077727411622 3.20528761534217 0 393
84.3742186774592 3.19637038525887 0 393
23.8264205767447 3.15440667504424 0 395
84.9030666768666 3.0638827683855 0 396
67.2851731193821 3.33421104525948 0 397
79.0238958015245 3.15289493922629 0 398
67.6060803453744 3.32447501770857 0 400
67.3723323026295 3.06036706221675 0 401
65.0257177522145 3.14143405670251 0 402
91.1363215835106 3.28398699067319 0 402
104.267254407033 3.5708141966123 1 402
67.9128877288305 3.1007516688122 0 403
103.035846229592 3.1595215704786 0 403
67.7395474969058 3.15952108286057 0 404
67.2706519457146 3.02577588803507 0 404
81.4055367262638 3.18084336313922 0 405
104.320871832761 3.22847621337954 1 406
63.7614401596629 3.09699875249078 0 407
85.0030951686858 4.14872453908449 0 407
67.6958551851128 3.11625027366717 0 407
105.198939167642 3.6157569492654 1 407
72.688086939871 3.72261024523933 0 408
98.8390147157417 3.46149808120346 0 408
103.382759959375 3.01132621679374 0 408
67.3334648659911 3.18214051358925 0 409
66.6436267829372 3.29337036632232 0 411
82.6806920418669 3.13706503492193 0 411
78.5944389817812 3.47074398551131 0 412
104.377945047085 3.32984017133086 1 413
104.38315138315 3.01337899521431 2 413
104.392288596627 3.36633427390907 3 413
1.02296763464511 3.6476987761231 0 417
67.3609745824041 3.15368315623062 0 417
67.4071408892427 3.34226112416277 0 417
67.4178041567083 3.5392466310652 0 417
104.644161577317 3.50306924731392 1 418
104.718464332955 3.14585504872773 2 418
67.2535924573655 3.95598764777399 0 419
67.5472467041829 3.2695825450844 0 419
73.7112437592361 3.93347160130758 0 420
67.6271977313393 3.00937582241754 0 420
103.17191085695 3.23838893161478 0 420
0.132225259956797 3.03741417440182 0 421
102.938949087354 3.44025294363678 0 422
67.3028150050617 3.0354158901887 0 423
73.3758001362902 3.72512189950385 0 425
67.2660054558319 3.00697673866012 0 425
77.7712682113743 3.00411196263114 0 427
67.2685980356214 3.84155438393781 0 428
104.843721050051 3.4084869634434 1 429
67.3290384470227 3.11110884030554 0 430
76.8414772893854 3.31728407299352 0 431
103.443254675468 3.07228746738598 0 431
86.3254263009268 3.87716952601633 0 432
68.2119290553292 3.15226095455434 0 432
97.9140069304914 3.05197347818185 0 432
104.627672447571 3.25383001909217 1 432
0.0384317049456764 3.71621924757844 0 433
73.0091684104307 3.3669079290166 0 433
63.7625356106778 3.46007377240467 0 434
102.429928338788 3.11533245929217 0 434
63.9011814463954 3.01617946663137 0 435
67.2716303406668 3.11655986852982 0 435
5.70262018840178 3.11189920505007 0 437
67.4616417526015 3.32794397053245 0 437
74.6141505807022 3.11761556991059 0 438
104.48999097336 3.08385492719735 1 438
63.757222598804 3.40868870642719 0 439
63.8977516135137 4.09403496967003 0 440
72.378254700084 3.20179966071481 0 441
96.6766467748309 3.50347173689837 0 441
64.7576963608611 3.23919394327607 0 443
67.3722972049548 3.40147414700273 0 445
64.1390702869117 3.01355402533961 0 446
67.2629044732294 3.25812957695338 0 447
2.40425033383349 3.48292541338224 0 449
68.1083128620875 3.2314115479378 0 449
103.458856191215 3.53696886682474 0 450
2.24844366096027 3.15490229597617 0 451
67.7362082979034 3.35901402027683 0 451
1.46692092563322 3.07288567684937 0 452
67.2566966285753 3.19502912469116 0 453
67.2977753106556 3.05932278302432 0 454
67.2693615153566 2.99361124874653 0 454
67.2704997998318 3.24685089904163 0 454
67.5468504805859 3.987268295488 0 455
91.9424101798903 3.73564827760092 0 455
75.3248194702485 3.027814149721 0 456
63.8352527018695 3.53573100415262 0 457
67.5711449866754 3.03920046335541 0 457
100.169590971744 3.68329218002782 0 457
103.544114856633 4.1021425621997 0 458
104.860619632508 3.29766989778517 1 458
104.872432446258 3.33670838303446 2 458
104.900723907797 3.0678356599369 2 458
105.125911067776 3.00377943294222 3 458
76.6118477316948 3.03547593455618 0 459
67.7019549653813 3.20811618663564 0 459
0.334319685866296 3.14953834982341 0 461
89.1343516132839 2.99272716340667 0 461
6.96076939635005 3.01975991302467 0 462
93.8083828151938 3.70740748153419 0 463
97.2716736679056 3.92363879361995 0 464
67.2683311960654 3.08777180194804 0 467
67.8570314749577 3.32836217653552 0 469
67.9987708542503 3.69364730251451 0 470
67.7595691634318 3.18633528168195 0 471
0.257046664888551 3.07743813722977 0 472
2.57678895087693 3.38819216115279 0 475
71.7456016396841 3.2650185563777 0 476
69.7271159137346 4.14772130858807 0 476
71.0335696072146 3.45290537172982 0 476
82.2065993461518 3.11106373561367 0 478
80.7484563603833 3.36594736118968 0 479
77.5689436882591 3.79722331697907 0 480
68.3052652907582 3.04998169168979 0 481
69.5266646806353 3.18573696087987 0 482
67.255385423282 3.11114319601018 0 482
67.8091403610669 3.45907974661905 0 483
68.0103766193916 3.93444515046861 2 483
68.0395342615722 3.10803855801239 0 484
66.6846824518007 3.44231998413424 0 485
67.2622501385878 3.10451348163561 0 485
67.3828791090844 3.14571730103381 0 485
67.2721619770393 3.51888364708016 0 486
67.3187855836517 3.12629063424814 0 491
68.3574010329072 3.95692131584411 0 491
67.4774081460533 3.06888698622533 0 492
104.753587736729 3.08966394864196 1 493
76.9358124465747 3.50422837915355 0 500
67.9705053120495 3.2498143561968 0 501
4.51901600422632 3.53450332493132 0 503
67.2623880512443 4.32686405747208 0 505
97.6269905551399 3.19778750398301 0 505
65.8984201306918 2.99687142145181 0 506
69.6449547655023 4.17932705206497 0 507
67.2568379472426 3.05554952857008 0 507
67.2566430604085 3.16730663890573 0 508
67.6620035054247 4.17053818338763 0 508
67.571322480197 3.35936089735288 0 510
91.4035402272521 3.65657786081301 0 510
105.104152018651 3.34715971154313 1 510
96.9123802234544 2.99503761441489 0 511
67.4234493832013 3.1106025092822 0 512
67.264796710522 3.49005899414311 0 513
105.139281518272 3.38533986774973 1 513
67.8396378028136 3.06783613859073 0 514
67.3575642630754 3.47421860269314 0 515
68.0268396843877 3.09831537948642 0 516
0.00465846387306238 3.03686696309371 0 517
81.1951532223433 3.21246989275659 0 517
67.3932809056948 3.07694731401084 0 519
68.5509162941315 3.02540391456265 0 519
97.2175100136835 3.24014967370191 0 519
67.786313756705 3.26990569839357 0 520
67.3502542993226 3.18238362382037 0 520
67.3927711329886 3.46577201413495 0 520
71.8112546933659 3.50184783647082 0 520
95.2452682593595 3.57045094315399 0 525
69.3069399048633 3.29527530621069 0 526
3.37745319574447 3.35551248778232 0 527
67.4850606417295 3.21969800019273 0 528
77.2656907177406 3.47944009483096 0 529
1.33673883746599 3.42567110294269 0 531
67.2954744144399 3.56450547273911 0 531
73.2533398341124 3.2272194975671 0 531
67.3681748640971 3.30805945657109 0 531
67.2615018351795 3.05092337461818 0 532
99.529294986195 3.01406383435108 0 532
98.7864840846847 3.39558441228277 0 534
104.804140615723 3.38921923044452 1 536
67.5240142219392 3.33700904264508 0 537
90.9202667886126 3.26469267919067 0 537
69.6010064095518 3.54860047060426 0 538
104.911793487127 3.00301933892493 1 538
71.5493253744262 3.14881719987301 0 539
95.3975847751554 3.02128122894743 0 540
80.9525609940953 2.99750846738304 0 541
95.9012003858816 3.20630828621889 0 542
95.8246290869729 3.40239196349847 0 543
68.0037368764283 3.34225629645648 0 544
2.35462453748124 3.63543123178793 0 546
67.659914637748 4.10633650457185 0 546
67.7403171455538 3.11828498409379 2 546
67.3113847690408 3.0947474279329 0 547
69.8388050432526 3.97648046827773 0 547
67.2577019395329 3.31270794609714 0 548
90.8264869728379 3.15711215475873 0 548
67.4896352393739 3.07953538206488 0 549
44.3600412474778 3.10239929758916 0 550
74.91874980286 3.03183089224359 0 552
67.412241843672 3.13639415482217 0 553
67.8396759561469 3.10268541104078 0 554
73.2196155687546 3.58916611390685 0 555
103.297462011224 3.47301283895444 0 555
1.36179900041488 3.13875295555199 0 558
67.2562672323295 3.02791569197171 0 558
67.291483227205 3.15621671159622 0 559
0.148903410847 3.23545025589046 0 560
103.60855995347 3.42681577952232 0 560
105.224164515016 3.40251403069627 1 560
67.2657958922363 3.16247339855184 0 561
67.2601591074571 3.34026835607244 0 561
104.964761780323 3.3116404246561 1 563
0.463099350835253 3.16082291014161 0 564
67.8822994998077 3.11959948026039 0 564
87.5570537358741 3.02185396147681 0 565
67.2579910028158 3.03223172198808 0 566
97.2682356830536 3.41107428378617 0 567
68.1201191262142 3.3775698530712 0 568
68.9427206576311 3.1300265680158 0 570
97.7446272270389 3.2103208727029 0 570
97.8362213327271 2.99010206213424 0 570
67.6438748940103 3.05672795254592 0 571
67.2605189322667 3.05020828480894 0 573
67.4478938257746 3.02155692157584 0 574
68.5595995383642 3.00810468856465 0 575
102.847152345579 3.04322833895181 0 575
103.266523553585 3.14744983560806 0 575
104.741785373985 4.05479009452879 1 575
104.741865062986 3.16206098534188 2 575
67.3462447838522 3.36110520298524 0 576
0.0010812997184207 3.10618532115647 0 578
67.5536127236412 3.23007782287278 0 578
4.67357992834222 3.16103755765854 0 581
67.5628150755465 3.85140152447401 0 581
97.5570483506009 2.99780926336273 0 581
96.9247940404529 3.16240125350293 0 581
96.6713742765405 3.06902391607463 0 584
67.2753123930414 3.04189226463227 0 585
68.1697695958027 3.18576711436741 0 585
102.82473720528 3.30220030125289 0 585
77.6130753496919 3.08808620681254 0 587
63.8137655055431 3.00437878050026 0 588
0.0412834807125343 3.40563503005761 0 589
63.7552087045644 4.16161158453859 0 589
67.6847879824811 3.04298947408541 0 589
67.405352540449 3.34917443653246 0 590
104.669523484829 3.02455496823377 0 590
0.188721613439726 3.47913331325856 0 592
67.3116761328609 3.20562157734028 0 592
67.4649643307597 4.45141459647564 0 592
104.97881873276 3.02450935057506 1 592
63.8684394227753 3.42109952139162 0 593
71.7294243708131 4.63628966657217 0 594
91.063484851172 3.9752125091656 0 594
69.0878802282363 3.38983739892119 0 595
67.6737203528091 3.54894319139764 0 596
63.7885740259103 3.27731942567107 0 597
70.124075692924 3.8411894305496 0 597
68.7102290092631 3.16704284752451 0 597
63.8900970607904 3.30831062251664 0 598
67.3454758532092 4.17152047967989 0 598
67.2625371555781 3.01345512638016 0 598
67.4384142270579 3.67790767151504 0 598
67.3319998170168 3.25232065815498 0 598
65.1401807687534 3.23934985820919 0 600
64.7607895723766 3.25720480542765 0 600
83.7570955783782 4.30336931633076 0 600
105.016701977913 3.13238986854745 1 601
101.090824003619 3.46084449124977 0 603
83.2742666095339 3.38100198172084 0 604
86.3965349736396 2.99051361931207 0 604
73.1732019358413 3.10751673162846 0 605
67.3554160470059 3.35871658994273 0 605
102.827563708977 3.1700125817635 0 605
67.3819659775087 3.25135414529633 0 606
67.4710995421289 3.18000531710522 0 606
68.5125634830261 3.19084654947286 0 607
67.2740673978709 3.50944131706327 0 608
34.4570699671097 3.0494484338869 0 609
68.1881817386314 3.2666632280295 0 610
88.6728174337928 3.04025100672981 0 610
67.3432383966854 3.08049968966002 0 610
101.090223784797 2.99592071126489 0 610
2.14959347767058 3.19476976931169 0 611
68.3812014158966 4.34208875323332 0 611
0.170593357010158 3.05415204782744 0 612
63.8216745090479 3.39024129328212 0 612
97.823338425614 3.17431655478412 0 612
68.0321242959352 3.06976534078448 0 613
83.017449541182 3.03577613994055 0 614
66.1209104606342 3.47025348812847 0 615
73.1403804097084 3.03798127825311 0 615
67.788340598304 3.91134659935368 0 615
1.15621643778263 3.26399199303323 0 616
99.7342464957991 3.08132897252591 0 616
63.7660259192033 3.27747635245692 0 617
103.031066335195 3.10663416349268 0 617
38.7808937546626 3.07199358822524 0 618
67.2671248541593 4.03972812796369 0 618
68.3344180918415 3.15025585892282 0 618
96.3636219003908 3.22567802365557 0 618
101.158843153043 3.02161556934562 0 618
69.6239416328128 3.20084482796665 0 620
68.2315593089793 3.14749106212934 0 620
67.2893263551558 3.66172151086586 0 621
72.9387738132232 3.08127524848448 0 623
70.4274665407903 3.48278378814193 0 624
100.727556982573 3.31570565177086 0 624
67.36961710697 3.23255352460484 0 627
87.3068133455085 3.04838225835644 0 629
68.3996587586274 3.15333830474956 0 630
67.9110214367264 3.16213394505676 0 630
69.1554440347581 3.56647270715601 0 630
103.157036232627 3.54806665201791 0 630
16.2197009899385 3.45723069673067 0 631
67.7100011824304 3.01337308082206 0 631
71.0158518323128 3.37957898113264 0 631
64.3478116041322 3.46641995425721 0 632
98.2236033255328 2.9935909913326 0 632
101.099729800759 3.17555155309797 0 633
70.4618289754033 2.99039461174362 0 634
69.7987234293179 3.11284813557125 0 635
104.705534556628 3.23418945977307 1 635
80.5648470860785 3.17753246020924 0 636
101.123616735494 3.04675349598785 0 636
67.6467331149348 3.35672552268347 0 638
67.2573414986258 3.25628374875823 0 639
69.7535222903749 3.04064555651761 0 639
69.3405078084367 3.29775851169729 0 639
67.2659750581875 3.01671542620092 0 641
67.3002177893739 3.05315330006942 0 642
68.2441498037708 3.28109889786431 0 642
99.5580801427596 3.17144597638667 0 643
103.44590565141 3.20390575856651 0 643
102.879063571239 3.58070481565008 0 644
64.2514444893364 3.1887311144706 0 646
67.3423564576987 3.25995565732449 0 646
69.0707312437408 3.31970148988591 0 647
104.996362936198 4.15849133082131 1 648
105.00646036661 3.10762106299607 2 648
105.017193467841 3.51530352491998 2 648
105.180687471114 3.11152790795696 3 648
105.185138503456 3.16594088897608 3 648
84.3371397410103 3.31098947068384 0 650
67.2613757001299 3.46439310919893 0 652
67.3656393061845 3.10891863380647 0 652
67.5323060339852 3.30003583785407 0 652
74.2039542469606 3.26778672650633 0 653
67.4095527539338 3.25825639573551 0 653
105.060494829183 3.04869917250725 1 653
66.3210285117668 3.21625810037757 0 654
63.8207397921841 3.02493123787459 0 655
67.2627845650835 3.08491784997717 0 655
67.6906398700873 2.99251950921655 0 655
0.157299012505096 3.81631507243385 0 656
73.6401527446614 3.23896155594565 0 656
104.332137240543 3.19913645813009 1 656
70.8855939919335 3.13768179113924 0 657
68.0037586312462 3.54257895964956 0 659
63.7481062381863 4.07518165897646 0 660
104.354364773006 3.33327908738649 1 660
104.577268876992 2.99709779361471 2 660
67.7723782655247 4.38951504750453 0 661
73.9786684884765 3.73626451707712 0 661
67.3267640154323 3.04109904416172 0 662
67.2816880239345 3.05202572191205 0 662
69.7298584441331 3.28146217362839 0 662
70.265017005475 3.17044371017449 0 664
76.2571812457024 3.07766692627543 0 665
98.0316163366512 3.32315525392313 0 665
101.353597233388 3.22547029418134 0 665
103.728493557929 3.32332952674476 0 665
64.372188280473 3.08526916020984 0 666
73.3944318107881 3.20420536810935 0 667
103.518952154702 3.20803778919961 0 667
63.6626204618251 3.27603169985959 0 668
67.3567764009149 3.22330773935395 0 668
98.9995142167308 3.94653337073671 0 668
70.3049789175536 3.08308768757825 0 669
69.2282491539209 3.94952245521378 0 669
67.5169357348189 3.64215297556106 0 670
65.5628953787169 3.10585324010886 0 671
68.8582260184355 3.6760110336249 0 671
71.5660032025091 3.58031010281564 0 671
94.2207033571791 3.45262039076908 0 671
103.413828708524 3.18510822567963 0 671
67.3091092646793 3.34638089438205 0 672
67.3430503109458 3.19137425245963 0 672
101.145128129667 3.27214646305346 0 672
101.850602167474 3.37598938957881 2 672
102.834693518616 3.41856298997325 0 673
67.7099536251632 3.20262688402198 0 674
2.16944108614248 3.19621294583426 0 675
67.2756374658367 3.28072010732352 0 676
68.6761885495152 3.61671754557078 0 677
67.8166167762469 3.09991964355568 0 677
67.3051960258473 3.03519730849407 0 678
74.1706458051854 3.3323164994061 0 678
71.0961795154837 3.47469693565913 0 679
68.8545321044621 3.22553518017019 0 680
67.3519585035334 3.56274781318774 0 681
104.785190042322 3.18352206179768 1 681
67.7003720951802 3.27760996906325 0 682
70.3342220929796 3.61611436979579 0 683
69.1600957124067 3.50234152041247 0 683
74.2149653430106 3.24926145804996 0 684
96.9688132132791 3.4581474924488 0 684
68.3306772540945 3.6257206160862 0 685
68.1115244107524 3.01091467466712 0 685
68.4898469278502 3.11519784142134 0 686
67.267704356995 3.06681675863691 0 687
67.2809246506498 3.10800397493664 0 688
67.6518550187728 3.43536224297434 0 688
97.6004868970813 3.08490684744215 0 690
63.8435766665364 3.24583432285361 0 692
22.8619899504517 3.03080767743023 0 694
68.9690805559748 3.22888298634919 0 694
92.5417154344101 3.03682253301891 0 694
105.040556700182 3.54508096960039 1 694
75.8789283526986 3.77662126473615 0 695
63.853916608677 3.44174184914309 0 696
69.7988934963181 3.29596117799013 0 696
105.077062919484 3.0527460021258 1 698
67.2593869133737 3.08437837674859 0 699
67.7843735505241 3.80313475744218 0 699
46.428440568991 3.14874001065116 0 700
67.2591246295181 3.23725783431015 0 700
95.8379819316809 3.24631970853896 0 701
24.3632765774878 3.16265520509305 0 702
104.899284097347 3.19509357873588 1 703
70.0344730442164 3.41590304680982 0 705
67.6639523211689 3.40587447237619 0 708
92.3623733135304 3.33838643769306 0 709
104.847777832513 3.54472426750463 1 711
101.122078436005 3.13606127661978 0 712
102.965068476328 3.40917524469701 0 713
71.5269703743861 3.17551004724533 0 715
69.9397462718226 3.06493604423021 0 715
3.3336092625578 3.57153054173442 0 717
104.550481513356 3.52641066862255 1 718
69.7809012060873 4.0496003089505 0 719
80.7676258539199 3.90061797509092 0 719
91.3718133905085 3.67382994276211 0 719
104.264445261545 3.36585355250939 1 719
67.3117019967214 3.36172413765389 0 720
77.2557634666539 3.02744425471263 0 721
99.4821552666091 3.04021294056907 0 722
68.0078518501982 3.01997512853283 0 723
64.8807660767625 3.15885071335163 0 724
67.2701285021965 3.12708270482479 0 724
101.074112201506 3.68750446783181 0 724
67.5581716510665 3.00903656948519 0 725
43.2165356991394 3.33025202498885 0 726
75.7985964105267 3.34682138097828 0 726
81.1120847184825 3.07197833285588 0 730
67.2988271217818 3.0371266130454 0 732
97.1560791139383 3.05565249364075 0 732
103.734589730824 3.0261417867439 0 732
103.841955384747 2.9919427921656 2 732
63.9904185321781 3.00186216227724 0 733
67.3157918694244 3.18834996198433 0 733
85.6327665117752 3.45837003289439 0 733
67.4632308891981 3.33164852754181 0 734
67.3935913514944 3.77820101626683 0 734
67.7890946312321 3.03107095729461 0 734
67.5524869179116 3.23127718480702 0 734
65.2589425671396 3.15241666466941 0 735
67.3967849378517 3.41790229981092 0 735
67.4166570821603 3.61658373191372 0 735
69.3117977151024 3.04421590420098 0 735
96.7953962997384 3.30821639328327 0 735
63.7638082395858 3.32809893399661 0 736
69.0629507625431 3.76481233947121 0 736
80.927150598309 3.01993951923793 0 736
104.881362364841 3.6899764565172 1 736
81.1121092135609 2.9924764547263 0 738
97.9973322371448 3.00930698420513 0 738
104.811383174713 3.23899907257454 1 738
104.339271068088 3.34636646986521 1 739
67.6170962949453 3.85504554807544 0 740
104.492731636836 3.08739558768148 1 740
67.268974335004 3.32247083871893 0 741
97.393816603983 3.19384248933007 0 741
64.3509994435833 3.00919849266154 0 742
71.5770383583401 3.16983964838588 0 742
104.201445926305 3.01609767561233 0 743
67.3717440011616 3.67250322678541 0 745
76.0998862875606 3.31779759733866 0 745
73.7911357140953 3.08511116657784 0 746
1.83974239788455 3.32616375330757 0 747
67.3008512465243 4.06409691328619 0 748
67.2865216057284 3.17885746244973 0 748
88.2777951927949 3.24402386331324 0 749
63.753905620128 3.14581322317999 0 749
68.9131675547998 3.38951574613505 0 750
83.9927264330372 3.55370301410894 0 750
105.208140877755 3.06065314183044 1 750
0.684840642646414 3.01962609491133 0 751
78.2775689612782 3.4574353156396 0 751
64.9726127861473 3.01130812814623 0 752
65.2243715687139 3.14839111845629 0 752
66.5940201308222 3.52717901269725 0 752
73.4548729764438 3.08804798083114 0 752
73.7583656817607 3.06344488315496 0 753
104.88255157035 3.40921606161309 0 753
69.3029726742056 3.48340050330783 0 754
67.2552720475977 3.23399732455961 0 754
89.1642596564826 3.01495263061855 0 754
97.2967008670248 3.12029746309149 0 754
63.7435623996935 3.08124508816345 0 756
95.6625938907658 3.89900779835074 0 756
89.7901714776459 3.12438528596642 0 759
98.4221940816902 3.0857425021937 0 760
97.6575855413109 3.04154942972688 0 760
72.7770564334577 3.00955777138471 0 761
63.7635580333242 3.58422546562687 0 762
67.3948773414156 3.28401058023672 0 762
97.3724148506752 3.84813012163392 0 762
92.520907130379 2.99642980466316 0 763
82.8885466745665 3.0111004684577 0 764
64.0398809760224 3.26188148626074 0 765
67.6796106909363 3.01643896076763 0 766
71.102073199742 3.16866567637797 0 766
99.8378970733848 3.57561867439611 0 767
0.0647028755743815 3.74960432630746 0 768
70.6379961592336 3.24682321253141 0 768
69.8854289804511 3.07581903027376 0 768
67.2402110291556 3.17796325960303 0 769
103.883640316864 3.2398448180837 0 769
63.7859345459873 3.01516331439086 0 770
69.6659802220108 3.16018583468869 0 770
97.6673903902552 3.19273196737125 0 770
22.7455715934981 3.80441441586144 0 771
63.7626821166439 3.37517674436923 0 771
81.3110752997385 2.99798254142594 0 772
67.2899707133947 3.49086021750536 0 773
89.1440900119377 3.36410605250801 0 773
103.456720497473 3.47511912107651 0 774
68.1935820331979 3.11666554335839 0 776
67.259089773849 3.19092536802665 0 779
67.3985217642497 3.65631900850265 0 780
83.7494623760777 3.49193388211422 0 780
91.0517302500774 3.07024232330258 0 780
103.416270293976 3.22451371038313 0 780
67.2608433409814 3.22245630859137 0 782
67.2535894512175 3.0586514354972 0 783
67.3591144786146 3.16136873512897 0 783
67.2900126212914 3.04606202960207 0 784
96.9941202360609 3.62747390967938 0 784
104.380553796402 3.07627246476161 1 784
0.547782174025475 3.12651050301956 0 785
67.353249740015 3.10148735990392 0 785
67.4426019595072 3.58248246763923 0 785
67.6236381728954 3.45810714010209 0 785
102.832283723179 2.99789062649457 0 785
73.0183916304114 3.74362902003033 0 786
99.8687570203814 3.03877216016837 0 786
103.840053986831 3.17423565366659 0 787
86.1621159997147 3.11823245412953 0 788
83.7844030968319 3.23145086377517 0 789
67.2763700544442 2.99573247450446 0 789
67.3589676900368 3.07608557055869 0 789
104.317892811475 3.02687942549807 1 789
82.0619313006372 2.99175167300949 0 791
96.6974071755503 3.11068212765681 0 791
80.9512779109786 3.06425873794203 0 792
63.7121332027991 3.23985656240018 0 793
67.3178615486274 3.46441726475329 0 793
77.2112443786275 3.00411559333288 0 794
67.2874368534762 3.85956076074012 0 794
95.2095089269213 3.09234832118077 0 794
70.7539412649017 3.04524656011341 0 795
68.165376396597 3.19722424047828 0 796
70.8044746107944 3.1574643383458 0 796
67.3290352444176 3.00891945163309 0 797
71.0076808596553 3.29991016540337 0 797
67.6420164745647 3.14355099070043 0 798
10.0086863441467 3.50449317108893 0 799
69.5131089787253 3.16215924696394 0 799
67.3687025660287 3.34943416561609 0 800
70.62165815338 3.00686842559733 0 800
105.173143144678 3.22873696739336 1 800
67.2629943030812 3.0241982400204 0 801
66.8451462944442 3.11399223425004 0 802
67.2591435511548 3.73210270354155 0 802
68.7310036442292 3.71127367111964 0 804
63.7632605103202 3.90502337669857 0 805
67.4532313295574 3.79912752188058 0 805
63.7151129915024 3.05191970189643 0 808
68.3830694355806 3.12597226981619 0 808
78.0693250642523 3.15942678762262 0 809
67.2593971048617 3.04117253546399 0 810
67.3342398519136 3.06145161001304 0 810
70.9024246529661 3.03097354235257 0 810
73.7169038031183 3.38434138720457 0 810
97.1809685616304 3.61929281043262 0 810
97.6817538827737 3.12417539374776 0 811
97.1754566031215 4.02825687977364 0 812
24.1215713984603 3.03208296096379 0 813
80.7431478184264 3.68240048283189 0 813
63.766632705882 3.02591378683751 0 814
67.3369107913118 3.07072135173974 0 814
68.0473269594083 3.20530611862098 0 814
104.301677317339 3.06490368420735 1 814
67.4552537883844 3.02253845213056 0 815
67.321033346348 3.19445082076818 0 816
67.3796025908154 3.09626461666179 0 818
65.7026137596831 3.51001085848528 0 819
67.645592373588 3.08851846690857 0 820
69.6051781571956 3.05025204369651 0 821
104.63426102789 3.07695747441639 1 822
104.963035198773 3.08573435507957 2 822
0.0743883346806509 3.91586767615519 0 824
32.3643974502039 3.35617598458859 0 824
71.0645248106349 3.07915641333179 0 826
0.602925486058259 3.04276906905388 0 827
70.5723941760976 3.42117707916727 0 827
67.5067739369772 3.1728206044788 0 828
96.966033429782 3.22565317085863 0 830
67.3836425904647 4.61418502369343 0 831
99.7411383011041 3.04530854577174 0 831
68.7776084987404 3.36057336334947 0 832
95.4407214820246 3.33190361993709 0 833
101.165550783985 3.60119920693744 0 833
72.5561844818002 3.31031918217934 0 834
82.3690765726101 3.11623965695481 0 834
103.526512004179 3.19266091722855 0 834
74.1460022335903 3.16518004579725 0 835
79.1777767354531 4.47989165896504 0 836
63.8803544343827 3.01572422453184 0 837
74.3008349544691 3.38103492888489 0 837
67.4349020780981 3.48500597937311 0 838
67.9303577748742 3.39172023894028 0 842
94.9873367677361 3.07365524292243 0 842
67.3023218554034 3.12622426199681 0 844
104.510535812452 3.42994586856748 1 844
104.512101615716 4.11574651758655 2 844
104.547584642935 3.03154895535179 3 844
67.816446369704 4.11548271729381 0 846
67.9144718664292 3.05567692513687 0 846
65.0944827967448 2.9965731755049 0 848
67.4989543063213 2.99719227078159 0 848
64.9859244833903 3.60130892514635 0 849
77.6946659092297 3.02425012334869 0 849
92.4342742520796 3.29526279217373 0 849
63.8897256280513 4.11455975801086 0 850
67.8870848239643 3.41445323222896 0 850
104.425359354801 3.06193126216844 1 851
74.9734037549822 3.40141543985231 0 852
67.6635375955331 3.27351874534846 0 853
24.7083132956374 3.52818017230279 0 854
70.6822278988351 3.40127616634586 0 854
104.967294580051 3.07348217290875 1 854
105.065783523114 3.10581344569772 2 854
0.126831824073509 3.22415004579709 0 856
67.2893859098203 3.28521377794783 0 856
71.0881749141629 3.24866149794472 0 856
67.4188774214501 3.00626705571819 0 857
101.737938453546 3.07557765919845 0 857
105.224971294551 3.03835256690034 0 858
89.1870759531112 3.61696894500542 0 858
63.7620900941994 3.16232963682049 0 859
67.2961662675984 3.02914827612945 0 859
67.4362213313016 3.26818122316464 0 859
105.068625765135 3.41011690214589 1 859
69.0819618518317 3.43812361735275 0 861
83.885803164273 3.10463899412215 0 861
100.604694357483 3.21626047517632 0 861
67.3063107043442 2.99243021710211 0 862
67.6892713655038 3.76168801277143 0 862
67.384308241332 3.03432928310391 0 863
65.0160369446885 3.55034043593798 0 864
67.3644787849562 3.33776087766489 0 865
67.3341388795915 3.13928271747143 0 865
63.7580429126664 3.21417796326627 0 866
0.652669172174528 3.99232443302574 0 867
77.1602622111625 3.19324135946035 0 867
88.3423644403866 3.59099004283399 0 868
67.9439088320799 3.09965609320695 0 868
67.7250213135279 3.00492134751055 0 868
99.7027663838502 3.47693364970243 0 868
104.650151329561 3.14070298988296 1 868
104.914063602434 3.33592517426031 1 868
104.581275495448 3.10290798453121 1 868
64.3619800582263 4.15951449295942 0 869
54.2185606460826 3.1509978894982 0 872
104.374639418888 3.14421709410637 1 872
105.116664361888 2.99644419322299 1 872
6.95764147145162 3.86767640434839 0 873
68.0318784548318 3.69533022652736 0 873
67.7611742061015 3.7204717550371 0 874
71.4303476504971 3.01537905731684 0 874
63.75461714226 3.59477879037544 0 875
67.255728213983 3.08806785243976 0 877
72.0339578241217 3.17509106853659 0 877
75.0709560580814 3.07696602488675 0 878
99.5394609008725 3.93821505445388 0 879
68.6383154321272 3.09663893734535 0 880
70.3964439975561 3.84069107674509 0 880
67.2792783299875 3.48821335959216 0 880
67.7642977633319 3.16495530463259 0 880
67.4464362432667 3.40056203195692 0 880
89.0824034169889 3.70871246674409 0 880
105.184162985514 3.78161779017469 1 880
105.187902130997 3.26809585634051 2 880
105.202110310404 3.00593421452411 3 880
105.228353345638 3.26637777640666 3 880
64.2794815266433 3.49137019077566 0 881
101.129710614463 3.08175048255387 0 881
67.2663322592615 3.34964666539209 0 882
67.2865259238859 3.32652874911051 0 882
68.6293024860054 3.13467015858566 0 882
67.3958854463546 2.99641782989159 0 883
93.5520526620902 3.34856002176028 0 883
83.0997196777894 3.17130772383903 0 885
67.3784413435963 3.48248192769949 0 885
95.9083489905736 3.16927416386359 0 885
82.5838799131463 3.18979547313537 0 887
67.2741014929418 3.33339830481887 0 887
67.2745740958781 3.91386372996704 0 888
83.6108407313107 3.26124237753554 0 889
68.0437676901531 3.93451705920683 0 890
67.3421402466147 3.79235469293618 0 890
67.3869659093053 3.05780345098769 0 891
63.8403856780291 3.00991734897558 0 893
102.849360681812 3.37262672211291 0 894
104.501345407664 3.51213882605296 1 894
80.6082002907223 3.00425289196675 0 895
104.868101326729 3.18695847054902 1 895
63.761408857566 3.6843458176485 0 896
68.3427716596141 3.30394924716355 0 896
65.0612738928974 3.11179517223228 0 897
67.3158150184909 3.1441948345479 0 897
79.7464578459583 3.22855597173399 0 898
67.3615226081973 3.53367306800167 0 898
67.6031726674634 3.14979302867484 0 898
78.1235197872181 3.31228797448681 0 898
71.1106839116695 3.73975969463378 0 903
68.5142317510366 2.99349442741964 0 904
102.684366449667 3.02065998295826 0 905
63.9279752658142 3.37509730731763 0 906
67.258332891927 3.10866674508752 0 906
104.869633347242 3.37215828455734 1 906
104.700498809522 3.04938496346846 0 907
104.781675436886 3.30189782645605 2 907
104.885399981898 3.773331977418 3 907
104.897984669706 3.25630762002045 4 907
98.1159143519072 3.13781754481621 0 910
65.5699950676417 3.57468439409543 0 912
67.5303863438376 3.04829497169982 0 912
67.9284990120218 3.03682241526285 0 913
95.9039286900781 3.34442925963086 0 913
103.46888932636 3.14315234946747 0 913
68.489669540635 3.51036621833539 0 914
101.11352047518 3.37904841969536 0 914
67.3852191386982 3.15556446596963 0 915
97.6790822837933 3.12517400971713 0 915
68.2144689578253 5.11027877573329 0 916
74.9465286872722 3.20472282430088 0 916
18.204800860425 3.65967922235482 0 917
53.6845940704939 3.33380636228735 0 917
67.2530450406362 3.8719607887273 0 917
65.8844663370335 3.07299893586903 0 918
76.7297400159603 3.26274095169751 0 919
66.9318343675953 3.83577941229448 0 920
67.7915771902856 3.0315115061207 0 920
63.838331106592 2.99860260617697 0 922
96.955672501593 3.5999146252095 0 922
105.075836924118 3.32484149211516 1 922
87.0509697331337 3.50222605234228 0 923
96.3242329546443 4.1987871709138 0 923
63.8545961627443 3.07241642270776 0 924
67.7042195074918 3.07946035963031 0 924
99.8703697639595 3.2772803068594 0 924
67.2624495943584 3.54699323256845 0 925
70.9882034474861 3.52737783254745 0 925
64.678262103738 3.0514969548465 0 927
68.2750036223905 3.91741787551754 0 927
105.152479002299 3.30298012367766 0 929
83.8337950476286 3.19194171699286 0 930
67.4688132363222 3.40786689328873 0 935
67.8714735034335 3.39459158653133 0 936
104.394466166831 3.00107545534741 1 936
99.7960243216116 3.01523237975101 0 940
0.0119774655148846 3.48960290525128 0 941
64.9266758904132 2.99403101532231 0 941
0.287439391833955 3.13928221499384 0 942
0.112694755954684 3.09238103673005 0 944
13.1997064218481 3.52846184401535 0 945
67.8381561661631 3.30027307682481 0 945
67.2955844059677 3.54660704084399 0 945
101.104942792994 3.22607513034041 0 945
104.939921227264 3.90549879005337 1 946
104.94022901397 3.44333659549619 2 946
105.142276191861 3.06151700219413 3 946
105.176332018021 3.83543695083693 4 946
67.7310121266999 3.14420813231497 0 947
71.7447219438625 3.76487243930394 0 947
69.0440391157661 3.40942741880657 0 948
67.3565489422571 2.99428878222594 0 948
73.5686097169491 3.19060681151652 0 948
105.115181152224 3.30054820033829 1 948
104.512460680426 3.27200221268467 1 948
104.901830053869 3.32466464189227 1 948
67.2680640411586 3.15272575239182 0 949
104.803627793425 3.01391088310599 1 949
67.5587005269329 3.16434274914082 0 950
67.3842887524179 3.62578712515842 0 951
69.3263946735578 3.26913126973333 0 951
67.2634621651038 3.01414940931947 0 952
99.5574953047569 3.43631413638102 0 952
19.8233249675294 3.20334371478852 0 953
98.2905375865678 3.21333342792855 0 954
77.7151224039758 3.00871577727183 0 955
67.2711321427831 3.22627551203682 0 955
71.9160310231306 3.28314027546524 0 955
79.7835575883427 3.33168160316192 0 955
85.7366978111062 3.48449303005583 0 956
63.7683640955158 3.29659375840348 0 956
67.2864903059521 2.99597310089128 0 956
67.253611484288 3.09021811009498 0 956
67.5596145044668 3.03873555109745 0 956
69.1589027246328 3.14318648500164 0 957
102.918975088597 2.99510219000194 0 957
13.0355347912 3.44126621783174 0 958
71.1313607077917 3.12989900417067 0 958
67.6459464963654 3.29652657503381 0 960
72.5366381386974 3.39386602302428 0 960
67.7357063944303 3.09149647944966 0 961
84.1994658225986 3.61306615877051 0 961
100.61551255809 3.0211599861104 0 962
68.0766131470654 3.08691046734369 0 963
104.85520302805 4.02842561772755 1 963
104.785433165011 3.01225935685334 1 963
67.4606545817113 3.88279633691386 0 965
74.9779927476336 3.05913677575756 0 965
70.3854187074057 3.0865795934416 0 965
67.3152095708723 3.04364674563593 0 967
67.3672613773323 3.02272783405819 0 967
67.8694137251558 3.08432385115527 0 967
69.2463022603029 3.11073653970888 0 970
97.7231237654045 3.22088745825476 0 970
100.613638958627 3.42071286741061 0 970
0.024394414729247 2.99757087959532 0 971
82.9071743816051 3.24864444479557 0 971
103.411752857897 3.14407435472174 0 971
67.3033849246218 3.30846034625684 0 972
96.9550260920274 3.02267356045316 0 972
81.6126480259116 3.73680064841184 0 973
68.1984136683665 3.19782815320938 0 973
73.0070205664237 3.10019649774204 0 973
63.7553818817668 3.12928060983551 0 974
63.7713651758013 3.64549858187489 0 974
69.3292451314902 3.63859868337156 0 975
99.6947807021318 3.61442671395489 0 975
0.610192755478532 3.42059760323413 0 976
73.6386188594451 3.50698385914158 0 976
67.2886285432454 3.10645331294941 0 977
63.8395341390332 3.15209049759161 0 978
67.7037056534304 3.63975857926876 0 978
102.858716042423 3.26586169992006 0 978
0.0231365822037119 2.99096679355334 0 979
85.8762285762383 3.34694194881503 0 980
67.2640983045717 3.61431723726967 0 981
63.7560636764467 3.27534927493784 0 982
70.5579207684247 3.00590871357628 0 982
96.5393675604693 3.19945553512967 0 982
67.6394858974868 3.29496165956796 0 983
70.7914044575768 3.02016285092156 0 983
76.5167681666064 3.17319879201659 0 983
0.258563703096351 3.07604520702588 0 984
63.7633372423186 3.01963148930884 0 984
67.4895323247823 3.25798110333534 0 985
64.2143299984674 3.74908898088377 0 986
67.7436614067952 3.22253834315615 0 986
104.311185900568 3.00464649938992 1 986
67.2726652662586 3.06358585792921 0 987
69.7386886404136 3.19529280667707 0 988
104.199790532305 3.02579667739561 0 988
104.210463352065 3.02639150435625 2 988
67.2693509674057 3.00874471146965 0 989
101.206451697259 3.2533184035026 0 989
71.0109729779699 3.67621668399338 0 990
104.286492774942 3.36912055057874 1 990
67.2557618785918 3.04791450815011 0 992
68.0758124980072 3.09527499125399 0 992
89.7889036039885 3.44596688257643 0 992
68.2628488924651 3.33510955183894 0 992
73.9314081739304 3.91825854415097 0 993
0.000828004520239295 3.09101432595505 0 994
69.5072887080551 3.12323712622776 0 994
2.28295722777581 3.6132518161431 0 995
75.2290480416021 3.2469637652705 0 996
70.2575567283685 3.88065117872223 0 996
1.19071707499734 3.57122357303416 0 997
64.3275786746467 3.22892636297875 0 998
73.2303237032549 3.06314511273907 0 999
67.361418125058 3.15916312851038 0 999
67.5894363048905 3.50315752002206 0 999
104.886621375549 3.22363062400732 1 999
67.6610229323449 3.60385580102551 0 1000
67.2690576262591 3.82287496730503 0 1000
80.8357204462588 3.58777812484887 0 1000
