"ts" "magnitudes" "gen" "cat.idx"
0.107670610372668 3.04439555183193 0 1
2.87405360404076 3.47578231350803 0 10
0.627221153268544 3.83982693943531 0 10
1.67886246102618 3.23676933714363 0 12
35.7340033237446 3.16307536626415 1 13
35.8210841071882 3.01693595408101 1 15
0.295163146423783 3.15578954310848 0 18
26.9269929865589 3.30350495882209 0 18
32.2637973994017 3.16524286005782 0 18
0.00842420482105264 3.2370235546764 0 19
20.4771931526862 3.24354894418039 0 19
35.3103597531185 3.18222682909981 1 19
28.900213903499 3.01813193284174 0 23
35.4851313947324 4.71958338171089 1 24
35.5023459746266 4.20719631725124 2 24
35.5516999330303 3.27295458330108 2 24
35.6679436944063 3.55264337696213 3 24
35.5507684136711 3.20788592746479 3 24
35.6750563925456 3.29850428289922 3 24
17.2789710127671 3.48650383289357 0 25
4.61806078001529 3.08345231588778 0 26
15.556432539332 3.01054213018854 0 30
35.556804899275 3.86279136423596 1 30
35.8759663268513 3.21440528112638 2 30
3.6302167546833 3.0702933346014 0 34
20.6261352412063 3.91741916129526 0 35
35.882889816919 2.99586868185718 1 35
0.257957057404853 3.34641978458737 0 37
0.00300023431339318 3.04862190769627 0 40
22.6965027639298 3.64299272045179 0 41
35.2743410017897 3.58026761657658 1 41
0.093649992321477 3.31159088409281 0 47
19.3126397910377 3.10676129336191 0 47
11.5920460261564 3.03119541037304 0 48
10.553503976157 3.20899189574683 0 50
34.0163400158137 2.99576820816054 0 51
35.6873999637641 3.40011861704779 1 51
34.1607232796894 3.0695123069107 2 51
11.2522635399831 3.39830406600818 0 53
31.8714777838074 2.99717144446301 0 56
35.1431582785767 3.73630161179681 1 57
35.4791912428994 3.10259222994716 2 57
0.722545344680196 3.41541122972265 0 59
32.0645395456036 3.15074907298551 0 61
1.90797149933618 3.05228127498134 0 63
0.41182707469123 3.00467031178232 0 63
35.9879616600551 3.40452772016003 1 65
0.854361018568541 3.63235927456753 0 68
35.1800879411489 3.12391904602779 1 68
35.6662706866237 3.0125236641537 2 68
0.523642924485777 3.35888575416478 0 69
10.6622963004718 4.13959806544272 0 69
3.67865704288443 3.15638834168231 0 73
0.0344403321964977 3.24296623844287 0 78
0.0178618150044991 3.10421417323742 0 79
14.3390531349218 3.05910276633264 0 79
2.29540325826809 3.15650533032094 0 80
35.2817813196775 3.03870760235902 1 81
35.8349116399508 3.32598061811793 1 86
35.7337623002563 3.1246755512391 1 89
33.1998487271345 3.1486046729416 0 93
22.8020910662905 3.41530689915723 0 93
0.125081093927453 3.35155470811044 0 95
1.17548381838625 3.0885955460347 0 106
23.6660265455422 3.16596381447396 0 108
3.19805902418134 3.07631736165905 0 111
0.108724932876834 3.16051673555443 0 112
1.48162605461122 4.23541282551284 0 116
35.3329954067335 3.10598366362309 1 117
0.301614310230773 3.93143112708497 0 120
35.2988557400272 3.11659218290074 1 122
31.922810252625 3.40338503858799 0 125
0.82274094477704 3.23356445644651 0 128
14.1536221148636 3.0233218468384 0 129
31.645176880775 3.11103187987739 0 131
1.41044711639466 3.61598849254249 0 132
27.0485167010269 3.23218206822859 0 135
6.68365461850897 3.41393037967067 0 136
0.846489499151908 3.19715397303902 0 138
2.18758420164187 2.9994568079854 0 139
10.0886630898219 3.07901727980597 0 140
14.4008080192616 3.20631635153317 0 142
35.693629570454 3.35691487320998 1 142
35.9878024588429 3.3640624237897 1 143
25.0218116089125 3.25405689068863 0 146
18.1956480327409 3.22911187022209 0 147
22.567213988594 2.99652259126958 0 147
0.338345683935979 3.03496930388047 0 150
0.427747912756909 3.13157532724751 0 150
9.38096459791346 3.89897680092697 0 152
0.951452567758314 3.39071918167166 0 152
0.802776267388278 4.2711921824153 0 153
18.8490519447206 3.39865206427817 0 155
1.52117711441445 3.01744244352545 0 157
2.1396735246349 3.00108062954756 0 158
35.951011286033 3.00808122548793 1 159
27.2796151316297 3.22625981040306 0 161
0.110422532720085 3.75315007831768 0 163
0.502474294099999 3.06717074190708 0 163
12.842197606256 3.09306646119945 0 165
25.0994586397846 3.09984924323107 0 166
35.4809557105504 3.30534128468864 1 166
0.0140871770967561 3.07836880175616 0 167
0.564647274964178 3.0999329675403 0 168
1.19824746858746 3.27842708844757 0 178
35.8771058552988 4.54944624823784 1 178
35.8854745703647 4.00318283185047 2 178
35.9051461980955 3.07134134844318 2 178
35.9139942450531 3.37322484560748 2 178
1.06088367366896 4.77700535065455 0 181
35.5467740766794 3.52439672285258 1 182
2.1471952909804 3.3698876255953 0 183
26.9390440632087 3.24100797565236 0 184
35.4545324818787 3.18462357153315 1 185
0.183785293271889 4.00822834146623 0 186
35.8551435900476 3.18954714831494 1 189
0.0299698066345452 3.39706415418529 0 193
24.8013451641995 3.06033412032063 0 193
0.118827852325006 3.00173816157322 0 194
15.3124129720411 3.30356192790526 0 194
22.5935797779493 3.13053259343492 0 194
0.67826624077675 3.05317808890972 0 198
28.2324384480955 3.14749670344124 0 202
20.4392044966232 3.5698113549307 0 207
0.455120363398931 3.18900844536834 0 209
1.43687994584305 3.53885663783231 0 219
13.5094279662299 3.32585771702274 0 222
22.7867949759529 3.76921870993494 0 223
0.319804813010174 3.02727004458582 0 224
0.0197721061359194 3.01532173722718 0 227
3.0308226641132 3.22670517789669 0 231
0.0291916135905865 2.99253851362759 0 234
19.0361709287095 3.02985496113872 0 244
26.9174639355323 3.43452348603901 0 245
0.384197708628323 2.99940398766621 0 252
2.31396935348983 3.68722591781043 0 252
35.7688701517045 2.99967475940328 0 254
35.8144547633189 3.26858892920695 2 254
0.060024973939622 3.24428580129593 0 255
2.94350970034426 3.35686746754914 0 256
14.2028404643375 3.00650137995718 0 259
32.506003322804 4.40608520008527 0 263
35.8310285037473 3.09573609219244 1 266
0.228891702488859 3.1830060452836 0 268
27.0968050024705 3.48428685992082 0 272
0.849930050676009 3.0659343254261 0 275
0.117862618535465 3.21448137044314 0 275
11.6751046452269 3.04655225561873 0 277
2.45583862488327 3.62741613595621 0 281
0.162948953799342 3.05972833671047 0 285
0.121959180821503 3.24128112597155 0 285
0.198394944235162 3.01746496269624 0 290
0.261543965164144 3.50359805708274 0 290
35.46081258418 3.11364607210643 1 291
32.5802615655907 3.0591438406899 0 294
35.0395402849276 3.40603513819917 1 294
0.28244125489384 3.12190205533394 0 297
17.528867016271 3.86078660610458 0 299
35.7192838177175 3.59557352929368 1 299
0.0172411103099032 3.13114867813601 0 302
10.2180657662639 3.14932515864687 0 309
4.05346830240354 3.00908884913621 0 315
34.9660601751992 3.03267819818723 0 315
0.0832812755800503 3.01249246599175 0 320
0.523078177224436 3.2984720360425 0 323
35.7441873714883 3.10305600146381 1 325
35.6729648838841 3.08703149144185 1 327
7.84872929835535 3.26264117748498 0 330
35.934512866344 3.35052682839422 1 330
35.2274376809687 3.0062670467808 1 331
2.51148476292999 3.25289893496282 0 332
35.4608086258263 3.05693976287407 1 336
0.000576717553031559 4.17755554741159 0 340
0.556715480676621 3.0222028977155 2 340
0.488877926882702 3.29469549753966 0 344
35.2327197218869 3.07380123193497 1 345
0.00103262957203792 4.12977393509419 0 347
17.279786516538 3.13275061818049 0 349
35.6542642003946 3.17467538848276 1 349
0.60935806386201 3.40567454989363 0 353
6.60150057547403 3.49245981489285 0 357
0.417816403579083 3.01198343821497 0 358
35.9566698636949 3.26524417759882 1 358
7.24300847756683 3.08448729098406 0 360
0.94367165109329 3.06115490426068 0 361
0.187973965160484 3.06259195651538 0 363
0.888281819458661 3.06683494425961 0 368
0.0744249679761972 3.2367711309258 0 369
22.6038498382392 3.15242688949988 0 370
26.792479749402 3.01307282581777 0 373
35.5890452700291 3.02058542998413 1 374
0.627785577312514 3.33732700565181 0 377
35.4073875012432 3.01964963490979 1 377
35.4457686719471 3.15017835780114 2 377
0.065043444107076 3.06845139135699 0 382
0.0936309247545617 3.27025002736141 0 384
0.271367575591548 3.71477065180456 0 388
8.68212552680046 3.34314814543658 0 391
0.345317300970419 3.26507791095882 0 392
11.1029962944693 4.29278387211149 0 393
24.5584196224491 3.1650617139747 0 393
29.4132870801509 3.09827386048969 0 393
2.38422319869368 3.51673000836425 0 394
35.6221861300614 3.52578781649947 1 394
35.7441817405773 3.10240521847016 2 394
35.6273106819638 3.04817774160014 2 394
0.0660536735231879 3.37891121316207 0 396
8.45495481835749 3.13506163391075 0 396
0.0414476486216594 3.16211841823232 0 398
22.5491620349291 3.17682180472587 0 399
35.6132582271561 3.2241940476515 1 403
35.2929189052988 3.54454691148149 1 404
35.6094688812036 2.99418464187651 2 404
0.983511403147391 3.16094441095115 0 409
5.93827093541134 3.16306132304673 0 412
19.0306993522822 3.18683005416761 0 412
2.57534932064483 3.25915029230205 0 413
35.5880085527055 3.04265341452916 1 426
0.677607028696626 3.05831704090654 0 430
8.52424317617762 4.31346022407211 0 431
27.1029276017778 3.20118272317448 0 434
33.1049784440738 3.07681242332235 0 434
4.73592262924935 3.46903323302674 0 436
1.11019270001147 3.12741572733642 0 438
0.463238318051956 3.06536812406468 0 441
0.184055769115184 3.87108709319047 0 443
3.51942230827387 3.06952978536216 0 444
0.368902618315465 2.99003152869396 0 448
35.4500440837905 3.16787488599092 1 450
2.54832090293821 3.12099423432611 0 452
0.243006079058014 3.09763117019932 0 459
35.9830996698324 3.12469957525075 1 463
35.9838137344592 3.62981445258232 2 463
0.0158499713607451 3.82211664539021 0 470
1.05245035044504 3.65063565512126 0 471
17.6382095590208 3.1892034869747 0 471
0.524874136928367 4.08552206718394 0 472
0.528818747894106 4.03406906368608 0 472
0.0101296331361394 3.33790024631521 0 473
35.0453388569035 3.08787571154717 1 475
0.127467023945807 3.55779063469157 0 481
13.1215067653014 3.03218750016055 0 481
0.613918347741256 3.06126064690011 0 482
35.5766907116954 3.09922099568519 1 487
35.6562739095327 3.08367650288161 2 487
22.5717258303215 3.30702186453908 0 488
5.19260437546699 3.3684249664158 0 489
35.8710349094212 3.62377602178195 1 490
0.0499636829054485 3.27691041472204 0 495
0.00458030154777943 3.16531686083819 0 497
34.7734875240386 3.66284421206577 0 502
0.655653243334063 3.16101875414396 0 502
0.618608761505755 3.19851822285021 0 503
15.7071302031243 3.23612917230875 0 505
0.366559294715519 3.0882410171292 0 508
23.1437325606479 3.07262733806033 0 508
35.3829523023773 3.21866936289057 1 508
29.7710883933896 3.06684160988747 0 509
0.141895593623361 3.01467823463056 0 516
35.8491396605127 3.03097433605558 1 519
35.3123758746401 3.14493303916225 1 521
0.565121100112583 3.75816345937387 0 522
35.6216145634275 3.02270809033733 1 522
35.4559674818624 3.80771116609362 1 525
35.8962737798315 3.00367125848668 1 529
31.0337335025896 3.10040996415994 0 530
1.63558768336148 3.12211810874802 0 531
35.3509906727445 4.59698711182512 1 531
35.4900597362414 3.03690547110432 2 531
35.3658828956316 3.36081471836776 2 531
0.00601322861623249 3.76528424586998 0 532
35.6493023744874 3.44958043300499 1 534
32.5258962543156 3.08880086564143 0 539
32.5449450534997 3.19141471248597 2 539
9.9994327945804 3.09221366134965 0 541
10.4538168764399 3.01451208412726 0 543
3.28547895266478 3.24325778409591 0 544
20.9783562348574 3.21577424417616 0 547
33.5997583329574 3.64391671193281 0 551
2.58222647791611 3.02935534307199 0 552
7.04520639968422 3.00009666069489 0 560
0.0548878213048353 3.08789707342797 0 562
35.9240963153165 3.25251254395321 1 566
35.9513845857702 3.0113278146448 2 566
0.948880944747615 3.77995735369017 0 569
0.134368533962252 3.4014877221432 0 570
1.71790333885014 3.30794506740383 0 570
0.018785958210373 3.66428178938823 0 575
24.7690065941662 3.20780486199015 0 576
0.206012709599484 3.14674644349742 0 581
30.1708901505346 3.436404681853 0 582
5.21456589465201 3.12953629815775 0 589
1.497898261338 3.08518327658751 0 594
22.5761480750369 3.22888596780244 0 595
0.625842882273585 3.01135839603124 0 596
0.596709853589072 3.22596807201301 0 597
10.5244397596355 3.19875266788856 0 597
0.0164444086482559 4.2267051165476 0 598
0.0296443964361234 3.19743352404543 0 599
0.533471890034273 4.47705086025946 0 600
0.158010754662001 3.79780154622181 0 601
0.484189344159537 3.06565559706463 0 607
0.00188139946591348 3.15878538526031 0 609
0.286484293983526 3.65907639862217 0 610
3.11913950652009 3.29575220050044 0 610
2.12672919750164 3.9828952388538 0 616
0.941299329033063 3.07902051256656 0 620
35.2090041578371 3.78378045474726 1 620
0.0448825401012655 3.39369069109312 0 621
0.0598591463325296 3.00699330331958 0 626
0.0719062705936764 3.64399914679763 0 626
14.1153874726877 3.24191279481466 0 629
35.9671004087754 3.69723250631676 1 632
25.5094843284414 3.02948356434559 0 633
0.521155895047217 3.38489933099202 0 634
0.919341224976819 4.23840295487964 0 635
0.34804597943853 3.52048981935827 0 637
35.6557249568027 3.52702478982414 1 640
0.0255855030273474 3.42435733909347 0 641
3.69651253248946 3.55049367978741 0 647
29.3346870777877 3.14740508336152 0 653
3.06047273853436 3.32825424618734 0 655
4.2713125600935 3.19570725367381 0 655
35.6739356684588 3.64595928401668 1 657
2.73509741010461 4.33711270926676 0 659
3.32856989855675 3.41658643764392 0 660
0.644686876173837 3.11720647309715 0 664
35.285139974821 3.0676927741946 1 666
0.0163596552984305 3.09992380868962 0 670
0.0319228272897481 2.9968796423373 0 675
12.2589968693795 3.11150736762045 0 676
0.128918746143039 3.0375887857395 0 679
35.4070929229815 3.22307530647868 1 679
1.5542776943973 3.48918913976851 0 680
35.728455811422 3.47937379695691 1 683
0.371662914208443 3.10602284211836 0 684
2.18204622614867 3.27421282490324 0 689
25.520217892043 3.528217474739 0 691
0.0434907957000403 3.23212805313055 0 692
35.2461986245211 3.15285308401625 1 693
0.849915086257396 3.42896830788093 0 696
1.93583861299329 3.22599204099956 0 697
25.014255929958 3.21462089509346 0 700
10.1276072611906 3.65108159884943 0 702
35.1519548344981 3.9264627254992 1 705
2.2232839994107 2.99313708929502 0 709
1.11912843907593 3.26741869047542 0 709
0.06277459965982 4.47689398385944 0 713
21.6046055684696 3.21061836847688 0 716
35.1606651860379 3.01858706996479 1 716
35.3104115295314 3.47456798030756 1 719
35.1607205801733 3.25456198916555 1 720
0.15377791144061 3.25641454066803 0 721
0.178712540410998 3.24101822440198 0 722
18.9717911364888 3.89930774625532 0 722
33.8846244266806 3.66061237874718 0 722
0.0123221878074322 3.07342625941219 0 727
0.501742896178219 3.01922536908395 0 729
33.4777860079208 3.51792431822376 0 729
1.42961081675301 3.05157901155723 0 735
0.035063178984966 3.28758168107759 0 743
35.2846605029512 3.52807098423271 1 745
33.9369652108548 2.9959483908212 0 750
0.0100465900530156 3.10515975799781 0 751
1.66335471573126 3.00270482884505 0 752
0.514718096958675 3.41063562886094 0 754
0.416924314566108 2.99743857505252 0 761
0.918332662630136 3.23784859559373 0 762
0.0585398317067583 3.11336029662333 0 762
35.0858076754116 3.02132134032618 1 763
35.7427047746346 3.39319083974532 1 767
0.0179762909267389 3.97190381043877 0 769
35.5756274791524 3.1529604211808 1 771
1.07888247513611 3.42435312700684 0 777
10.3813018439805 3.13434075844431 0 779
35.08596549198 3.23555448955991 1 779
35.2894438390244 3.01849742380202 1 788
0.0290472953986887 3.3019678630991 0 790
0.232928919983568 3.44955736431138 0 792
24.2582190925838 3.44855494517714 0 793
35.4965527117342 3.02471635647067 1 793
27.092914943972 3.87345299381108 0 796
35.0927727535922 3.67227936125352 1 796
35.7345472303309 3.18186323859849 1 797
1.29105114548747 3.12592987219364 0 800
2.35045639542029 3.11371204020588 0 802
0.243950414377985 3.87595618088166 0 803
0.0860772529626362 2.99882973938148 0 805
0.00319481305490358 2.9971865141925 0 807
0.404367534564686 3.56309263775223 0 813
2.94661815397345 3.04982756895809 0 815
35.4211376874332 3.20069987831962 1 817
0.994481119328964 3.84844899443682 0 819
0.704949657122118 3.25157305231352 0 821
2.93211715427154 3.50472524895581 0 824
0.0149397771990059 3.10496766247388 0 824
6.67796992255422 3.07815286695187 0 825
0.344699406250147 4.06877094976229 0 831
0.00779496696569919 3.01075627147988 0 832
10.0737228449371 4.45323043545115 0 832
35.1788893257357 3.10897741785394 1 832
26.9379235338256 3.04782765259149 0 834
35.0439889278818 3.04991142409904 1 834
0.0235838566550606 3.69652659749553 0 836
0.66984842867888 3.17193465675235 0 836
0.317459128961133 3.68728733038726 0 836
19.1516089049629 3.03768314854194 0 836
0.283298044758065 3.14439701001055 0 838
0.451540091573045 3.73161775691434 0 841
35.6846175015994 3.43023829456819 1 841
0.084322968290097 3.60828464334343 0 842
35.2551086073831 3.09537385683165 1 844
35.3318010900741 3.40601794205176 2 844
1.63014256862559 3.04619365504967 0 845
0.0345487895931035 3.04325149844602 0 846
35.8759836881977 3.26932824720822 1 846
0.00322714301490801 3.26713273423736 0 849
0.0758203574654033 4.72563917134117 0 849
35.243137270128 3.66155756395978 1 850
27.1882179948309 3.25856708018496 0 853
32.7600000591531 3.08220273575106 0 856
8.42472857426171 4.16594571893935 0 856
0.867776607960744 3.16504651434969 0 857
20.1536801240934 3.13487122475139 0 863
1.60877643088654 3.49573445798694 0 865
32.2318033012024 3.19829781223049 0 865
2.42520642187561 3.36261413189801 0 867
18.7587978838625 3.24706059581258 0 867
22.7623175089725 3.14139901152365 0 870
0.46074950948173 3.37889926250613 0 872
7.33246532570619 3.11822407827876 0 874
28.3099820572361 3.22371161856676 0 874
35.2991695067935 3.11744127944585 1 880
2.85122313645365 3.01811697459556 0 881
22.5469171442458 3.1647365766662 0 884
35.0933822397232 3.08386129532064 1 884
35.8662478447981 3.1599975021853 1 885
35.9393484335482 3.32090565222939 1 887
27.3086228263581 3.47290312057159 0 895
13.5557854630014 3.54109619548096 0 896
0.0537430038030366 3.24868116908232 0 899
0.0612185304465339 3.26159573867236 0 902
10.0343509269193 3.06124324592619 0 902
0.0333548471787792 3.01873827896706 0 904
0.821731892867443 3.11980298666501 0 904
13.1341724943539 3.07169123035948 0 906
15.4008765459611 3.19186600713654 0 906
0.159762903305013 3.34531741004565 0 907
0.221874979559749 3.59449141778803 0 915
5.39437372985495 3.21283055044053 0 916
0.169920000979771 3.63002112627963 0 916
35.8308746003636 3.18483767099105 1 917
31.1871603654053 3.02064504071999 0 920
2.65140575024756 3.03940857501171 0 921
35.7750702983789 3.17871320870739 1 922
0.0586218300655788 3.385359350854 0 923
0.119355850003082 3.06902386249582 0 923
35.62876791615 3.39392679001625 1 925
2.00750873740561 3.75566705017873 0 927
12.4075832073633 3.10704448262634 0 930
9.75036036558236 3.92785289647278 0 931
22.4246256078011 3.32424152274751 0 932
0.00515449109542791 3.14261913165562 0 940
0.179254897602357 3.12470060517153 0 940
0.378833669129767 3.24667436726347 0 940
35.9498763151091 3.27489281104906 1 943
1.95951073764951 3.16678763539861 0 944
4.77309734283708 3.12689969695526 0 944
35.9888859786183 3.52646921792954 1 945
2.27386371876727 3.18033666605239 0 953
3.28913108708492 3.98525443151789 0 958
22.5678395908962 2.99873273914349 0 958
35.4114539764446 3.27721253143758 1 960
35.5578282865802 3.04903744490331 2 960
10.0805702951122 3.69799479154348 0 965
0.52322634187295 3.22178894628748 0 966
24.6729193021583 3.61798605834583 0 967
0.442662906228205 3.57974120905716 0 967
0.438555521829729 3.0869152102205 0 967
19.5845933698718 3.01808513590178 0 968
4.68423192731753 3.10640230286244 0 972
3.02734290558779 3.28138647481305 0 974
25.2809534204845 3.64252682210838 0 975
0.592108152243662 3.14364050010333 0 976
13.1179659470999 3.01306670433607 0 976
10.4251445246462 3.21073927002674 0 977
1.44951105969004 3.12089785475736 0 983
10.7116622356026 4.14623932189081 0 984
35.3393590700902 2.99813332782815 1 985
4.90691442930658 3.03582145683496 0 987
35.3790479571648 3.82088478076824 1 994
35.3788763537627 3.1528891606307 1 995
0.0823141737415838 3.19136386978574 0 997
0.675140037882647 3.11722388947994 0 998
35.9557488571476 3.44166281897004 1 1000
