"ts" "magnitudes" "gen" "cat.idx"
97.1939852515376 3.81612338459919 0 1
96.7298571933406 3.26934055917439 0 2
97.6704832019915 3.06070278703325 0 2
63.7647772172988 3.3361090524586 0 3
99.4220407076452 3.84511147729072 1 3
64.4009240033548 3.51276133676525 0 4
0.34274026550756 3.14513449058221 0 5
68.6174938690728 3.95287368844849 0 5
67.4219270204366 3.14078051993755 0 5
98.3265917305737 4.60646040887754 0 5
97.8113398515613 3.00071839531884 0 5
100.153180495687 3.56634309074042 2 5
0.0518533653890582 3.09467972325282 0 6
71.0169799408835 3.45182881231363 0 6
67.4916784149235 4.1167781070777 0 7
72.7119360754281 4.28987400281971 0 7
68.1184962101825 3.44052026950329 0 7
64.0182914654972 3.46746468759698 0 8
80.8946894829052 3.01725723168654 0 8
10.3740080232678 3.06040231389601 0 9
79.1178478727297 3.27640362453039 0 9
79.7877190205826 3.21491710388304 0 9
67.264297497167 3.09078570795492 0 11
83.7587223150308 3.19034950279974 0 11
95.8936278261903 3.12913272342218 0 11
67.2685256328967 2.99349805342546 0 12
92.4898166208134 4.26063975724058 0 12
67.2916151139816 4.23784612932651 0 13
97.4774975533983 3.01681946198104 0 13
77.4522689841358 3.22593537248332 0 14
64.0381639590437 3.29758784356974 0 15
67.2544505603267 3.24851113102652 0 15
67.2939687378906 3.14898335552668 0 15
69.7555382910864 3.3381051107209 0 15
67.3978519324189 3.11010561568906 0 15
99.6729214833856 3.2509913523332 1 15
99.6846456384721 3.29968359343675 2 15
99.6972669285596 3.10767040274516 3 15
67.6690479924742 3.19164282425912 0 17
96.3426398335975 3.43265192412727 0 17
63.7538221731673 3.06292289055551 0 18
67.4733300107546 3.01984856464658 0 18
97.2344715069534 3.00277698823085 0 18
96.4455090883633 3.08902510973444 0 18
0.0772403455518133 3.3218577131743 0 19
70.1724225494352 3.63639857021919 0 19
67.3049076551822 3.09280990428392 0 19
85.4521552372939 3.58890901997061 0 19
63.9105253007121 3.3497568035436 0 20
78.8046838324426 3.15544614201296 0 21
91.8615155687304 3.36925234196159 0 21
68.0638602300061 3.84613541337221 0 22
67.3900246481897 3.0624815804862 0 24
95.4519798139329 3.30117403255254 0 24
67.5282716404462 5.40916861252969 0 25
72.4082086929524 4.0873753247117 0 25
66.9559990313812 3.47965686505414 0 26
67.2665630586601 3.02313558578148 0 26
67.5566486195375 3.33817826917913 0 26
67.8501401840071 3.23692537435526 0 26
98.9094128862624 3.19631286663006 0 26
98.9782211992293 3.37882963780166 2 26
63.7421876035306 3.06309854832276 0 28
96.1410968851743 4.94399789929254 0 29
97.8845881480919 3.30165632965134 2 29
67.2564163982613 3.12913655059506 0 30
67.7535671350021 3.03374747270584 0 30
85.4306666041051 3.14321606610163 0 30
67.3662354017211 3.42721891405348 0 31
97.1594280890481 3.36195276431169 0 31
97.2281529120209 3.11418343206347 0 31
65.5703678587673 3.00793703733696 0 32
67.2603401461222 3.24779391120443 0 32
67.3231850137919 3.0570127458627 0 32
67.5222569489622 3.19230816353139 0 33
67.8083793572567 3.57838793708954 0 33
63.7794851238721 3.53034086144462 0 34
67.4648083623066 3.0394912230106 0 36
95.2380902389712 3.12907351654778 0 36
70.0157130955902 3.07542436486489 0 37
67.5260292619178 3.15394009048585 0 38
68.3533537439547 3.05448097428704 0 38
98.392497043982 3.55237332403938 0 39
67.29039452023 3.53652166506572 0 40
67.8775694164843 3.01388329484823 0 40
64.4678853822103 3.02782155912162 0 41
67.3015187683164 3.09635815222149 0 42
74.4644959740444 3.02863462501126 0 44
67.3120449842968 3.04961174805595 0 44
79.2088313226425 3.73948749319087 0 44
84.7377711471074 3.15209376852547 0 44
64.3250197732563 4.24194756196624 0 45
68.4205616615657 3.19688916781991 0 45
74.6815094956726 3.07373050717416 0 45
74.0039733677543 3.05620244815749 0 45
86.3073671263149 3.52109235527662 0 46
2.09594161674653 3.54810049595075 0 47
77.6811522396724 3.65613130146519 0 47
67.2950426827665 3.89947053761468 0 47
67.7237943617271 4.15846486161373 0 47
75.7583992059124 3.72595663155943 0 48
72.5415377315239 3.31628636257885 0 49
96.3106554466195 3.01591419591049 0 50
67.9209872366005 3.64827692538376 0 51
67.3728070379157 3.06174560400902 0 51
67.3060512812026 3.28532850497193 0 52
68.1190502131927 3.32694552513092 0 52
70.9115741854922 3.62990320784931 0 52
88.9291884096048 3.04401923189269 0 52
67.2667671988358 4.4958941828877 0 53
67.7218248378531 3.24295516607501 0 54
97.730047844567 3.11437421988299 0 54
7.55516656550385 3.04813601079306 0 55
83.8826275684535 3.25483991525675 0 55
67.2604636825092 3.23606526590598 0 55
90.1138884762196 3.09245220608846 0 55
64.1440514315676 3.25337331353264 0 56
67.2578203795056 3.01316208695704 0 56
70.317986195693 3.26420837144202 0 57
66.5722524118125 3.04576367804739 0 59
67.3275116286616 3.11510027723157 0 59
0.477079933255083 3.11855229368554 0 60
0.520960867666301 3.14061164093646 0 60
82.5422039859544 3.06338923001729 0 60
97.6637886677501 3.02086518295948 0 61
67.4200421381304 3.9632199470059 0 63
99.5003374803152 3.41125043674551 1 63
96.3105466373215 3.35750583483385 0 64
67.2809260866975 3.30818027501149 0 65
95.8224223078037 3.1038353128134 0 65
67.3236341495866 3.95950063527789 0 66
96.88644796068 2.99270368006283 0 66
84.4808930791336 3.54813331465873 0 67
97.6647950684129 3.00147764190914 0 68
67.6385301151275 3.05998135896335 0 69
67.2841585449561 3.43062114818849 0 70
63.7355327520605 2.99912749676352 0 71
63.7536154840741 3.04765293554011 0 71
69.2720912811269 3.30803465801257 0 71
97.8876392053222 3.65609230595923 0 72
63.667163252666 3.60234408697914 0 73
96.913892515583 3.06013903500161 0 73
67.2690348297116 3.80906693144202 0 74
71.8950295486971 3.22086744245039 0 74
67.4239815543816 3.05994062127194 0 74
100.175574055854 3.69908968927544 1 75
97.6683130679703 3.09644193163357 0 76
99.7665843521051 3.22310321729581 1 76
97.7953342187653 3.11744017055377 0 77
81.2578824053844 3.41775608832537 0 78
89.8422902155963 2.99619389750729 0 79
68.8941524050229 3.49874294304024 0 80
82.0483369779963 3.45080268906906 0 81
97.6548152718104 3.45628689065925 0 81
67.3372241756597 3.49697587221678 0 82
74.6319341180798 3.15303912960776 0 82
68.8399174741296 3.23681292806815 0 82
69.3176406613011 3.59353818225779 0 82
80.284547115131 3.45192623594161 0 82
95.5984750361065 3.56316604312484 0 83
68.160191462902 3.0097285889922 0 85
74.756210553033 3.66636623087965 0 85
67.3854975330442 3.32834282956004 0 86
67.3184668413651 3.6795129964043 0 91
67.5467967054062 2.99783121960268 0 92
75.1304097735306 3.84347042497546 0 92
71.6212078191841 3.6644249397414 0 92
95.7728653147167 3.0902458032846 0 92
99.4245336849515 2.99040876387604 1 92
99.9595759033498 3.4010151586213 1 93
68.1466867864805 3.04222471838494 0 94
98.0026530144579 3.06765254763579 0 94
0.0242366662404322 3.01309990059172 0 95
71.0471075022746 3.07912017778846 0 95
66.6745696790411 3.06180398270418 0 96
67.3224063013361 3.01933329354017 0 96
65.565389272081 3.13386707714253 0 97
67.3854903528612 3.77309853759611 0 97
70.7138245261652 3.14924064239892 0 98
74.6687403454878 3.36470251280989 0 100
91.2962663533399 3.54140686345539 0 100
97.6519475674244 3.15263506195231 0 100
67.5809609721167 3.19643460238696 0 101
68.5309698531917 3.15031004632826 0 104
67.4486075843696 2.9995867929509 0 105
68.2063890609693 3.15749695028192 0 105
82.1157205635069 3.31017957194214 0 105
95.8657799778378 4.1414095868664 0 107
0.419995353717929 3.19782106297968 0 108
73.399477102764 3.08409596486797 0 108
68.1314565511398 3.09985029484998 0 110
67.3153932525245 3.13136904604947 0 112
67.5203028028465 3.59302089148375 0 112
1.19296930287115 3.45631972254418 0 115
0.405732553870371 3.15539626086979 0 116
64.000467374599 3.04002197740445 0 116
74.5220145141422 3.77930632499967 0 116
67.3006991232834 3.05568448680485 0 116
75.6945341262114 3.46106284172497 0 117
99.9936031026107 3.35084457936977 1 118
75.3867264060139 3.09646386375738 0 119
67.6501642361328 3.41831669575849 0 120
67.2665914839878 3.54591621265943 0 120
70.7389356870774 3.13394605278234 0 125
67.3479582139163 3.1880528440045 0 125
67.2833665271906 3.60751915060022 0 125
70.873673169098 3.23357547869048 0 125
68.7394146165933 3.07659649669805 0 125
97.1264944383495 3.54091342342413 0 125
99.9247741850365 3.24325035511748 1 127
67.6034849185178 3.44052728611312 0 128
77.2106206191576 3.10992543385139 0 128
63.74378508795 3.05146590959578 0 129
63.6521345206137 3.78301817963617 0 131
68.8287164408991 3.24172028606799 0 132
67.9463470818246 3.12411061507881 0 132
69.2333945291253 3.54770214052223 0 133
67.6677537999719 3.15431268216279 0 134
76.6534621543885 3.14775929142981 0 137
67.3582599101933 4.54217991011073 0 137
97.6060788648196 3.10523700241848 0 140
73.7450637088137 3.04407736089528 0 141
67.2529160552134 3.12643352405362 0 141
67.2553054153151 3.50133153583424 0 142
69.9322803094604 3.24103932800105 0 143
99.5181769598705 3.61395521171037 0 143
98.1563665949034 3.27432403593225 0 144
72.4142390730157 2.99492699917602 0 145
95.6690428084894 3.13278244362614 0 145
97.8216794160153 2.9903867636534 0 145
99.2710984959074 3.01264334879712 1 145
100.190859220387 3.04775686073646 2 145
63.7540282357727 3.42189095589865 0 147
68.3881997206048 3.37549039076728 0 148
84.3407294972539 3.16497750920338 0 148
95.5304881077844 3.13822874193499 0 148
97.3542493447858 3.0277858935994 0 148
81.8288732532205 3.1340176094196 0 149
67.3423330087057 3.13422955896324 0 149
97.5472092520916 3.20274833787235 0 149
0.890115114437592 3.1640853140887 0 150
97.6900252172991 3.1782447066998 0 150
67.399570742174 3.45123322635338 0 151
74.1091362992864 3.03599296357069 0 151
73.7621231750279 3.01572863226546 0 152
72.5536180166622 3.42308586304292 0 152
63.9387660160498 4.1808592553211 0 153
68.764401895673 3.2224658539959 0 156
99.2816938263633 3.04816304004536 0 156
97.7396833536499 3.00336632129389 0 156
99.3375125355565 2.99305470032901 2 156
67.3224055263575 3.14464545586447 0 157
69.7286162630858 3.06018552519212 0 157
97.7348899928733 3.13363923864148 0 157
65.3237439150256 3.00305819109717 0 158
97.4049426662759 3.51174153971939 0 160
0.545719623969102 3.53271976242058 0 161
42.8744370029687 3.10704698180266 0 161
67.3799200086507 3.47689582363144 0 162
96.3083193497222 3.23372700599725 0 162
67.272012867016 3.29916493719532 0 163
67.4167236057321 3.62515365919987 0 163
68.4036557602817 3.03047935455132 0 163
67.3259866130819 3.43507497369712 0 164
63.7889195502028 3.07554843286747 0 165
79.3917692761063 3.02156617965319 0 165
94.7264463359425 3.26976507216735 0 165
68.6913009182103 3.28086131548764 0 165
67.9951709606444 3.08284119749829 0 166
68.6601584428555 3.15173588461327 0 166
68.265739440786 3.16553047986258 0 167
69.3285227221974 3.01494408314065 0 167
67.2988609528895 3.27482671200934 0 169
67.2972601050508 3.4417742321911 0 169
67.3653751142403 3.19964916114409 0 170
63.6537429792411 3.02207771474703 0 171
80.5654275823444 3.52329287803419 0 171
82.0624245829524 3.93771647763402 0 171
93.1341150247157 3.92212962839741 0 171
67.7682921231075 3.30160681257408 0 172
97.8479769776245 3.25333575754286 0 173
69.5555989204825 3.0128207833944 0 174
67.2598770088485 3.06973799659379 0 174
67.3684304425125 3.15619259447646 0 175
67.288197214635 3.28988656838523 0 176
76.7575623157352 3.06065085866716 0 178
63.7005957962214 3.18575555065445 0 179
97.8623867154958 3.20850205503506 0 179
98.9188546433727 3.21008574386546 0 180
67.2651746422264 3.23913185008973 0 181
67.5870783878064 3.26289767161118 0 182
99.7471970792201 3.00741304745771 1 183
67.7773709103463 3.42110948006959 0 185
83.9242930448225 3.19692039127922 0 185
99.364397675269 3.30948041582702 0 186
67.2587766181524 3.00914699656354 0 186
67.5559086333922 3.95886756741197 0 186
67.5773019121276 3.71831639816692 0 186
90.0073695818014 3.54874223157173 0 186
99.3730508789901 3.4628270076669 2 186
67.2855240640657 3.28926574167046 0 187
99.9860806641907 3.26307430075208 1 188
97.6808191087325 3.00938781609574 0 189
67.6396816807923 3.61835876211887 0 191
67.8029631687755 3.24000717086673 0 191
67.7819574896875 3.75085394061781 0 191
12.5578407524562 3.01500932939225 0 192
68.2772818812859 3.5932857939538 0 192
100.213249530624 3.12953234949695 1 192
0.22083287999013 3.57192145491608 0 195
95.8186614424568 3.56989798400737 0 195
10.2896464939848 3.08606677212078 0 197
77.3133493545322 3.04998300247925 0 197
64.1445346705619 3.10927707456285 0 198
97.6717025909089 3.00541690906185 0 198
63.8630354468436 3.32597378364257 0 199
96.6775159670777 3.10862428611508 0 199
99.5828727385767 3.64593456228256 1 199
67.4032633282142 3.03826782600384 0 200
99.9575924908083 3.13434740846961 1 200
63.7741209495397 3.58475991316321 0 201
68.2518902854843 3.02327037709119 0 201
74.0947567945313 3.08525097827605 0 202
67.4469575247976 3.03796614347375 0 203
68.1114492561178 3.00216078810108 0 204
95.8032331713917 3.05798972743337 0 204
97.9355628518151 3.23669711914272 0 204
82.8132754683925 3.32928720057737 0 205
68.0748076471455 3.32789300104709 0 205
95.7209949401058 3.03504613281766 0 205
67.2797303838072 3.03399120173772 0 206
67.5565097050342 4.00740580089782 0 206
100.209821045147 3.36320424211533 1 206
100.236971281097 3.1685200058537 2 206
67.4592758287339 3.15480167170162 0 207
68.0721813968694 3.14513510252881 0 208
75.3644308197715 3.10358110658335 0 208
67.3112063468819 3.00324251847999 0 208
96.1939174958364 3.1680174717736 0 208
63.8004295310513 3.74641934383153 0 209
67.9497775196105 3.20187483962947 0 209
97.723611658588 3.16811768401925 0 211
64.9158752145351 3.10839878496917 0 212
91.9858253089308 3.46956665705181 0 212
96.3188208350322 3.23331878771408 0 212
68.9719728507095 3.55284276007634 0 213
82.0853356207599 3.05830622503509 0 213
95.1641887520584 3.00650238329897 0 213
67.4250175960255 3.1708903332959 0 214
95.9258830662462 3.02849829071502 0 214
81.4115562806917 3.17495615179332 0 215
63.7274021223621 3.0271259505702 0 216
67.6717145858611 3.02734588266076 0 217
92.6207351063172 3.05887438242234 0 217
68.4045707693282 3.07666978706144 0 217
82.452660259967 3.01179952290377 0 217
63.7641832296375 3.21808451687104 0 218
89.4217566522046 3.10480801852704 0 218
67.2859647663246 3.18948948804396 0 219
98.4653729546659 3.29753522929671 0 220
67.6615163782328 3.19566017194916 0 222
67.2582787673257 3.4714540876338 0 223
67.0985589592997 3.2429700159444 0 224
65.2512535768332 3.30471082805589 0 225
67.9485672047715 3.1289419838823 0 225
88.1774495166022 3.47310512516149 0 226
74.5808004463972 3.00253492791603 0 226
96.6590709662499 3.00768223462616 0 226
97.6644620857279 3.11083776869644 0 226
67.2661839422729 3.0752159163031 0 227
67.2558612029366 3.72297348733082 0 228
68.3469182765406 3.08421853832753 0 228
67.4854911588555 4.29515898120969 0 229
69.8034227362801 3.00611501538701 0 231
67.2699780847356 3.32736401288905 0 232
67.2557116103248 3.95358414503703 0 232
97.8581996503015 3.02805922594164 0 233
97.6914247044274 3.01544355749006 0 234
99.7552223973714 3.01633329686457 1 234
79.3088210975446 3.59161522640568 0 235
0.362979777640691 3.3318366035875 0 236
63.8206481254353 3.08300275508058 0 236
67.2767776925422 3.20139967017624 0 236
91.7692150137734 3.18751705616237 0 236
99.2432857094546 3.43703677539175 0 236
67.3810511959775 3.71269428530387 0 237
97.6681570148991 4.49709370259075 0 237
67.2554869262225 3.00127098760142 0 238
67.7559037585467 3.34178191909851 0 238
99.3806223135714 4.00253424988454 1 238
67.7686084480373 3.29577244240921 0 240
97.7099702046829 3.48883262994318 0 242
68.1265192660295 3.11309257217188 0 243
75.9904579553451 3.46552514139567 0 244
67.5288508739015 3.09976889566222 0 244
64.5362947005232 3.66123704970644 0 245
97.5574336225722 3.25026088234073 0 245
3.52565135692463 2.99423646602352 0 246
67.2732288342986 3.5465500282708 0 246
67.943633941982 3.307989584703 0 246
67.6215664431967 3.1397475378796 0 246
97.6533807522856 3.15217409643808 0 247
31.2202890721658 3.15450860932833 0 248
67.6148295799208 3.11390613360245 0 248
72.1221305608484 3.06533034165031 0 248
67.2605981953583 3.93643437026298 0 249
74.5949399792141 3.28700064519801 0 249
67.2626905151733 3.10557116831031 0 249
0.445314583980921 3.7965157118729 0 252
69.3770101868949 3.30038749331242 0 253
67.3174553792774 3.34049190295921 0 253
79.1599530820737 3.0303896571941 0 253
95.2587716010871 3.24791460588274 0 253
96.6727230771668 3.10823565045684 0 253
64.1341245920399 3.72163201587607 0 254
67.2978713880326 3.45918987383451 0 254
91.8704884747579 3.20917146354718 0 254
67.5941179404252 3.84680315952949 0 256
74.9583858526197 3.15562616986176 0 256
67.3476335496319 3.19426342032869 0 256
67.515601848762 3.01136927066012 0 256
70.5165846908068 3.1737826247076 0 256
64.5852935764693 3.2123256588583 0 260
67.3375021269567 3.06370505164769 0 261
67.2609548834581 3.18955400859616 0 262
67.8523263447657 3.29344852540368 0 263
67.3834446523755 3.55754273689668 0 263
63.7971735035826 2.99349843985404 0 264
67.4781840777586 3.3862554093006 0 264
67.8001167915567 3.98582467467103 0 264
67.2567311101119 3.1750675253263 0 265
80.3686496851574 3.47003245456616 0 265
96.9156157284145 3.33521702624548 0 265
67.2552015129705 3.77737745615999 0 266
67.272372345472 3.28962569224009 0 269
97.7057069257982 3.04270232951085 0 269
67.2553217662593 3.11387831265156 0 270
73.8598189753964 3.31336248157774 0 270
67.3347596134425 3.17307411389526 0 272
67.5995692835986 3.20227304481045 0 274
63.6803026930879 3.4577172795403 0 275
68.1354715958285 3.28825639234819 0 276
67.5317407175778 3.14378308952157 0 276
73.1914541652679 3.19397720626961 0 276
63.8440022455205 3.40636942845707 0 277
67.5699783289269 3.54566945335503 0 277
63.7399422532479 3.23851007285245 0 280
67.2806404861587 3.12966283071878 0 280
67.2759516969539 3.22746819240724 0 281
67.2661290881507 3.16044641858081 0 281
64.1848398339347 3.6542487832202 0 283
74.4392011086661 3.15410252721374 0 283
68.0052341611331 3.0953084322468 0 283
72.4408945733898 3.70337038792184 0 283
63.7903909724166 3.0093409544733 0 284
79.9844663181722 3.06448971043792 0 284
63.8333897012407 3.01165816745151 0 285
67.5467084629155 3.69750795031123 0 286
2.35010673678075 3.15192683607614 0 287
69.4266786499339 3.0984340836498 0 287
95.9232941943261 3.22119002940364 0 287
93.1880462516471 3.23074018693295 0 288
95.9596946183939 4.69537366104661 0 288
97.6510951023711 3.26955932234004 0 288
63.6698605741991 3.58026382283666 0 289
71.6789687509498 3.0663931302123 0 289
95.9808404309021 3.16701740431124 0 289
96.7341459897817 3.41213033961412 0 289
67.3492402097199 3.24296015955176 0 290
81.1233411682012 3.8498999942067 0 290
91.2686561616666 3.36678057088295 0 290
67.6247020866674 3.04183700326315 0 292
67.3152752793805 3.42102075570476 0 293
64.0229745831915 3.357228083825 0 294
78.7234990466347 3.12719578615698 0 294
4.38975618049259 3.22629219738958 0 296
64.6574544386676 3.24449025002094 0 298
67.3724914371016 3.13281124356541 0 298
0.122836825125413 3.01618539888756 0 299
64.094620597696 3.07228496660218 0 299
67.5389015719453 3.07886138336901 0 301
67.4360006586503 3.49703309878982 0 301
96.3251725894668 3.0031141439074 0 301
63.7380271173236 3.07750330853803 0 302
67.2548221657774 3.28605392123924 0 302
67.5959136369935 3.11037650582458 0 302
2.89322578995674 3.0512077959337 0 303
76.6895474431561 3.10580493179931 0 303
97.330653505731 3.4187647041756 0 303
67.2967934522686 3.15767852020948 0 304
96.8636780139307 3.21241135571958 0 304
100.164552533271 3.67061599353067 0 305
71.94663976383 3.84001300441641 0 305
97.1417915982162 3.29290716541488 0 305
98.3398313464808 4.06281195268093 0 306
63.8198572828062 3.13735259428568 0 307
93.0275062240626 3.00066727861256 0 307
72.2356307444889 3.28046192587505 0 307
92.1281575831146 3.25418920498464 0 307
23.727837703084 3.12367348422471 0 308
67.2924829071637 3.1545100973283 0 309
65.3959503676219 3.22295102824695 0 310
67.8495200032931 3.0578288066707 0 310
99.4666561712317 3.43432092778333 1 310
67.2640081843324 2.99575606769671 0 311
84.8103829723457 3.30605817377545 0 311
67.3253799147362 3.00312739363822 0 312
99.8165468119357 3.11353343537161 1 312
97.3076662748232 3.02222663365631 0 313
67.2771686795635 3.01237107591497 0 314
91.791475869148 3.37168053674236 0 315
69.3868096807618 3.92092613978419 0 315
96.8830706266454 3.29906120538665 0 315
99.417030898602 3.03200681343667 1 315
63.9692644448409 3.25657832823326 0 316
63.7156210416039 3.03587964689434 0 317
96.4923220304442 3.73775192357121 0 317
63.9573411947841 3.10971923928917 0 318
64.7743998713503 3.24883358060384 0 319
0.569950721163372 3.14573785355048 0 321
95.7062978413808 3.67729804977423 0 321
88.4831956420099 3.09552462240277 0 322
17.6972829461551 3.28063082754643 0 323
85.9021138049781 3.25448149798484 0 323
96.0892173995635 3.01563097841596 0 323
67.9430554855368 3.37465733528188 0 324
10.588199984937 3.74417617608259 0 325
67.2718946369674 3.46225540848448 0 326
67.3499997440227 3.1437481806758 0 326
97.0260088199782 3.21393277774252 0 327
63.7522570299105 3.25683762981952 0 331
67.721865764794 3.02362030260536 0 331
98.5262778159303 3.22065526875881 0 331
1.04521461824663 3.15461562414086 0 332
68.4729668573131 3.07200784139637 0 332
67.8774683676591 3.29518127511368 0 332
0.217766823085834 3.19995819342437 0 333
89.6322484697358 3.0836245273323 0 333
67.7357931866208 3.19346803791826 0 334
90.0493884480805 3.82168882002709 0 334
68.1280505867156 3.13309487635672 0 335
68.8468450633427 3.07660603107714 0 335
97.6573608087781 3.14516940863083 0 335
65.0810239360068 3.020732945243 0 336
95.9249942653839 3.01322712821791 0 337
92.0850844647391 3.25781870880874 0 339
0.481190013553616 3.65216808028514 0 340
97.8150529174456 3.11388791504572 0 341
0.0629844729998808 3.56929292289037 0 342
67.5379890143855 3.32072034586621 0 342
95.8872272426922 3.28210136507212 0 342
97.8306374226911 3.32039196822305 0 342
63.6733484820814 3.01573098847101 0 343
67.2612502182831 3.29172958266527 0 343
63.7880452508209 3.42738040999352 0 344
95.9003916113537 3.96219302844402 0 344
68.8452377859665 3.5833290797844 0 345
67.255630536186 3.04436265333315 0 346
97.7246423486367 3.16827878519925 0 347
99.5847602279198 3.64998126778928 1 348
63.7749917963997 3.01703388248275 0 349
67.3782368890784 3.71350926238418 0 350
1.47758872851997 3.22796153248654 0 351
51.6270948060201 3.62325273719923 0 353
69.7545770498657 3.27792540833637 0 353
95.8585689126193 4.10040170570554 0 353
3.00624509383508 3.15888176321347 0 355
1.24067963749136 3.16619209830179 0 355
97.7543942803257 3.33982673228553 0 356
65.6480116299394 3.25771634292898 0 357
67.3705484349948 3.11888738164351 0 357
78.7862701529849 3.22193335296386 0 358
97.9849037394572 3.19600080002958 0 358
14.1536561770461 3.10900560568513 0 359
67.4687448487378 4.25455431333655 0 359
99.2813214214791 3.31391223629076 1 359
67.0589299632016 4.03962250556648 0 360
76.2345186809231 3.74851350496357 0 360
67.3882486975716 4.02292891465067 0 361
80.1514903614152 3.64752139222741 0 361
95.7932063122486 3.04669817641182 0 361
86.2505677227738 3.5980833748725 0 362
97.6766112657726 3.20406012792135 0 363
100.026436325376 3.00957898720561 1 363
97.6703077862207 3.80204865950314 0 364
99.4968532211885 3.01782694404951 1 364
78.1207409164516 3.46640739711555 0 365
97.6674360593993 3.61440841744793 0 365
63.8376797225869 3.10530472093599 0 366
67.2860962448369 4.03502969937658 0 366
98.3653784882078 3.43059646614245 0 366
98.0584655972985 3.0480155038566 0 367
64.1540588269674 3.12681677561508 0 369
67.3248610594034 3.02761552064233 0 370
67.9327377332706 3.19550487568077 0 370
85.0366313162931 3.06464663846195 0 370
73.7253204703333 4.25746453648844 0 371
97.111560585534 3.96032915511278 0 371
0.0413308148234186 3.5871640055333 0 373
87.2681667701532 3.56177679861038 0 373
87.6432930575777 3.07648260781951 0 374
68.9465990415691 2.99177617289898 0 374
0.0183054751156057 4.03900565467341 0 375
67.6034426116328 3.13287701679393 0 376
82.0431466957985 3.25646325611757 0 377
100.132182378535 2.9951141466851 1 378
100.091447584777 3.1915198234826 1 378
67.5841875351799 3.231262647388 0 379
64.8464887994407 4.01382890248714 0 380
78.6659121590583 3.00349923399635 0 381
67.2534997298455 3.12622884990834 0 382
95.8030491887566 3.18523894805956 0 383
91.8593797605403 3.37848608992084 0 384
3.242868448117 4.17963312517196 0 385
73.0016692637153 3.84825730889676 0 385
95.7085269855893 3.05278029703615 0 385
81.9159933393343 3.04330082527374 0 386
63.8624012359587 3.06270821243937 0 386
67.3302349148944 3.07000612031186 0 386
63.9272048900936 3.12253371078902 0 389
68.5308629388261 3.00240329619437 0 389
70.83117143865 3.00977694840304 0 389
67.3057202698945 2.99000347167954 0 390
63.8508769332781 3.09186292326153 0 391
63.769037848693 3.16881385017302 0 391
97.8171373977428 3.0092057114395 0 392
0.0457250142179747 3.35852652070722 0 393
0.121383679152642 2.99084167796156 0 393
95.6492549753033 3.01304559570622 0 393
72.8961390900307 3.10389562263506 0 394
97.0304766490719 3.50951133046854 0 395
0.156300326460597 3.05428215746586 0 396
74.0879391157419 4.05955069544662 0 396
67.4342818993218 3.07772257274792 0 396
63.747637699832 3.84115644601294 0 398
69.1874504482366 3.10417524014172 0 398
68.0490715761279 3.80374148211905 0 400
68.1193632690379 3.12485930128428 0 400
68.6171226029194 3.10120097663622 0 401
95.9803873076189 3.32032512592552 0 401
73.3754623242763 3.51122135241886 0 402
63.7820611335082 3.02233506130284 0 403
67.5953141828449 3.09669061243485 0 403
73.6130918672075 3.42397495688271 0 405
73.2200129020759 3.07874619175203 0 406
82.557476441347 3.13585813803957 0 406
99.9122020345919 3.35477722038871 1 406
63.9956272271054 3.14612122839582 0 407
67.2572607264266 3.33364577493163 0 407
98.6347472715687 3.23789237245273 0 407
67.2625282284798 3.92955422924953 0 408
67.2729362572729 3.17962750584009 0 408
96.0248453869097 3.10779588307221 0 408
96.2565006418891 3.04752606177106 0 408
97.6563641573606 3.60342141289027 0 409
67.8692901324669 3.63897870732279 0 410
76.6715675622984 3.15690711788114 0 412
96.9420429403056 4.53312208970677 0 413
63.7598098572723 3.51121449495614 0 414
67.872590279538 3.11274234381804 0 416
97.7392268520629 3.42267751240763 0 416
99.7756246665765 3.03118669644835 1 416
63.7652396007302 3.57807380746641 0 417
67.5853556289907 3.13202588251828 0 417
99.9039262037065 3.51963438357812 1 417
100.036937753846 2.9973061898049 2 417
64.5605901366967 3.27042156887941 0 418
68.2815623315582 3.15281139078135 0 419
80.9652773986821 3.00321946780024 0 419
0.108796670918263 3.31688872489972 0 420
63.7005998330904 3.41942487142479 0 420
99.7134399579179 3.1784266644514 1 420
67.4200231458434 3.23168476682662 0 421
97.1673629000428 3.22684424552818 0 421
67.293134869522 4.47497088019275 0 422
67.5725610490696 3.17146640574912 0 423
82.4528089982923 3.02599613202545 0 424
67.2534857715959 3.2478139933229 0 426
67.365029577607 3.44626782788061 0 426
91.8606923386995 3.00350818944564 0 426
67.2817399684584 3.17934171729173 0 427
67.4200380918823 3.0230885420247 0 428
68.9934149193304 3.05392235701411 0 429
67.2737356828807 3.15719738860714 0 431
67.3526576143766 3.63155131376301 0 431
95.9183887619824 3.31662785001219 0 431
68.9426650771101 3.40175813459093 0 432
98.6123633979716 3.08107016942681 0 432
97.6947039483403 3.01191910883929 0 433
70.7622874282327 3.1461922538689 0 434
69.7566250763871 3.27835366123606 0 434
97.1675591697029 3.3750569778681 0 434
97.6851319663116 3.01601257336907 0 434
99.9537085576255 3.08337976883208 1 434
68.6924862999512 3.18964925806709 0 435
77.2552376132485 3.00537930045326 0 435
97.1616788446814 3.23926160599586 0 436
99.3299089296771 3.26430164290509 0 436
0.146828901612881 3.21985875432757 0 437
67.2530665964098 3.02529554625579 0 437
64.2552147994584 3.16813463143451 0 438
37.403919005463 3.60673423311798 0 440
75.3059569879259 3.02662141708956 0 441
67.5806603663749 3.12086990551378 0 441
71.187026510749 3.26764076344998 0 442
1.11924688207555 3.21284507097526 0 445
67.2866336343642 3.06854648490094 0 445
68.0394097277673 3.60291711920439 0 445
68.1040578730525 3.68424887590071 0 445
69.7838646296177 3.05469489560303 0 445
95.8320691525764 3.1068485812126 0 445
7.0106577656323 3.56880785732773 0 446
67.2559517479962 3.6141339983221 0 447
13.4962280572221 3.11086959429358 0 449
71.8283735116614 4.52126792124468 0 449
67.4974581754589 3.33944031965362 0 449
67.2661022931026 3.20020116929165 0 449
95.7923314567236 3.18902103482055 0 449
64.2556806489874 3.03204369153823 0 451
2.48816676011339e-05 3.30998147177859 0 452
67.2721350214788 3.96131199255763 0 453
67.557472315801 3.07380991071383 0 453
91.2551816109949 3.37774899021046 0 454
98.6171015297067 3.37464371439408 0 454
69.5447394799874 3.05535525432446 0 455
64.344280340619 3.2955052296235 0 456
80.5527547422212 3.17804580898765 0 456
63.7688170624692 3.03530141668506 0 457
99.8893471336323 3.16653273834922 0 458
98.3922736847416 3.02346694302003 0 458
63.7440972771277 3.45433022826585 0 459
0.0200438398545272 3.26842850060354 0 461
27.6758262073141 3.81558973488054 0 461
96.9584864614243 3.15668574656757 0 462
97.7556515455181 3.91868046901785 0 462
97.1835115416838 3.34864267244706 0 463
64.6969232352282 3.63038101595381 0 464
67.2778593372434 3.9756970696967 0 465
71.022315583202 3.68257583726236 0 465
96.3049483152779 3.20077666630202 0 465
67.8200482597954 3.25478293802668 0 466
64.3910943095349 3.00386972459251 0 467
97.6675842193984 3.43212991956081 0 467
100.104294628351 3.0512020119711 1 467
2.1506235809584 2.99728651542482 0 469
5.28586532005443 3.90165375428626 0 469
67.5286404759379 3.76243078212068 0 469
67.6093757719108 3.27989855996903 0 469
98.8100652154345 3.14113737514005 0 469
99.7632285558891 3.61078849511358 1 469
98.9225186922697 3.39954877805488 2 469
67.2940074441669 3.24557676661651 0 470
64.9942891083845 4.16831081331153 0 471
67.3119415964894 3.2712821882397 0 471
67.2716693005326 3.66819346816266 0 471
96.475110376562 3.07324026925212 0 471
0.0593816804057942 3.32493191292258 0 472
64.0055375135718 5.08241538424332 0 472
67.2540503824167 3.58624765561043 0 472
67.5002905096652 3.52819929517554 0 472
65.7048175312724 3.27987425713058 0 473
65.9723013435107 3.13984395755511 0 474
67.6370034258656 3.15506847389757 0 475
91.4955275686908 3.29332670225334 0 476
67.5685984107898 3.0360712078592 0 477
64.3834545222708 3.07218047748983 0 478
95.9265569265459 3.15430541879006 0 478
63.8494231975735 3.30203441741351 0 479
67.7771189431425 3.26749463103763 0 479
67.2917849924973 3.38898727635037 0 480
71.4079067435841 4.07726407970848 0 480
91.9259864759633 3.62952348564866 0 480
96.3398578508755 3.12792553296923 0 480
67.5767784032216 3.21021908111411 0 481
97.6601353913137 3.11920159291502 0 481
4.4068408500632 3.19534252977964 0 482
68.1023920783669 3.0438642461388 0 482
67.5556936429712 4.37511189951823 0 483
70.5782809823851 3.42281269696968 0 483
98.1858342429436 3.32554049506211 0 483
0.687552650109971 3.15083486935419 0 484
67.3147677271475 3.10097946914513 0 484
64.3869600852646 3.50964283615783 0 485
70.1990723464394 3.22372641040435 0 485
91.956529179899 3.11098150179784 0 485
0.0193965629362747 3.2949385531712 0 486
71.6410582603796 3.00236513076621 0 486
99.17261081841 3.02024965884588 0 486
67.3612672578094 3.17863511786935 0 487
67.7833318677046 4.91884545614385 0 487
3.181679594719 3.45264376811666 0 489
67.2741960059058 3.04259411466415 0 489
66.7376047151524 3.19215935868747 0 490
71.8605285869913 3.17059004026982 0 490
67.2915376528537 3.1901542569967 0 491
97.6718818339026 3.73382075911642 0 491
67.720709522848 3.46936584032835 0 492
0.515445648033782 3.03403887408762 0 494
64.8531782252187 3.20692847924199 0 494
67.5890170914551 3.29937929494441 0 494
72.6508042800923 3.34814370442499 0 494
67.6837957908344 3.41896012675722 0 495
68.2825694295261 3.52284705791469 0 495
97.1840858791057 3.58425338401205 0 495
70.4973298001505 3.18165631933973 0 497
63.7711841138032 3.07808705272292 0 498
66.7859104135329 3.13982685450363 0 498
68.1732827781302 3.74161912017007 0 498
96.8731592169793 3.26626352139802 0 498
45.8047416440408 3.07003043907018 0 500
97.414985884433 3.10540037865375 0 500
70.0542146784555 3.59750441609623 0 502
81.3374781538051 3.46376862981626 0 504
67.8839521812183 3.51940198731606 0 504
97.8624955645315 3.2964129960199 0 505
0.613126690337991 3.23880732228659 0 506
10.4436916283383 3.17335514093462 0 506
77.2653346105936 3.3122516597675 0 506
67.2742177063614 3.13260383732991 0 507
67.3211268381867 3.41795796067412 0 507
73.9282150674847 3.25196024162913 0 507
97.4914606368552 3.09549273913693 0 507
67.2801060229097 3.28619640689284 0 508
67.4916884336283 3.21162597379593 0 508
89.1375160052449 3.08662966116394 0 512
97.729491560577 3.59266019289988 0 513
97.6611610574196 3.46991070417997 0 513
71.7522352582961 3.00944676985758 0 514
74.4519901231759 2.99898610783391 0 515
98.3847644251886 3.30415253798239 0 515
67.2658434874843 3.48550638485166 0 516
95.8401772423573 3.32588058705051 0 516
97.7015064308837 3.35499351859643 0 516
67.2740290523886 3.07931112685195 0 517
67.3358411582701 3.08534878585554 0 517
67.4840003862524 3.08412221481253 0 517
72.6040537642803 4.10966866955651 0 518
66.4276311168624 3.41637841606677 0 519
97.6748081316295 3.10249924581942 0 520
97.2638252811984 3.74097139925575 0 521
67.7387454084621 3.0986999509037 0 522
97.6757112437497 3.06174881132076 0 522
67.7871106164339 3.16489865535446 0 523
67.3104717964578 3.60335047605553 0 523
80.5197999280024 3.36922348812291 0 523
68.4373990563047 3.0415168847921 0 523
67.25563730785 4.34314766108153 0 524
78.7869767004207 3.02388621846403 0 525
97.2315286226324 4.19720674923022 0 525
99.3851773906306 3.01878046732359 1 525
67.4615695364382 3.9437381521225 0 526
72.1162329455321 3.17326120349529 0 526
67.7124770862604 3.86704251121281 0 527
67.9863429641786 3.01839139986287 0 529
67.0030421291751 3.18187831005999 0 530
68.8030150113155 3.06096388355673 0 530
67.5029121429668 3.3480822679902 0 531
78.5561612458881 3.03176100967313 0 531
95.9422251791923 3.64951568846023 0 531
97.7914247028654 3.04175236931443 0 533
82.9656433056364 3.415098442829 0 534
95.8994267917422 3.06804042755315 0 537
67.6824839310133 3.27716377720885 0 538
64.5931488128336 3.12767198610793 0 538
69.4594908048897 3.40379777611924 0 538
67.6085408662421 3.41955267677417 0 538
74.5937771372978 3.57129360527502 0 539
0.865580732521622 3.54897197222238 0 540
92.7303644062756 3.31648130846755 0 540
70.1556686035687 3.62850309607255 0 540
99.2787286371265 3.07786455487797 1 540
67.4684865698726 3.98498674603497 0 541
97.7572413663065 3.65780757197805 0 543
67.2584682550954 3.31991649383814 0 545
96.8923875739354 3.11254809502077 0 545
97.0681577790149 3.47843619792351 0 546
97.7391761711853 3.28823910410019 0 546
67.3243206808136 3.09144623161616 0 547
99.6846906097878 3.31874329092222 1 547
67.4705192218249 3.27655548591326 0 548
63.7682580247368 3.53497224463679 0 549
67.3020430127073 3.35274600212479 0 549
97.6813048030884 4.33305460267795 0 549
97.7489914870885 3.17891547157471 2 549
64.1073051327839 3.5294082811986 0 550
67.314749600669 3.03762629298241 0 550
67.2555031717348 3.07427543748885 0 550
1.6414852605074 3.18442195533914 0 551
97.2353337752759 3.08278808361225 0 551
69.2658350406365 3.00493751269411 0 553
100.163348652869 3.27119388806173 1 553
69.3834101875293 3.19863242181079 0 554
91.3713456634446 3.0859365105467 0 555
63.7727774535386 4.47680086051124 0 556
71.9466589953912 4.24593911376886 0 556
69.7840717395413 3.04577727015376 0 556
63.8076877699147 3.05475041513426 0 558
97.8206559012775 3.11377438593506 0 558
99.8785559192572 3.1780856536973 1 558
0.0241244905716791 3.00536853009877 0 559
73.2840636691289 3.57269419633834 0 559
67.5095494191822 3.64175219141241 0 559
67.8542922421827 3.14051534419539 0 560
67.2870487248508 3.1527621792459 0 561
68.0968803115962 3.09641903555103 0 562
97.4538029642881 3.38189156090644 0 562
97.6836070751806 3.08610663273595 0 562
92.7482322874579 3.68091918560737 0 563
63.6695380939483 3.4515843946695 0 564
72.0766764423184 3.02330264834606 0 564
99.9843549248569 3.04764637700947 1 564
63.8648776229279 4.85841622846331 0 565
77.3456043138158 3.06796295137102 0 565
97.2068113280183 4.41902689892498 0 565
66.1080686735433 3.25422284658273 0 566
68.3510706621937 3.08387723902232 0 566
67.7431486935319 2.99986600176512 0 567
97.1689241414317 3.15574605027676 0 567
100.030909516596 3.29355726384417 1 567
100.054588931833 3.13289640567011 2 567
70.5795934954633 4.02867540055728 0 568
97.6682731314994 3.3627096347442 0 568
99.9213460811686 3.23968487298629 1 569
99.8359495624706 3.07218868167423 1 571
68.3483588176195 3.048945991199 0 572
67.3888105451621 3.5568547916284 0 573
67.2662519160215 3.00546574657587 0 574
67.254135320523 3.3690731978542 0 574
100.162821473767 3.57115441282301 1 574
67.406810041976 3.11985155729851 0 575
97.7215140918459 3.02921824605961 0 575
0.0626166421121307 3.02097000759541 0 576
83.4343996231723 3.05566058137425 0 577
67.5362252794814 3.1112049350737 0 577
69.7961592820057 3.06620437227701 0 578
99.6006289622553 3.09500636204312 1 579
74.2919460901397 3.65205670341957 0 580
97.205079718647 3.13073562840199 0 581
63.649968284943 4.02296566128037 0 582
66.4714532168543 3.33138730199897 0 582
67.2667820602332 3.21632951576923 0 582
96.6970313802699 3.28661604765054 0 582
65.1003682909351 2.99001831756284 0 583
67.4161545617904 3.24518389342279 0 583
67.2851330202546 3.3681000152777 0 584
97.6568751481882 3.41566537005836 0 584
64.0266088801038 3.54114724465009 0 587
67.5026936177459 3.18099810973772 0 589
71.866698384444 3.41040586111379 0 589
97.7665224549228 3.00638755584283 0 589
69.2015570397167 3.01971109037863 0 590
95.9154325918634 4.48802207502129 0 590
67.2546816684347 3.00031419071671 0 591
67.5930757584777 3.19677841687472 0 591
68.0488192329004 3.16755946029452 0 591
99.3916698642813 3.00054442778116 1 591
1.10154149098192 2.99783158468511 0 592
67.2729914402273 3.29683037054496 0 592
67.5726735296394 3.91776437909208 0 592
99.667731027798 3.37895630245153 1 593
66.626978633654 3.08715383120127 0 595
71.0016818723402 3.12484501751469 0 595
0.0193740656554399 3.24452000698917 0 596
63.653397139962 3.1795442393434 0 596
63.7385447819632 3.12320212679623 0 596
67.2579941105602 2.99922170049798 0 596
67.3552351880956 3.82088610289627 0 597
99.8978059909549 3.84317248725163 0 597
67.2758196979481 3.2066574375413 0 597
67.3658576457819 3.4022162622561 0 597
68.2489572832737 3.02939192747858 0 597
80.0394966615116 3.65382690864509 0 597
87.0492664211247 3.27744071546728 0 597
99.9287160210739 3.4526820878401 2 597
67.3057350613281 3.12968173102986 0 598
64.6409783340602 3.13756508228642 0 599
67.9813697685977 3.2098000472662 0 599
74.7246985804961 3.02357477131966 0 599
63.6607902112853 3.16798100176244 0 600
65.6306788217878 3.13011451804404 0 601
97.7909229364349 4.01756639726872 0 601
85.4829439208691 3.57327747293514 0 602
70.8213757048223 3.05294609618786 0 602
96.7394101179715 4.23804471271514 0 602
99.2887097640337 3.43804810427053 0 602
67.2670850040178 2.99005689159202 0 603
92.6841160612252 3.86271052416536 0 604
67.2618742433752 3.92370570136024 0 606
68.6584405007254 3.95316261765686 0 606
67.3714905817458 3.25144671183067 0 606
67.3758588769051 3.35536529106297 0 608
67.4146155507946 3.13925485144174 0 609
67.2613644564924 3.18072051641908 0 610
63.7731539404846 3.02010615698974 0 611
67.2908907913235 3.09429982443338 0 612
67.2842509221998 3.35553284443379 0 612
96.9452086514249 3.0646491554738 0 612
97.2052759143219 3.6691402286409 0 612
36.2217023213656 3.10188780624945 0 613
64.0444398162354 3.35552799036977 0 613
67.2635458045245 3.17866705738036 0 613
98.3892967094743 3.05328816333981 0 613
7.63053735559515 3.10085205662972 0 614
67.2724815347083 3.10491976667306 0 614
63.8877140766693 3.10834145993335 0 615
67.2540739649314 3.20821882076294 0 615
99.8366233254589 3.14654152061999 1 615
97.6654034438892 3.29519024587347 0 616
95.6359498700193 3.32739617568337 0 618
99.2746102877233 3.13686141554034 1 618
0.0241215523681801 3.67146012176373 0 619
63.744595961585 3.00647268374067 0 619
81.3810653795484 3.25861322565552 0 619
63.8035880864247 3.17856519717058 0 620
67.6256150219919 4.04544597179974 0 620
69.5558482633444 3.37937210384459 0 623
97.2696113524324 3.02687675497399 0 623
10.1344127209336 3.24200089653401 0 625
70.1384803602222 2.99577145530991 0 625
99.9878247515105 3.08589185479264 1 625
99.7495854149845 3.0468701917442 1 627
77.8128141003219 3.10557126995421 0 628
67.276708153438 3.58239767330302 0 628
67.3133500081902 3.01332587943079 0 628
63.7413452980065 3.00862633184842 0 630
64.6836922927907 3.18806721533023 0 630
97.5446852747757 2.99886314274891 0 630
67.2789320075221 3.36633135788722 0 631
95.1713243390999 3.52614406133549 0 631
63.888388392536 3.20190295363391 0 632
68.4047675378548 3.31061276155801 0 632
100.200041792802 3.18548559052963 1 632
96.6610012839232 3.16584641680807 0 633
67.4700923803062 3.09605278934781 0 636
99.6164538678256 3.02454636755852 0 636
71.5629600651979 4.46723091241894 0 637
96.185779371595 3.10363736731217 0 637
0.000284314394047875 3.14153667359415 0 638
69.5908506789371 3.13763160632192 0 638
67.3449703391594 3.05657348912125 0 638
96.0224031762719 3.44992511154159 0 638
67.3674906298506 3.01795301606624 0 639
94.82352905482 3.14369237226989 0 639
31.0363604010714 3.78513631583178 0 641
67.3539937924205 3.40357497633781 0 642
68.028652302701 3.70029290523259 0 643
91.2829712001833 3.50112771157949 0 644
97.8539946118865 3.21471828176002 0 644
67.5591864577162 3.46722225875711 0 645
72.3773910422566 3.23714956402132 0 646
66.6234699058837 3.5456444244292 0 647
98.0430634076684 3.06576780353454 0 647
65.4834497261596 3.13205581278247 0 648
67.2661483575642 3.10136623794889 0 648
84.5015487384527 3.22798045976126 0 648
97.0521700689209 3.13891533220381 0 648
99.5738641002488 3.14549878211149 1 648
97.1852211323079 3.22694794441693 0 649
0.0112814077907047 3.97377762253517 0 650
63.662605807464 3.12537213729879 0 651
97.5772917659648 3.07139674391129 0 651
95.8098877666067 3.43714436886252 0 652
98.2609551987494 3.74445675928199 0 652
99.1585530424404 3.95978084159203 0 653
0.81190975279552 3.1799185948676 0 654
70.4162977781593 3.05133733403543 0 654
64.113044199113 3.21295509041767 0 654
67.2966571328019 2.99916328616959 0 655
67.2719235119051 3.17741506393467 0 655
97.7616025596929 3.05804174108658 0 655
100.107956652045 3.00377417073349 1 655
67.2979900661284 3.45184847457521 0 657
67.2982238265496 3.16950594526916 0 658
68.2624103638645 3.10785232315478 0 658
63.9246584434561 3.07121309838814 0 659
95.8277426458224 3.41235554067575 0 660
63.762103891003 2.99213885975423 0 661
73.1147615177063 3.80002374775889 0 661
67.2924765234641 4.02842144654084 0 662
4.69118313135393 3.38223631003328 0 663
76.8982898939136 3.37524222454768 0 664
68.9634524685136 3.17091198829285 0 665
70.809573300681 3.05147061511595 0 665
97.684959036903 4.29348101531908 0 665
67.2730856711035 3.0273505460452 0 666
98.6349085721017 3.67796502926786 0 666
67.3123611656882 4.46793715904158 0 668
68.6433364878271 3.11775043424135 0 668
91.2837908614437 3.63824779168149 0 668
67.3026236769379 3.53063077649273 0 669
64.266825611932 3.22135181422153 0 672
97.6595095131304 3.45900021716391 0 675
71.3299708176189 3.05831044966085 0 676
70.4920703646513 4.4003132959153 0 677
63.7775653239653 3.1697416885144 0 678
64.3129636187596 3.7036376206705 0 678
67.4055652822946 3.12857554537227 0 678
97.9535399916998 4.62934727057439 0 678
97.9724133581837 3.00846565784909 2 678
66.9330383771021 3.08025175869074 0 679
67.2945689666084 3.16769142936484 0 679
70.6706140696382 3.74238325534014 0 679
97.982359484707 3.25831391485271 0 680
100.174712817864 3.1009029771913 1 680
63.9047316997921 3.03475260709073 0 681
67.2692652854486 3.34182173532969 0 681
99.9721972700015 3.66094308283882 1 681
67.2945880212657 3.09979514220625 0 683
99.5913283929501 4.70666408671742 1 683
99.5997534883288 3.33263007024644 2 683
100.098126706929 3.04172095528474 2 683
99.6673422617213 3.10661526272716 2 683
99.7521403823534 3.33530292592348 2 683
99.8657828022315 3.40541194963507 2 683
99.9283236468706 3.2406443156743 2 683
6.33540719137078 3.70537204906289 0 684
95.7631032377738 3.15002501473153 0 684
67.6052123562512 3.84533378811798 0 684
96.9433489328419 3.89479227420679 0 684
67.7629219329032 3.21071231364174 0 685
87.3528487247686 3.14733382674993 0 685
67.4561800314713 3.01902702760982 0 685
67.6421489501188 3.31643382298092 0 686
97.1104093081192 3.03112237097904 0 686
67.5725605424782 3.38764271546145 0 688
67.5692751203832 3.57766031828539 0 689
86.757693375357 3.14458375544527 0 689
82.0503438430501 3.93748063283045 0 689
63.8394107674032 3.54840417337011 0 690
67.2807507134792 3.02302071317683 0 690
99.9485255158313 3.30582955135912 1 690
100.056742285214 3.06814542066353 2 690
70.6105179215069 3.09061670297441 0 691
63.8450097772179 3.15547205757054 0 691
63.7821407428771 3.35521257679187 0 692
67.8758100109083 3.51869654657348 0 692
63.6583158554513 2.99628095173031 0 694
75.5445909844635 3.12204530839137 0 695
77.1373163573024 2.99383194919211 0 696
97.1027908830268 3.01980711011468 0 697
91.1130337415404 3.23804588260499 0 699
68.6601034320975 3.41523534761171 0 700
96.6581767696188 3.48380440272311 0 701
63.9576326217403 3.21057887611253 0 702
67.9493066381649 3.16116027137816 0 703
63.7482627382015 3.26062489193618 0 705
67.0440097734624 3.47044630535338 0 705
74.380785413781 3.00352011053422 0 707
63.7422758467873 3.08358909357775 0 708
72.7083255325197 3.18084490158243 0 708
98.3251932267517 3.11406416268082 0 709
66.2198060851261 4.38426204476758 0 711
75.5150832678594 3.37299758015987 0 711
96.0652215694102 3.06223722114099 0 711
97.6856417143898 3.54007332947411 0 711
98.7980395535269 3.21827952952347 0 712
67.3457343137317 3.11546968292923 0 714
95.6549872937515 3.02414536075885 0 714
68.1271616256923 3.85383272317072 0 715
67.5709962731253 2.99749425297469 0 715
67.3292347625578 3.36730080099847 0 715
96.3440938582082 3.11015474046908 0 715
98.5277833881294 3.10065215690436 0 715
97.2648492907052 3.41860202334951 0 716
83.1170960797088 3.39623919859136 0 716
84.6965864028242 3.03961032513411 0 716
67.257225808245 3.07102101066545 0 718
67.5811185717159 3.15465062130018 0 718
97.4002507695658 3.06349080426941 0 718
97.700568150291 3.18684093082174 0 718
1.67385436218372 3.16097721102694 0 719
63.8239967873487 4.4425811233852 0 719
71.1168127595564 3.06669490972353 0 720
89.4665402238752 3.12460752390402 0 720
95.0148745105546 2.99980381460685 0 720
67.3372505151522 3.42008581122816 0 723
97.6718010157425 3.20927568141058 0 723
67.3016316224982 3.32677722115476 0 725
70.1767908065462 3.07279479190799 0 725
93.3088579700682 3.06328268722023 0 725
67.2668130507456 4.52483181025891 0 727
71.6680675216409 3.16535881862419 0 727
93.1972289597465 3.07944547023882 0 727
100.152591203087 3.08428526924988 1 727
73.4527489062639 3.11633401537428 0 728
67.473877006585 3.15486993549887 0 728
99.5121202072867 3.69351073018825 1 728
64.2290628300481 3.14698350568959 0 729
65.2992504732112 3.0456624460302 0 729
67.7082071750789 3.40079012630974 0 731
67.3538141588597 3.21269216492895 0 732
68.4636282856573 3.15177807864583 0 732
74.1664527441964 3.00326228462128 0 732
97.7546927059339 3.05724136613685 0 732
67.3187690698786 3.02992281735689 0 733
63.7405708318379 4.17200915210617 0 734
79.6125171172713 3.05443965863888 0 734
97.2739330377003 3.26040508360577 0 734
81.4720027335617 3.18239948950828 0 735
69.9383966852781 3.02822693602919 0 736
67.4188642019353 3.1765863342983 0 737
67.5940095431274 3.1580584964456 0 737
67.771992407287 3.3728124058883 0 738
97.6868571778096 3.46653882844142 0 738
95.9472470573507 3.03310862859623 0 739
67.8752878950701 3.2992715685452 0 740
67.428225012867 3.7575413283466 0 740
96.5675484266054 4.04497107455825 0 740
67.264526479653 3.10182119774101 0 741
67.3579801647409 3.18194781812393 0 743
67.6011675699179 3.18709774404348 0 743
63.7425210198636 3.0179451884674 0 745
67.2681941531548 3.89479479000679 0 745
97.7283329190631 4.33154217545802 0 745
95.8335075892151 4.13128502363485 0 746
97.708830365734 3.00658260532622 0 746
67.5249968855016 3.01232316240698 0 747
95.1777268767286 3.50344430273324 0 747
97.6780538150707 3.38096363303966 0 747
67.5337431628326 3.97914292557395 0 748
66.4524902169978 3.01063370177392 0 750
71.5952881789246 3.12424938338342 0 750
67.9618338198394 3.21692727094047 0 750
84.9422389736425 3.21952951486184 0 752
67.4729292460398 3.24695584205082 0 752
67.2974895572572 3.07238068619843 0 752
94.044863771003 3.33460760883854 0 752
63.7536451938558 3.209665601781 0 753
67.3363582873406 3.53475213981874 0 753
0.959547499796418 3.21877803709664 0 754
96.1248138924821 3.21116869987888 0 754
67.3790581080911 3.03969299193076 0 755
69.0733966680011 3.74664077785833 0 755
12.1054254475893 3.12199207708841 0 756
79.4107998871689 3.03224325637364 0 756
96.3313179116704 3.05444577096179 0 756
97.1265912718166 2.99886378933137 0 756
97.6586312222778 3.45538367144486 0 757
98.0589351325225 3.20482592908032 0 757
67.5792914218155 3.00709497919971 0 759
67.2529475384935 3.02348062084313 0 760
68.8328587695666 3.1863172272642 0 760
67.4017800100634 3.01419552595731 0 760
74.7020027256895 3.1326827667151 0 760
67.7736894664052 3.04605358833044 0 761
97.3867364533069 2.99122474589 0 761
97.8884675052444 3.61681316717825 0 761
10.3725852537689 3.17127062991332 0 762
63.7875789426421 3.16797271286189 0 762
67.2555348318785 3.36897045498349 0 762
83.9154236454871 3.18390863428179 0 762
67.2891940586244 3.09165220562173 0 763
1.67738060519059 3.07362973228853 0 765
78.2321416189072 3.14785945701925 0 765
97.4497848081532 3.32703176368902 0 765
67.2636807728906 3.05481891978664 0 766
99.8282133764381 3.09767416496082 0 766
64.6950750645287 3.31016132317961 0 767
67.7988984890948 3.00727762672373 0 767
94.211899004246 3.74594644735392 0 767
97.2887451318221 3.09264900190864 0 767
83.7953873710551 3.41406321091282 0 769
65.0832842452543 2.99071350978766 0 770
0.4465628451157 4.05860727044573 0 771
75.1903841386597 3.60643800918027 0 771
67.3041515993908 3.08830058835761 0 771
96.3134334975862 3.02029166928244 0 771
97.8200907168513 3.24530760025325 0 773
98.5986765926547 3.9864654935277 0 773
57.4293309803421 3.80222764794161 0 774
67.3012009164872 3.11862084514561 0 774
97.9210850620665 3.11122825515216 0 774
68.6665816195068 3.48657891055055 0 775
96.6839369182743 3.93179087494267 0 775
100.202975841453 3.01955492827958 1 775
67.5795327641779 4.34586328722265 0 777
86.0093712558312 3.01731322371452 0 777
96.6649000038224 2.99513748717811 0 777
67.7390381086899 3.17549694305995 0 778
99.0850661962217 3.22536889497298 0 778
3.81432380701432 3.07445296962999 0 779
70.2751560500211 3.16674596769902 0 779
97.7206398190933 4.38089421778184 0 779
67.2875372600924 3.0605967101924 0 780
67.2597084099079 3.31673842130066 0 780
68.3439571030778 3.01222467084866 0 780
67.6875986361093 3.18371364251274 0 781
96.3196341516312 3.19045116517505 0 781
97.69807785666 3.10800489018613 0 781
4.46826936705941 3.12216043229625 0 782
0.0825147921645377 3.00565823560168 0 783
65.115646882203 3.12100720202692 0 783
67.3676966323025 3.14911913525841 0 783
97.7623751532633 3.00705904552096 0 783
98.6052832435287 3.00555684316589 0 783
67.2594597380603 3.42554257476815 0 785
67.2861599673081 3.48504247302051 0 785
67.330843484534 3.84346292847314 0 785
68.6061290361403 3.27742557855549 0 785
5.35635493414167 3.04164776955989 0 786
67.535583836272 3.16780422242828 0 786
63.7090487782875 3.18200088608319 0 787
82.7537712083654 4.10308326493525 0 787
78.6543613158619 3.00973646662126 0 787
97.6240201410852 3.01562881454868 0 787
100.125151834431 3.05680564441951 1 787
68.0737403032652 4.42183028892334 0 790
99.617743214573 3.11058242150989 1 790
64.6675052909299 4.13089987355934 0 791
67.3281743996084 3.4201978833925 0 791
80.6708237513961 3.2933957182183 0 791
68.4409825195557 3.97225274075008 0 792
82.1222233175731 3.49897266839315 0 792
63.7391656758485 3.06624682465692 0 793
70.5631842591726 3.09874205222899 0 794
97.6923838376654 3.16439575287205 0 794
97.6773299001158 3.03232839351183 0 794
63.7434801190211 3.17576825061017 0 796
67.3589193538627 3.10634087071646 0 796
97.7166231565443 3.01700897654747 0 796
83.8545251318263 4.08823576466801 0 797
67.8051324172836 3.31548900424746 0 797
67.5542437045893 3.7804468246363 0 797
98.0294841902545 3.24818364912764 0 797
99.7709130476967 3.65385927896867 1 797
71.5374854394395 3.70182530306156 0 798
68.015940058041 4.77257985001221 0 798
64.9583290831647 3.36066186473395 0 799
67.892589019497 3.24118343446422 0 800
67.3892968985891 3.25019681730868 0 800
98.4658148682711 3.09406864652066 0 800
99.6033167614093 3.14098831959472 0 800
71.5424068144802 3.05042037204522 0 801
95.6407139088512 3.17277828399195 0 801
99.0882524485915 3.39981834857002 0 801
72.2728777656643 3.12408933651267 0 802
0.0483849202741152 3.0462547489381 0 803
67.3115343092694 3.03560018065977 0 803
68.5546886893762 3.1512689149904 0 805
67.5584207439418 3.03982730922977 0 805
8.04023286488153 3.19775884752435 0 806
0.511889566315137 3.55789701388893 0 809
67.2622361319139 3.17787485031914 0 809
67.3170875024404 3.47954582326502 0 809
75.1017389722195 3.04893665748349 0 809
99.915947644952 4.17515940260588 1 809
99.9608185465783 3.25331429584573 2 809
99.9160223142206 3.39250533059792 2 809
99.9269158933292 3.39239141430128 2 809
100.118677740323 3.0432835851605 2 809
100.090746810971 3.01738080638695 3 809
99.9605736946285 3.23023586813351 3 809
67.8409324287063 3.06707874342729 0 810
89.1833897450739 2.99183974787311 0 810
96.9260894554715 3.02529567127155 0 810
68.3553897598344 3.55591397816364 0 811
70.7109621368155 3.96601983654938 0 811
99.5244822507069 3.05220448839655 0 811
99.527192825731 3.14010180623741 2 811
39.5104282979782 3.0603415289293 0 812
67.3120751941818 3.30180337943392 0 812
67.2983044002952 2.99991342083843 0 812
70.6355937370783 3.08872793228428 0 812
95.1528017954605 3.28413529117238 0 814
99.5421210422453 3.03947027687366 1 814
67.6075309732827 3.04990372446041 0 815
68.2488742252797 3.23965993463403 0 816
0.109484023428161 3.65410342305908 0 817
96.522340865724 2.99966747063751 0 817
98.9994897981762 3.0439539725805 0 817
70.2031594802265 3.33531988895793 0 818
67.6601883785448 3.09986121240404 0 821
63.9319578818124 3.58222423882555 0 822
67.2551802911834 3.04671931500931 0 822
90.9854082962143 3.32337785927097 0 822
67.5893887740864 3.10417707897218 0 823
99.4672463234621 3.19520113418486 0 823
0.125058578322023 3.08702096470933 0 824
63.7592111775066 3.11297690323759 0 824
67.8094390220917 3.49054017576319 0 824
67.5514571250484 3.48965830071939 0 825
67.2593899660742 3.41043335737783 0 825
99.8865605608832 3.16819043453858 1 825
100.224022836405 3.53936973863598 1 826
100.238500357125 3.00854634476854 2 826
67.25358694678 3.5333413461927 0 827
67.3328103588116 3.06939132032294 0 827
64.2923912410857 3.96594103481 0 828
70.2948768164872 3.09337805835964 0 828
78.7493656633894 3.27531860786903 0 828
91.0254311663977 3.3032299265003 0 829
63.8355291217119 3.49631978950706 0 830
70.8051587655287 3.209880587404 0 830
9.31478645686688 3.14420987133061 0 832
67.2578846338193 3.16101578768735 0 832
68.1521549053691 3.02973122840497 0 833
71.7078354708192 3.05782984380157 0 835
70.5171561093784 3.18610307264492 0 835
89.4508808559949 3.26686238510878 0 835
93.587234901836 3.17890789827141 0 835
96.6718988130707 3.03753591192566 0 835
34.9639305878298 3.09821583981736 0 836
77.5261938921752 3.41851232041605 0 836
67.3574688446478 3.18883241935025 0 836
97.4188147221794 3.22275800521633 0 836
67.357710149045 3.46886023714903 0 837
67.3398580983431 3.01801382642324 0 838
100.048237535385 3.43640428709296 1 838
71.7815129709451 3.52051511247954 0 842
68.815908630964 3.19405277676321 0 843
75.8103195692102 3.91510944118383 0 843
99.5668704538995 3.19752980717135 0 844
10.062944551711 3.03178124025987 0 845
67.6080025745584 3.60129465906023 0 845
0.0406693414880603 3.34973612039109 0 848
78.1209423373843 3.4412837960969 0 848
97.7358489183375 3.47854684828517 0 849
71.4266600380356 3.14898287199864 0 850
99.3204223576274 3.35214468775096 1 852
83.2605231960791 3.21553035269066 0 853
98.968689825001 3.23488565898996 0 853
99.6318745717679 3.13049786273106 1 853
99.7520535380243 3.10597485029458 2 853
97.6892352906773 3.52554379737982 0 854
66.5733041970879 3.229128642334 0 855
68.7940284015702 2.99203871651194 0 856
63.8835462775555 3.23631877605422 0 856
73.6000480371747 3.12239582970988 0 856
68.7466255484834 3.35897838401827 0 856
68.2345453474311 3.21836130608799 0 856
99.4834004149113 3.11119246362535 1 856
67.4243682408087 3.4337245304897 0 857
67.6806611137407 3.03341372285834 0 857
70.9825176644616 3.02024657241614 0 857
44.0145791121746 3.45398906348749 0 858
84.0837330543508 3.01797101465105 0 858
97.1605705971678 3.02362160117773 0 858
65.0626569072375 4.54029140229853 0 859
76.3802715341723 3.25771137497677 0 859
67.5686265436962 3.46399237812572 0 859
97.2617081803261 3.65676201773674 0 860
72.104763119356 3.57189134772183 0 861
71.030333590378 3.03162870186997 0 861
2.796284085324 3.71446399636659 0 863
95.793947657719 3.47420664186704 0 863
97.3843102826481 3.00546081104434 0 864
97.7911240218711 3.01553861914474 0 864
97.8798796627618 3.23142221019465 0 864
67.5183130675038 3.11083374944539 0 865
68.2677864945408 3.05776338208585 0 865
97.3121696102677 3.02881474221725 0 867
64.0285169333858 3.81335562273481 0 868
80.9391741671524 3.23604947169557 0 868
99.7995817181461 3.11181130695083 1 868
74.6162426678243 3.04766381582979 0 869
71.4202652251362 3.01651029098395 0 869
99.2883892038178 3.00036518296003 1 869
67.624143199918 3.16671579188379 0 870
69.1735101677376 3.04111735477453 0 872
92.2362585130849 3.35447021765374 0 874
0.435760277975582 3.26113882235532 0 875
84.9045299780142 3.08023087322004 0 875
70.1759602196481 3.02214955334945 0 877
97.2683384620198 3.70075337862649 0 877
63.7384060117475 3.38866538543576 0 878
67.2910720851118 3.15891284796946 0 878
97.1304357977705 3.22482384877923 0 878
1.62879527111185 3.68286516574819 0 879
68.8097193153161 3.02610135390633 0 879
96.9565481106727 3.13477929958851 0 879
64.8146252819575 3.00331369989711 0 880
92.4916385209095 3.30307830440875 0 880
67.30283826161 3.68903281875696 0 880
67.2566182911352 3.17926628358566 0 880
94.3199428709967 3.97418783448891 0 880
67.4856796876022 3.04417658505398 0 880
95.9038056112711 3.02778879403799 0 880
82.8462364124879 3.06700274396574 0 881
63.8226039031393 3.30901127065534 0 882
71.1920789439728 3.01899303158985 0 882
91.067660070779 3.0546610509739 0 882
100.061747635928 3.03495645821118 1 882
67.280767393203 3.22586815087682 0 883
81.3654213275599 3.67949460517181 0 883
96.103768351142 3.12339693648485 0 883
67.2564385989706 3.13525189675841 0 884
67.4270126141889 3.5782324876862 0 884
70.438124073773 3.53923126541677 0 884
99.5256547082488 3.00205078229198 1 884
24.5901912611357 3.43924734286863 0 885
63.7287525320229 3.71478661499695 0 885
67.2535220147277 3.05394444176326 0 885
69.8064105824941 3.19454152681024 0 885
70.5518149198591 3.45471219541809 0 888
1.50097582906027 3.35391268619815 0 889
63.7994270288133 3.05294185298347 0 889
71.1145341694519 3.02571421261027 0 889
82.0653562095797 3.25103699392595 0 889
98.519208913508 3.9912794581336 0 889
67.5485300095152 3.58656592431301 0 890
97.653382594636 3.06815902822098 0 891
63.6640012930575 3.35985612770425 0 892
97.8315310285951 3.54706742739702 0 892
63.7946034870986 3.20234518061901 0 894
67.2651616535581 3.11488979937376 0 894
67.3041152877999 3.35101521046634 0 894
76.9001538580063 4.01188553666218 0 895
67.454623986725 3.13956456538748 0 895
67.264970801402 4.62021241514885 0 895
97.482341105259 3.45865297356375 0 895
67.2973197498361 3.25019956457197 0 896
67.2865784424641 3.60120040199554 0 896
84.4948659481213 3.51317207318376 0 896
94.081708859223 3.00449285594839 0 897
89.4350903837451 3.1282468420445 0 898
67.4966964218829 3.17271005470066 0 899
70.5668246438381 3.43675698353022 0 900
98.1859050665435 3.79889359125955 0 900
99.3231191750065 3.13105259994966 0 901
79.7581495270588 2.99877208351069 0 903
97.1986542605538 3.46648404627482 0 903
6.7819627605602 3.17949279450535 0 904
64.7394559840233 3.08945357531896 0 904
67.2792171343082 3.14715747338094 0 905
67.3818218976784 4.11748318257372 0 905
67.2693263592388 3.07428004158035 0 906
68.1923802213972 3.03656281166082 0 906
86.2694879463432 3.46798827865104 0 907
98.127841326997 3.17754979709492 0 910
63.691517421546 3.12215339951845 0 911
67.4302715769368 4.0469624974954 0 912
69.5014790947738 3.44747432382596 0 912
74.1450463677319 3.27409353990616 0 913
71.7525310085337 3.63024801484198 0 913
94.16566692768 3.35219677577825 0 913
0.260943009299172 3.10956908686836 0 914
67.2762559810612 3.02515652179644 0 914
72.1419252896402 3.397325228335 0 914
72.7292927018751 4.41960134444821 0 915
100.216300117065 3.26940958504609 1 915
100.223513030283 3.03571337393657 2 915
69.3121414721766 3.22738777375738 0 916
96.4462809595349 4.52349637713812 0 916
97.896605211599 3.36574854482294 0 916
67.253285178365 3.56427822758131 0 917
69.3664374048318 3.08485195405106 0 919
75.1549940037039 3.43077757980859 0 920
67.6380542685541 3.3512488275483 0 920
76.4031105233778 3.27164417636432 0 920
73.5392922167035 3.19553688275241 0 921
65.6961912639892 3.1850022204894 0 922
95.8367044238791 3.1035583235058 0 922
96.8175509165793 3.05702454445107 2 922
67.5529667895445 3.02250000703066 0 923
67.2957123319862 3.2360140608902 0 923
67.9070241712763 3.22353382427037 0 923
77.1880972055781 3.02264984853721 0 923
99.9188226687063 3.30642949126579 1 923
64.5772889974525 2.99221090225036 0 925
66.9900510289785 3.4493894286909 0 925
68.2033477942438 3.26295301277365 0 927
82.1284705287322 3.2562189545912 0 927
78.8047009586285 3.33304009823821 0 927
67.587836693281 2.99053343685368 0 928
67.6569580077763 3.94948049228863 0 928
96.4150490654316 3.41154939188951 0 928
0.0159932305070059 2.99657374193112 0 929
0.0304743253338167 3.13979617501335 0 930
95.8583686230699 3.08413614798665 0 930
74.8002636960221 3.08085988293241 0 931
84.7160031866841 3.75972628378778 0 931
95.9731113382895 3.32681178327595 0 931
73.6098384876307 3.12313528555906 0 932
64.0772806774802 3.62969227571212 0 933
67.2913542387642 3.16013235027307 0 933
97.7061714394136 3.12788939682267 0 933
95.1993046391634 3.05396194163051 0 934
97.8957177131114 3.07752194663512 0 934
67.6101609650327 3.00648701946832 0 935
100.229356938255 3.26852294614489 1 935
100.23355632798 3.19319104164253 2 935
68.4035891937717 3.94188456497161 0 936
73.1482590569909 3.06906009230055 0 937
2.12101760665422 3.92411290084247 0 938
63.7870019239021 3.1361820575906 0 938
67.3057884238049 3.43677018269432 0 938
68.2361082337552 3.27592940829945 0 938
63.7476322683387 3.5796997626374 0 939
67.3289113797907 3.52775270310778 0 939
69.9494926174602 2.99325695319857 0 939
67.406131101842 3.31472532651828 0 939
80.9081334540613 3.36848657746109 0 939
99.2354073711892 3.66574190469163 0 940
70.4391133827724 3.40793186719981 0 941
68.4728069486391 3.22067227706952 0 941
0.385452072316318 3.02559236253408 0 942
82.4781706023116 3.01421015324346 0 942
100.25040368664 3.03794404978195 1 942
71.54626756911 3.41039236837909 0 943
65.5126534311735 3.20189159799618 0 944
67.314773792749 3.12036516192869 0 944
67.7600681200659 3.03962607783804 0 944
68.8580395108924 3.42795598316466 0 945
67.3587737140656 3.65332509319187 0 946
67.4939891767308 3.03709299779213 0 947
97.2134380047202 3.47322799310215 0 947
89.4003047533513 3.33507219263305 0 948
64.737680844178 3.53121583753823 0 949
65.5208879078353 3.08885443516839 0 949
95.9204052458787 3.3776044931893 0 950
97.6645890989664 3.11294037596653 0 950
67.756454041372 3.06143278934986 0 951
67.5125440843285 3.03702652352947 0 951
67.6226419645095 3.21610147988817 0 952
94.8186201253771 3.32185564151722 0 952
73.1637164137469 3.55551321340459 0 953
67.2645909304883 3.30948945653667 0 953
74.052328319378 3.23218972815182 0 953
98.5052620888912 3.04532431284538 0 953
93.3107419082559 3.078363077887 0 954
99.5273239475016 3.20947004635036 1 955
68.5298597088952 3.50800842151806 0 956
74.4282377609722 3.6312575347321 0 956
99.3231840425608 4.01763650277456 0 956
99.3726300214143 3.09662325479823 2 956
67.4503947815362 3.04823453266469 0 958
87.9890169837237 3.0227578153563 0 958
0.921661890933134 3.92172592727642 0 960
69.720160118309 3.35528693564105 0 961
64.5228131132332 3.8101027927034 0 962
97.6537979938833 3.02850360419661 0 963
93.7436369730782 3.48115161259862 0 964
67.7077481347497 3.10209972256009 0 965
69.0915771892416 3.6664578339798 0 966
67.328696975702 3.19551430523486 0 966
97.3687311137509 3.74740650913959 0 966
97.6686199197699 3.21273502578105 0 967
81.942699120773 3.15090685095487 0 968
99.2919587706954 3.53858878753784 1 969
99.490466904862 3.24162860024543 2 969
67.5480103110153 3.00625258750897 0 970
93.6255987885087 4.00579551392913 0 970
79.8150496577767 3.77945971851253 0 970
67.2548371031208 3.22854403168174 0 971
73.9224541942509 3.6871869531845 0 973
67.6626188334173 3.06434006702758 0 973
68.076432489932 3.31823183846036 0 973
69.7374672013922 3.13546769672526 0 974
67.2601614922928 3.52197776889712 0 974
0.0271673577785028 2.99712453489467 0 976
95.9302512186483 3.18390487307893 0 976
96.2036647303588 3.29079638861019 0 976
99.2701720800057 3.31523438068667 1 976
99.275117835508 3.39245907732403 2 976
68.6330881072099 3.55838442256191 0 977
69.4037117901681 3.5565439194573 0 978
67.7037887736607 3.32164344389842 0 978
96.4088205250551 3.29232410739041 0 978
99.4811709732555 3.37761727487118 1 979
89.3152392221547 3.63142804743992 0 980
68.5263331851328 3.10972523794524 0 980
75.8899617320471 3.84463663158004 0 980
97.12626806836 3.24561018980729 0 980
67.2894207285285 3.95587522447619 0 981
99.9044575439573 3.02127592498421 1 981
0.691515294527736 3.02009246079185 0 982
70.0623213537085 3.17190335634058 0 983
97.698303268033 3.11579807836229 0 983
67.2971836510726 3.41049025069219 0 984
90.3768589192589 2.99677481612535 0 984
96.0214106571379 3.43210739521317 0 984
67.260594295775 3.31340626964635 0 985
67.2602038241089 3.04474726920605 0 985
70.7588625123182 3.6096416659859 0 985
96.9255192539266 3.39045552346831 0 985
96.9572096558297 3.03157542372059 0 985
67.4485058215567 3.20560076533629 0 988
70.9294706500072 3.07368175758821 0 989
67.2528981163257 3.29765956386533 0 990
67.2989801226628 3.94075172320047 0 990
72.2279423521048 3.04166496873693 0 990
100.226926506012 3.14776934384211 1 990
67.2992043912399 3.57118201088243 0 991
72.0265650727068 3.02200610548717 0 991
97.6995048697941 3.32454477234547 0 991
63.8257508449478 3.58498888186559 0 992
73.0345724854173 3.01453789243613 0 994
67.768008402933 3.1320338917845 0 994
95.8787141876958 3.18419411865586 0 994
66.3801730019128 3.36982611038555 0 995
72.1132731251841 3.01297203991276 0 995
67.3164195020589 3.92076745256094 0 995
67.3040746427906 3.2803141614041 0 995
68.8750730340518 2.99918257433143 0 995
67.3619961601108 4.00404113058623 0 997
67.823693368131 3.39896366156726 0 997
63.7579740981002 3.09609363769483 0 998
73.6688419298972 3.43444135050107 0 999
90.5288943797326 3.24104170422836 0 999
67.2711487676687 3.27234583814255 0 1000
