"ts" "magnitudes" "gen" "cat.idx"
74.2657826962876 3.3788791918512 0 1
82.0476272175624 3.05597115840164 0 1
65.1104339758567 4.42139665253508 0 2
67.3398414053295 3.28003064583136 0 3
68.2887834447256 3.2245003888222 0 4
67.3924107070363 3.40089060228418 0 5
89.2798285847956 3.61211328618926 0 5
67.3530544545199 3.02655213639942 0 5
91.8907350319681 3.07093821512387 0 5
65.651629838257 3.30965291690241 0 7
67.3895187063961 3.02477553381877 0 9
70.0841870643978 2.99813736028427 0 9
0.014733380694602 3.35199934273796 0 10
64.0495214626691 3.07016654803904 0 11
67.501589481265 3.02775667249243 0 11
67.5419613718958 3.47144342791347 0 11
67.2649413638664 3.07365925505386 0 11
63.7422613781163 3.10777440561124 0 12
67.3145161251465 3.01517297757738 0 12
67.6033292601185 3.59780129988611 0 13
91.0919983218946 3.29615115059461 0 13
67.4828481630631 3.27041767793975 0 14
88.5267943484929 3.2454883537946 0 14
91.8597261018154 3.20083096910186 0 14
63.7424844968942 3.80329443318395 0 15
63.7668712834804 3.1202066539556 0 16
85.3930900169885 3.08089825499775 0 16
92.9200968497485 3.04277587197397 0 16
63.8313331174844 3.02153242188635 0 18
63.671240859293 3.09728798663083 0 18
63.7539538719302 3.02019939532569 0 18
67.9131962084314 3.16895856426676 0 18
91.4949953208428 3.56592820187298 0 18
4.84212139069859 3.32087744460957 0 19
67.256453087792 3.56075070182805 0 21
67.2957151488152 3.21393466428956 0 21
2.80899382585453 3.16507912916396 0 22
16.0127036869763 3.46907924480434 0 22
63.8464465130278 3.18619862987286 0 22
64.6737998655692 3.13552548953506 0 22
67.2535484079265 3.01636479480784 0 22
90.8477934196726 3.18708256562583 0 23
67.2812954520368 3.47790206365031 0 23
63.8452349247429 3.19079648220496 0 24
67.6350075507939 3.07498440195891 0 24
67.4121795367659 3.01441824363591 0 25
82.0410386497209 3.59408881041149 0 25
0.265747816416937 3.0092765696555 0 26
67.4720874315421 3.3338954226375 0 26
78.0331805017725 3.42884952721955 0 26
73.8660845123699 3.52622460117192 0 27
81.9016420109634 2.99374255806383 0 29
70.5345943225742 3.00316857421083 0 29
63.7679306596333 3.13326179411236 0 30
67.7775765428239 3.53031366564526 0 30
71.9940038755029 3.96400479466135 0 31
67.2829886723114 3.3609625628208 0 32
67.5164582259398 3.03186203799304 0 32
91.997888886365 3.5828869576243 0 32
92.3729680475529 3.06877435506156 2 32
67.643725357214 3.13059772520659 0 33
91.3480175695717 3.0841220944685 0 33
63.8559806696922 3.78410952162994 0 34
91.875114100975 3.13612272088426 0 34
68.0844847786727 3.23389418882899 0 34
67.3473490579498 3.33733382836569 0 34
67.2602823996913 3.41040731139493 0 35
73.0042749389448 3.76445039752953 0 35
93.1386830110375 3.52975495513366 1 35
0.827789625615366 3.11623870489538 0 37
70.4401761836724 3.81128916528197 0 37
91.8623478547033 3.01506029893634 0 37
67.2912227007691 3.12758957997075 0 38
67.5314396676732 3.22048844285704 0 39
67.2562604910715 3.34381275886716 0 39
67.7339456174528 3.04688740750178 0 39
92.6754812572424 3.26724743087903 1 39
67.4027332716586 3.13855871903506 0 40
89.7682933654618 2.99273065566597 0 40
0.915181122165741 3.18823453178444 0 41
69.5211708368563 3.70588863158814 0 42
69.5299830010131 3.05915818899178 0 43
38.6734791425681 3.34083923423483 0 45
67.2738477262401 3.25354711131236 0 46
79.7954100312315 3.45902673425339 0 46
92.0189386359942 3.09434081251492 0 46
70.9783320255782 3.17324014684914 0 47
67.2911045394128 3.46820311294431 0 47
67.7133441393465 3.56713086489328 0 47
89.7260080730045 3.11989179767709 0 47
67.5257452231212 3.00265797072611 0 48
67.2964786130579 3.14319120714314 0 48
79.9615935500771 3.8418499957432 0 48
91.3159244089103 3.1454334242511 0 48
66.0378759103382 3.21859356857884 0 49
77.8833833424223 3.37949428344145 0 49
68.2061193319848 3.35937942750275 0 50
67.4237803288293 3.27595968734128 0 50
69.1290283300434 3.37942915189371 0 50
75.2347202086997 3.3300938940201 0 50
92.5610834803225 3.19806338868959 0 51
93.2218867107101 3.09690363319502 1 51
4.67440736674881 3.05312749717257 0 52
64.2054292765821 3.17674096586712 0 52
67.2581640472098 3.14888590660133 0 52
63.7603795309247 3.01263372702425 0 53
92.7983889876527 3.13617416375306 0 53
92.8390865314093 3.22853016933288 1 53
67.2596663575285 3.07116668272639 0 54
24.4891441816358 3.68877045695124 0 55
87.4941361481742 3.31891289732618 0 56
67.3685292848948 3.06073566063131 0 57
67.377900163294 3.21460078050897 0 57
0.688516837162991 3.47657831294761 0 59
69.7286355688216 3.13061996219436 0 59
67.2562492692609 4.19980820761766 0 59
90.0720330214533 3.15025341734861 0 59
91.0591854213253 3.40841108983589 0 59
92.8446574551256 3.04358344544102 0 59
89.9198916232495 3.36177008435507 0 60
68.9627745571059 3.119104419534 0 60
67.6310808532759 3.14613161290931 0 60
76.7274110928911 3.00344535561259 0 60
92.4742940428934 2.99628957271694 0 60
67.4322167333977 3.27176523186861 0 61
67.514143724458 3.05409948172544 0 62
80.9297351034446 3.07376186615602 0 63
87.0314698641459 3.02263211586113 0 63
77.1762133659874 3.55130296271997 0 64
70.0505633829438 3.40272986143296 0 64
66.8589589425579 3.72934446369953 0 66
67.4005882517519 3.76693388234749 0 67
92.8027300392084 3.07629686503895 1 67
0.464959776226889 3.18044605289358 0 68
63.7653591435637 3.0412370950513 0 68
67.3753663776431 3.14035515333792 0 68
81.9824351778026 3.32327435639891 0 68
67.3213509322586 3.94180513891205 0 69
91.0705562705652 3.58128732388131 0 69
68.0212915606105 3.30436817573201 0 71
63.7396002881742 3.30066175762446 0 72
69.8197831783994 3.30998635947144 0 72
2.1906371551124 3.24802695192512 0 73
67.3550291972545 3.0155047288322 0 73
67.7527555048034 4.35185844441095 0 75
70.4479023797308 3.20685739456157 0 75
67.2630032584257 3.09870083979546 0 76
67.3730571796098 3.20306245068107 0 76
67.2839146164732 3.58591263733381 0 78
67.2799578795852 3.18283471987907 0 78
67.2531314946431 3.73674700413336 0 79
64.35964797679 3.08962566146215 0 80
75.6118136471633 4.01298565867825 0 80
67.2819429096088 3.1099423567267 0 82
67.8513579426541 3.56654096216734 0 82
69.0783433720461 3.080914086365 0 83
84.2723617313446 3.28790575908506 0 83
91.3228743451658 3.27019077548455 0 83
74.7543425591397 3.224299278121 0 84
69.043432849701 3.08687288515745 0 84
91.4236297531642 3.70132524742725 0 84
67.2534916394304 3.16607504179958 0 85
68.2776312175567 3.08081174505088 0 85
91.8890009291681 3.22028662013787 0 85
0.374493226880906 3.18239293870318 0 86
65.3203109372517 3.7048810520949 0 86
80.585692198521 3.08389980923932 0 86
72.3731133433941 3.35591304077064 0 87
67.4809179956984 3.24765058897187 0 87
91.5254498909476 3.56377243876299 0 87
63.8430818888531 3.06037256567511 0 88
75.5065585552025 3.37695717124411 0 88
51.3057316385484 4.02842484355213 0 89
63.8097230371382 3.00159275498954 0 89
67.2842101006319 3.23407525769642 0 90
91.9168708594365 3.09983190654541 0 90
68.3793638209846 3.12314000010889 0 91
68.888701186555 3.01525740064443 0 91
69.8437860539588 4.42453915334499 0 91
73.5989567532829 3.51583839781557 0 91
91.9213918630399 3.07395129907367 0 91
84.0566821746108 3.27748175142519 0 93
84.5208730559876 3.82242173703819 0 93
70.5394138687124 3.57866999389819 0 94
67.2930863343157 3.14416588285235 0 94
69.9655177232153 3.12934847227611 0 94
87.1072742910446 3.73344793132752 0 94
67.810881072097 3.47747617445373 0 95
68.3804641987826 3.16825487101147 0 96
67.2948905321398 3.84608408547765 0 98
85.6360873433979 3.11104937856059 0 98
64.1406432270188 4.12525724923492 0 99
67.2585777296216 3.74258810762733 0 99
69.4761964843343 3.11580260487094 0 99
91.883709163566 2.99499710121864 0 99
67.3303413528001 3.10625156345192 0 100
67.6006478491336 3.32153780969321 0 100
67.4517268221889 3.31356983209311 0 101
67.440001514695 3.30838653232703 0 101
64.8608078249537 3.08776883092691 0 102
67.2797567097877 3.02391987356433 0 102
84.8903877840918 4.14768450589662 0 102
69.3332265425762 3.25862719098697 0 103
4.7752159565947 3.56000416241433 0 104
68.4756176480094 3.17782906118369 0 104
74.3106077683136 3.01826892856227 0 105
0.0021660217787109 3.83000052395288 0 106
67.7651774375527 3.15457571429429 0 106
67.8263205580959 3.83077020606055 0 106
70.1080594524048 3.25230942036964 0 106
68.8318645121305 3.09815504995173 0 107
75.7672671499072 3.16471437103503 0 107
79.3922883936194 3.59600255221384 0 108
68.2489716199946 3.01244206971271 0 109
93.2432166111928 3.67630064933488 1 109
93.2504221496038 3.55610150388576 2 109
79.7098158219893 5.16314978154521 0 110
72.1101553388817 3.04088430421537 0 111
63.9962650543048 4.35531523423204 0 113
74.2758525743636 3.21994106953582 0 113
91.9133975253363 3.16866210904454 0 114
0.0153707234825735 3.0074681528393 0 115
70.526102556198 3.015470867354 0 115
67.2815076322931 3.44970804986855 0 115
69.7205362827608 3.80410515062794 0 115
64.1138264280751 3.38915209124381 0 116
64.9548842540614 3.04004123675649 0 116
67.3300110535921 3.06118348382513 0 116
67.3557647355331 3.08012748410869 0 116
67.2747421331977 3.04516263155565 0 116
69.095049544636 3.13925238956905 0 116
63.655134583388 3.02143345272236 0 117
67.3274034523329 3.39295125826908 0 117
11.811603099118 3.00327667794819 0 118
64.313055674686 3.26670167789893 0 118
67.2993519022817 3.04500222243001 0 118
63.7573290355132 3.40971779708423 0 119
67.7424394648218 3.12746629282602 0 119
69.4327898502886 2.99239183243693 0 120
74.6988287047259 3.17031952659493 0 120
90.8746144110043 3.07157811888253 0 120
64.2972998163227 3.26825257965059 0 121
67.3500265618689 3.13495600575725 0 121
75.5193959042524 3.10036353183526 0 121
65.9534699263158 3.03046379685779 0 122
67.6669336637322 3.08977419415753 0 122
28.9731897203948 3.06039420025922 0 123
67.2712109360631 3.03245795721196 0 124
68.046864252426 3.0874630556643 0 125
73.5148136147838 3.13079839355454 0 126
68.9887747107068 3.62657322904153 0 126
69.3109385777424 3.20261452588158 0 126
91.2971918922357 3.04462980030247 0 126
92.2856535643611 3.06878992498893 1 126
69.4948148892906 3.12677777117172 0 127
63.7478502262186 3.90555249335754 0 128
67.6333346528549 3.05053154198745 0 129
67.2618319013169 2.99927719544877 0 129
67.3087188208748 3.12505409037146 0 129
67.2584748507161 4.23837974454304 0 130
92.4414872843579 2.99023199784143 1 130
68.635282447304 3.36723502412973 0 131
70.1627981712505 3.0104737391717 0 131
91.3110089104873 3.00819945127363 0 131
92.0592343997484 3.05142247139199 0 131
67.4818396160695 3.02058192167045 0 132
67.2660138729965 3.67335365632853 0 132
69.3127299246956 3.13457897304028 0 132
69.8471732245206 3.1232397215554 0 133
67.3449219417126 2.99509543301568 0 134
69.8108808027178 3.09870949997647 0 134
71.0172585155967 3.37053990016671 0 134
63.6927300803361 3.91165813198287 0 135
71.9376184917405 3.03833528895307 0 135
67.2607645609315 3.08678051448833 0 135
91.3981864046051 3.75191698940449 0 135
16.2307111883957 3.16255919569369 0 136
66.4687251450314 3.18796320832869 0 136
67.5776079197466 3.15075701725054 0 136
92.2964538596889 3.32339389779895 0 136
74.9884124541608 3.15336050169921 0 137
92.7435001707442 3.31861044556828 1 137
91.8985432114207 3.01423203309849 0 138
63.8935507272579 3.0661737249734 0 140
89.4507201390398 3.10722756085234 0 140
63.7014148309722 3.04158432256229 0 141
68.5348627617498 2.99662487547528 0 142
68.2168011209006 3.06336008200027 0 142
67.4785202876361 3.0398512934935 0 142
64.11631729515 3.20989549164064 0 143
67.2757685041963 3.50950927581294 0 143
67.256829844068 3.00840736588839 0 143
68.5031482793147 3.75948062393213 0 144
67.2757670692701 3.6385752504396 0 144
63.7413615010739 3.00694627688039 0 147
64.9130884167042 3.06419420376376 0 147
67.2801495818353 3.3351577325598 0 147
92.6419318099313 3.19006621338845 1 148
68.5741033129095 3.00850154658836 0 149
89.1451378727951 3.10289776664694 0 151
74.7182198033615 3.07959858335996 0 152
80.5012485377396 3.34953926116164 0 152
64.6462320632615 3.08967505691087 0 153
67.2553904291722 3.03354932001066 0 153
92.3110889550105 3.00161926866426 1 153
67.8788023078024 3.53125541170243 0 154
0.20494637810704 3.42407843551778 0 155
65.3203065117844 3.07755823365698 0 155
67.4321669928037 3.24130572638159 0 155
67.8502376455076 3.52737528003256 0 155
92.0270445180046 3.08565514676461 0 155
0.0758533251764917 4.81969931952279 0 156
92.6561118261695 3.07042660459848 1 156
67.7797138102272 3.02518691407834 0 157
68.769104144916 3.40532377575298 0 157
63.7443171535175 3.27406192002051 0 159
69.0457396938363 4.23332335108408 0 159
67.8745950648948 3.07171358853222 0 159
89.7153560471161 3.28405389386617 0 159
8.16473255267487 3.68544775285588 0 160
67.5245907351957 3.04124090980272 0 160
67.480571789302 3.5873516634226 0 160
67.6776648557647 3.45167693724845 0 160
69.5518803174097 3.07383949984152 0 161
72.4725330850404 2.99505863879554 0 162
84.0194458080953 4.34439604175464 0 163
91.0201458184517 3.1690166729149 0 163
0.127001365338842 3.77405678351898 0 164
63.7784090577925 3.40812858131026 0 164
91.8894308600461 3.24341758057873 0 164
63.7734287136252 3.54904910100324 0 166
63.7372609285831 3.05482703630156 0 168
67.418741524091 3.02510257539762 0 169
0.0252148295437027 3.41426697759338 0 170
64.4395233505361 3.1492144679912 0 171
69.2782171900906 3.17835465261558 0 171
67.5534337953501 3.32038816578173 0 171
91.3018178892661 3.08644432814007 0 172
71.7531494615537 3.36550985526809 0 173
63.7489465211334 3.49873922019071 0 175
77.7508102245527 3.43479290264924 0 177
92.0575105331002 3.09965133780984 0 178
63.7516155792813 3.10731910125153 0 179
84.3893014940924 3.14111955261782 0 179
64.3756698265912 3.56796883513805 0 179
69.0935873100838 3.18721723545472 0 179
67.3891802871016 2.99093629524644 0 180
67.3115063047342 3.12389960614064 0 180
78.6603412110997 3.19027986673417 0 180
89.4161182613903 2.99805337496549 0 181
89.1770557316005 3.66094578283998 0 181
92.7259408719644 3.1608446693746 1 181
55.6456739415602 4.18362955043857 0 182
67.2811851490556 3.25243508918478 0 182
89.3326632909692 3.81092924269898 0 182
63.894720483943 3.0938034966348 0 183
67.5349370115638 3.52761534440498 0 183
68.3084170585893 3.16660535950359 0 183
68.7717664801949 3.00897370432693 0 183
63.9575829522115 3.07966681832322 0 184
67.527016276488 3.0275072974585 0 184
74.2358072418789 3.44444862999493 0 184
67.4062197460039 3.0239849297037 0 185
67.2892964752143 4.39683279818812 0 185
67.5802908006404 3.94618750113996 0 187
74.8353299421143 3.32944162257772 0 187
0.0291466381535458 3.73915096428008 0 188
19.483049342586 3.18652337151244 0 188
63.6609610373783 3.79576018295803 0 188
91.468050677651 3.7060131648094 0 188
67.6202486672021 3.02277232713219 0 189
68.070852102322 3.14640322523973 0 189
67.4242123606093 3.16601702752424 0 190
73.1227591443115 3.25711516067482 0 190
86.9988746509422 3.11767670000303 0 191
92.3359637612399 3.57070374227504 0 191
81.5474247924028 3.02601720422571 0 192
67.4194338395045 3.56593674231641 0 194
67.4855496220838 3.41385996903379 0 194
0.236145070780305 2.99983430053406 0 195
67.2663197617563 4.37389690691208 0 196
67.4095929320561 4.36485145412315 0 197
67.4401920773818 3.93674405603322 0 198
84.6104923195052 3.40071069380258 0 198
67.2700392575454 3.07449575294985 0 199
67.3353048903447 3.01251669580806 0 199
70.0270151940008 3.05957853920325 0 199
68.1949196843166 3.04117296366157 0 199
92.4825819295172 3.27024305043226 1 199
92.487316466948 3.20486534721886 2 199
92.8560268137587 3.21254418611208 2 199
92.7014511289541 3.4575245809034 2 199
67.3572022236147 3.0416967997874 0 200
72.4738595556127 3.44034313949011 0 200
74.5803127287295 3.13356524567324 0 201
75.6838478564274 3.02108486460711 0 201
67.2561051815933 3.15681472278234 0 202
67.5610030317623 3.77452116675237 0 202
67.4399380969129 3.24584403693967 0 202
64.8600091989344 3.00044389675519 0 203
64.1020691036291 3.27888584500648 0 203
63.7474610858253 3.23129605906332 0 204
68.7482327779945 3.02597407183086 0 204
83.9111869307637 3.06562057405156 0 204
80.2870734155567 3.03353979393068 0 206
67.4658910602682 3.36986930101225 0 207
92.5195765695341 3.75218553222754 1 207
92.526818486874 3.07064673239667 2 207
64.8344909500454 3.53564575703056 0 208
68.1774624040496 3.15377768520408 0 209
85.3203041176747 3.14710509375232 0 209
63.7761856525781 3.01823272734664 0 210
67.331294499078 3.15306697140045 0 210
67.5155560380885 3.04223968013144 0 211
67.6505068562633 3.02131813795115 0 214
67.307431967471 3.32317908806788 0 214
70.7970639441449 3.21688026722864 0 214
92.623833415312 3.39818490179636 1 214
67.2526600978758 3.26928639022213 0 216
67.3659577193371 3.4978756573471 0 216
67.2542216679972 3.60130451079246 0 216
77.2564195983294 3.15899519113467 0 216
69.4842392203975 3.71964524735126 0 217
65.7342496958024 3.02312372522469 0 217
67.3025779372534 3.40953109073167 0 217
69.1620427178657 3.12690208441744 0 217
87.8058816278303 3.53718749844908 0 217
91.4919047934467 3.41717048740083 0 217
64.6115849538885 3.09619460249916 0 218
68.1668887420429 3.26401799705804 0 218
67.6003074524631 3.19554148884168 0 218
67.3204506643753 3.03468709504667 0 219
78.5518314351281 4.14503918824441 0 220
68.8320914413582 3.02701551547696 0 221
68.1506264391492 3.53565409168694 0 221
63.6555747548917 3.89125923605713 0 222
67.2667441567608 3.40621084853041 0 223
63.6698808016637 3.11354255985184 0 224
67.4168509280917 4.78319693320377 0 224
70.9999608854658 3.26683306234285 0 224
67.5098796033269 3.07036976529586 0 225
67.2669412247273 3.15641597609723 0 225
67.370228785639 4.01291808282671 0 225
69.7763922713643 3.08186114888428 0 225
77.993637407805 3.10940120629811 0 225
92.1780907276485 3.51695821618717 0 225
72.9378274745261 3.00126114177696 0 226
67.4360305102158 3.15746409870252 0 226
67.6205292089273 4.23065372372664 0 227
68.0785029686506 4.18865754699785 0 227
72.9178255518473 4.58230044340428 0 227
87.5406551695704 3.0830179170614 0 227
92.0226004786086 3.02872829582692 0 227
80.268132998494 3.25532498355775 0 228
63.9377005519394 3.15156401054454 0 229
92.5009175210532 3.47837274244295 1 229
67.3039020773262 3.32836163423277 0 230
66.7912985189325 3.59235694839266 0 231
65.6404874693042 3.26290820157097 0 231
0.0750300072698164 3.68695962020124 0 232
64.0071457792777 3.17231888991207 0 232
67.3063884268342 3.69341502291107 0 232
93.0431759091832 3.44508450268701 1 232
71.4832195638264 3.52448174865208 0 233
64.2478706806004 3.89694183141287 0 234
64.0135124304092 4.09044932800109 0 234
70.9332210285578 4.00453329050897 0 234
67.2586004265943 3.25424794312776 0 234
67.2827486980245 3.41696052322859 0 235
70.2210037583716 3.00117923406676 0 236
82.7809529925184 3.28523145167584 0 236
92.9868334836599 2.99749110095359 1 236
63.7554195510931 3.40963610084182 0 240
67.3910607074112 3.18843055332277 0 240
74.8204499376272 3.35610295095087 0 241
88.6300686021721 3.30339013091151 0 241
63.7556879821937 3.47926684697834 0 242
67.6288480857293 3.11671231000211 0 242
67.6483763887657 3.7137872328356 0 243
82.8882630065373 3.58248323655787 0 243
91.0013823037762 3.26824124558602 0 243
92.8915939058449 2.99180696441432 1 243
72.6081948749352 3.07302116573718 0 244
67.4110848301532 3.14492698087041 0 245
67.3628563784948 3.58574013416284 0 245
71.0628094655781 3.3174909542842 0 245
69.2227438845663 3.20264529035282 0 246
64.0280608300338 3.01629442042284 0 247
92.2088222252953 3.53347587767461 0 247
70.5282923289659 4.2335556287421 0 248
86.4857552652329 3.48583336976924 0 248
0.0315346147031284 3.46608120502931 0 249
89.4823350450305 3.18228572590256 0 249
92.1869865546061 3.10545286784438 0 249
63.7383781063136 3.02156567446335 0 250
67.253201492983 3.06097861660067 0 250
92.6339702766661 3.48761995738509 1 250
1.96776571471132 3.43706545593593 0 252
92.2839727221957 3.52113024040374 0 253
84.2342138368079 3.61155140601098 0 254
67.5295361969824 3.32075160009397 0 255
1.49164118591948 3.16927937193921 0 256
80.8445446668555 3.30738944430857 0 256
67.3324907153353 4.02448303403526 0 257
92.681959698423 3.1358513265353 1 257
0.14008611427028 3.09261795001618 0 258
67.2675027143637 3.5215220770425 0 258
67.3569366926292 3.67450934286575 0 259
70.7287916695362 3.24222159989102 0 259
91.470312352261 3.50331252468911 0 259
68.260116942987 3.02532112658544 0 260
68.8892066249756 3.30094631690276 0 260
72.288160186168 3.02196894211939 0 260
93.2082002886843 3.68517421756979 1 260
85.057055715254 3.78363097793267 0 261
68.6320196746875 3.73342477874004 0 262
67.2729518482701 3.28464479723913 0 262
0.122915803979671 3.87638879789854 0 263
67.52114926457 3.08375909045668 0 263
67.5513869925043 3.02891206995762 0 263
6.50404018532029 3.06774327666802 0 264
63.9500437945641 3.02319067092205 0 265
64.2963535192902 3.02615819632301 0 265
67.9384544426994 3.0992059710624 0 265
53.3358384506521 3.5955526994149 0 266
67.4561973694007 3.31437646561924 0 266
75.8267228800386 3.08931521540771 0 266
91.2714182325052 4.08834069146348 0 266
73.0898423783867 3.40470773346663 0 267
67.3994719390093 4.46833817111158 0 267
67.3439793385759 3.1122042757292 0 267
89.1810809892422 3.18893282397704 0 267
92.3021602649048 3.10980880725287 1 267
67.3326722105728 3.00617391607326 0 268
67.3785322708015 3.80630121046165 0 269
77.0681828795815 3.26740450728935 0 269
67.2600298935407 3.75793229540573 0 270
67.2851102798211 3.02496040118939 0 271
67.259858417606 3.04745214900871 0 271
88.3238593630821 4.08385564779739 0 272
92.2931014678713 3.16358142470618 1 273
78.7071944482646 3.17257820317976 0 274
0.12976594408719 3.01052037493565 0 276
69.8485869160833 3.19366772727123 0 276
81.1148438167618 3.13577990314289 0 276
80.7881716370164 3.25806644239799 0 277
91.9010055230554 3.82678374039116 0 277
92.1971754308958 3.24936949213099 2 277
91.9497187328698 3.19526864678676 2 277
77.0176265588477 3.15578087338416 0 278
67.753313245753 3.12415279608322 0 278
69.0191166654632 3.55720629045518 0 278
68.53249953479 3.001695995111 0 278
67.7596760533143 3.67600054939207 0 279
67.2885895054674 3.31423667754309 0 279
69.225975000599 3.22626448655126 0 279
66.971821251565 3.40851957492508 0 280
67.2552805015779 3.02379836924277 0 280
70.2451625389358 3.2904460452304 0 280
67.9735188838991 3.50640923272803 0 281
74.3009720810059 3.17810595081664 0 281
72.5660614103612 2.99436981214416 0 281
67.3518221105937 3.09456729495614 0 282
68.6417520865244 3.18542753777806 0 284
91.3068454797857 3.06049313885082 0 284
92.6917648706392 3.47110866865703 1 284
67.6101767589759 3.09898199786607 0 285
84.5689238595605 3.06320273179992 0 285
92.5280398265265 3.13243249005923 1 285
76.1528417169012 3.45602838781413 0 286
66.2216529333935 3.25327934852373 0 287
64.0919099580449 3.11281739003516 0 287
0.706968369080524 4.75831242342298 0 288
65.0268487418548 3.37268316423724 0 288
72.1620288302257 3.27110444200095 0 288
64.2100308923793 3.94500289422717 0 289
78.4071067758839 3.06839367186409 0 289
67.3280645706022 3.04322680796465 0 289
68.6229457905506 3.02902250385263 0 290
67.2582945044821 3.04009855527862 0 290
92.6642382767329 3.76245127692302 0 292
67.4962550410596 3.24622441333743 0 293
67.3221816059349 3.52131577673694 0 293
67.4238250509593 5.19226954125833 0 293
67.2650790918926 3.23009766603336 0 293
75.3030984278774 3.03362394600101 0 293
74.6003712109621 3.07359152990122 0 293
67.4569963658058 3.14219879976519 0 294
67.4329888342735 3.41314221170453 0 294
68.5920314154992 2.99805844399889 0 294
91.9333563082739 3.16216729288862 0 294
67.2689762971005 3.0259702372208 0 295
68.9765981555015 3.04250521463619 0 296
67.2819464206344 3.44702362643205 0 296
68.5748027386761 3.07150364708217 0 296
1.05520521425591 4.65781384313359 0 298
65.0847238539867 4.01839128595258 0 298
67.3155966428021 3.27344040380901 0 300
72.75618931224 3.09745525082401 0 300
69.5191638025478 3.50789167696831 0 300
74.8346813291808 3.62762212314065 0 300
92.0358897404865 2.99329688576732 0 300
67.9637526718422 3.38898493899524 0 301
67.3496456125821 4.28951710179447 0 301
70.4767358840277 3.12038853139002 0 301
91.9684401886972 3.26223991586755 0 301
91.868651311125 3.83781531859901 0 301
0.469600508939477 3.81206815692654 0 302
69.537473286416 3.0552998035657 0 302
67.2534770529281 3.58613720580989 0 302
84.6247390068644 3.24461081817687 0 303
91.9046580520746 3.15115841520106 0 303
67.4508941923855 3.25630925784386 0 304
67.7663133632634 3.38133318206494 0 304
67.6825067602498 3.43383965106199 0 304
82.8556773221253 3.17935840400782 0 304
66.7092603206927 3.13724568490407 0 305
91.8579403087313 3.26140375138172 0 305
92.476071754781 3.20661541438031 2 305
80.8077972987727 3.51485237690322 0 306
92.2703956088323 3.26503104842749 1 306
92.2759244760725 3.18483575157258 2 306
76.3367663383789 3.04563825632548 0 307
92.5809172774281 3.04514793569384 0 307
67.3783979389733 3.27070988018959 0 308
91.9461433535476 3.08454666843885 0 308
1.54863509113111 3.01695132446371 0 309
92.780574954794 3.31145646450176 1 310
63.9123017252432 3.12184786641369 0 311
67.2703189741258 3.19512748023157 0 311
0.244121449740134 3.29391801029611 0 312
64.2195483305624 3.47325238171787 0 312
86.7063124891914 3.98886890520233 0 312
90.9774328131438 3.1164442333947 0 312
92.0639953928629 3.14487498837994 0 312
67.3146986327184 3.58557095428033 0 314
63.758811406464 3.00687268564033 0 315
78.673612542693 3.04152324427643 0 316
63.7045614202797 3.2420897848015 0 317
72.2741307168478 3.16582217223977 0 317
64.0968498295525 3.06023829897486 0 317
67.2645536501686 3.7917795838531 0 317
92.601338598625 3.21070343547927 1 317
93.2255966639884 3.20762967411762 1 317
67.2644971044065 3.79054107344731 0 318
71.084853355902 4.42384115699519 0 318
67.3303757600887 3.07478804413228 0 319
69.1327951065777 3.09414413398021 0 319
67.2831881923405 3.26228418231384 0 320
82.8015310267557 3.34323090416824 0 320
15.358078079621 3.0633267760209 0 321
64.0625680032436 3.70885606851128 0 321
68.17454427374 3.1277596448314 0 322
67.6261956631156 3.3400055758542 0 323
67.5185798975813 3.55099778078919 0 323
92.3953044473365 3.00926962266513 0 323
67.7929446265136 3.05367106437373 0 324
70.7252032850375 3.40680779660973 0 326
83.1740654747044 2.99256389134932 0 326
83.8721632495452 3.20740958978843 0 326
67.2529306357711 3.06563564734124 0 327
68.0210300480617 3.11107727930083 0 327
65.8231014431725 3.13723995745067 0 328
75.8181310067012 3.78369805987348 0 329
71.1922547737151 3.38290067422098 0 330
92.9405262088364 3.57896396743099 0 330
67.2902264682513 3.00912989524337 0 331
67.3799682499879 3.72622466698784 0 331
18.5671540962966 3.39921555301287 0 332
69.5508977084136 3.69849148147834 0 332
0.0316556587869847 3.14715439619156 0 333
64.5718464503485 3.07996002677695 0 333
68.5601347716729 3.14085371990164 0 333
70.8776590972261 2.9903549304822 0 333
67.2702049147289 3.528503503991 0 333
67.9950941140067 3.22035989842002 0 333
71.2394676917909 3.00646134824995 0 333
91.8756175409773 3.38461917618149 0 333
67.8492329094793 3.6014215766865 0 335
91.3154515433025 3.19719004586644 0 335
67.3717470653623 3.27917018406176 0 337
67.4219753027628 3.42554765938658 0 338
1.70186830021111 3.10513556696203 0 339
2.19368433342386 3.31202090093023 0 340
91.9940168874948 3.17578012734327 0 340
91.8915735291939 3.46033852581721 0 340
73.4969036747316 3.55416094169999 0 341
67.2551848959429 3.4327551143421 0 341
1.50451368455114 3.23707347575937 0 342
66.3115321864873 3.32029001954825 0 342
74.8834137036227 3.07438452938327 0 343
76.4411823840514 3.34924771496382 0 343
92.7797442404761 3.45474604884036 0 343
67.3517752557233 3.8410237791769 0 345
68.0084782973529 3.6021277736233 0 345
67.3942097189349 3.42109320583684 0 345
74.8502110469199 3.14071529970085 0 346
1.1535728677335 3.01022998196432 0 347
63.6648900848377 3.4311904860899 0 347
64.7880403145274 3.67328851919655 0 347
67.2578593628536 3.1374739630036 0 347
67.278801244049 3.45421941915187 0 347
68.2449869821642 3.26014589500712 0 347
67.2687468332412 3.50552442610956 0 348
67.2528500878901 3.63228381208003 0 348
68.4001286965464 3.11889222783051 0 348
71.0258180762953 3.12810830383985 0 348
92.9071888474509 3.57908648846651 0 348
64.7925624618421 3.09108328126404 0 349
87.0367828346272 3.57205482018875 0 349
82.1841025790907 3.14489966406378 0 350
91.8879469118406 3.49273361779311 0 350
67.4108175584114 3.5945923709283 0 352
67.5173439616152 3.01025020875793 0 352
63.8789660495186 3.09201290814411 0 353
82.841576577934 4.25148579352787 0 353
91.2900984184688 3.28160895803285 0 353
69.0967388109081 3.05955705720474 0 354
64.4555051289053 3.33911898115148 0 354
70.7822815834867 4.05308664545553 0 354
92.6043496550456 4.08722621387572 0 354
63.798436367175 3.48499170742422 0 355
67.2953799294353 3.23183488501267 0 355
67.3023166897872 3.35446360742315 0 356
63.7394039224926 3.05162000443505 0 357
66.6595051043453 3.53441886837803 0 357
78.5923272161059 3.23883384819336 0 357
67.498497485244 3.49821529150987 0 358
89.4838320158324 3.24350804111956 0 358
67.5102456242869 3.11851422433572 0 359
63.8484093889969 3.11821936773344 0 360
67.2731464770058 3.69266024330185 0 360
67.4445762372414 3.07960693088374 0 362
68.4516154522468 3.42934819913462 0 363
63.7960942388841 3.20410980785178 0 364
76.2339999704809 3.01610093271077 0 364
65.1041373056723 3.03783992827032 0 365
69.6959549715398 3.85892014850722 0 365
67.6784360804996 3.04588664116845 0 366
66.0465474074177 3.20779638040549 0 367
73.2860615175749 3.19296487155557 0 367
67.2568213100396 3.26847720442544 0 368
67.3904909937423 3.42225535789524 0 368
93.0026225447461 3.01225258564307 1 368
90.0253624409386 3.0398589083625 0 370
91.0600293810954 3.11779047461152 0 370
92.9955794724908 3.22124355574824 1 370
63.6847200877337 3.45095877190266 0 372
71.335992603117 3.51151545908401 0 372
70.6428047995303 3.25949678649248 0 372
91.0774153271442 3.57390854306681 0 372
67.2784027275865 3.26557927318025 0 373
37.4571290862152 3.64210311703428 0 374
91.9439802820747 3.03188111644602 0 374
67.8442171645434 3.43434195973804 0 375
0.179373096953059 3.10358113809166 0 376
69.1174409193739 3.03375286097871 0 377
90.9853100186904 3.62144982839145 0 377
63.7379715543765 3.19173741064397 0 378
67.3694292409882 3.31271034889215 0 378
77.3669964245294 2.99680218832628 0 378
91.8670390767471 3.01235352469559 0 378
70.0796371412427 4.12785508912284 0 379
92.0055754531534 3.26688784435195 0 379
63.7496069319466 3.37805218843757 0 380
67.2544331519246 3.07085913420461 0 380
64.5581305568538 3.33806830805699 0 381
68.0861794592234 3.04741022008601 0 381
91.8579069970856 2.99764259004463 0 381
67.2559230088776 3.21875919842618 0 382
69.022791891971 3.03360227038815 0 382
67.3340143399943 3.19892975247025 0 382
67.2717173770411 3.14764233520817 0 382
79.6653241977434 3.01082555958062 0 382
74.2129076456979 3.27378815304712 0 383
92.1037754932186 3.22557104380364 0 383
67.3787219797992 3.3892240993537 0 384
67.4222299902876 3.18249564357221 0 385
81.3545365300486 3.56889535651249 0 385
92.2075874270868 3.17365915600561 0 385
92.3607717094524 3.16141934894109 2 385
67.4367556984785 3.02132597983064 0 386
67.2697444948968 3.93851911289906 0 387
83.9988852424906 3.11499017794578 0 388
72.4481684325111 3.30073460033835 0 388
91.886358290881 3.10214915947663 0 388
92.4338359800265 3.08751351395973 2 388
92.7527259182057 3.06703566095818 3 388
67.2588423969856 3.26707830006903 0 389
68.8956103535603 3.17406153358514 0 390
91.3255891666031 3.2031759573725 0 390
67.5615870427374 3.09974046733427 0 391
67.3131601100806 3.1097326994554 0 392
82.7933323772767 3.24998585495075 0 392
64.03168684661 4.36975889285381 0 394
88.5734131623713 3.11286862764692 0 394
91.4032504569063 3.02612109489753 0 394
70.4117927352176 3.54418219965665 0 395
83.788253866821 3.18849372780567 0 396
67.2546594727726 3.98135715167259 0 396
82.3326464124074 3.06970566732161 0 396
93.0400976433691 3.3243674218141 1 396
67.3283050998646 3.03788078699075 0 398
71.3181351764993 3.25578244652336 0 398
63.7527606023471 4.22522356574115 0 400
80.510203236917 3.38538339860324 0 400
67.2871396597853 5.53115463503495 0 401
63.7496883303647 3.11089976829104 0 402
69.3561876283842 3.18397800192264 0 402
67.4966238727302 3.16030832845759 0 402
80.671337382175 4.2200656182854 0 402
89.6737954062593 3.15486590155414 0 402
67.3015233520814 3.52598592014585 0 403
67.483446463434 3.31984878749176 0 403
70.046332077706 3.42053842073567 0 403
80.4355454015017 3.16544537246309 0 403
67.5899238348859 3.15046113884148 0 404
67.5270651501973 4.89603220111184 0 405
71.5943323119193 3.20374547750581 0 407
67.8883693813041 3.44454290393708 0 407
71.9799786066852 3.30533784775719 0 407
70.4699869329366 3.02776821259295 0 407
85.7527007429409 3.02992194279897 0 407
92.8228201304835 3.10319805588338 1 407
92.6689919463631 3.12411652178579 1 407
64.9950471079842 3.12392269683505 0 409
89.8846501767261 3.1571830793887 0 410
93.0385019525227 3.20363826470733 1 410
67.2536310908538 3.08565030497057 0 411
5.3103173513141 2.99522049663826 0 412
67.3422041602864 4.44436241461659 0 412
67.2917046153075 3.09957247254719 0 413
80.7121986361688 3.0250763948994 0 413
68.7157031429833 3.72753315495501 0 414
67.2676305428487 2.99117956815654 0 414
92.3308979957171 3.03331559264507 1 415
67.2663742195951 3.0304884034662 0 417
67.4266491744442 3.05680317281496 0 417
69.8354447880101 3.34450298553772 0 417
64.1885629192529 3.05382628490152 0 418
67.2793651682839 3.46634673550946 0 418
73.5140620293514 3.03698549206494 0 418
63.885876278668 3.24428818213323 0 420
67.2562731361033 3.55960407265557 0 420
81.4063437518998 3.36012635410245 0 420
85.6223091549943 3.11586677097679 0 420
91.8675589893439 3.16982777180425 0 420
92.71554795511 3.13511170193605 1 420
0.0415221837311996 3.33366445620087 0 421
67.2625575210847 3.23533862882994 0 421
91.351878816324 3.01590859092832 0 421
67.2653397785806 3.12527773040425 0 422
16.3848865031704 3.17731076002995 0 423
70.1732702698384 3.64730378158645 0 423
70.3340523594563 4.18316840101577 0 424
92.5174915383536 2.99460741765524 0 424
91.8592888789766 3.06035510878854 0 424
7.9226499395532 3.01627283068618 0 425
67.292132604539 3.39463635520499 0 425
91.949178436593 3.26309759947169 0 425
67.3484414374916 3.00815689308099 0 426
69.780073010935 3.02885765063445 0 426
63.681040166809 3.235000855413 0 427
67.4043181053615 3.16146722124619 0 427
67.510853656052 3.08240233112759 0 427
69.5846401117086 3.17730616939175 0 427
67.4629821318334 3.15900571286832 0 427
91.9293374939217 3.0611295365038 0 428
85.6152607732188 3.17309607848605 0 429
66.3774141883285 3.04165240228939 0 430
92.3963632641655 3.94573500414636 0 430
67.6988066371876 3.47851735906785 0 430
71.3612510716327 3.15941683757908 0 431
67.3378665121106 3.29114887583806 0 431
67.2809396270724 3.185259341218 0 431
67.3614931519469 3.10442564358737 0 432
67.2654125198914 3.30309402028175 0 432
70.7929172555204 3.11865762357252 0 433
86.5626034397507 3.03043407745545 0 434
80.6420853863771 3.2104422811089 0 434
91.0645717054744 3.38988852837536 0 435
91.887270859761 3.5862340010938 0 435
91.8689722080073 3.18850736262975 0 435
67.2594338672474 3.12621189233805 0 436
92.402084603029 3.22704976887715 0 436
92.4349341327912 3.38638591915239 2 436
67.6409026636295 3.32324357605888 0 438
68.4705558676715 3.09073634262773 0 439
67.3545351645113 3.19097345482916 0 439
67.2558986891869 3.11336105565783 0 439
78.6478928930401 3.49352984729324 0 439
92.5112774718825 3.14609230201946 1 439
92.0328643779224 3.24135303589028 0 440
91.8743065944645 3.08288491967257 0 440
91.8811801279462 3.32635018184358 2 440
3.17448873942029 3.39649027691073 0 441
67.2539760235459 3.0960946023272 0 441
67.4965216301552 3.06777032151805 0 442
80.762562445581 3.56624776300652 0 444
87.234675229726 4.10931746581514 0 444
0.038279195814763 3.05066749202259 0 445
67.6200707767729 3.12249249714364 0 445
68.090134972963 3.15539766139597 0 445
91.1209030114458 3.14463461602028 0 445
63.7913517222321 3.15810016801721 0 446
64.2791165431029 3.14532776694048 0 447
92.2770123540762 3.14215409099376 0 447
67.2720728379994 3.33488193465195 0 448
92.4948636198229 3.52720514759902 0 448
67.5179862693536 3.67098356101474 0 449
91.8590910004197 3.18214999464696 0 449
93.0825318713114 3.31999262647853 0 449
73.3031583367635 3.23751992378421 0 450
67.2710789083173 3.1265413703085 0 451
67.2674451168895 3.22516956132659 0 451
68.0080866564211 3.32359173499111 0 451
63.6581996538965 3.89809930542841 0 452
64.6597871959257 3.05948967108965 0 452
67.2546577517336 3.14340470868707 0 452
67.2623482017725 3.12151124698064 0 452
76.1793165507699 2.996933747603 0 452
67.3743380925488 3.41037365712381 0 453
75.6934435392579 3.01671122687985 0 453
84.8206792958714 3.39632120509221 0 454
69.7742154455774 3.04110392170533 0 454
91.5782727009542 3.07611191299033 0 454
63.6649394546031 3.39477649328706 0 455
64.2676188734869 3.50111968869426 0 455
69.4258739562133 4.02240422735191 0 455
88.0648626061997 3.27095195464871 0 455
3.25322435576207 3.0734615137493 0 456
68.886556420426 3.87209559488928 0 456
92.2234716329212 4.08551825712844 0 457
67.3902410202529 3.81868165859303 0 457
64.6900843470764 3.33229552077277 0 459
67.3118521741247 3.20862706687618 0 460
68.3463703255351 3.26838451863898 0 460
92.0371680558285 3.23888464529775 0 460
66.6617725151036 3.16826055488958 0 461
69.291438608507 3.11565504444519 0 462
63.9142741539335 3.83172155794183 0 462
67.5365799469614 4.91441877001112 0 462
75.0713532363353 3.18371665532261 0 462
67.5077814673874 4.34181853498451 0 462
67.2746947923465 3.18012219122405 0 462
68.9931381965153 3.26252434830418 0 462
63.7830597323861 3.03879235899373 0 463
64.6488064911474 3.0904584980572 0 463
72.7241411110791 3.85494313586812 0 464
67.2608162624025 3.18936410492962 0 467
67.2708519669323 3.0362065586422 0 468
67.2989614661438 3.00015476176897 0 468
67.4169963621723 3.17608002636671 0 468
67.3119027078441 2.99425854047195 0 468
67.3262828070863 3.00953991902025 0 469
91.9831423944633 3.3992907491553 0 469
67.5798565846766 3.76462297583519 0 470
68.4320889911757 3.00428620859348 0 471
82.0792583862113 4.17944056676714 0 471
82.0954524728345 3.23693786936715 0 472
67.9255030865874 3.36284973063017 0 472
71.3720471189161 3.18549485330291 0 472
67.4877976296071 3.03944281370459 0 473
70.7209564988807 3.24305489354278 0 473
67.4556840074712 3.0128898746845 0 473
71.0587499800824 3.80584829238185 0 474
91.9369058316303 3.17877982237589 0 474
68.0888742673755 3.00394553946165 0 476
67.3131783124742 3.5484632564969 0 476
67.4620149708655 3.37597995896435 0 477
69.4344529899281 3.65041086002928 0 477
91.1817785835255 3.28811433447753 0 479
68.6577452056768 4.11083345344952 0 479
69.0278016608595 3.00824822246826 0 480
63.6895795318707 2.99624166239005 0 481
67.4121523807782 4.1266064915008 0 481
91.0608808160819 3.40593847955132 0 481
67.2605651995512 3.13349662528921 0 482
67.3074935407311 2.99103113145377 0 483
67.6156505713916 3.18812053429387 0 483
67.2679523165065 3.10735238182714 0 483
72.4028372819778 3.66194121679497 0 483
91.0196977967103 3.07723139597184 0 483
92.4866090960974 3.2213535298233 0 483
67.4247231396267 4.07030404629091 0 484
67.298096741343 3.41689901094905 0 484
79.3069854288987 3.72044517265438 0 486
68.6278321129259 3.02502493266159 0 486
91.2406791714782 3.10768371032434 0 486
67.2527183518684 3.40623232947544 0 487
67.3497552606684 3.05546256910846 0 487
67.2811904836025 3.14139146044388 0 487
71.5896469850261 3.41434818061297 0 487
67.2535665118659 3.36857884640208 0 488
69.5789864851171 3.34981670567028 0 489
91.3921872636015 3.82644186062148 0 489
67.2554644203131 3.18634981827369 0 490
63.7409053826443 3.08368706632514 0 492
92.0466366171525 3.27734828676182 0 492
67.2635151232358 3.16985142180879 0 493
67.305754011847 3.10592836207333 0 494
67.3265046881668 3.4943727944275 0 495
81.5662607472908 3.50436410855183 0 495
6.29459623178855 3.30947582475553 0 496
63.7865221482435 3.30848168081857 0 496
67.5538716697793 3.89402241274536 0 496
77.6750846268344 2.99274211899537 0 497
92.5541615257778 3.23202811566112 1 498
63.6491398060288 3.00242736125743 0 499
67.359894972627 3.25507657193859 0 499
69.1535130096586 3.10020629312326 0 499
93.0300690191605 3.01593984013916 1 499
78.0526371798744 3.48356570447836 0 500
63.750415439653 3.05436518204704 0 501
91.0815278783851 3.47847464845307 0 501
92.7596135199808 3.39849630475764 1 501
85.015000063162 3.16117606965694 0 502
91.1688729245904 3.08442030408126 0 503
91.8681037598127 3.09464772951153 0 503
1.61861293627904 3.18816625874684 0 504
63.7348632880168 3.67595761491991 0 506
67.8890676754947 3.68442046789357 0 506
67.3964921333754 3.10990559465976 0 506
91.893384277064 3.20668840090737 0 506
68.2537693994751 3.17033215259183 0 507
67.3811212596062 3.69817125625116 0 507
67.5594165686864 3.33980223201694 0 507
68.363550915371 3.40143130175319 0 507
78.8445817424506 3.01547892433681 0 507
92.239396596609 3.21812294215598 0 507
92.3773656068176 3.28767885749533 1 508
86.6508951472122 3.66370862931283 0 510
75.0164871523299 3.82052764381067 0 510
67.4521883480102 3.20426239593903 0 510
89.7214041564033 3.09833695662203 0 510
91.4035642047824 3.22599129995346 0 510
0.0105480741981713 2.99997374383896 0 512
63.7176259835915 3.33371142416312 0 512
67.7832979990613 3.07673127014495 0 512
69.494640298663 3.03668125548535 0 512
63.8930285026826 3.40587840058703 0 513
69.3123327436637 2.99147084154964 0 514
92.2310539362238 3.11695445592652 0 514
92.5875345223856 3.88653578762087 1 514
92.7835807883672 3.18649767514818 2 514
0.363229276980281 3.35813938895447 0 515
67.2842406575362 3.11307219522193 0 515
82.5439821809608 3.12458797146633 0 515
67.3672999435208 3.45450019624723 0 516
71.4536442119987 4.76145371238318 0 516
69.7777545585577 3.28749969581611 0 516
67.441256188981 3.23641243280285 0 517
68.0025652684193 3.14854633858645 0 519
91.8232484004587 3.486263472019 0 519
92.8807223132168 3.22145834369685 0 520
67.7454073542762 3.04608462806872 0 522
67.5732670198886 3.22115385826809 0 522
64.0911437228295 3.13801006835035 0 523
91.3271217548134 2.99130261413757 0 523
73.2328001512238 3.06609337539897 0 524
67.2857157791818 2.99372910971555 0 525
71.4690755066033 3.03589031444675 0 526
91.3092469517508 3.15408096619711 0 526
64.2744108012184 3.14580544658891 0 527
63.7649872032061 3.35944310020736 0 527
67.3310103939078 3.57737713930391 0 527
91.9173760641679 3.15768790386476 0 527
92.9449523249448 3.47714128924396 1 527
67.2993056901694 3.47321034083358 0 529
67.3303891115262 3.0811603012036 0 529
92.3624528161988 3.03692281797554 1 529
63.8756163865232 3.292090155562 0 530
67.363366878643 3.01334921735132 0 530
67.8498184919538 3.0202412492148 0 530
67.8615842884302 3.8862872954137 0 532
86.7472184450237 3.00422787893425 0 532
79.0372523131507 3.53745064858445 0 532
67.4570668983794 3.30560280644701 0 533
67.6704978366755 4.64106681691657 0 533
72.3212368205913 3.80393925308622 0 533
92.6641958423231 3.17504819496006 1 533
66.9166447313143 3.89312196132099 0 534
73.6342965477409 3.11679347969583 0 534
70.634948874626 2.99445838533198 0 534
67.2635636954034 3.09934539552512 0 534
91.0186088882949 3.37696792580438 0 534
0.115494282820428 3.23787103538756 0 535
70.3324891405137 3.1434816425116 0 535
78.5903394998466 3.5971816520439 0 536
2.22029357282052 3.07058424839639 0 537
70.50570887188 3.51359969025555 0 537
67.2622024801408 3.55334686662667 0 537
68.4203589921179 3.21097305658914 0 538
82.8097832879052 3.67104881953925 0 538
91.3133426039036 4.00074655127191 0 539
92.2039825530443 3.30902468977017 0 539
93.1979177549754 3.04561173436123 1 539
64.838414428117 3.15161230760297 0 540
67.2628071627844 3.00934177550148 0 540
67.4640266794155 3.75231035614405 0 540
49.3489837586613 3.03065011208586 0 541
56.0162260677203 3.51328954279452 0 541
92.4136557057306 3.84893276726561 1 541
92.5571438376685 3.0937466495692 2 541
92.4340230089624 3.25316373883497 2 541
63.6603624759031 3.77379141145717 0 542
67.2549918816052 3.25501334277097 0 542
67.2929012381834 3.68742908229677 0 542
81.6344339381568 3.13460697789203 0 542
1.09746727522051 3.23587105924244 0 543
69.9856049726669 3.76081215808678 0 543
81.6716095322712 3.30945795375378 0 543
92.2548124862176 3.67538652452583 1 543
92.2641089649989 3.1425450989993 2 543
63.6761279734319 2.99796954103771 0 544
93.0110320239134 3.14647478829782 1 544
70.1149310545693 3.22116343253108 0 546
68.2352405396547 3.20331855315295 0 546
67.3103084853969 3.45293235053404 0 546
77.43685275492 3.55553186846148 0 546
91.9151633486755 3.20975954709734 0 546
67.4542715840034 3.52710740542172 0 547
67.4666356518437 3.3133177712915 0 547
70.9623007580125 3.81333086165918 0 547
67.2569137079754 3.01265003265173 0 548
67.8371818799142 3.99653793752684 0 549
67.8102417219928 3.57066636731252 0 549
67.2791372605589 3.65623323256818 0 549
68.3647640809898 4.36117562310233 0 549
1.6245311948159 3.97417810333572 0 550
72.3432795852466 3.03961709814316 0 550
67.4085483711067 2.99000677646353 0 550
67.5406791956965 3.10546270912441 0 550
69.3728558107508 3.45656861344991 0 550
89.2227453902929 3.75479669607993 0 550
67.3221445849275 3.36242337039335 0 551
93.2393471828934 3.02600962047909 1 551
67.2718739124977 3.60955849976979 0 552
69.9403453800706 3.15573417914846 0 552
91.942017819299 3.43440492199576 0 552
91.9811649986171 3.39454024682123 2 552
66.6881641281098 3.02930959771461 0 553
67.2634994806055 3.12691964847677 0 553
87.1376858236153 3.51796220260935 0 553
0.191276167538172 3.30017508968671 0 554
80.1023925900615 2.99879558186373 0 554
81.0328398974264 3.5553381526248 0 555
63.7918745938957 3.43649151906486 0 556
79.9251957330813 4.27042873020245 0 556
67.3413209403978 3.56834675093596 0 557
79.8141509648391 3.25062787427402 0 558
77.1503636207677 3.23581782571421 0 560
67.2831041919399 3.89659477946861 0 560
67.3077549134823 3.31001981258274 0 560
80.610001158856 3.53782100924607 0 561
91.8980602026578 3.14686833740072 0 561
41.0038515256436 3.05296357454478 0 562
67.2805962762672 3.60781965782074 0 562
68.2386074811116 3.34550893016823 0 563
67.2905951392268 3.17147878403653 0 563
68.2449847114712 3.36204125440501 0 563
68.496161327243 2.99644282414042 0 564
69.4996228725777 3.07591888093375 0 564
91.3105654022652 3.52545682232006 0 564
91.4088199922337 3.2526193591135 2 564
17.8969190285415 3.23697766829002 0 565
63.6798047846759 3.28757682152422 0 565
78.0494628583387 4.44314901111442 0 565
67.376502569694 3.08103175028457 0 566
68.1157061638632 3.71087240465481 0 567
67.3138969778603 3.4139882754877 0 567
45.4664979874398 3.15217166652792 0 568
67.2840799572948 3.3019520650357 0 568
2.5985070296943 3.16690876723701 0 569
67.4220865112543 3.04710208663433 0 570
68.2466037972731 3.30286262697105 0 570
76.9003114447962 3.05947176828237 0 570
91.8578660759677 3.13596346375371 0 570
92.881675433581 3.12153930950221 1 570
89.1350040789434 3.48380892089781 0 571
63.8333940481585 4.24912470129734 0 572
67.2710276343562 3.32534329015253 0 572
92.7773633804661 3.34767810843255 0 572
89.1690515261628 3.55618382013311 0 572
92.7905778024577 2.99742441974748 2 572
92.815177772179 3.10750680253411 3 572
85.2880750700589 3.27820979225601 0 573
68.2311431898126 2.99339037867543 0 573
90.3715015374399 3.57121389828391 0 573
64.2970608801483 3.73733894931378 0 574
69.0274324548254 4.6405577430895 0 574
27.3277352087932 2.9943185915637 0 575
63.8701892915693 3.14760739703684 0 575
67.2963009542644 3.27098623245413 0 575
69.7711594263458 3.06201417355974 0 575
68.7145318410555 3.06980662100093 0 575
63.7260410844182 3.00687475240361 0 576
72.8110241115939 3.44598126238511 0 576
67.3133159576298 3.30797253428051 0 577
70.5734778327737 3.80052520268682 0 577
67.3558532849495 3.25027200440333 0 577
72.754912652445 3.28153267993925 0 578
91.7905538176013 3.49324438760386 0 578
63.6635127414389 4.27149452293988 0 580
2.13972567336167 3.07653928345536 0 581
67.3777420011727 3.04419893036858 0 581
70.4131887623953 3.14560307859363 0 581
70.5439190347287 3.08755399702547 0 581
82.325767456892 3.00543029636562 0 581
92.8302977011138 3.27402046194743 0 581
67.3447324957223 3.01499329611965 0 582
67.7201311560027 3.28703042095136 0 582
1.6359547999004 3.24811877165707 0 583
73.4805813108136 3.40621648666119 0 583
63.7059442673414 3.29964010378613 0 584
83.6721381589048 3.11321366458807 0 584
67.2587521135086 3.168826594742 0 585
66.5017946225391 3.0863315119 0 586
67.267584130804 3.83954703729545 0 586
70.0495014094468 3.09092073495327 0 586
84.1217841179465 3.07252104506355 0 586
91.9870260025373 3.42412181731377 0 586
67.5189122212585 3.16588344957194 0 587
64.6683468006264 3.16465037825062 0 589
67.5292235472504 3.08809161848033 0 589
73.013988884248 3.08571711576001 0 590
67.6105692280565 3.02219901659323 0 590
69.5375959855406 3.09878599950436 0 590
87.152432637081 3.22405146818522 0 590
92.7171820334431 3.88191201503528 1 593
67.5856777515799 3.40784044859012 0 594
92.1106110290932 3.85187848670741 0 594
92.3820921054382 3.12069043041993 1 594
92.3994789272592 3.1024380413094 2 594
64.0305666928109 3.20825375293681 0 595
84.8544838949422 3.11398712357684 0 595
67.3270822246522 3.49869724111076 0 596
67.426456869252 3.4879819683026 0 596
63.9320826014718 3.33047464477819 0 597
67.2714551170064 3.12452461566041 0 597
68.1882752375174 4.34525428460712 0 598
67.3208165278263 4.49567674032324 0 598
67.6541798297225 3.65979256484062 0 598
91.6592034059461 3.41650915617 0 598
93.0236463025019 3.26636832488779 1 598
93.1076906210472 4.70582542854784 2 598
93.1425703778658 3.06966981126381 3 598
93.1277110741782 3.00712640167717 3 598
93.1359353170585 3.05306683762208 3 598
93.1766166212232 3.13859497527005 3 598
64.1383910948951 3.05107801289072 0 599
90.3457535497973 3.0279770062653 0 599
67.5190536426142 3.18583289832566 0 600
67.3203019610458 3.05464398163782 0 601
92.6335095439655 3.05847748740238 0 602
72.3264461653095 3.06622042360206 0 603
72.7743358576787 3.02037989254741 0 603
78.6470210228586 3.40030518768153 0 604
86.3007193252432 3.09789688915312 0 604
63.6621228356037 4.056249558662 0 605
69.4669904994543 3.20425287595065 0 605
91.8898474571072 3.22187873677709 0 605
67.8337339451824 3.34234404679709 0 606
80.69530670382 3.32430789545328 0 607
67.5053899727993 3.52909250718361 0 608
67.2738991293623 3.26694394131323 0 608
82.8830735373983 4.08375291994727 0 608
69.8730196183243 3.69451046670897 0 609
67.2551747082374 3.25091109516231 0 609
72.5827173679437 3.89416600536678 0 609
85.9923421012692 3.31353566550529 0 609
93.0349164590363 3.08143163859562 0 609
75.9323686316991 3.52037732231783 0 610
92.5673048645065 3.85851713515763 1 610
92.6159693491139 3.54214758477864 2 610
92.6388642301888 3.20081900935705 2 610
67.8533239410956 3.16606071819043 0 614
67.262479629623 2.99071710951321 0 614
70.023582109305 3.08225756946508 0 614
47.3812889339921 3.46490410901517 0 615
80.4343037663035 3.33626868063527 0 615
65.7710253947028 3.06278453204741 0 616
67.285287349072 3.27170451175871 0 616
67.3372441254142 3.45753620741792 0 616
68.2994722348457 3.15323541987377 0 617
91.9979216746656 3.17352706893142 0 618
67.5706040284188 3.72657471098904 0 619
91.3084030443508 3.00442921912949 0 619
67.7896474924962 3.07737363380218 0 620
67.4542624170066 3.03263869702246 0 621
67.2538897680004 3.00980416146092 0 623
70.7222385893103 2.99660320911724 0 623
90.964157096782 2.9941751680899 0 623
22.569480611546 3.6457769369905 0 625
64.1519384508538 3.13032606091811 0 625
91.989412385158 3.16667869504336 0 625
3.27596277190112 3.18856629700198 0 626
67.4964269969667 3.23575122942216 0 626
64.2494263276184 3.48905405683909 0 627
92.6106961832654 2.99577677760236 1 627
64.2475338003398 3.0432318579333 0 628
66.6935100792004 2.99950874740962 0 629
65.8012688820692 3.16317691215041 0 629
67.3191362418009 3.03812456328477 0 629
69.1338345628846 3.1105603846288 0 629
80.6101711389764 3.2702801027446 0 630
77.2787372250326 2.99140123743366 0 630
64.7495185772103 3.07180260313505 0 632
67.4349932062551 3.13823489036628 0 632
67.2631445728037 3.11914254462891 0 634
67.2581206976239 3.26989413345869 0 634
92.364023818503 3.3389023802843 0 635
67.2554067789798 3.18579303149976 0 636
67.2685298875946 3.28381706177397 0 636
67.2548827897557 3.02645888730109 0 637
67.3851736356358 3.47948535780233 0 637
67.5702002455936 3.50056417632161 0 637
63.7126872135652 3.17749656794743 0 638
67.3238435056382 3.06027153758876 0 638
90.3631978638605 3.37860434807551 0 638
91.8241499342163 3.5381931134451 0 638
92.8759155040197 3.21663650123535 0 638
92.926626892898 3.15040824963005 2 638
67.2549847996714 3.2375357762831 0 639
67.3120616415993 3.3204810935313 0 640
67.9976713885493 3.10113078827424 0 640
67.2666747389476 3.09567998642891 0 641
68.1427580322972 3.117581965924 0 641
68.0240675940543 3.05526462962781 0 642
67.4402152165376 3.67817355534908 0 643
86.4101061228412 3.15224222481112 0 643
68.2326426974577 3.05677943283058 0 643
75.4962737410899 3.6194016109057 0 644
67.9687809107349 2.99455606487588 0 644
67.4602142484581 3.14836308615705 0 644
82.8205098442622 3.1422401970058 0 644
70.5445796791288 3.33030755039545 0 645
91.8762963071118 3.26589022325766 0 645
67.3871272166922 3.50715389801616 0 646
67.8230194024949 3.34447331283694 0 647
67.2785243537472 3.17786818777207 0 647
69.9945305456218 3.10692724146853 0 647
68.157655353011 3.13772467880351 0 647
92.6213710875988 3.45560632843194 1 647
92.7825676331129 3.08575077791539 2 647
92.9070288234419 3.17876583494744 2 647
63.9604460934836 3.11985572683423 0 648
71.0343919451489 3.35230539871534 0 649
63.7244307036767 3.4958165349823 0 650
67.2805881303489 3.51708106260309 0 651
67.2924257675572 3.01501658311578 0 652
78.9349585913544 3.53028586412174 0 653
64.6750506357403 3.18441184699773 0 654
67.2541385791297 3.00955564167831 0 654
73.5382224978466 4.015151345604 0 655
70.6232789821407 3.24693884873153 0 655
67.4997757758105 3.23010157259852 0 655
91.9046937476986 3.35898100888474 0 655
63.852893250017 2.99250871985729 0 656
67.2593637707362 3.2576211845854 0 656
67.9618248530907 3.24556152114195 0 656
91.8623169985039 3.25874715625608 0 656
22.8866774470676 3.18399192395509 0 658
63.7427244379216 3.16323514289241 0 658
67.5039683269696 3.42350351220105 0 658
69.151298707692 3.06389485779823 0 660
91.9395774438753 3.5754991910385 0 660
31.1942495347129 3.95625503756557 0 661
67.2995520143577 3.31512183317428 0 661
67.2912005150651 3.03548043424904 0 662
69.069720938227 3.26743582512146 0 662
67.4542604545614 3.04268140389595 0 663
67.4843539108489 3.21812892993597 0 663
92.5721442617748 3.62699295137156 1 663
92.5757261722018 3.6863876828822 2 663
92.5785171815535 3.83697824552885 3 663
92.6876708281655 3.19556385837552 4 663
92.593866908137 2.99651201986008 4 663
92.6606806998297 3.21866198048199 4 663
92.5864564518117 3.07747991468823 4 663
93.2392023429853 3.81474124323339 4 663
92.689432578411 3.36725025171736 5 663
93.2393760042991 3.10144300938556 5 663
0.459357293875585 3.03847957992368 0 664
67.2651372320658 3.05174868831044 0 664
67.4715399980226 3.26403488028379 0 664
86.0817212652575 3.37715493148382 0 664
71.6152719326904 3.77576017192442 0 664
64.2672450567492 3.30532612778133 0 665
0.0877323019350731 3.32009501535774 0 666
74.0730336919368 2.99846947970894 0 666
67.7116463628691 3.26984407287922 0 666
67.4776556303932 3.13472914948271 0 667
80.4578479100116 3.1071073655079 0 667
78.7865120450039 3.65670059271038 0 668
63.6613412089843 3.73644588615854 0 669
67.3011252004112 3.56919896849197 0 669
65.2760031367241 3.6608350003867 0 670
67.9405996349776 3.11302476645382 0 670
67.6290400031692 3.20199200459223 0 671
91.6448451047384 3.24120921507628 0 672
63.7408459770954 3.05581974980543 0 673
71.2174766418349 3.0076879638844 0 673
69.2793244369914 3.44737879110421 0 674
91.8746930436778 3.58664603787294 0 674
67.8599076425073 3.35455072023549 0 675
69.7689136335988 3.03942771102755 0 676
84.2371117903257 4.52534307128785 0 677
64.797695774698 3.49975271737158 0 678
67.4475437444326 3.6905728118726 0 678
92.5589011505833 3.14933157887516 0 678
0.351398468251607 3.09354235867139 0 679
63.8092422234387 3.08964877249653 0 680
67.3200672882756 3.95615636846838 0 680
67.9998850786052 3.14552763595017 0 680
64.2116943627199 3.41383564119868 0 681
67.8482913083935 3.28081111824887 0 681
92.4209973811055 3.15413083775127 0 681
91.9842191373613 3.06807281344543 0 682
67.8991734641877 3.08281962096861 0 683
0.0975771716622494 3.8756788212025 0 684
75.470399895016 3.3515759324463 0 684
67.3383816479924 3.22038783822692 0 684
74.621764765438 3.78278198026134 0 684
67.4214245168223 3.05350503224299 0 684
63.7788300264944 3.51450344554119 0 685
69.5187908848622 3.01565676805792 0 685
67.3567165500749 3.0706239783059 0 685
63.9201759960157 3.40722030873693 0 686
69.7483914019473 3.04617330082191 0 686
67.4148865725349 3.11401387864331 0 686
91.3298765871933 3.20378570909848 0 686
92.5905179714125 3.25115977399434 1 686
82.0643713454904 3.17189062601083 0 689
0.111429179365976 3.1148661297502 0 690
69.3807808068486 3.28061324894268 0 690
89.9281864543458 3.11834488954582 0 690
67.2750854706384 3.32628507892241 0 691
67.7369425462282 3.34189292695584 0 694
63.7780656210409 3.03691843713883 0 695
82.4766472072113 2.99705526300192 0 695
67.2602758635177 3.3315398909714 0 695
67.5529955526095 3.29848726212507 0 697
90.9792915778491 3.67740597754682 0 697
67.2584758421923 3.7648321629088 0 698
84.0278811142279 3.33595193584046 0 698
91.881513534823 3.7801043740854 0 698
91.9043945060724 4.03881849765781 2 698
67.5083039684924 3.25937101860862 0 699
90.9775524164697 3.63997080323775 0 699
67.3295976013767 3.79363465188434 0 701
65.7180325702548 3.00915030097475 0 702
69.298107679706 3.12491418122334 0 702
90.4619876632468 3.11091281491356 0 702
91.8808225120172 3.09671522404213 0 702
71.7051347769368 3.24066082009495 0 703
67.2577108750295 3.41530584969538 0 703
71.4154601563666 3.56108887935319 0 703
91.991292369789 3.55279836727616 0 703
67.258004551359 3.07767748800012 0 704
1.26766799105848 3.12397709559826 0 705
63.8422533643092 3.34790318649188 0 705
67.7931623315075 3.99339695395276 0 705
91.3086619596209 3.6104855247324 0 705
92.4036888617363 3.28934721159994 1 705
0.0251812079242455 3.52115383120066 0 706
72.6211749900215 4.64637667700484 0 706
67.8015945511714 3.80993341610469 0 706
77.4493735286182 3.73973620595469 0 706
0.0244942754618428 3.29887440139292 0 707
77.2461941925736 5.07297288396155 0 707
2.23836906429109 3.06057972106854 0 708
63.7817322821158 3.01155374168729 0 708
67.5387323930507 3.25881406187276 0 708
67.3528080127567 3.59863111458241 0 709
68.4748280495756 3.17731785086557 0 709
68.1432311647201 3.1784130980647 0 710
64.7974027879881 3.03429633261933 0 711
91.3281485534274 3.38147162104939 0 711
91.9730680427547 3.58855028579512 0 711
63.7401056061872 3.6697719436156 0 712
92.7698507788398 3.19948526331792 1 712
92.6917502574895 3.00264493266055 1 712
64.0332185726677 3.17581940591992 0 713
67.2594143106172 3.18758744039365 0 713
65.6518694940213 2.99018925651451 0 714
88.3563961556717 3.50864539659156 0 714
63.8076535753793 3.19853337400124 0 715
91.9232014908869 3.71560178024802 0 715
74.0477978053554 3.19124160096644 0 716
67.2962172896801 3.38093765885886 0 717
68.0785484189305 3.58869158383601 0 717
67.9608686895201 3.66862947395795 0 717
65.2582302750586 3.50915521642145 0 718
67.3168264928961 3.20408039625927 0 719
67.9296766852256 3.01681878368895 0 719
68.2249670283134 3.0656351800217 0 719
67.4697802152078 3.11744540600276 0 720
68.3835735193839 3.24382497619867 0 720
89.7895277861958 3.11400857059009 0 720
83.3034254746394 3.32087847134924 0 722
91.8676703943265 3.52399196913976 0 722
92.0992460136648 3.12585673024686 0 723
67.3243623297132 3.00654294183284 0 724
79.1849174895712 4.23973462744391 0 724
67.5781370829313 2.99796446058415 0 724
4.26028607013819 3.23312724127907 0 725
67.2608755260565 3.18692049451163 0 725
80.8535391804136 3.02473510211942 0 725
93.1396457575216 3.02570236677933 0 725
17.617009662186 3.28698315699481 0 727
67.3281288983191 3.04091555072571 0 727
70.4709192902201 3.0577950446892 0 727
92.2535150323335 3.07515232505759 1 727
92.2635193986987 3.16592342410099 2 727
92.7600681395419 3.21400491703514 3 727
67.5538682725578 3.23995332938417 0 729
73.1344568708094 3.36366589232466 0 730
91.9624642037362 3.31052653723915 0 730
86.1491778449948 3.02004368261278 0 732
63.9286786670145 3.02284505389476 0 733
63.7333408440641 3.04407972622513 0 734
67.2635151664451 3.28848399529595 0 734
70.1884491847503 3.03830182675289 0 734
0.350936523518918 3.74107025495624 0 735
67.2842728011358 3.05915681760276 0 736
69.935330287257 3.14193978097698 0 736
91.91695098362 3.75229576304982 0 736
63.7547129753776 3.06772363511487 0 737
64.66446619405 3.10361120726391 0 737
91.8932410158266 3.47088111510385 0 737
63.7409119410555 4.10556184903297 0 738
67.7572929833471 3.22230694266102 0 738
91.5820253151227 3.00571860192583 0 738
67.5033890406354 4.46343581599685 0 738
67.4411581579392 3.20239559144629 0 738
84.6433594299499 3.19277722435319 0 738
67.260488065947 3.62241298048903 0 739
67.2649013747307 3.18892940141049 0 739
67.4985869275187 3.71420224229348 0 740
91.9547301453781 3.4957683457785 0 740
91.8841204122496 3.14316780994313 0 740
92.0256701900355 3.33476571493197 2 740
67.3003296546293 3.03099031072692 0 741
92.0010932803492 3.23118142868424 0 741
82.1466048324045 3.36822491032681 0 742
64.0807408926439 3.46849062065296 0 743
63.7524796122087 3.0169608140638 0 744
67.4568129983236 3.09232806178025 0 744
91.8976374858563 3.18510899279929 0 744
92.093740151399 3.19788230168414 2 744
2.14407202133588 3.0392113937332 0 745
63.9394426527457 3.1589165723846 0 745
67.313006740336 3.14649428499043 0 745
67.6331031862477 4.18698390681628 0 745
91.9095487171511 3.19117630423173 0 745
91.9995577216711 3.19021010918067 0 745
91.8610518848463 3.93579834063637 0 746
65.7206834040298 3.30244448004565 0 747
69.2433206241505 3.06482455178448 0 747
67.3292960754589 3.21724346958463 0 748
91.9436196603859 3.07564019242226 0 748
78.7332318869853 3.63154130751994 0 749
67.4594976482857 3.39587288644157 0 750
67.9329712275071 3.1947203518982 0 750
72.5528603968672 3.43006486190849 0 751
70.5582490520816 4.09669120737673 0 751
91.3974841817748 3.10696478866261 0 751
70.8306224832267 3.34158848001191 0 752
67.8267409783837 3.38877223210414 0 752
68.3007881720941 3.75450067512705 0 754
69.1770891975757 3.08199403487039 0 754
27.7383676852819 3.01678693966004 0 755
81.0671748231072 3.58458084600827 0 755
67.451457745242 3.21673697327128 0 756
67.2865074242493 3.01516601091693 0 757
63.7537273357887 3.19728424279308 0 759
67.272358364776 3.02074801961853 0 759
90.9793934075966 3.17584300492299 0 759
91.912400971633 3.02244501470901 0 760
91.8623954559275 2.99739334283963 0 760
63.7517695804451 3.03345845836503 0 761
64.6831452067778 3.54447375756769 0 762
84.4393928181741 3.60542763190648 0 762
67.3718294998693 3.0669121816525 0 763
67.3022353999848 3.09803508334393 0 764
69.1857356744385 3.04518333851985 0 764
80.5812441176989 3.00220037571617 0 764
67.2526664143072 3.07999793449632 0 765
80.6443519076345 3.09063563503851 0 765
91.7108604833166 3.11322951830897 0 765
67.5342930223187 3.05751129168879 0 766
81.59922272571 3.60426220005804 0 766
91.2666164006546 3.19816970017484 0 767
64.7243719765985 3.23059801726916 0 768
67.2551135865619 3.04393029955082 0 768
9.26605674471065 2.99621777228779 0 769
0.532278149784654 3.2358756209485 0 770
65.9331513595633 3.14015747982504 0 770
67.6700983071582 3.07111783124672 0 770
70.503558862532 3.63757021318157 0 770
67.3298226527322 3.81123147316979 0 772
91.9491113157566 3.3247216927471 0 772
91.3085042121155 3.52333759382299 0 773
92.0065562342564 3.01311560608186 0 773
63.7893180334911 3.267029459496 0 774
69.865384905515 3.6553866616259 0 774
70.4644477898526 3.03776292185271 0 774
72.5372587216806 3.05803164478239 0 774
55.9905290991545 3.03873402062357 0 777
65.9795210300947 3.1230218580923 0 777
53.7994147270445 3.0094121448876 0 778
67.3574307639505 3.2006507135768 0 779
67.2899557497836 3.01209010809178 0 779
67.2681882911562 3.34743845697244 0 779
67.280527416649 3.38914687907819 0 780
79.1416658044155 3.6283414341091 0 780
67.27243959942 4.23668453744564 0 781
73.3304314587935 3.12606557391256 0 781
87.9429821724995 3.03192904873768 0 781
67.7680283869619 3.07833211906537 0 782
67.38409573358 3.74585702214144 0 783
92.4241400752023 3.46680996305427 1 784
67.4370915568391 3.54353694320698 0 786
77.0615019246671 3.13534316204996 0 786
92.6334036167052 5.27259590329516 1 786
92.9629337934804 3.00439058099774 2 786
92.7084725389312 3.71162383872951 2 786
92.8502232470195 3.30028413252974 2 786
92.9397910228042 4.17900157696559 2 786
93.037960478285 4.29199225310033 2 786
92.793779335814 3.05520272258823 2 786
92.7494730496461 2.99187253093707 2 786
93.07675478279 3.41763227454917 2 786
92.8897839447179 3.35870748137733 2 786
92.639836484525 3.47137385167029 2 786
92.6934754154372 3.03595704313337 2 786
92.7676835836471 3.19401242625779 2 786
92.6839455810824 3.33641699801265 2 786
92.6446331135391 3.22773029247483 2 786
92.7141603980691 3.23721774268612 2 786
92.6406525748347 3.24771423956023 2 786
92.6376463612252 3.72407441175633 2 786
92.6365504233443 3.06759353800845 2 786
92.6426199800764 3.05741242843996 2 786
92.8607347065266 3.98386948119287 3 786
93.0991586060291 2.99666520613666 3 786
92.9101113351229 3.23680224554513 3 786
92.6501254869183 3.03426952726111 3 786
93.0139901837722 3.01631133903992 3 786
93.023275796152 3.265752895988 4 786
68.5505789238674 3.11550958173128 0 787
83.6721141008889 3.11050740543753 0 787
92.5655309872043 3.30968663207621 1 787
68.0601823429571 3.93355104114568 0 788
81.1491292948765 3.47032621132289 0 788
67.5038624005413 3.18243066343324 0 789
91.871234401421 3.5311767204652 0 789
66.8885793073999 3.14856049556627 0 790
69.1413471997395 3.74467567144954 0 790
69.3338954146887 3.01254244266302 0 790
68.3360273741817 3.32114664641943 0 792
67.4675055391838 3.09991218037923 0 793
91.5901102401473 3.31120009450185 0 793
69.0412302073876 3.08716528570932 0 794
63.6535706228333 4.49108457436061 0 795
67.3539747277929 3.12629390912051 0 795
75.029359801365 3.09835034994583 0 795
67.4090512409724 3.07494273180257 0 796
85.0883158847556 3.19148621237639 0 796
92.0167548465063 2.99446028407735 0 796
67.4562135073253 4.11905875429495 0 797
91.1275908902474 3.13338709045482 0 797
90.9918237072578 3.36879982330944 0 797
67.3969179587378 3.07439318471688 0 798
69.6974609869535 3.19839306710193 0 798
72.2395975408914 3.14949915981557 0 798
67.7782856243634 3.07294528819116 0 798
67.3037104325711 3.1737857437058 0 798
71.4904346650135 3.61187838548253 0 798
83.5904625672829 3.06674302651931 0 800
73.1330133993917 3.38042448261755 0 801
67.2566953486771 3.02131304484978 0 801
68.4751676271837 3.10692750201622 0 801
67.2950075509885 3.49000396496689 0 801
84.972089631879 3.21442803951249 0 801
67.8756851767663 3.1022754218332 0 802
63.7903206288508 3.1269469499221 0 803
67.3465368512392 3.35020844366379 0 803
8.61322875277911 3.19179655799879 0 804
67.277655428462 3.04517684681499 0 804
67.2594353807715 4.03661940625265 0 804
64.2329812431299 3.83087316117654 0 805
74.1267888204705 4.43575387234058 0 805
69.0879082913875 4.77785729069698 0 806
69.658463655636 3.64505723823014 0 806
91.3219887236638 3.88920070573033 0 806
67.8924714384627 3.37895730586587 0 808
67.4830489495465 3.2978304493142 0 808
68.7342092505131 3.14670560150086 0 808
63.7609112528585 3.37597726259874 0 809
92.1839595931285 5.1427987724531 0 809
92.0152116092664 3.29060385400409 0 809
92.4311251546619 3.13769728751595 2 809
92.6919238054929 3.1120818545198 2 809
92.2173066394261 4.5810294360366 2 809
92.2062034587923 3.91385280635374 2 809
92.2412917778885 3.67096524596788 2 809
92.9919940850414 3.37454104375981 2 809
92.2252541463413 3.14898736190182 3 809
92.2318727574323 3.06248154216145 3 809
92.3269614965004 3.14392735810906 3 809
92.5080181683377 3.21739540654154 3 809
92.3882495769091 3.27066984079618 4 809
67.244282489291 3.23079484954196 0 810
78.7250275189072 3.21651306775133 0 810
67.4124561925091 3.07256257181712 0 811
67.2799996050087 3.43942010719321 0 812
67.3020969073559 3.2562778731049 0 812
67.394929709491 3.48568102238654 0 812
69.7739926934521 3.36865635548502 0 812
68.4221910000892 3.22763581667127 0 812
91.6057204492155 3.39887391955164 0 813
67.3140947539427 3.61052916291073 0 814
67.2539190244067 3.20169973173902 0 814
71.9897490135454 3.18998825873202 0 814
64.7135992438661 3.07483375374009 0 815
81.8116550855572 3.18406746400098 0 817
67.563125163906 4.0584306672286 0 818
67.259845055089 3.27544649411425 0 818
67.5130585107888 3.09362579437259 0 818
91.8778156026681 3.48427101187801 0 818
67.2618480346761 3.02828043174633 0 819
67.6009030883217 3.08399888267865 0 819
67.5315663119925 3.1888040635818 0 819
67.7110475262731 3.31392268080186 0 820
2.16712289289393 3.39431581498121 0 821
63.78927492462 3.24163206399614 0 821
84.2051343990952 3.62955784764725 0 821
68.675004912709 3.21744144199507 0 823
67.5843992092223 3.08220108227185 0 824
67.9302016145548 3.42947189263473 0 826
68.9708163570321 3.24861831640689 0 826
91.8905356108063 3.21788972531443 0 826
18.8030752381667 3.65585867224138 0 828
68.2405164090299 3.04059649411685 0 828
68.4857763289891 3.20523253737868 0 829
73.8885133194924 3.01939975774059 0 829
67.5147676520598 3.88003628254275 0 830
91.9177796673723 3.55936831456518 0 830
92.454835671646 3.07140614422951 2 830
64.0758613754006 3.74883383683353 0 832
63.9363108334684 3.46131297124813 0 832
79.9043901542596 3.13621166898683 0 832
69.4381171462696 3.05446710768151 0 833
82.162529075466 3.5582882110945 0 833
69.3312593630286 3.19601981985933 0 834
92.9696698393479 3.72876133746597 1 834
63.7815264813308 3.14367364237519 0 835
67.5767828297362 3.02904538811963 0 838
67.5491848338587 3.8391990958535 0 839
77.4502939065194 3.84851680591117 0 839
92.1229338087901 3.45080203447176 0 839
92.1599397281846 3.18986344184722 2 839
92.1259238389253 3.07133483057453 2 839
92.1809601530636 2.99061171310644 3 839
67.6069539714509 3.00024289399373 0 840
67.2873882983795 3.11588580501885 0 841
67.8454835111448 3.1033926439576 0 841
93.0746458801247 3.46598582969929 1 841
4.18571022899521 3.03351343725981 0 842
67.4286613514845 3.03549510704055 0 843
64.6045561134902 3.61226889981079 0 844
3.55538386816176 3.25467447353893 0 845
67.5532281459343 3.40860414597798 0 848
67.3603723579459 3.92317540380129 0 849
70.3551717990159 3.31557624521215 0 849
92.3136112674333 3.07848895559437 0 849
92.350514122205 3.28582501676489 2 849
67.7658702518281 3.30633207968293 0 850
67.3246530478764 3.04054529746427 0 850
69.061433024229 3.05003242017318 0 850
68.3063266844326 3.14590194799926 0 850
92.0053267102788 3.11290074666317 0 850
67.2742205964796 3.27846749717417 0 851
67.2541426908738 3.22696088606297 0 852
92.6756773551267 3.05458760206507 1 852
67.8002104034475 3.1482937692624 0 853
67.265475902085 3.30948755849438 0 853
76.0576161318702 3.18992650044699 0 854
67.7033989245357 3.22610554163174 0 855
67.3319575558673 3.30286034081657 0 855
68.163210579549 4.11665914706255 0 855
67.521077892203 3.70141755441262 0 856
67.4336968644007 3.68071214063833 0 856
75.7924097144269 3.38076281075869 0 857
65.2480647526925 3.19708739144065 0 858
63.6585084102654 3.34753374653308 0 858
75.5796561150653 3.26059139984218 0 858
70.1903173759704 3.32869363661443 0 858
86.0406651554086 3.11007460073049 0 858
63.741497355281 2.99464742313404 0 860
77.1354334878921 4.16772940659884 0 860
92.1201498933837 3.09639278976441 0 860
67.2697543271123 3.23995173692023 0 861
80.5544287740029 3.20572594320082 0 861
27.1095302905556 3.81486684901167 0 862
65.9655702523492 3.68082182183517 0 863
70.1224010709917 2.99342171409026 0 863
91.3253492248376 5.26746864819347 0 863
91.8710588135805 3.00537334770513 0 863
91.5954210841601 3.58057424545592 2 863
67.5639817518424 3.40032491689781 0 864
67.9431555042168 3.63853244184852 0 864
45.6394428814787 3.68111919327977 0 865
67.4369301513429 3.5474684878474 0 865
68.1841270373409 3.03781403012862 0 865
67.6130267429919 3.07968299247944 0 865
67.5534780011923 2.99061838342851 0 865
92.2286475815123 3.74252792447938 0 865
63.8990156841913 3.24997136933267 0 866
67.9450097001454 3.09426623604104 0 866
92.575856724269 3.2377761257691 1 866
92.6392231350157 3.20114650280965 2 866
67.4616540359802 3.84060357513662 0 867
71.5084394840666 3.05625568032239 0 868
0.104429093441905 3.47536449539455 0 869
67.4324928775511 3.38520136635502 0 869
77.6677139505917 3.34597905965481 0 869
88.5085657808371 3.25646970649063 0 869
74.1876169698244 3.52298991914459 0 870
63.7793937638212 3.05656783978085 0 870
91.9187158432301 3.03760778057872 0 870
93.0395975117378 3.44919908450203 1 870
8.0523624692519 3.41877101851853 0 871
73.1060820638554 3.53593539410779 0 871
76.6070636973829 3.06552399584023 0 872
91.87638923502 3.11283378636177 0 872
92.6744342199535 3.20357309021797 0 872
67.2613234010484 3.02336606817557 0 874
67.5640345154236 3.30294042560183 0 874
68.470165532852 3.56200728333675 0 874
0.111245392962022 3.07277738807983 0 876
67.2541299311463 3.07966103573191 0 876
68.7353323782365 4.03986445756378 0 877
70.8069413413812 3.27282090305891 0 877
67.290808465617 3.420179623544 0 878
63.7289834769287 3.14226185536079 0 880
91.8684178263426 3.07285722943479 0 880
69.1827623675963 3.46203807368819 0 881
67.2568401135865 3.92015621709394 0 881
80.6544126276343 3.3779110054281 0 881
66.7524449942793 3.33757636524041 0 882
71.1600935957797 3.73352874090314 0 882
67.4876226304981 3.39395621119351 0 882
67.4939828065586 3.68632500722694 0 883
84.925773911224 3.16916255371695 0 884
76.8833961827756 3.0895742131205 0 885
71.5689487405914 3.54737241785555 0 885
89.042774729235 3.05061771525715 0 885
85.945207677366 3.15721026344996 0 887
68.0074658590657 3.01581489763267 0 888
68.0919437402425 2.99475391236807 0 888
67.3985668822235 3.27249271258346 0 889
68.0383919560151 3.27005575203993 0 889
17.6075756712256 3.04560539684168 0 890
67.2914633055255 3.42547492446982 0 890
69.6195862616174 3.47676806801109 0 890
67.2724450805277 3.13649462513945 0 891
68.3508355391801 3.75857885600634 0 892
91.938773566956 3.39706608863024 0 892
63.7176598356202 3.40571627266737 0 893
63.7951620317554 3.03519543376256 0 893
67.8778207530842 3.09617636673617 0 893
67.2611274398962 3.08014215082279 0 893
80.9636313805907 3.33030524969877 0 893
92.3581701950995 3.3053641959193 0 893
93.0920863784656 3.00144858402526 1 893
67.0735124753995 3.46865382603943 0 894
67.4259988839869 3.68379420573697 0 894
91.6580137978521 3.41062828067737 0 894
67.2720419011394 3.0560657524293 0 894
87.2989831102652 3.2392003040945 0 894
91.8663824697658 3.11683680423193 0 894
91.867613837855 3.05044279277971 0 895
69.2006103865374 4.05889110746161 0 897
87.4989435032888 3.02494697542756 0 899
63.7589919885614 3.24896136907953 0 900
67.3730922202406 3.04605581274972 0 900
89.5372306637777 3.24756089287989 0 900
91.9976581865764 3.13604389763454 0 900
92.3394755364568 3.17368125514548 0 901
91.8719848939419 3.33279358948964 0 901
92.7580410605103 4.01376683313835 1 901
92.3973841356939 3.17543463156552 2 901
92.765744387396 3.17950270486081 2 901
92.7956664774277 3.23225323209428 2 901
0.0853485290730786 3.24400619817998 0 902
67.3202335235311 3.00381301627305 0 902
67.2658530752255 3.7361678770658 0 902
91.0236442969395 3.42714624245587 0 902
92.9943610740778 3.59965341403367 0 902
3.2692498027917 3.40382810659679 0 903
0.14697044865189 3.30469047625183 0 904
3.08564969646955 3.20550056960209 0 904
68.4642261921196 3.25350804809259 0 904
68.9617408287988 3.78586479262554 0 904
68.9619795455132 3.88736614340807 0 904
70.7839370214511 3.19688712150109 0 904
71.1407379115763 3.16274945064517 0 904
91.8706824005364 4.708745462835 0 904
91.8662486422613 3.07842344780276 0 904
92.0137408737964 2.99206442666983 2 904
68.664323182152 3.17230844755458 0 905
0.0848840079629819 3.02349547974498 0 906
91.9619505452953 3.65997514938935 0 907
92.6592663577564 3.82872678749965 1 907
92.6130712244425 3.36818592209194 0 908
82.2583040839162 3.08687453978675 0 908
63.8213339358239 3.54877024934259 0 910
67.5580996225105 3.19399279747356 0 912
67.3649222330633 3.35417900956199 0 912
68.5356853010957 2.99073831884605 0 913
67.2733800160723 3.72379777312774 0 913
69.837599839342 3.05036432717714 0 914
80.661161499004 3.41921144015052 0 914
63.7423893929499 3.99918368659755 0 916
64.3712838098788 3.00359296951121 0 916
67.2775625072084 4.11745789692589 0 916
63.8299298042496 3.80261634510123 0 917
92.2179359715352 3.5377869865654 0 917
65.1102763141816 3.19170645515492 0 918
91.9182631902539 3.28583385054336 0 919
92.6737327668399 3.0690243061843 0 920
67.6506162138572 3.08230699502108 0 921
65.1182676974521 3.22236353604258 0 922
64.0647188937115 3.02477102482895 0 923
67.2565369341534 3.47321005786668 0 923
63.6521290321231 3.5365429131635 0 924
69.4937944584736 3.39508155009436 0 924
89.7180995886778 3.2750133902789 0 924
69.6186400866132 3.02877439686219 0 925
92.722493939548 4.2083813837596 1 925
92.7442127816127 3.26406942934368 2 925
67.4722137682422 3.2409996700157 0 926
89.1433241817252 3.29197830224433 0 926
68.3631212811619 3.04009246224975 0 927
67.40025590168 3.18190699696638 0 928
67.2840966691558 3.12587112883922 0 928
92.5343221030005 3.41763519874253 1 928
92.9607622453141 3.08275466092673 2 928
83.0646070246811 4.54796986627575 0 929
68.6889090673306 3.40717477924028 0 929
89.1353277929533 3.01448758007164 0 929
79.3225589250117 5.22394740907099 0 930
68.2083261019706 3.05595101524551 0 930
67.7900849251123 3.11213478576475 0 930
73.7818414091614 3.29011936579233 0 930
67.3698595495611 3.02087808415914 0 931
92.3919984653864 4.1063022189198 1 931
92.5369199157308 3.22019308715338 2 931
67.5994254372041 3.03571926320586 0 932
2.72096526218261 3.3763176008956 0 933
68.3358867871178 3.64724596241891 0 933
67.3361315586339 3.05515178581816 0 933
67.2616336668989 3.02746217675802 0 934
67.5628020728696 3.03454547846794 0 934
92.3864061762385 3.42567646446878 1 934
71.179058857402 3.26956102631269 0 935
76.636433417563 3.4123331414516 0 936
63.6620326326046 3.13777738169305 0 937
66.3826306381154 3.02276936872988 0 937
67.0636708268195 4.11334482292936 0 937
91.8952798877502 3.09581394959793 0 937
65.1845910213248 3.0168309817118 0 938
65.2173134914577 3.99074059659069 0 938
67.3031764407972 3.05431292847572 0 938
81.9087812934317 3.13011427245761 0 938
64.9733841856476 3.1178213703187 0 939
63.7495835627165 3.03560543675493 0 939
67.3121854112453 3.02465214343256 0 939
67.3076511176656 3.52828721366031 0 939
67.4172496650941 3.06366382776309 0 941
67.2674943271502 3.90052970880528 0 941
67.302103040183 3.02685501508234 0 941
74.3779642688276 3.22181675439514 0 942
67.9631396954832 3.69563585901319 0 942
93.1534509949658 3.53556418940419 1 942
0.215121964662979 3.0372406226844 0 943
67.2577347155197 3.30454226884981 0 943
67.7187014873911 3.02126124569399 0 943
67.2542399144322 3.29388206624394 0 944
67.2857004923296 3.4896106798731 0 944
67.2813864882066 3.25727376423019 0 944
74.8847758062663 3.21919642892722 0 944
67.8334532461077 3.70146893078116 0 945
68.7727605359626 3.67546230014953 0 945
63.7039390912545 3.12264231509393 0 946
63.7784040625055 3.12135406295336 0 946
70.2279646353484 3.19861024829365 0 946
0.0803583695667268 4.29394369469177 0 947
68.9445039761456 3.21318264534589 0 947
82.8051369548994 3.45575876340375 0 947
87.5954456351377 3.27834876776028 0 947
63.9552364263674 3.27303045292618 0 948
63.7896272750382 3.07748989896652 0 948
67.8876306316783 3.33650398458499 0 949
67.2643048265388 3.3624540968428 0 949
91.8703379530804 3.85782258773212 0 949
69.3300767918598 3.14040753260752 0 950
67.2830188730822 3.32216436265508 0 950
67.3681307731508 3.1029146786156 0 950
87.1605492876149 3.11124918394817 0 950
92.6780916235682 3.5488855109869 1 950
69.12504788186 4.04803110172415 0 951
74.6313182588035 3.41837243599785 0 952
79.8682489594187 3.58433053753295 0 953
67.8179655827783 3.32603694072157 0 953
92.2949854545102 3.09590429162582 1 953
64.2852372625734 3.17753871211159 0 954
67.2552749082876 3.15992188291474 0 954
89.1874705518278 3.05551131133151 0 954
84.4563739193214 3.50817056236626 0 954
73.6949606748368 3.46902493003844 0 955
67.2622500309489 3.04678215399764 0 956
67.3719820262457 3.25882116240319 0 956
93.0853601831284 3.05453401073821 1 956
0.212517310453667 3.36355364989543 0 957
67.4462858418472 3.02726285101465 0 957
5.01437042317997 3.49302406060177 0 958
64.0173897976335 3.38076927779468 0 958
87.5853606231153 3.20715867266999 0 958
67.4016314464593 2.9980432522509 0 959
67.5242649614439 3.22351667921022 0 960
64.020264681017 3.02372335954545 0 961
67.3019843196192 3.40916497517959 0 961
67.2778592447628 3.22764657578517 0 961
64.3224064531721 3.11239617455482 0 963
69.7490450124485 3.50820362878572 0 963
63.8827990192467 3.27688733732362 0 964
18.6018824233698 3.50469400124693 0 965
53.4360196691519 3.35042796872433 0 965
67.2604249056677 3.31938817795838 0 965
67.2863378612155 3.45624487041143 0 965
67.3428071839276 3.02163707043765 0 965
67.3913990774792 3.01697800182031 0 965
0.0716276746147289 3.21453919506401 0 966
67.2793272198111 3.51867994665612 0 967
67.3484527012497 3.88302782081032 0 967
0.154652218536608 3.06726432741739 0 968
68.5487430376968 3.35372805271452 0 969
70.9364711621801 3.01427434541999 0 969
78.8959180351195 3.22117466488019 0 971
68.083251637428 3.33294857684224 0 971
73.0147931665589 3.11547626309755 0 971
91.9055181572158 3.04558490770718 0 972
67.4555696667785 3.45269024538077 0 973
68.7889539042197 3.18555848934906 0 973
77.5365504834675 3.05552393698774 0 973
92.3030675164441 3.21837179341828 0 973
67.474105874988 3.07298666407292 0 975
82.0409550556977 3.24673924254245 0 975
91.8658944739753 3.01263084196002 0 975
76.0121404170247 3.11401262862033 0 976
64.7645583602105 3.05246954355966 0 976
67.9119804018374 3.40321049526803 0 976
0.0921514334141005 3.36939011079315 0 977
85.5270913397757 3.39430727325851 0 977
86.5662154457171 3.39365428167444 0 979
67.43160561029 3.29057994693594 0 979
67.994221233492 4.69406891578295 0 979
64.9271102139244 3.41063921247066 0 980
63.7431610107421 3.05123665862735 0 980
64.4820182002247 3.64993555197074 0 980
77.0639269591357 4.28808652934172 0 980
73.9144553532462 3.19004197487939 0 980
67.4600406960711 3.45121169238992 0 981
74.1021109604995 3.40776876889149 0 982
63.7972805278692 3.01138750521126 0 983
91.8960966084793 3.37162824060615 0 983
80.1722011743486 3.00387235510013 0 984
68.0568186399994 3.00570910329631 0 984
91.14692267665 3.26540036763617 0 985
67.2786262792441 2.99441476044036 0 986
91.8869706700567 3.21685873228064 0 986
91.8701299737978 3.26431712988729 0 987
93.1432503307976 3.17662122284559 1 987
67.404172949673 3.11921478571691 0 988
0.0540034851762824 4.02013537081277 0 989
67.9440535026646 3.11543303903125 0 989
68.4715823999097 3.00959766998966 0 990
92.0854512534591 3.69641917969141 0 990
67.2737974209249 4.498860790983 0 991
67.360593557657 3.55092672701094 0 991
89.1557333906006 3.2417617884619 0 991
92.9118107696982 3.01546778592314 0 992
67.5748482349093 3.09355170082082 0 993
81.0071989403247 3.44454188487146 0 993
93.1760292199713 3.18127746997384 1 993
0.801274489798955 3.42918442552304 0 994
67.3687950239525 3.16148826895495 0 994
45.6915522101724 3.13585334456803 0 995
63.706686563054 3.02085454101849 0 995
69.7394706502605 3.15000135911145 0 995
71.367658370132 3.21399058055009 0 995
88.6368208653524 3.48399006623199 0 995
73.3673600957177 3.09838017163721 0 996
71.9791611502208 3.04252714956308 0 996
67.6434311048182 3.50283695002364 0 996
76.760254128539 3.00284658391312 0 997
71.9249534059778 3.04458705062815 0 997
68.3420890810211 3.11673979414766 0 997
75.7957595949346 3.56114870356975 0 997
63.740130864778 3.20952162979372 0 998
92.8156261460096 3.13774980893099 0 999
93.0377153222471 3.34202901949629 2 999
71.6087815138615 3.32830693285158 0 1000
