"ts" "magnitudes" "gen" "cat.idx"
6.73789761415313 3.05232070022453 0 1
22.6616855283854 3.01806375281361 0 1
22.5469563783109 3.06847975130602 0 1
0.586361073670652 3.22530476434533 0 3
0.00396460055946863 3.00019670816329 0 5
0.0490166242094734 3.15580608873389 0 7
22.5670252047388 3.04754072371009 0 8
23.5172548400328 3.08566730494981 1 8
0.140796840449666 3.05540237252245 0 9
23.8291397543248 3.55437357808204 1 9
0.0217205860106936 3.73211501879554 0 10
23.5283387470886 4.18869129943603 0 13
23.589099750759 3.16735958371077 2 13
10.402338089988 3.03473485983005 0 15
21.1276696287545 3.48855500442726 0 15
22.5516921948265 3.09906472670838 0 16
22.782840262998 3.32783858007628 0 16
0.833587694914092 3.09761486067145 0 17
0.583854198452333 4.55342987939075 0 17
0.12465291950085 3.1112853703865 0 18
22.585838294275 3.4128369912075 0 18
18.0533359186255 4.00080334312741 0 19
0.0892094095780678 3.22866240875972 0 19
22.5502877004344 3.88187826259709 0 20
22.6479822367129 3.28794463492087 2 20
0.269269573696531 3.36288547474335 0 21
4.32412096716175 3.75046139147221 0 21
10.014785130195 3.16805870889857 0 23
17.8579451455475 2.99667049603578 0 25
0.900342825363751 2.9911680842978 0 25
13.0945095128331 3.09961272702979 0 26
22.5361309803084 3.66954741058833 0 27
22.5712325279797 3.0022667893528 0 27
23.865896724546 3.21570532728428 1 27
10.4542842442366 3.11336039898676 0 29
22.5816962437476 3.43209741108635 0 30
12.9420564101435 3.41000543415784 0 32
0.0100150299162558 4.52542665310695 0 33
23.1896432236858 3.31862900773808 1 33
0.040619130958122 3.07591657419146 0 34
1.31567306437097 3.66917366051381 0 36
0.0287626272969469 3.30449680036578 0 38
22.5754665821456 3.85854470238746 0 38
22.5623935084554 3.34101382118138 0 39
22.7392137708938 3.56100204846257 0 40
0.0247148920187243 3.34227951412974 0 41
0.0596946581919234 3.50910471489908 0 41
0.0352998059503033 2.99156811735104 0 41
2.30799493618201 3.02920631661104 0 41
4.13818159681947 3.17390366698351 0 43
0.53652424300523 3.79263983718455 0 45
19.8429987556997 3.38582179432548 0 46
23.7381559558302 3.01695709427215 1 46
0.0860829130076647 3.57701480081144 0 48
0.636981443003266 3.36969120697263 0 48
0.886751298640495 4.4131141697136 0 49
12.5832009187805 3.20044134381684 0 52
23.7525765576024 2.99840108040852 1 54
0.827325516873384 3.01928833853014 0 56
4.83297985675427 3.0932715852234 0 56
0.159438563683051 3.12552735994731 0 56
22.5771070107155 3.00166990837966 0 58
2.52882659723955 2.99714705272226 0 59
22.5541654299553 3.29441684244195 0 59
10.3827457619964 3.06522514627864 0 60
23.5127874739549 3.08735355079135 0 63
22.5872423895177 3.0567061094093 0 63
23.5225685021653 3.125156504851 2 63
19.0387160746297 3.54755233451714 0 64
23.3268472419686 3.11285037734174 0 64
23.9376416845802 3.30269341851648 1 64
22.7229636705899 3.34349637711654 0 66
22.7370492596911 3.2278077581499 2 66
1.35206840605416 2.99443288128669 0 70
0.0521472190082511 3.88125429087512 0 70
1.26052060398428 3.08432164513098 0 70
22.5483840112468 3.11755714018817 0 70
22.5694167371256 3.45250971128176 0 71
22.6492156338675 3.39747370385877 0 72
0.274345681369265 3.29110153201172 0 73
22.5482163782591 3.56781455138083 0 75
1.43196956144524 3.3837753203885 0 76
23.6257650729756 3.43882045608311 0 79
0.138969336160937 3.07076636378662 0 80
22.61548486634 3.01956794538926 0 80
23.103132563556 3.14668788540452 0 80
1.3883909171467 3.72177083890581 0 82
22.5853119303231 3.49218597950392 0 82
22.5942345505442 3.14951369504398 0 84
23.0532482743066 3.03114588835891 0 84
0.0458883322644069 3.3124912585827 0 86
0.126309841343889 3.14678884899324 0 86
22.7131189744983 3.20611522962236 0 87
23.9768455934053 3.05543243930485 0 87
23.510042562531 4.56902860853173 1 87
23.5362950763331 3.09510686467826 2 87
22.7251216605832 3.13813844746738 0 88
22.9139199029922 4.52176622415151 0 88
22.9878054797536 4.49251726186948 2 88
23.3704641758062 2.99617732513735 3 88
23.2560420015824 3.05986427761822 3 88
0.0111970273972003 3.01051585776585 0 89
0.29633117916282 4.01130437437697 0 89
22.5680205962307 3.00052857107594 0 89
0.133339496277075 3.0273793153221 0 90
22.5482414233393 3.56196908929322 0 90
22.5966775612041 3.17022109777533 0 91
23.7685383825857 3.02421561863038 0 93
0.492393776656804 3.24045359530899 0 94
22.2805689517901 3.45984096646955 0 95
22.5948291142642 3.10824130312982 0 95
7.85375024694588 3.0670081456075 0 96
23.889075163202 3.2831238032047 1 96
23.0817275359623 3.0800252551137 0 98
5.58230035035578 3.91232374043726 0 99
0.0685624414726431 3.10098762353252 0 100
0.0588203538975664 3.46792674211496 0 100
8.37379229035578 3.03714475751645 0 101
22.5606860251336 3.12471432618841 0 102
22.7252791376396 3.53654330699352 0 103
22.7613567803871 3.47302189275003 0 104
22.5554579214092 3.47833804779162 0 107
0.00806647959985293 3.17294732866357 0 108
3.22700271790345 3.01700214436466 0 110
22.5524170654679 3.13573610166076 0 112
14.6958501660068 3.06980827809161 0 115
23.8293741819538 3.01319909109831 1 115
23.7803915633444 3.0545437462359 1 115
6.74167917530947 2.99120790241466 0 117
2.84374320751782 3.14452655189738 0 119
0.0291715517543224 3.20831408093622 0 123
22.7167826127875 3.4896872506477 0 124
23.5010733569476 3.04816009546489 0 125
22.5687025597866 3.72703658569353 0 125
23.0536687208275 3.53341914263577 0 125
23.1694116814656 3.05065297037682 2 125
0.0407945760911224 3.45513617194653 0 128
0.0510171362793234 3.86039177456172 0 128
22.6508148461193 3.65828087381939 0 130
23.257760499578 3.89240239266059 0 131
23.2880608387314 3.1531118251394 2 131
23.4698802136856 3.81292022320453 2 131
23.2833859289059 3.15165173743887 2 131
23.4797467422398 3.00347166871873 3 131
23.5323296363247 3.1605732724335 3 131
23.4799798344895 3.32738950970699 3 131
22.8349828323639 3.05593591438625 0 133
23.1858963366035 3.33546761525561 0 134
23.9424892816782 3.20401773423732 1 135
0.0124526491604369 3.13151419245916 0 136
1.46777809503824 4.60439731105526 0 136
22.5486084991852 2.99930803025661 0 136
0.0701742063781656 3.12170079193968 0 137
12.9924568951841 3.28196514424902 0 137
23.622590325671 3.16971289981263 0 138
23.0970113934342 3.03836520486154 0 138
22.832719447866 3.07738455605215 0 138
22.5639865424805 3.27416650810549 0 139
23.0872118197471 3.27857986025593 1 139
23.8059261417106 3.24997774093549 1 139
23.8206840971374 3.116330603852 2 139
2.17089337376633 3.04779577155051 0 143
6.18714776464818 3.70577356657904 0 143
0.21688543743498 3.05245729827277 0 144
0.909897293196882 3.31540244212548 0 144
1.15627102956934 3.44668938676887 0 145
8.33918674734996 3.00915790624058 0 146
22.5482452155287 2.99028418008082 0 146
22.8293689799126 3.36178576354433 0 147
22.5875360319054 3.37030993545144 0 148
2.14933443765106 3.24966646626022 0 149
0.139389091800641 3.12687735083182 0 150
22.6307478159784 3.89598252966303 0 156
22.5548846636605 3.03841535162208 0 157
23.2750868836042 3.19972752328499 1 158
23.4749007316963 3.06570862220425 2 158
22.5653497047019 3.09075488271648 0 159
22.5942141517987 3.07198273129926 0 159
19.4536595047703 3.32373456792463 0 160
0.390211552584321 3.35753645554941 0 163
23.5893923360013 3.00695589986796 1 163
1.03502469637605 3.73833342083746 0 164
0.0276283237023659 3.47341975247249 0 165
0.0196556010376691 3.04083777103008 0 165
22.8966096020877 3.00795921464114 0 166
5.02930876809221 3.08898920677925 0 168
0.0275154168360532 3.24500544370528 0 171
4.66016711051986 3.07028397258064 0 171
2.20162310785968 3.18047094854381 0 172
23.8376907849774 3.21834261960662 1 175
23.8430756138044 3.20433264747277 2 175
10.2131124206632 3.40908337770293 0 176
22.7132592666898 3.43819132006358 0 177
23.6165919200335 3.06950359731469 0 177
22.5679714135916 3.20621232468759 0 177
0.726198578166164 3.63475181309422 0 179
0.17400973895187 3.12491807145089 0 180
23.0584992572289 3.21578677100087 1 180
23.3247922914192 3.07012252472956 1 181
3.42574591899564 3.17983823933669 0 182
13.2045219926815 3.39380815720053 0 184
0.0697524883032821 3.00582044320046 0 184
10.4200131501345 3.33861680214335 0 184
22.0370170816417 3.05502350910244 0 184
22.5517052171469 3.06119929994831 0 185
20.4877358164069 3.32340965154224 0 186
23.918662726795 3.0367464165185 1 189
9.18260174082938 3.6469446165984 0 190
22.8065974791197 3.34847644153422 0 191
16.0495287628347 3.00837514615378 0 193
0.776854458013685 3.19648493671624 0 194
17.6439833969898 3.47739351243453 0 197
0.474045409923235 4.02383798128853 0 198
22.5508298494507 3.06820339328154 0 202
23.1741022278179 3.73770013362675 1 202
23.1748599984579 3.0954913589479 2 202
23.1811494038968 3.12937775564695 2 202
0.565852161648162 3.70273514891878 0 203
0.0212960882566004 2.99214786182833 0 203
22.5839746907988 3.17687383443289 0 203
22.5534739607874 3.15149112002311 0 204
23.4371001467711 3.08591035678453 0 205
22.576396960592 3.02867879706802 0 205
23.9403587795418 3.66414798179041 1 206
0.0211477920766651 4.07441062686821 0 211
0.0141305802549626 3.47173674346534 0 212
0.125582353781036 3.04130584722398 0 213
23.3644195780487 3.21475048318205 0 214
0.0551056335660402 3.40364990167292 0 216
0.504920481264946 3.1695268060501 0 216
20.6021039429819 3.36059080974385 0 216
23.2416977198807 3.12600911701558 0 216
23.4955734495662 3.17920947131375 2 216
22.603853103144 3.64554230228479 0 217
5.95811558614239 3.00060146379899 0 219
22.630139052271 3.02699165156733 0 219
0.120133981971833 3.43679233258039 0 220
0.195283038715464 3.01707166462419 0 220
9.3514722633058 4.30495018397503 0 220
22.5547955530636 3.44161920995222 0 220
2.88907042042344 3.46740193243892 0 221
8.24053585904096 4.04538786845344 0 222
0.662847746943993 3.0920913260301 0 224
23.9159411021132 3.82963828372914 1 225
23.3133030602798 3.02251513765691 1 225
23.986193756047 3.39990654941577 2 225
0.0585649666299859 3.13857270597456 0 226
2.30047459608149 3.25115791234975 0 226
0.326264638683134 3.15299485180038 0 227
22.5712456858323 3.48199833242004 0 227
0.136058624994256 3.69421709480918 0 230
22.8633042084937 3.08808684545734 0 231
0.0508690926988609 3.08468655543222 0 232
20.5504191230765 3.17404441893462 0 232
22.523714335203 3.71172373242165 0 235
22.5815250373604 3.03095266627202 0 236
19.97540362316 3.2872285171764 0 239
22.8821409540804 3.20222482667373 0 240
0.0493726961398699 3.25459873081118 0 241
0.598901980657565 4.09695216095777 0 243
14.7052171621219 3.32011830710921 0 243
2.3030863208139 2.99726341614622 0 246
0.477244616483404 3.15547428282957 0 247
1.03173795835202 3.79065396717049 0 248
22.5696333687862 3.2513098034124 0 248
23.7413409006872 3.09953239652573 1 250
0.0917192575369198 3.08520755370898 0 251
23.6504429622177 3.24956253729008 1 254
23.0381507421002 3.6962702122183 1 254
0.0833533977372048 3.14231595321538 0 256
7.27238896930441 3.4645453336368 0 256
22.6716345038568 3.14322349337704 0 256
0.174105926376998 3.22610666472793 0 258
23.3412669919521 3.53193540602475 1 258
23.4242267520573 3.27479238303594 2 258
22.6597959608448 3.05934935070852 0 260
0.238494114039975 3.09586191370065 0 261
1.31210712470479 3.26078157107658 0 261
0.0826185376734502 3.74458551225465 0 263
10.0201450624636 3.24359103204743 0 268
0.00944542829487647 3.02482647543623 0 271
0.953683239795325 3.02234752633758 0 271
4.98287643702916 3.7208854789247 0 271
10.5777078603862 4.04321987174214 0 271
22.7906760657671 3.02670076476723 0 271
0.106310524620218 3.25630353886995 0 272
24.0096737995368 3.15194907245799 1 273
23.8715717358604 3.41727031988308 1 274
20.4234275574789 3.53603662477299 0 278
22.8271404380409 2.99238646503889 0 278
22.5909532563403 3.42807076441903 0 278
0.072687565262444 3.43100930698388 0 279
0.010994232473556 3.51298860834925 0 281
22.5620859111238 2.99738578660269 0 282
4.98848371535698 3.25098182808924 0 283
0.093630436151689 3.03567528110716 0 285
0.0767645043357371 3.61130047737996 0 285
17.7795381471605 3.24553079843027 0 285
22.5567007505466 4.00779765250224 0 287
6.17181510337063 3.53609547643649 0 288
22.8610824857791 3.00102695712193 0 292
0.929426805807036 3.0994190586242 0 293
22.7860917850329 3.63222008211552 0 293
0.914261443429834 3.38906782804748 0 294
20.5154700659872 3.02447670516159 0 294
18.4240262245595 2.99378559086735 0 295
2.83989549407819 3.683960909879 0 296
1.02435810112778 3.11432960911991 0 298
0.0310640727184671 3.5307287727197 0 300
10.3925674583969 4.23324348049325 0 300
8.45088182697192 3.05321071281286 0 301
22.7160693260463 3.24093329750667 0 302
23.452657142603 3.13829003214307 0 304
23.7916560577318 3.25993563271985 1 304
23.5928909475073 3.25994801574482 1 304
22.6639626329699 3.61365147672814 0 306
2.71645250052349 3.50580375895496 0 307
1.37836569360537 3.18809174862173 0 308
22.6285655643854 3.10455823448807 0 311
0.0726332691242075 3.10945172089003 0 312
0.920872123395291 3.20408970417395 0 313
8.8713389337809 3.79257777281153 0 313
2.12910865106602 3.65332767443175 0 314
23.5431797300396 3.98208346920563 0 315
23.0300597323693 3.69286940957934 0 315
23.7173238264984 3.09847049624958 2 315
0.00622775360773643 3.21939695138666 0 316
20.2838831698779 3.57159911925262 0 317
23.6338409314528 3.29487615502953 0 320
0.176774979942415 3.32294458937005 0 321
4.6476139032333 3.65693286612693 0 321
5.2112236354126 3.74010918542354 0 322
8.23894635764209 3.17591974227639 0 322
22.6092359622392 3.52648263007623 0 322
7.83796671119613 3.14816386154844 0 323
1.97713739598447 3.03631919865205 0 324
22.5616251783175 3.35855236612899 0 324
22.685098754754 3.21811185876241 0 324
5.87067256614835 3.16522211091853 0 327
18.8657027349963 3.27403587382532 0 327
23.0655633757446 3.62267283378611 1 327
1.42206722515218 3.54846612676294 0 329
23.441426204899 3.70559965625213 1 330
23.573694610957 3.33874173575702 2 330
0.188598818348795 3.1214097307847 0 332
20.8148589408155 3.11272070911957 0 332
0.138753500163703 3.04767580672102 0 333
23.2201002756223 3.14631392055038 1 333
22.5623012888247 3.02996035767744 0 336
20.5811861940629 3.49256828271319 0 337
0.00120628055739088 3.09818969264501 0 338
22.7749233474831 3.32621682081239 0 339
1.50331657399737 3.3388583050073 0 340
22.7170997624153 3.04406603505004 0 340
21.8276081483909 3.02317402761649 0 342
23.4632060249891 3.62039692973496 1 342
0.0545465992049104 3.02485132471754 0 343
2.71289483221358 3.14812780425731 0 344
0.654754296647045 3.13780702580923 0 345
13.5360822845334 3.76882624868917 0 345
23.3508384782723 2.99677633654229 0 345
22.6201008926295 3.37163161117187 0 347
22.6345890902984 3.32596800939236 0 347
23.7692676879176 3.31974954518032 0 347
0.0512784941046728 3.29950796642018 0 350
1.15729965632364 4.04658809410313 0 350
23.1620413072244 3.11798175518745 0 350
23.8605003598236 3.05353442712294 1 350
22.6068375656792 3.33893403743433 0 351
0.344162510397274 3.06127974250338 0 352
0.0146723882430052 3.34441570781849 0 352
22.7694802458069 3.6141786137811 0 352
23.6418349420741 3.23379220983151 1 352
1.38073465349886 2.99317494481098 0 353
0.0866835882222697 3.30942236835598 0 353
23.6321634151131 3.28693363263559 1 353
0.0472036120840982 3.04211749463197 0 354
22.6138088911072 3.78133123921233 0 355
23.1774581844542 3.844710885119 1 355
23.3371420077966 3.24897455932233 2 355
23.7411939123593 3.28537981384441 2 355
1.12460282414892 3.19194867908593 0 356
22.7009033358404 3.0032560724131 0 356
0.429733328738332 3.06437726153163 0 358
12.8349914049846 3.26917473035436 0 358
0.0485608848080782 3.09709936202664 0 359
22.5694840375929 3.31513972886194 0 359
22.6007667617696 3.01612335453309 0 360
1.95577295800861 3.01088455125316 0 362
22.7240702642926 3.25956273262716 0 362
23.1999526350565 3.11002105561033 0 363
2.12279464965989 3.15874068239664 0 364
1.14143075036152 3.10192598058743 0 364
21.9722508226743 3.10170071907312 0 364
22.7143296053795 3.12617753716191 0 364
22.5908065902852 3.76907427823807 0 364
23.3380777802528 3.04219160756817 2 364
0.773359724303796 3.27742430986589 0 366
22.629800392718 3.85625946035578 0 366
22.7201814436654 3.13609939065656 0 368
23.5684462285048 2.9929331513187 0 368
10.1836106026438 3.25486838179002 0 369
22.676832234604 3.17071885657636 0 369
22.5510928832583 3.21364774160135 0 370
22.7716982308245 3.36031309025406 0 371
3.8561896571084 3.04855125110176 0 372
13.381441717736 3.22115566377662 0 372
22.6149167660248 3.12804377602379 0 373
8.13740943039736 3.46101261705079 0 374
0.688713423650413 3.17598469999614 0 374
22.5900563532043 2.99162535601054 0 374
22.9193714907723 4.21593891722834 0 374
15.611104542053 3.91876598440463 0 376
22.7404335195587 3.25170727315209 0 376
2.13447118919578 3.21059486465171 0 377
23.4245674215813 3.34330568953471 1 379
0.826013981863241 3.23297591992998 0 380
23.7811774974256 3.03425806089061 0 380
22.7652947248295 3.66361648934959 0 381
22.5599336138739 3.07306959382686 0 381
23.1702785528355 3.24558880139904 1 381
13.9478905051234 3.48954694136029 0 382
20.5273483520918 3.09613268864292 0 382
0.187963556784728 3.15506882745473 0 384
0.496904056966732 3.01405070809893 0 385
22.6238188391331 3.07248478605795 0 385
22.6207948614839 3.17013376930989 0 386
22.5532820229309 3.90796978497822 0 387
22.8334680687527 3.0642451917082 2 387
23.0958247616977 3.0581384854728 1 388
23.3509812694133 3.10358870442661 1 388
0.0396623983109996 3.48013805482526 0 389
12.9817833487113 3.14815468830056 0 390
20.3387987105052 3.63145854242607 0 390
0.137029150491247 3.01292019395245 0 391
22.6360178598077 3.01603019613419 0 392
22.6701822396825 3.67115623832991 0 396
22.5487472969291 3.38160349506263 0 397
22.8522575806472 3.17001721133236 0 398
0.27402573707804 3.49485992687432 0 399
0.588589834068568 3.00113953841463 0 399
22.8794907277809 3.23621843535649 0 399
3.98618567779266 3.06524758079792 0 400
0.293889066821898 3.40599020553851 0 403
0.105799167016086 3.65439214381931 0 403
9.69161279777056 3.3663503533285 0 403
11.5568282181523 3.31385757308283 0 404
23.1745190428836 4.06723399712789 0 404
23.1782011540752 3.41958611287638 2 404
23.3642857053076 3.30182177107108 2 404
0.853392047060043 3.12310677740051 0 405
2.14618831989975 3.2533609862944 0 407
22.5453724744859 3.20731380291497 0 407
23.0881322719246 2.99525882691408 1 412
23.3127407776907 3.19367418733908 2 412
0.519399667600177 3.08428687069122 0 413
3.39158506703535 3.3937008629892 0 413
24.0092730597237 3.5104866840738 0 415
22.8833139969334 3.08437037914641 0 416
22.5139501922811 3.20606334639767 0 417
22.6501072234349 3.12627388345549 0 419
23.0725372025367 2.99896268459675 1 419
5.49622225453239 3.07456366531068 0 420
2.8803138645695 3.16620647492937 0 420
23.1210653260099 3.51335683680903 0 420
22.6584199749205 3.50687296223006 0 420
22.6821696580852 3.06039263136128 0 420
23.3778905048125 3.18762525086208 1 420
23.3834192184481 3.51428600929757 2 420
23.5320635167511 3.0986652467887 3 420
23.7082735137391 3.05116660667873 4 420
23.7192410128411 3.31245665239639 5 420
23.9720102987808 4.58070429191143 1 421
23.9730156262746 3.37409729196481 2 421
24.0099278606229 3.1321922509463 2 421
23.9913381743442 3.12393402555061 2 421
23.9726857350596 3.25443113370546 2 421
24.0025658902477 3.42183602881045 2 421
23.9792835658418 3.0429778645988 2 421
23.9939426531622 3.1552117568624 3 421
7.18154830063382 2.99581490337388 0 422
22.5528429511291 3.09120561097879 0 423
22.6180025071186 3.07719486718597 0 424
1.19685992724209 3.36455730806849 0 425
22.6048520625539 3.36288590192038 0 425
23.032498417526 3.05243202207975 0 425
0.142001640107912 4.13580161255602 0 426
0.887339356929129 3.43925322155158 0 428
0.0107571900674573 3.3058179424448 0 432
23.2105059432232 3.14921194187588 0 432
10.0440081805714 3.72511055416685 0 433
0.902274346019589 3.0513167763684 0 435
0.036318714148921 3.21064410104515 0 437
20.4691004440399 3.23817549417432 0 438
23.4819859138572 3.50204365138878 0 438
23.4994613645348 3.51337216131954 2 438
0.835061939256143 3.21022543022392 0 440
1.76009817182997 3.38242770382053 0 440
0.186277489354499 3.95091805768521 0 441
1.58994864023307 3.28285265147457 0 441
0.00999249405816711 3.00263097821817 0 442
0.490944792914486 3.14738007229828 0 446
0.355976883924233 3.11824325019565 0 446
0.47090317847012 3.31672190124632 0 448
23.3389957804367 2.99719377108783 0 448
0.119979416744857 3.00507184621742 0 450
0.848673462324867 3.0730957516029 0 451
22.9171848760535 3.41552423016387 0 452
23.2478378907867 3.1062186476106 1 453
10.7350927914171 2.9903497690628 0 454
22.7283384068445 3.00407126864133 0 457
23.3189098456186 3.9745600250436 0 458
23.9070967535112 3.20325148772359 1 462
22.8356555292885 3.26889596132927 0 464
0.0101058305194735 3.28646763037099 0 465
22.5589840637768 3.25950835646836 0 471
5.46170420434719 3.0458595056693 0 472
19.1243090114046 3.02219150970722 0 472
20.6440723982894 3.05256199245265 0 472
23.0154151852319 3.11897706685368 0 472
10.7254330697028 3.26774033538454 0 473
4.76553523542781 3.69061666997522 0 475
3.01984281868492 3.23524514996815 0 476
3.04516276990485 3.14220672965526 2 476
1.50158369541744 3.49317923856333 0 477
0.201341614071012 3.39288487647444 0 479
22.581898464254 2.99656407015856 0 479
23.1923409436453 3.34761584305566 1 479
23.194342078414 3.07206564284805 2 479
0.596794303817906 3.06968449907657 0 480
1.4744599519413 3.23460986610639 0 480
0.0681222187190978 3.03042444325024 0 483
2.20401345261159 3.06813021361593 0 483
22.8043392650818 3.81043965840164 0 488
14.6963490949544 3.30974632870192 0 489
2.12185406088153 3.11790098083625 0 490
0.130384298560907 3.57272010932074 0 493
22.6889119913255 3.02137936973743 0 493
22.5154317877808 3.16387709876708 0 494
22.7098073549325 3.22188370849239 0 495
23.5231740150225 3.08248757414748 1 495
0.154752153631383 3.03363922369048 0 496
0.0128286519296813 3.35433386093005 0 496
0.320580787818598 3.38278631893178 0 496
22.6042323073007 3.17288956569556 0 496
8.41631516302479 3.31325855152865 0 497
22.5570567319083 3.23800776266158 0 498
0.134211362449259 3.41355539459054 0 500
23.9781414359997 3.44623942439679 0 500
0.867912748907894 3.17931370371934 0 502
23.919288350185 4.3365817009599 1 502
23.0365546589341 3.76885800399903 1 502
23.922153761127 3.12178372154214 2 502
23.98295282629 3.21614604106345 2 502
23.9723953834296 3.09498159120095 2 502
23.9722810052756 3.19182534018686 3 502
0.046550662056483 3.17743867200741 0 503
0.185135143291045 3.1074933359586 0 504
4.72377989067233 3.00740389587165 0 505
2.202604985619 2.99962131931048 0 505
22.8229260193348 3.08423597865113 0 507
22.5641953653747 3.01811440555639 0 509
22.9825717354129 3.46354867207805 0 509
0.0044636872558804 3.36693926472349 0 510
0.449528865527011 3.20696781815586 0 511
8.18582705310454 3.06002143240963 0 512
0.0217761185154658 3.20901498799754 0 513
2.38481185171438 3.14197748313633 0 514
22.5749216490127 3.09350083734683 0 515
23.6413030113649 3.51846070767548 1 515
0.140798690197885 3.04405823337319 0 516
22.5970000267237 3.36879071901889 0 516
1.9532378925649 3.37087911932036 0 517
0.0450021392001522 3.53922341141879 0 517
14.7451593127278 3.07462654394725 0 517
22.7601476297299 3.35227464833186 0 517
24.0035171142403 4.64525712176678 1 518
6.27837003289976 3.61296753359353 0 519
10.1756001938819 3.52647077939789 0 520
22.6236116387075 3.19266920597762 0 521
0.00665809310335112 3.05848203199029 0 523
22.7453316347959 3.32130091912926 0 523
22.589076164504 3.02635609365321 0 524
4.97271923029602 3.18309687644915 0 529
20.3411050843266 3.17816385541959 0 529
0.631226026806864 3.5864384516528 0 530
22.6553054343892 3.36123385416253 0 530
2.71653460206597 4.13693322246794 0 531
23.1637639763952 3.19559253619303 0 531
22.6409692998228 3.00369248975541 0 531
17.5413353645962 3.00379028939571 0 532
13.4357445302266 3.59805456920485 0 534
23.1201391338728 3.07444439475905 0 534
0.0486106744377026 4.18922178907122 0 535
11.02638934013 3.18343537591555 0 536
23.4850035506856 4.00823563267836 1 536
23.6277604794632 3.06340538351951 2 536
23.7021912420442 3.00116134398391 2 536
0.0717662473365086 3.00631069957668 0 537
1.48754553190615 3.3017320783718 0 541
0.00172218149038116 3.16705179206163 0 544
0.0175107494920479 3.03148704303328 0 546
0.073381727440176 3.20149463178005 0 546
2.02795548659393 3.03819475898283 0 546
1.14810535381484 3.207390055377 0 547
17.056491724276 2.99296103737365 0 547
22.6100934156481 3.37998364208449 0 547
12.9009356842153 3.52818311334634 0 548
0.0230592560047765 3.77366044828842 0 550
0.972213856525951 3.60585265729084 0 551
9.90337411923675 3.45325229218838 0 553
23.0230146440767 3.04249758204867 1 554
23.0279076190747 3.34120797192673 2 554
22.7770856968187 3.22672858313794 0 555
23.942141439146 3.47233845556267 0 558
23.9517647881796 3.20789416062025 2 558
0.106287110267613 2.99982421361163 0 559
16.2464623743104 3.37235445151764 0 559
20.3089014417224 3.31210163431331 0 561
13.9430582516495 3.2645119914688 0 562
1.12477590524069 3.84833387356157 0 563
2.16529825523305 2.99100948141389 0 564
22.6324528836345 3.49727851289872 0 564
6.51453579439304 3.54589575050285 0 565
22.6459883672795 3.130598689536 0 566
0.161870981874946 3.01137102753924 0 567
22.5621142569736 3.20566840942389 0 567
16.5804547416865 3.25303489698892 0 569
7.75862320334088 4.29958149585434 0 570
22.8540722304394 2.99671387649025 0 571
12.2299842053052 3.79759547723751 0 572
0.04259770941693 3.52686294608324 0 572
22.6023210731792 3.60079122094024 0 572
22.8167963703906 3.37566816155718 0 572
0.00763743198437916 3.1295365370545 0 573
0.000735893223295715 3.29381888916964 0 573
23.5257020612803 3.35556183551445 1 574
23.5455389675316 3.07095066900039 2 574
0.0441504298390712 3.20425697139676 0 577
1.07017128034861 3.22464795636757 0 578
23.2832879593541 3.05705959036777 0 578
0.316001907013765 3.10239547599715 0 581
2.56637279016542 3.22224755807479 0 581
22.5786155288238 3.97305373705431 0 583
7.54378549608783 3.03702830179856 0 584
22.5605970754355 3.09075867459423 0 584
0.0938529771940102 3.42260739114774 0 585
22.56232877108 3.06853788531242 0 586
22.8865318629352 3.90159848923029 0 587
22.5828387100665 3.23047179433573 0 587
23.3014865297464 3.1659263196644 2 587
23.0804614856929 3.19863934889523 1 588
0.00322782246251907 2.99862880242923 0 589
1.06710487942332 4.06461941198437 0 589
22.8519273543347 3.39953328334446 0 592
14.1885388252685 3.09718185415782 0 593
0.0593290856931459 3.08536906010122 0 595
5.58623915593945 4.15442365894264 0 597
0.936225539492185 3.19284555465069 0 598
0.0345623293596119 3.21051647221457 0 598
0.308749823085264 4.6867560329321 0 599
1.59779010046008 2.99847382472584 0 600
23.6592348666027 3.53351164697778 0 600
2.12484296409327 3.52759163676846 0 601
23.8748743878845 3.1126422774488 0 601
22.7935154509904 3.52028564934247 0 601
1.28116518933817 3.34269036405747 0 603
0.406471043915336 3.44342396864859 0 604
22.7650687545247 3.23000091195156 0 604
23.8226454501596 3.07723215914287 1 604
10.3735728541502 3.23864313546565 0 605
2.13943089875895 3.37167979084886 0 608
11.356715834677 3.55008040025638 0 610
21.0933009031712 4.21383352308092 0 610
22.5615026090638 4.03801863477647 0 610
0.099586865069027 3.34030404657073 0 612
6.51680352414402 3.24679720454449 0 613
23.5055708134637 2.99409308687146 1 613
0.55909706150077 3.44073549764771 0 617
0.0216964959683694 3.60751672387118 0 618
8.02217455841414 3.01577770754963 0 618
0.361654092587822 3.07984716297179 0 620
23.046986469134 3.06449887626322 0 620
23.3397037560676 2.9928811320374 1 622
1.46074612500347 3.42332121183108 0 624
22.6185819538831 3.50144490613633 0 624
22.80317613222 3.41233705202851 0 629
0.060710129126666 3.06115409562009 0 630
0.110289090306946 3.33505287756642 0 630
0.11029575825756 3.61765508704133 0 630
0.177177660829655 3.15338553912019 0 630
22.978380369574 3.15414119391595 0 630
5.83975295191024 3.24056975443648 0 632
23.4071670476799 3.17802401190132 0 632
0.0705786733493026 3.70221722858881 0 633
22.5121182359639 3.01330160849113 0 633
22.5567705044544 3.06762654458381 0 633
0.0458909952527268 3.53676155024117 0 635
22.546879591666 2.99376191285578 0 635
1.86017089210671 3.23599644509068 0 636
22.5586483086856 3.01782886089279 0 639
23.9670200819705 3.17942659797223 1 639
23.3473136456773 3.20365594816981 1 641
22.5656628628327 3.01391091987131 0 642
21.1126811343371 3.39177622333935 0 643
0.204970756960331 3.12084360928391 0 643
0.145574479404807 3.01884302748454 0 644
22.8074743857746 3.11816181510684 0 645
5.67403074144159 3.35362224403793 0 646
0.318775183057589 3.51536761177423 0 648
0.0649519944579687 4.22216208377455 0 648
22.7114640745088 4.16268773369927 0 650
22.9642390269012 3.54409356761701 2 650
0.188347859065594 3.47635701404206 0 651
22.6141421148994 3.04261955032924 0 651
5.83738176585766 3.17737215794117 0 652
22.6243150097411 3.74268855057887 0 652
22.5340930926051 3.07007552102982 0 655
22.5498596107546 3.22515067161921 0 658
22.5695002857615 3.26296506234585 0 660
0.0488375912172823 3.77997415023958 0 661
22.7040631133169 3.23381121920906 0 661
0.025675267585094 3.2187895993519 0 662
1.89302671846629 3.55783936135072 0 664
0.0455777571652305 3.06115449770542 0 666
9.47694051989747 2.99852503582838 0 666
0.127517468620906 3.55484684754413 0 667
0.0975573821107233 3.49277336343405 0 667
14.1866761064199 3.48019044490609 0 667
22.8491054934108 3.00165513633758 0 667
0.04202683278467 3.76399277641754 0 668
23.2794053783511 3.57897637253056 0 668
14.9250275161037 3.05325966169495 0 669
0.0384582824706835 3.44098828887807 0 670
0.480969268526722 3.23843142876705 0 671
0.852566404386435 2.99918893224208 0 673
0.120590181609581 3.03303191444272 0 673
22.5476946771914 2.9911989076336 0 673
0.525057428767978 3.17363511517954 0 675
22.7469794351783 3.20817831165668 0 675
22.5996806206599 3.07997272706083 0 675
0.423693195723408 3.01795158503791 0 676
2.18297703831204 3.64383673899357 0 678
23.1748021511464 3.09205503338541 0 678
0.402242604186947 3.06915620067306 0 680
20.93345054862 3.37903422287599 0 680
22.613580252922 3.21157662333714 0 680
0.328992257933367 3.26512227617086 0 682
2.2038452290501 3.33982994486064 0 682
14.3393850032817 3.142741839316 0 682
1.20174933304946 3.13428895656504 0 684
0.0296801126557837 3.09901205719225 0 684
0.0248253557499299 3.0868836463829 0 684
2.14289056653191 3.16796001752431 0 684
1.30551392473676 4.68375930787705 0 685
7.98577055210874 3.21285218695677 0 686
3.82100958793879 4.48941466484689 0 687
0.026847595522469 3.66609106404254 0 688
22.5607227598518 3.46257443725771 0 688
11.0190977635539 3.554454030192 0 689
22.6280535132072 3.1457244848789 0 690
10.1374519004422 3.56634346762568 0 691
2.87769828996447 3.40445496100627 0 692
0.572909337637719 3.19605483967003 0 693
18.9132875140116 3.3281421924869 0 693
4.39156969468569 3.07875643535731 0 694
3.19283390290728 3.10973267909255 0 694
0.871617427059743 3.28468545025254 0 694
22.5529261213341 3.51129773094379 0 696
23.6780356722042 3.19313761315798 1 697
23.7864924501892 3.9157056712422 2 697
23.8050542292227 3.37336473244937 3 697
22.5317413272281 3.61522168433642 0 698
22.5787978824868 3.29562198732893 0 698
23.5441833719701 3.87699278500692 1 698
22.5921102524671 3.52415915790394 0 699
0.177373365548721 3.29010051278954 0 700
0.583280801614658 3.34739246036383 0 700
22.6653994157115 3.36678473419966 0 700
22.6950067819208 4.27532877664987 2 700
22.7350428096075 3.20847719499859 0 701
0.346226359944179 3.71714640766883 0 702
0.675281419549573 3.05710041667568 0 703
22.6164233676246 3.15312403346488 0 703
22.6528581464115 3.24453323247755 0 706
24.006235504319 4.23199208570132 0 707
22.553483333701 3.01262335893952 0 707
0.0457771950649107 3.20280016504899 0 711
23.0985429250744 3.30625267656313 0 711
23.3238297798156 3.12522809017683 0 711
22.5739373401671 3.19242041762467 0 711
22.6093887994309 3.30342191093444 0 712
22.5465047091611 3.12222047717727 0 714
23.645837663123 3.17607179987642 1 714
23.6930419842895 3.33135062408889 2 714
0.0179722118012097 3.43187910120811 0 719
0.170686316339609 3.21059542876775 0 719
22.6563338367518 3.38257196756062 0 720
23.3219456478577 3.12981385870101 1 722
0.0259995338649704 3.67857068266959 0 724
0.21378550311477 3.11079119716718 0 725
0.604155765750308 3.22712691886537 0 725
2.24596616081432 3.12733987324569 0 725
9.09086217571818 3.29915029443097 0 726
22.6831973231194 3.50795210568683 0 726
22.7760276959478 3.1829956135298 0 726
20.4993023817877 3.39179790878403 0 727
22.7335293660086 3.52484124770025 0 727
0.00683295386112043 2.99369473437614 0 728
4.39325468980124 3.122089572111 0 728
0.00535446680966392 3.27301214793628 0 729
22.5473174473166 3.25316752587834 0 734
0.0402849630300752 3.09270479858913 0 735
22.6342396903325 3.5394127360248 0 735
0.082283551369317 3.05814959101504 0 736
22.6448157589525 3.19509844537284 0 736
0.0139955880207921 3.07036204890378 0 738
22.5264490785438 3.46319718173422 0 738
0.0607085680822703 3.09448544496029 0 739
22.5527589768378 3.18706774121978 0 739
0.21296157484826 3.38702668317286 0 741
23.3410986737343 3.00323864608925 0 741
23.3664265417165 3.01863070966878 0 742
23.5165354312597 3.0372712310626 0 743
0.470156196780957 3.10169844503714 0 746
18.7890001164587 3.79775969862755 0 746
0.0139453407103645 3.30759034263311 0 747
0.200513788813611 3.62653979653168 0 748
14.9998136089631 3.34883473631386 0 748
22.693001769749 3.46391523965007 0 750
22.5752754145183 3.60789244454407 0 753
23.1069309062982 3.18141490266859 0 754
1.2975261777777 3.48348125701887 0 756
22.5700940329245 3.99816266443589 0 756
20.3951233484313 3.53334188728359 0 757
21.3399184481045 3.35281329886597 0 760
22.7071637341228 3.03586219529195 0 761
22.6268939668708 3.09634737175793 0 761
22.8871207288555 3.35321368855753 2 761
0.140906541179792 3.04120847100962 0 762
0.677761652192269 3.41285820078822 0 764
10.5813082532172 3.30005578580922 0 765
22.5497944743602 3.00864182616112 0 765
22.9584204697688 3.28299048938157 0 765
2.66515637032398 3.24406494754218 0 767
22.6361302818615 3.47591865285754 0 767
22.5573151504557 4.69583914914536 0 768
22.559165708002 3.32665334665052 0 768
23.6672284707429 3.2080209075272 2 768
23.6693599643007 3.43697020030708 2 768
22.8120543642866 3.96426692502518 0 769
22.7153676515494 3.20958571543612 0 769
2.15479439250219 3.10212740893306 0 770
22.5543314621945 3.00295447241335 0 770
10.5009472836322 3.71489504773992 0 771
22.9351023142337 3.04272208947782 0 771
22.5457096786435 3.17001143171812 0 772
22.8439931278402 3.68571947947062 0 772
22.552222899256 3.10979187877276 0 773
23.6799249421192 3.22296251912053 0 773
14.5532457224696 3.08954219243509 0 774
22.5183272224522 3.00946443226417 0 774
22.6346639687785 3.80782244176974 0 774
22.775113710416 3.27464265513924 2 774
23.3748258591179 3.04885277627604 0 776
22.5163333586776 4.03492464654874 0 778
9.3123773792929 3.62606381892617 0 779
3.24550016925768 3.09135263243438 0 780
23.4489823530058 3.0030793839977 0 780
1.2110574632783 3.17956742324025 0 781
13.0036577681296 3.05933058248907 0 782
22.5490188606821 3.15640512655823 0 782
0.228193813258485 3.072696348357 0 784
3.09967937769056 3.00068239076591 0 785
0.154789936163589 3.77880886631164 0 785
22.564035306551 3.5618702691846 0 785
0.478853543456298 4.09746931297502 0 786
23.1593855117984 3.59913803071107 0 786
0.711927301990007 3.91806765116062 0 787
0.144625194621059 3.61917796918554 0 788
23.5228254422452 3.05986036394957 0 788
9.42963143148045 3.05622118562626 0 790
1.60551095779118 4.05143727921813 0 791
0.178843894490106 3.23421466226188 0 792
0.064058927477037 3.00085694540425 0 793
0.0508988335042067 3.60074613043615 0 793
0.0250368770520526 3.25478895092198 0 794
23.7549789214131 3.05769206871212 1 794
0.0364246986916599 3.28171607732212 0 795
3.60708347152531 3.03411709247285 0 795
23.1537859401755 3.50129762822304 1 795
23.2327866819806 3.12845398239749 2 795
23.3578358897726 3.10667956529066 3 795
22.5579955206776 3.20765110658866 0 796
1.17464758101765 3.19198395722643 0 798
22.9071275916757 3.42297037043277 0 798
0.111786082477553 3.11483463174476 0 799
22.5532582240904 3.03799616518963 0 799
0.33348743508118 3.05729034563959 0 802
22.6640090873726 3.29150929108493 0 802
22.6252513779788 3.1596404082484 0 803
0.142042979368106 3.60110817431078 0 804
0.0581211677132099 3.12028925355216 0 805
9.84832735643327 3.37644026644419 0 805
4.55136817949806 3.0179260779004 0 805
22.6928999298126 3.54444421509541 0 806
23.4709416908767 3.09793028291605 1 807
0.714284466072631 3.19698038071812 0 810
22.6867716223616 3.43550477952563 0 811
0.379062700727938 3.69562612221465 0 813
1.97915923859298 3.22821946139408 0 813
0.827034510606123 3.40932230053885 0 814
0.0129188123562374 3.32953808248222 0 814
0.334863884451337 3.42350982412027 0 815
22.8351387744385 3.82947770047898 0 815
23.3047126378657 3.62687679072925 0 816
23.3482178057158 3.31888664304836 2 816
22.6965172590603 3.32421188817465 0 817
0.302197487058549 3.49510080806364 0 818
0.825307534963992 3.01935310692036 0 820
3.05996216340238 3.19341997504979 0 821
22.5834571076825 3.65522380174901 0 821
22.576443684611 3.1952404491647 0 825
5.39836886638385 3.15657687717053 0 826
23.8018774867897 3.91077939794331 0 826
22.9583066874593 3.28729657859475 0 827
0.696156838600819 4.07207042631282 0 831
0.0233990407786411 3.10685424388335 0 832
22.6879892698764 3.34493310190273 0 833
0.704839165871027 3.22191129728839 0 834
23.2643403827065 3.06921684996129 0 835
22.5680788033594 3.10674243453891 0 836
23.182109628654 3.00948401436423 0 837
22.7539579800865 3.09220603639126 0 839
0.0930338135007568 3.17893776445905 0 840
10.9043726273667 3.0852746839723 0 841
23.0754118588843 3.2677844673155 1 842
0.00716845437235774 3.97731107900689 0 844
3.14680179590171 3.45894480390792 0 844
22.7948929114589 3.18149160290909 0 844
21.2599295798334 3.18695666262073 0 845
22.5647281023088 3.32042702945893 0 845
2.24727264602247 3.21677915507299 0 846
23.1950117090341 3.71986344215854 1 846
23.560178095513 3.81579999472029 2 846
23.7119881053284 3.38221366056216 3 846
22.5626046618288 3.6704749594469 0 847
22.5679658515679 3.03705230094889 0 848
2.49982307497918 3.27262884017529 0 849
4.55922350166551 3.2037555561569 0 850
0.0065909396927761 3.06680083683115 0 852
0.0602473675068929 3.44038765375967 0 853
19.068214493374 4.31915270389368 0 854
0.487960842307976 3.18186963465145 0 855
22.5739264982099 3.14623561885048 0 855
23.3741794749013 3.21648314407798 0 857
22.9400838936882 3.35902577582496 0 859
23.8400344377462 3.12187787884421 0 861
15.9360700970543 3.37077589244707 0 863
23.3286148160745 3.067089877448 0 869
1.71091428636039 3.06588012329813 0 872
0.137040634042644 3.28005101217763 0 873
0.973161642947145 4.09044519452097 0 874
0.119669594742374 3.5387463834976 0 875
0.00281033370042964 2.99465780480958 0 875
19.8784795690387 4.42707163501113 0 875
22.5503884593067 3.1059163944515 0 877
22.5211040181315 3.38623508207122 0 879
23.0843936478809 3.78882139568961 1 879
23.1265003330305 4.72003563644107 2 879
23.2979908816925 3.08891883784758 3 879
23.1308316795997 2.99985242846283 3 879
23.146810144273 3.06189688375302 3 879
4.63095500251989 3.38823922697191 0 881
7.24396336652565 3.08433444931726 0 881
0.793103617528684 3.05661346667992 0 882
0.888570559439548 3.38634165361499 0 882
20.808773781311 3.16828125934191 0 882
23.9936662555296 3.12822585553415 1 882
23.9202645815999 3.05053888915376 1 883
0.0196214586453727 3.42198798203993 0 885
4.27429301141786 3.04161830767562 0 885
10.7280061510458 3.10471091573627 0 885
5.80970287765866 3.77130161528693 0 885
22.5994040306346 3.5844721067336 0 885
22.6633733397068 3.03305261868235 0 886
22.5939302979296 3.23130567903653 0 887
22.8630547857255 3.62595357998748 0 888
0.0406547633643213 3.60899367237301 0 889
10.6232644381899 2.99806535249091 0 889
23.9425046291758 3.28576908384142 1 889
23.4377735999037 4.25417858760968 1 890
19.4475699347068 2.99742324801363 0 892
22.7979760265335 3.0887369495175 0 892
0.0383577246376104 3.01960406706832 0 893
0.0574105099008976 3.33074054732722 0 894
0.942845084241666 3.72945968883176 0 895
22.7002784082156 3.30426726285568 0 897
15.3548781584547 3.2541370288253 0 898
0.0293964338427531 3.5935806794035 0 899
7.43663878246717 2.99202723173281 0 900
1.50525457231957 3.0177738706714 0 900
0.466761795600153 3.06246633390201 0 901
22.7250316661873 3.2810448631315 0 901
0.00623918585059236 3.11480775352798 0 902
0.15274208419225 3.19001208278847 0 903
0.0522394149796953 3.03148703003925 0 903
8.89159209309705 3.39033580998561 0 904
23.9881211851348 2.99718370663968 1 904
22.5703593422771 3.4661194179523 0 906
0.129584083961155 2.99600078197275 0 907
23.1221734854948 3.57533530921079 1 909
23.065896525014 3.30490233992235 0 914
23.2519131334495 3.39388769483564 0 915
14.7498175588088 3.64313009483135 0 916
3.01255897727508 3.1196932139855 0 917
9.37962293680123 3.0501604090746 0 922
23.3169348550651 3.30321469748793 0 922
22.6602625443842 3.47269736650828 0 923
22.7140029656918 3.31648953706011 2 923
1.6285203842718 3.52963157065551 0 924
22.5473737334647 3.05515950923934 0 924
22.5547405524314 3.08775830269966 0 924
0.185999637959301 3.28061396605475 0 926
22.9073927696285 3.26120559265222 0 927
10.3523128734238 3.08899763231586 0 929
22.6793846903493 3.05146212713768 0 930
22.5865422742735 3.11687560841711 0 931
22.5473080932629 3.1476512153399 0 931
0.0769806520050726 3.01448815297359 0 933
9.2026566665367 3.04765945756378 0 933
8.03558550324514 3.06950163166965 0 934
23.3354961112683 3.01400923875326 0 936
6.45729866551696 3.48895749518686 0 937
4.51599930249885 3.23532680420637 0 937
0.54378660337912 3.09241672222 0 941
23.1721415928655 3.16547275188673 1 942
10.0541406213798 3.00272118702443 0 943
22.5558489035158 3.25171904960463 0 943
23.2276167980485 3.77298679703377 1 944
23.2603526613545 3.2739340350352 2 944
23.24375808863 4.37478136035914 2 944
23.2454696841615 3.3230627693209 3 944
0.0210855036811531 3.51614906760777 0 945
2.20535669930863 3.22467482182382 0 945
0.539189383142873 3.1998105637717 0 946
1.77899067433416 3.28917451332117 0 946
24.0127927045361 3.91306106589685 0 946
24.0130629959292 3.07309344121142 2 946
4.9385109709319 3.38320386902119 0 949
22.5539461906465 3.06888811260588 0 949
22.6729258476242 3.24137183958767 0 949
1.88408187528355 3.1919780888442 0 951
22.5517747922689 3.0166338539224 0 951
23.6672804580625 3.02001065012011 1 951
1.03477817822968 3.15603770569253 0 952
1.55287139566438 3.51179273140033 0 954
21.2402343141252 3.01250968183172 0 955
0.0477012742906647 3.5452054808769 0 956
0.0804687899068282 3.07614742200467 0 957
0.522659047418689 3.28503360922151 0 957
4.48509695795314 3.6300290384464 0 957
13.2760577308636 3.39334553599662 0 957
22.6225866243421 3.50300547590385 0 957
0.130017970505906 3.3023782313394 0 960
0.321714965425878 3.0036913727682 0 961
20.4008228422876 3.35584809410902 0 961
0.203520891953194 3.11896099598342 0 962
10.4121845203268 3.11524485058649 0 965
19.8133173406658 3.02043049030252 0 966
0.449532018269214 3.27876385490809 0 968
2.19451001937213 3.09967902746275 0 968
23.1214809172411 4.23716871306822 1 969
23.2677747088022 2.99415938208111 2 969
22.5862008020469 3.32844970692541 0 972
0.144482099034857 3.9013225438885 0 973
21.0706581888044 3.22867494703111 0 973
5.64054960824597 3.20186830563879 0 975
20.4131170908066 3.01322682161994 0 975
22.789595931194 3.69284841937895 0 975
23.0205425065413 3.25007036836528 2 975
1.83043438484911 3.25802786211871 0 976
0.00247259108427578 3.00783380773701 0 977
22.6756440230231 3.12567780609019 0 977
23.3774504812058 3.28367788873019 1 977
23.7293682571775 3.10269929247627 2 977
23.6243814897348 3.10421958066232 1 986
20.4178064404253 3.24061034867514 0 988
23.2099990285391 3.15285558875812 0 989
22.7830533549503 3.19701345724712 0 989
2.64943232637436 2.99613730831175 0 991
21.3040870448636 3.59151006537926 0 993
0.0473657203065655 3.43455221354236 0 994
22.6731421324423 3.13946836280958 0 994
22.5473136252469 3.16643491117528 0 996
1.48027483986856 3.23735680668207 0 998
22.6405463741195 3.01807988541142 0 999
0.043913059512545 3.18952607040515 0 1000
0.0596308161407316 3.6046832206342 0 1000
