"ts" "magnitudes" "gen" "cat.idx"
77.256641375982 3.04441074125026 0 1
68.5385716020522 3.16811274142907 0 1
106.039343916808 3.40321479400192 0 1
114.878291332985 3.59711801296812 0 2
68.3224550250943 4.15070223225006 0 3
112.13708790989 3.07943633622458 0 3
116.106088303243 4.4697699896306 1 4
116.192937123578 3.34632661303707 2 4
116.122510187398 3.63425990754202 2 4
116.197318545243 3.22729056099125 3 4
63.9969083847725 3.12153891593327 0 5
68.4406872459854 3.02238383491446 0 5
3.13357155813483 3.73528792980885 0 8
96.7136933309142 3.20733974513324 0 8
0.149064572703661 3.19770437836385 0 11
67.2852079956419 3.00907604182851 0 11
68.313857419396 3.5111532060605 0 12
111.933484561644 3.10411758624018 0 12
116.134970794413 3.23130508532095 1 12
67.3877269678775 3.30978771133597 0 13
109.575570376376 3.05794275750506 0 13
115.43919608976 3.68493373831753 0 13
76.4101685969411 3.48033879894193 0 14
63.8444336419263 3.02942959037719 0 14
67.47510319239 3.18603211717798 0 14
67.2708563893445 3.38372146821099 0 16
71.2459359463157 3.14295679797534 0 16
70.1378022187076 3.47252816602004 0 16
102.632754089622 3.35820993042325 0 16
116.225920947249 3.03588227485622 1 16
109.601873741777 3.22059314390941 0 19
67.4540030179707 3.06152715385917 0 20
67.2678759276294 3.94262501241682 0 20
88.5023930151076 3.02505923389563 0 21
109.671417806738 3.31471657730019 0 22
67.6537467070574 3.55030346664474 0 24
67.4561586961841 3.00546633756148 0 24
115.99460642131 3.10898650990799 1 24
88.0349098104713 3.1799757628174 0 26
115.308510147016 3.17138584788803 1 26
65.3415038300569 3.02533065696885 0 27
115.528965682247 3.21312368840295 0 31
115.146865762744 3.39878385821732 0 33
66.8242352235743 3.07637016725285 0 34
112.473632923526 3.06089899693788 0 35
67.2666679187764 3.28906884487367 0 37
67.5951463054521 3.10584264336984 0 37
0.109093748609905 3.07366383523985 0 39
73.2835942074351 3.26553033701158 0 43
73.6123532964235 3.44029186703768 0 43
115.201298895467 3.26222497553041 0 44
115.836993167836 3.49200039963736 2 44
115.972621020452 3.5108925964725 3 44
63.8136495243081 3.7549218365286 0 45
67.2718658639974 3.41407289557996 0 45
97.2075710324492 3.0257774464738 0 48
64.3254414555879 3.06891048668416 0 49
70.6156320070937 3.38516469305607 0 50
67.3142162815485 5.02389665464339 0 50
95.061072056433 3.25335802127341 0 50
88.0601500860889 3.24995949381141 0 50
115.984940212201 3.16971520372237 1 50
67.3566256877741 2.99993614135424 0 51
71.476493049378 3.05120100215467 0 53
71.2900252557129 3.0405349428144 0 53
112.551552820081 3.05452528251607 0 53
6.09734773429297 2.99195314539664 0 54
67.4941701513075 3.00599388721871 0 55
72.0357527618983 3.39832994051435 0 58
67.7358224017896 3.47424814226636 0 58
67.3207390198208 3.04169882478826 0 59
68.5533904713158 3.06931376587988 0 59
68.6845666461942 3.44391531735584 0 60
113.134071665643 3.82311555977757 0 60
30.2446009260795 3.24031072605677 0 62
67.6881301868101 3.55432711307514 0 62
112.580125257973 3.07324477910706 0 64
116.182601911928 3.06501763709906 1 64
115.194601213181 3.29350798246082 0 65
68.2882509091517 3.53786210912906 0 66
67.2907574237359 3.30459077464935 0 67
67.2692735236233 3.42004578625586 0 67
77.3060610536238 3.12136801937206 0 67
70.7892401662447 3.24027280157117 0 68
67.5682272451681 3.10894124116582 0 69
67.2745570795385 3.36540245145181 0 69
115.047847528031 3.39870051780102 0 71
67.4753869702426 3.48018902048974 0 74
97.3350435569559 3.75119718520268 0 74
115.073033348395 3.12679543221498 0 74
79.9293063298964 3.14278606479694 0 75
108.266923678053 3.88228179885644 0 75
67.2550250788204 3.13567796851071 0 76
67.3587054003767 3.38825259730979 0 77
107.237287800688 3.06703107350109 0 77
63.6545447597249 3.04157057522046 0 78
69.5111545448796 3.5423590670956 0 79
69.8424952897247 3.07485998498452 0 81
95.9315260585464 3.02251156345767 0 83
0.0700581643187974 3.13917993913401 0 85
63.7526545729216 3.02522449202354 0 85
95.7328687202725 3.38271586198952 0 86
63.7741031928937 3.05060516806819 0 88
67.3762887640587 3.07444834538911 0 89
67.4958113870509 3.21312156039486 0 91
114.612739889772 3.31496299791609 0 91
67.3932151456179 3.36138478830009 0 93
1.2296775525878 3.38378004508756 0 94
71.4527151263354 4.18505516376438 0 97
109.840287832027 3.03545611994489 0 97
93.748420895931 4.01476686689323 0 98
3.39613597908024 3.29844818839584 0 99
63.7822413772935 3.05193612803112 0 99
67.252645383169 3.15601736782474 0 101
67.288564609087 3.92760453999277 0 101
73.5309922998721 3.40031934148025 0 101
71.0016005878205 3.22720961367195 0 101
115.620337903212 3.08249435762773 0 101
115.645616039312 3.43087864050052 2 101
66.001093203633 3.10738558469147 0 104
64.6084617361855 3.00573480709539 0 106
67.2769323358628 3.37486195044981 0 106
115.51389489126 3.26169718594435 0 106
112.556113535385 3.24814216308318 0 107
67.7352759938013 3.02967496873652 0 110
115.620678869057 3.9738203725718 1 111
67.4156898327824 3.51398451436743 0 113
67.2810406783645 3.27614537142992 0 113
112.558282446908 3.11726683682782 0 113
115.407972573283 3.46703566044412 1 113
115.4165455944 3.44587658227764 2 113
115.444834806405 3.01214385894135 3 113
67.498649496155 3.02759960177784 0 114
67.3684347433748 3.28942636386685 0 115
0.713563937057132 3.07123641968385 0 117
97.6550978081181 3.44122965783263 0 117
116.165999471656 3.16886050093361 1 118
115.057307734473 3.40961322748146 0 119
73.1268223222143 3.46858682697791 0 121
111.886244690876 3.45455860859468 0 122
115.062097626795 3.0696738295209 0 122
68.0118396150099 3.19018408940402 0 123
111.984755177663 3.30017977409178 0 123
112.554364676654 3.46999786392676 0 123
72.6598922974982 3.94706911417864 0 124
114.671312863719 3.03952542469849 0 124
0.693493794507084 3.89342360144711 0 125
115.086344293527 3.13625501821437 0 127
115.041603985246 3.24385112534638 0 129
67.6049588127499 3.02649726626766 0 130
64.3979612895029 3.81821142939663 0 131
115.112485525273 3.6563708114423 0 131
115.061737806682 3.07063432684265 0 131
115.505716085671 3.02589129748204 2 131
115.527988289076 3.06705913082863 3 131
115.276353613221 3.32012992192116 1 132
71.0486763690944 3.19840700640325 0 133
104.507114017794 3.25883794228023 0 135
113.005798438881 3.0726103927658 0 135
115.049427507431 3.03231853920442 0 135
79.5734603500564 3.2762290229051 0 136
115.331151101071 3.11919616958459 0 136
67.6885341002528 3.21675700442612 0 137
71.3130934856452 3.4914885992083 0 138
94.244183662528 3.01225039098143 0 140
82.5897115394009 3.2843230266006 0 141
115.474774217214 3.93253107505119 1 141
116.016627584332 3.90213508374461 1 141
115.599000594849 3.14759856864989 2 141
116.009375370063 3.47014848256277 2 141
115.54498944378 3.11714635563832 2 141
115.572064297958 3.04734850264523 2 141
116.021495553781 3.34266840382587 2 141
115.625561280103 3.16543981775006 3 141
116.18689315313 3.64483616836418 4 141
69.4707110287441 3.19575689270431 0 143
77.6183327292237 3.06082144393448 0 145
93.5335021918808 3.62049621839965 0 145
67.3367933976256 3.19360973038147 0 147
69.4807769104789 3.10554099054764 0 148
67.2618764193447 3.15055421374677 0 148
115.161275164554 3.85351061074711 0 148
110.732222007512 3.34847078296525 0 149
67.698314302918 3.68045377860164 0 150
67.5926255795267 3.01759254571196 0 150
67.7074090506537 3.01900660350332 0 150
97.2772946057414 3.12920883879371 0 150
64.5219120671588 3.14723496708004 0 153
77.2717895440203 3.00647850440632 0 153
67.9632029691079 3.39494965863893 0 154
77.9867329936384 3.29383905737847 0 155
116.164756753463 3.11397440459436 1 155
0.0370166935367848 3.12592676440506 0 156
109.575502179106 3.2433342172202 0 156
112.932969919103 3.02262282019863 0 156
113.080298758854 3.00688584087488 0 158
68.8452237046211 3.0829704970415 0 159
111.891699085022 3.33443457275666 0 159
116.034902258509 3.28477717861719 0 160
67.9550419563501 3.69535109655803 0 161
69.3841619532931 3.45029604251573 0 161
115.871824620505 3.17924034682072 1 161
66.0440708028364 3.56271996124581 0 162
112.552322020221 3.24467598024478 0 162
115.046330711452 3.46417389806448 0 162
94.8804981698424 3.18601299040249 0 163
68.7294643085176 3.44717025020446 0 164
67.594696675447 3.79395811759765 0 165
67.2971962196727 3.06208916373834 0 165
84.1162335558414 2.99946722328429 0 165
106.34500946097 3.2233412936547 0 165
69.9398171694726 3.76599387597464 0 166
108.433509423259 3.57139947004218 0 166
2.40630441383647 3.10600888524523 0 168
63.8398970029873 3.42251441379635 0 168
115.748467671423 3.35318646344486 0 168
92.7570856312054 3.10391383491846 0 169
64.5329738859589 3.04537459339883 0 172
67.4437550649481 3.13651244508651 0 172
112.627574285861 3.28591938380493 0 173
67.2597634241126 3.14021719144738 0 174
96.8512257974952 3.51929219130844 0 174
112.569518797024 3.2578438832102 0 174
105.837216687007 3.02856447448876 0 177
95.3765580866411 3.22227062352515 0 178
67.2788976774304 3.20460459003224 0 178
112.657840726784 3.29352586996849 0 178
67.3970383789432 3.34660071102273 0 180
67.2917179271407 3.31614061674656 0 181
97.2629080228697 3.14543656483838 0 181
115.096153372435 3.74323150408834 0 181
115.875102805187 3.29001823338699 1 182
70.6914780499568 3.14841733536682 0 183
67.7919189194054 3.17843044614777 0 183
67.5331691624693 4.13221581357041 0 183
63.8184098863801 3.77309094180263 0 184
115.232893660524 3.75725192137418 0 185
115.877125903291 3.41726712115875 2 185
97.3461106036041 3.42053763727483 0 186
70.6977134776718 3.20329601865607 0 187
106.975542609012 3.71005440125172 0 188
67.259235653046 3.18700270170018 0 189
107.327229548909 3.07560205464205 0 189
67.4739402230055 3.30193170280586 0 191
67.5737403157416 3.64685943568213 0 194
115.313000848497 3.31415918611621 1 194
67.4214350511212 3.20633330712842 0 196
73.6476558486932 3.23664871835083 0 199
112.664197955636 3.85481484218649 0 199
63.6672901016315 3.3126140250872 0 200
88.7582313233359 3.03696532941241 0 201
115.985412752935 3.42512389371999 1 202
1.1730909459614 3.17125432865377 0 203
63.7791880733056 3.18440828809808 0 204
69.1383953603466 3.23353848646915 0 204
67.4653314841578 3.69653103220799 0 205
67.2541346622291 3.17493535781559 0 206
67.3570915735803 3.28667829360266 0 206
67.4223153325331 3.143405334153 0 207
68.2126280424163 3.12125244162946 0 208
67.4685044691667 3.35722772572667 0 209
109.948452373856 4.80057754527786 0 209
115.784907006406 3.05024290301709 1 209
115.795488291049 3.04997574554132 2 209
63.8580952569504 3.83765987992246 0 210
2.03999966608528 3.23815477793848 0 211
67.2894666533673 3.06551599378899 0 211
115.043131312392 3.0696953424052 0 211
115.040808353135 3.57277046288813 0 212
110.693935164378 3.13966374700018 0 213
65.3143602890699 3.15125101081979 0 214
67.2847427761253 3.22587440583911 0 215
67.3188986251916 3.75747575010081 0 215
63.8241825982878 3.59718605590576 0 218
115.123615984724 3.92039280663686 0 220
67.4479657240391 3.46728433266873 0 222
112.606077333241 3.00992646632689 0 222
0.044860922593614 3.01971516716612 0 224
115.603965937839 3.32957367572012 1 225
97.695787234865 3.42159349648016 0 227
63.8662145590384 3.37857851648654 0 228
114.256874477102 3.27881673234438 0 230
115.782351427692 3.3290032089807 1 231
66.0840261473351 3.31095001466364 0 232
68.0935940117859 3.11195448366173 0 232
67.2750949373253 3.12081460987178 0 232
97.3304445178079 3.13370791027866 0 233
68.3253611670597 3.03846490915569 0 234
114.757715948834 3.13428912859047 0 235
116.025598199087 4.05827920091536 1 236
68.5829719326523 3.70753877454385 0 238
98.6227439364913 3.1172046585608 0 238
115.664238291075 3.51667790216129 1 238
103.254761198121 3.25854975351203 0 240
68.649290726322 3.13391254180521 0 241
68.8161151762614 3.00288168507784 0 242
97.2013705271784 3.1003061119722 0 242
67.3855071587174 3.14737106749751 0 243
69.9142765642053 3.14017418138629 0 244
67.2959539869233 3.18613130010878 0 246
67.5270825149271 3.09084574725276 0 247
69.3172210611724 3.78435031010849 0 248
109.76190944215 3.1787376536598 0 249
116.04122581331 3.47002224259517 1 249
63.7502627107034 3.07696728938409 0 251
70.9306696651537 3.35196978299682 0 252
63.8266840276184 3.38290881482142 0 252
71.6848307085172 3.3663249838607 0 252
68.4822162632458 3.25958860380073 0 252
115.04469111125 3.00810541446263 0 252
112.735656235686 3.44053711360836 0 255
67.6418143989069 3.97723425921847 0 256
109.526470608832 3.06066822059972 0 256
18.034716145233 3.08230139317886 0 258
67.2826735964396 3.08368891030595 0 258
97.6656474721102 3.18351011189915 0 258
108.365857742884 3.70820187325748 0 259
0.492294337652458 3.75946520773319 0 260
96.2904750537497 3.03073739222879 0 260
115.135687302712 3.38761157546829 0 260
115.485968912464 3.34553966722136 2 260
103.094866883879 3.31356693728711 0 261
67.2742651314376 3.12250235554105 0 262
68.4843857468039 3.59832194142461 0 264
116.171298782788 3.47535899786862 1 265
112.148725059695 3.13337294774963 0 266
116.20456180836 3.27084807165168 1 267
116.226531929674 3.018491442904 2 267
64.3956197347221 3.15541892856434 0 269
115.649568193224 3.1352075428883 0 271
68.4505589833464 3.08937086235774 0 272
67.4464380468031 3.32630177056832 0 272
67.263705573286 3.30337747132349 0 273
71.0759751134383 3.24688364011472 0 273
71.8794728852742 3.11029505255803 0 274
83.4419627969417 3.02481848091746 0 275
70.4084529238564 3.27589902722716 0 275
114.28924804879 3.61466763755468 0 276
68.119168343803 3.0340258716047 0 277
115.43369065718 3.02676849080617 0 279
72.843674581856 3.37157365947477 0 280
67.7494815009025 3.70567140866173 0 280
67.2902547892717 3.40497641327223 0 282
116.134712395006 3.16708807847756 1 284
109.58569107145 3.46452118026018 0 285
115.528339398773 3.28135441852911 1 285
67.2600634318118 3.02376018220488 0 286
67.3460077947712 3.23418998010992 0 286
69.4261471984775 3.45685444521779 0 287
1.47318980945855 3.34774061988262 0 288
67.4361159219758 3.06572495458388 0 288
65.7844239116292 3.83729593799014 0 289
95.7241744669162 3.20624678620933 0 290
115.641848172507 3.29674060126272 1 292
115.648006405722 3.0010167993214 2 292
113.763429584705 2.99536633682929 0 293
115.237804042902 3.66615009990719 0 293
115.127629058171 3.03470030544753 0 293
100.035883351063 3.17819279226998 0 295
112.69365678484 3.00292737878013 0 296
75.0971855366021 3.31606715229627 0 298
67.7196924327425 3.18374451074861 0 298
70.5282644999644 3.43350360241016 0 298
112.710011609426 3.71944704184353 0 299
108.206656411855 3.46395480411947 0 300
67.1139616231888 3.41470313290846 0 301
67.3488487972352 3.18397526242115 0 301
67.2876904727217 3.78189561035675 0 304
64.4755144495274 3.02251590596963 0 305
63.8409140829098 3.03225817803063 0 305
109.584028287918 3.66615671418292 0 305
115.714163867505 3.37743615835894 1 306
63.7431093698864 2.99392319787406 0 307
115.04342866665 3.32742809035147 0 307
80.2133009746203 3.30412843671531 0 308
93.2290068942791 3.01969983818475 0 308
67.4613133671272 3.58095326357189 0 309
115.042796985046 3.36897407460699 0 310
115.803543895464 3.38273984720772 1 310
115.425235704965 3.4510522517883 1 310
69.4624769121663 3.13640680799562 0 311
79.3246421835077 3.58233147904212 0 311
114.934177575726 3.19118593449843 0 311
94.866252768568 3.15732561154704 0 312
63.9005953320702 3.12475243795297 0 314
74.1833841106307 3.14683446256169 0 315
67.7888519266177 3.07379141408163 0 316
81.7506945633368 3.29046050490757 0 316
67.5705580411561 3.01999040208068 0 318
113.018367291776 3.52169908116534 0 318
67.3702192868921 3.30295978914246 0 320
67.4304303163701 3.10876399027063 0 321
69.5755472765943 3.07622740347974 0 321
8.04467213301079 3.13678463304554 0 322
68.0754332821152 3.06467119947451 0 324
67.2547072670122 3.06654854387863 0 325
67.7891426189515 3.20355320709678 0 325
116.232194694671 3.11563659297295 1 326
63.7834919556522 2.99408104978201 0 328
76.3576917783101 3.29353381302228 0 328
97.3695687063282 3.62885832073127 0 329
106.331456563695 3.23412661036774 0 330
67.7522935453084 4.51583759281248 0 331
67.2970311903998 3.63814833881117 0 332
66.832306960046 3.4206169043645 0 333
66.4358592227784 3.10440858922637 0 333
115.670565259672 3.09329774320107 0 333
84.0622164833681 3.25839123932821 0 335
87.1498844549733 2.99773337213026 0 335
67.4490690199639 3.08329025905517 0 335
67.2961797665874 3.60452995241445 0 335
67.3120399610228 3.55137706854171 0 335
71.2104461592393 3.30157679268891 0 335
67.2558370168377 3.04963053627092 0 338
112.564976553848 3.00283948610083 0 340
115.292741156471 3.0316984157112 0 340
115.07799437079 3.04809807338822 0 340
115.093337611522 3.03435966373381 0 340
67.2678094263253 3.11077106106571 0 341
79.0421640586727 3.84991729942059 0 341
111.911503810239 3.24704011816457 0 343
71.204807057236 3.57445087853293 0 344
115.792868815029 3.17915996846486 0 346
114.904856109533 3.32512825847335 0 347
69.3052808496025 3.50059390951891 0 348
110.355261099869 3.1766264656104 0 348
71.1722051165607 3.87861704777753 0 349
63.773438412941 3.76593285570608 0 350
67.5807624089411 3.43806319149648 0 350
100.280898468405 3.11313913143782 0 350
115.049967431718 3.1675165617236 0 353
67.3361022911773 3.60111638805007 0 354
67.8888370900855 3.80111436281397 0 354
112.142780387993 3.37714662092145 0 355
65.6812282338964 3.35013205895866 0 356
65.9373907418917 3.11206521541298 0 357
67.3776310829518 3.24414685818199 0 357
67.2915910208448 3.52387513820874 0 357
114.096080753663 3.57649749395336 0 358
68.2320127031164 2.99048084987645 0 359
1.54315163908791 3.44128014093199 0 360
75.8576349844158 3.00430985647728 0 360
115.579309938599 3.13215665609885 0 360
115.69235830365 3.23288614917862 0 360
70.3675719063421 3.04610248562657 0 361
69.2450367844337 3.00222358600168 0 363
2.22636375022964 3.10053662911555 0 365
115.258340946612 3.27875772677077 1 365
68.5975764567557 3.18525176655137 0 366
67.3371166129219 3.1839728842813 0 367
115.080621065416 3.09038086090539 0 367
65.6726891826904 3.62450125930142 0 368
107.672107931389 3.36344500777395 0 368
111.593474924021 3.1575928668233 0 369
112.356537259389 2.99882123916464 0 369
86.9605407520753 3.0902363423739 0 370
69.5939159123227 3.4859091945998 0 371
67.5387747243041 3.23294380458424 0 371
63.6911684643212 3.00159182223291 0 372
115.048335090935 3.47799912348458 0 372
97.2274003126117 3.18406937235194 0 373
100.27559771908 3.02244082021789 0 374
109.598055557219 3.0442490419284 0 374
75.6878177225219 3.73209142412837 0 375
67.3750424132275 3.27629673176273 0 376
67.6417067608022 3.26118763495145 0 378
68.272007367213 3.11832196287786 0 379
67.6738742447523 3.02932648786997 0 381
71.0444061656641 3.63464279751782 0 381
90.6690699242062 3.29190928184211 0 382
67.3823253499285 3.04864380787047 0 382
69.0772526310369 3.0429476931298 0 383
103.017557206298 3.18793797322473 0 384
65.5280913132504 3.15796040069399 0 385
67.4428759641913 3.22155963735829 0 385
97.7142590782607 3.18522083742006 0 385
115.691468043932 3.23039680416666 1 386
116.097911844011 3.29466764325917 1 386
67.6781564018829 3.25896750931294 0 387
69.3362973156397 3.23459868339347 0 388
68.7935498218844 3.26566120139656 0 390
113.669023273285 3.05298056285997 0 391
71.5244931283309 3.45204030066913 0 392
115.337373877122 3.68457367110736 0 392
67.3460244304598 3.2218483775181 0 393
115.523658188972 3.74804396542603 1 394
116.059480217499 3.42302504878882 1 394
115.792237593798 3.66826196144074 2 394
67.3488038929754 3.45069476092932 0 397
115.971249380362 3.94500547646962 1 397
112.871742390125 3.47231290729355 0 400
63.7597848937567 3.09051687104006 0 401
95.9289147174927 3.31864912522753 0 401
1.82114349579989 3.07754773979027 0 402
110.720796552232 3.36741937655429 0 402
102.91697653364 3.08986339098558 0 403
37.7429166944731 3.95347862845826 0 405
96.5143589059396 3.30117513063216 0 406
115.466692976757 3.02381327497407 0 406
0.166103905756703 3.38244487577265 0 407
64.3934101411419 3.05049686460498 0 407
67.254977459719 3.26486801949757 0 408
115.724481968655 3.25921006203202 1 411
67.5131882223415 3.48930094805258 0 412
79.7244219439444 3.8643143772234 0 413
67.2975958571564 3.12448538793375 0 413
67.2722637004558 3.36407832931717 0 414
69.6720440500842 3.62176847321976 0 415
53.6724418555679 3.51921700027527 0 417
63.9721649260225 3.0782052473379 0 417
73.3259690734689 3.36834585777547 0 419
114.504388912386 3.13118349821379 0 420
90.1027578100015 4.01747402089437 0 423
67.4355333045267 3.10005878041409 0 423
71.2061675392212 4.20617765092542 0 425
101.137983242861 3.89305415452017 0 425
115.305643323557 3.36773924913321 1 425
106.349109968858 3.06420688016619 0 426
112.137697331432 3.05132198641327 0 427
115.58406713114 3.59334156509532 1 427
109.580433175173 3.48868324341139 0 428
0.00485827632638501 3.2180812682089 0 429
67.7045991504691 3.06245035238925 0 429
98.9661655327166 3.36485907197716 0 431
109.553157329452 3.17928851163605 0 431
63.7647791848866 4.21514123585407 0 433
64.9003488833528 3.09260972700996 0 433
80.5452812199369 3.29144135236165 0 434
67.2660849533738 3.14540934411867 0 435
67.4275040279053 3.12573208544472 0 435
102.867648650976 3.01002551928681 0 435
104.513461204097 3.06701980844913 0 435
73.2051186690343 3.44275331586977 0 436
67.3167918418532 3.32466072154926 0 436
114.541874521319 3.62842440642927 0 436
67.776953651169 3.09095049904256 0 437
115.471844620139 3.06586532713305 0 437
64.6094980433936 3.1637753062694 0 438
67.8848059059347 3.07151151471346 0 438
111.272338716686 3.3777223479975 0 438
115.053225235973 3.31098098226776 0 438
67.2955873750417 3.00634852231508 0 440
112.685492307677 3.5632458755424 0 440
73.4472948815385 3.33915401269704 0 441
116.088936553317 3.10420197854525 1 441
69.6042380178008 3.01106591983959 0 442
73.4827323183539 3.91727182460726 0 443
115.585161080099 3.00119375958671 1 444
73.8015092045328 3.00693901212726 0 445
67.9083874860021 3.03842045744788 0 446
110.722352442172 3.09739730653299 0 446
105.976959786177 3.29951066902886 0 448
115.073075026243 3.23323250886198 0 450
113.678174819684 3.06490491680999 0 451
67.3825052358816 3.45555181869037 0 451
115.392908712375 4.47731410310132 0 452
115.395657767197 3.00340521808975 2 452
115.616930828477 3.37354423768798 2 452
115.657671421291 3.25126413142193 2 452
115.393016086684 3.41681149237469 2 452
99.4871685326818 3.67243391208286 0 453
112.412864212704 3.13152443546737 0 453
63.9038841170244 3.93925145343377 0 454
99.0848134265164 3.10396239767494 0 454
68.5653477527545 3.09625898169246 0 455
115.080381893665 3.209328804509 0 456
2.15181327169443 3.19588975718009 0 459
63.7401305199257 3.27797121025282 0 459
111.437843167097 3.35968357602869 0 459
112.626093768587 3.11786606666867 0 459
67.820427960345 3.06418485206137 0 462
83.2183079317061 3.07976067401524 0 462
67.8418282938296 3.20589933390023 0 463
113.285881453326 3.06181726720187 0 463
116.235569853782 3.40065344481033 1 463
68.1393451725613 3.32622420764231 0 464
24.2973507530244 3.6021952427501 0 467
109.567185308741 3.11960211969708 0 467
112.175782288974 2.99334246295631 0 467
109.548460781185 3.28742523583129 0 469
115.048064116739 3.15914367271769 0 469
67.3126014904642 2.99334003695958 0 470
112.251066079356 3.19142112665501 0 471
67.3076133579401 3.44983167151475 0 472
67.8909985917398 3.05179417866282 0 475
0.0116807998466237 3.04198670907922 0 476
68.0912647794428 2.99415052965456 0 476
72.5893676728902 3.40840846133386 0 477
99.1325769858518 4.11671665660249 0 477
17.1188062503084 4.41124872968847 0 478
112.549564540909 3.05614706465639 0 478
115.297099858503 3.59889314921012 1 478
68.9846053350744 3.00999040972843 0 479
63.8964122727696 3.71848064129542 0 481
67.2731000291152 3.18908442652751 0 482
83.7866827766215 3.1507255811116 0 482
91.3293530548989 3.0263501945203 0 482
108.02455444268 4.25531533948512 0 483
64.4280491565964 3.22856136234447 0 484
111.830910523581 2.99183266426265 0 485
77.6524394226363 3.06622994328747 0 488
112.752154433363 3.47156781851743 0 488
115.676406064284 3.43764564080114 1 488
75.6870156561592 3.04739381616837 0 489
1.07731693633087 3.27890107560399 0 490
0.0760257373319673 2.99628184159494 0 491
114.525018472153 3.25417860887372 0 491
80.7271046419368 3.59658533594421 0 492
109.514408731231 3.35313598111844 0 493
64.2822985836349 3.51592958768863 0 496
68.3597598741867 3.14063066548029 0 496
63.7455879478701 3.62325844016397 0 498
67.4535472550982 2.99353518298583 0 499
108.392535737969 3.12205378740085 0 501
86.7619260407958 3.40302222207831 0 502
63.7636008919535 3.15878521348061 0 503
67.3038284486812 3.40164728366814 0 503
68.0565466793701 3.13601538644637 0 504
113.218594072408 3.03532133055694 0 504
112.211887802981 2.99589246941031 0 504
72.1657781170769 3.4607317115668 0 507
69.3902210616334 3.2547215686684 0 507
115.139835504919 3.38065716230671 0 507
116.25061097064 2.99485903078798 1 507
116.194797003741 3.44777629962308 2 507
7.16316414685077 3.56454614366667 0 508
67.6207625115921 2.99853076870221 0 508
0.0770687439671241 3.06668490363967 0 509
77.8282530485408 2.99264404308928 0 511
108.327696252354 3.17410873573735 0 511
96.9172753615091 3.58804192514161 0 512
99.4619758971572 4.06538796028221 0 512
112.562030351636 3.03627283292487 0 512
0.109563758291471 3.40399023512238 0 513
64.3176564324598 3.03402867995447 0 514
67.2941833431068 3.42492135121836 0 515
114.524289875893 3.16244342541847 0 516
0.0769894998703552 3.02512996440761 0 517
67.5510218376356 3.12528128250217 0 517
67.2531185550034 3.78073037323195 0 518
90.9927695650095 3.13453959586693 0 518
115.176026447735 3.08020571173427 0 518
67.2565280772673 3.07893087113447 0 519
76.8632769833247 3.18599352052206 0 520
115.713045089021 2.99681076352632 1 520
67.7021289009151 3.02259225189557 0 521
113.483222606448 3.24809090880849 0 521
71.9914449277695 3.04121372627397 0 522
116.14520602066 3.26760884448982 1 522
116.231585176177 3.33618158651127 1 522
115.716154317119 3.6850477480136 1 522
67.3561031671311 3.1274306756541 0 523
115.976829188624 3.14600877224842 1 523
116.249731891304 3.23347138847107 1 524
67.5867831117822 3.03282841966895 0 525
115.164393614614 3.55013762804126 0 525
115.650698143737 3.01639287657473 1 525
65.8214983599903 3.08399870574859 0 526
96.674746929824 3.5191964628189 0 527
112.528899602351 3.75577325347825 0 527
111.923914131322 3.16668813217151 0 529
67.2941634682233 3.9064239820467 0 530
67.2695708163115 3.27758289161787 0 530
112.024359183184 3.09977227802548 0 530
67.3736353546376 4.41275712919685 0 531
115.408631194829 3.06832221529729 1 532
115.520337662816 3.10119968586889 2 532
101.001089730244 3.90004355590367 0 533
64.364232055251 3.39144117628131 0 534
69.6345187720914 3.18068633362277 0 534
82.2206782226954 3.52580546845261 0 536
95.7873247019119 3.45577158002689 0 536
67.3603786617486 3.08959171800616 0 537
91.4829356498513 2.9914249946869 0 537
112.801868107007 3.07686643449232 0 537
87.0390148072716 3.59158372863583 0 538
77.4214537655946 3.52749348118326 0 540
109.519948691538 3.01876468986821 0 540
69.4695071727406 3.10239638130065 0 541
115.709997381745 3.12371653033833 0 541
114.633623744929 3.16621847254448 0 541
115.718560587771 3.25665866082441 2 541
114.482723431948 3.38449719805464 0 543
115.727049502059 3.49455310470495 1 543
2.96002516844959 3.30539391017128 0 544
67.2762741641282 3.02918977910395 0 544
67.516506161855 4.11923609638182 0 544
73.9648080833013 3.06791854452263 0 544
64.4544129905524 3.37054483300097 0 545
115.781052776127 3.08183358425545 1 545
96.0319447848135 3.23165831032963 0 546
114.571107366393 3.05502796022643 0 546
112.645388217832 3.19265596864025 0 546
74.1835656791082 3.60479764819808 0 548
115.380157600836 3.70534252598021 1 548
115.531953994199 3.18051168896188 2 548
69.1181327846939 3.08261641634258 0 550
76.5799734813538 3.50829683373206 0 550
67.3155080494394 3.38989378719718 0 550
67.4711197336661 3.5030135228883 0 553
79.104950459181 3.07270415509284 0 554
45.835073370055 3.13938260290648 0 555
67.3389347013271 3.20215760188613 0 555
72.1416109555575 3.36639667325412 0 555
67.7610017434652 2.99996517462645 0 558
76.5527097124503 2.99010460104104 0 558
115.069489274225 3.02567074459316 0 559
63.8146548493692 2.99195055785004 0 560
69.2036210198854 3.06272813524864 0 560
63.8242838627847 3.2708497438097 0 561
67.4686620154925 3.1208156829647 0 561
67.2605398559742 3.84423711531005 0 562
72.9117923138827 3.6666441280005 0 563
67.5184491035972 3.01637213585143 0 563
67.5226055194443 3.68812929111052 0 564
67.6436966621333 3.13260073630513 0 565
107.542787436401 3.08965396950856 0 566
82.0942453728699 3.34602524843288 0 568
67.253536672369 3.38681345821601 0 569
67.3742321249384 3.87669597029248 0 570
63.9509610060516 3.3795302130585 0 571
63.8066252646053 3.00304697335007 0 573
67.2720380421425 3.31201319662642 0 577
67.2720298583177 3.01875779065632 0 577
91.3805150709167 3.28786127723249 0 577
67.3091640678117 3.90254685688812 0 578
86.3513505266817 3.18340462795577 0 578
67.5470614232164 3.05042361687708 0 578
109.68927051654 3.15219549755251 0 578
96.0466372900958 3.38644584239399 0 580
82.8095353369393 3.11007303924118 0 580
66.0624980971338 3.14138693453238 0 582
63.7379316609573 3.03419195373427 0 583
65.6831542330441 3.79102076718996 0 583
68.628774050096 3.24679444559664 0 584
67.2729496475526 3.46027298708502 0 584
115.790467942842 3.06005336760987 0 585
111.365033617282 3.19161184619938 0 586
67.286573175863 3.33280779873048 0 587
0.133044353794211 3.09734573732886 0 590
28.6686752782496 3.62331949981764 0 591
115.259753093104 4.10540548164091 1 591
115.747079879259 3.00815597737706 1 592
70.4348828017791 3.07658680735367 0 594
82.8677105537893 3.16727315171116 0 594
0.107664131290373 3.20329834146901 0 595
63.9210719725302 3.10711460812771 0 595
67.2569866796269 3.13775492460307 0 595
67.3198041737116 3.32643689847639 0 599
0.738649738928359 3.02277163685809 0 601
63.9057357803811 3.05572855781163 0 601
67.2599181520591 3.02151155070207 0 601
64.7480806955742 4.12286340978757 0 602
67.284510681004 3.17165219882144 0 602
110.518785671037 3.03398219511918 0 602
67.317408859047 3.14995376766325 0 603
74.5235726330063 3.07408316236451 0 604
84.5098078982284 3.28324298523722 0 604
115.587852136445 3.30545808301103 1 605
0.0157762574715647 3.14231611878434 0 606
115.353611981351 3.04786199165382 0 606
115.865885589485 3.16028170336201 1 606
2.71112715703099 3.23567652379116 0 607
104.777688952975 3.11029486894861 0 607
63.7503852863816 3.4877650802051 0 608
67.6276453728125 3.01045153199432 0 609
67.7673754093063 3.31451127480522 0 609
68.4098464053671 3.474569573284 0 609
67.2864841624139 2.99429207538311 0 611
67.3709564105157 3.23608224447062 0 612
96.2046121271684 3.03772513589055 0 612
67.2696506878313 2.99267151101021 0 614
67.7792186185605 3.21323809883131 0 616
67.3265240169028 3.02774012388133 0 616
115.048772100205 3.7064600319804 0 617
115.042788902275 3.47321589897559 0 617
81.1206974635315 3.17590204911911 0 618
67.257674529241 3.08133319595351 0 621
67.2751719328055 3.76451992013567 0 621
113.921076118493 3.08360020252827 0 623
115.895629953807 2.99991062917959 1 624
116.092558630736 3.05457856954324 2 624
69.3811555194439 2.99060298506014 0 625
112.997909411593 3.14205779590082 0 628
67.2634517302166 3.38993748952742 0 630
82.156613967441 3.06585946893632 0 631
67.2652227373575 3.00278657963238 0 632
64.8919309268277 3.17357049056697 0 633
87.0465739774055 3.01572703701905 0 633
112.218385160447 3.20998775467866 0 633
67.7240380643185 3.03129871056324 0 634
67.2857750747402 3.49395035883533 0 634
109.580547000994 3.03972007505265 0 634
115.082124371448 3.33532747048995 0 634
68.2327216197726 3.11012221627987 0 637
68.5863686197395 3.30380521882527 0 637
67.8086502858895 3.00915939954239 0 638
91.6341139409405 3.10380522469528 0 638
97.7098388528383 3.51279691316211 0 638
67.305427797408 3.28127691389309 0 639
67.994696992354 3.60503850272244 0 639
110.062752319867 3.49682748306944 0 639
109.522572149823 3.05566769417465 0 640
67.2655802742916 3.12640066717238 0 644
67.2798102912083 3.08383653602011 0 644
67.2580330288847 3.1619189841252 0 644
116.07903283623 3.08094991870069 1 644
63.7506333652559 3.05586173070316 0 645
75.5826196623439 3.42133052842522 0 647
112.572862777674 4.04942298625322 0 649
67.2767927236697 3.33260076874936 0 650
100.368427078196 3.40690711779591 0 650
115.903092123549 3.17110111440633 1 651
115.907692767845 3.1922805539594 2 651
63.9777662750106 3.07964129651787 0 652
115.42654158336 3.32057761541897 1 652
65.5607265865298 3.52902860389065 0 653
68.9795175942724 3.02995316174077 0 653
69.2981826142408 3.27371212838701 0 654
64.1169105928565 3.56645409522747 0 655
70.8723295879333 3.04546389096856 0 655
73.8899578455143 3.36030766742082 0 655
82.2898074639042 3.82385115255284 0 655
21.5752190259698 3.04519578860935 0 656
63.9599685751556 3.45340434903101 0 656
67.9427915318269 3.08740028699957 0 657
64.0022314251969 3.20328549131762 0 658
69.3160638673148 3.49931908906611 0 658
73.5190473597016 3.16247547914632 0 658
114.619409135001 3.10642731468309 0 658
116.092607488138 3.05059941197096 1 658
69.2170141180791 3.05638197611828 0 660
95.3222580724437 3.11558318721058 0 661
115.198256669462 3.27207853861509 0 661
67.3177626822075 3.08501758888584 0 662
113.573001562294 3.56136398953471 0 662
0.558719822196581 3.06828447496467 0 663
67.3443034694062 3.37522484680082 0 664
112.80715945941 3.12755004603185 0 665
5.87271487272864 3.14442664291712 0 666
74.7529467040989 3.04847392675866 0 666
112.806153182359 3.22728073501082 0 667
0.539878826581154 3.48073873733115 0 668
115.012442501433 3.02957110533917 0 668
67.8517119042713 3.04111043751827 0 668
115.705102295363 3.41225658163418 1 668
63.8836408880605 3.01881763384547 0 669
66.3390801299704 3.06793975645882 0 671
74.0548941347933 3.23189549476714 0 671
0.743504994204798 3.26904857350203 0 672
115.813237797217 3.04003865642549 1 673
67.8231820022715 3.57305760522409 0 674
113.785228085919 3.04990779112508 0 675
67.2548779925336 3.49457298025208 0 677
97.1281239887341 3.2588781641781 0 677
115.046362533886 3.78716800049648 0 680
0.313632310937171 3.77292222436964 0 681
63.7374909544534 4.18428815014978 0 682
5.00551283845563 3.55382619063849 0 683
67.5099405623574 3.21362992438096 0 683
116.068748380771 3.33366216944046 0 683
67.3820564842956 3.29878437519855 0 685
64.1808301100553 3.14493643749181 0 686
112.67309521679 3.04093599836796 0 686
112.997049611253 3.15685151321747 0 686
91.3291722120073 3.28323241267902 0 687
70.8783142285132 3.3279157026231 0 688
89.7126002523572 3.19731171239643 0 688
67.5562894340467 3.14062948563601 0 689
72.0861116347878 3.10099448536006 0 689
67.5409578852477 3.72287615657427 0 689
0.510249802465283 3.25081823293665 0 690
67.2917605300144 3.29065197837394 0 691
115.565868271495 2.99945273434564 1 691
70.086677490968 3.05444564824158 0 692
89.2438811985966 3.08671991109607 0 694
65.2309515152608 3.11376421957634 0 696
115.444526886781 3.65663425363344 1 696
115.472049137326 3.65294242134902 2 696
65.9632544570844 3.03426172080125 0 698
116.050642363475 3.32933013755457 1 701
64.0907197650876 3.42354823339394 0 702
67.2601817484835 3.10326503603143 0 702
67.6241262365774 3.46910344517536 0 702
67.8313989339876 3.41939738667331 0 703
109.542809702097 3.18038907824948 0 704
67.253833770377 4.25172736849688 0 705
115.6208162715 3.39318634014734 1 705
115.688800780254 3.19303867290008 2 705
115.809032588367 3.34560475263978 3 705
64.1293145986799 3.46786071536689 0 707
112.664469941972 3.20732581825338 0 707
64.9892191035258 3.60497451766357 0 709
63.6732892722745 3.16969537464802 0 710
97.2676066059899 3.09502920069114 0 710
78.0674755954865 3.22491277514335 0 711
78.1910039899461 3.5169955325132 0 716
67.4697554579004 3.18013073052304 0 716
70.6965720906377 3.13806480851074 0 716
115.924811147134 3.0256554324459 1 716
67.7484757411798 3.41082887331282 0 717
68.6283913799418 3.67819617142271 0 719
68.1817240940004 3.13023970859762 0 719
115.10685646113 4.34331363999731 0 720
115.124902169762 3.84174008657585 2 720
115.108165604542 3.7019501317902 2 720
67.8126121972823 3.15745303178798 0 722
67.2620855684684 3.02928945770271 0 723
107.856949315662 3.59455665408174 0 724
67.3737047671314 3.9248248424734 0 726
72.0907038519931 3.21323954986986 0 726
115.049500388469 3.1947361153363 0 726
69.5234553382813 3.15143481918525 0 728
70.3368020060368 3.02763281950574 0 728
85.00150667949 3.01040515366729 0 729
67.3726727737984 3.27409234662972 0 729
67.3191076619244 3.58714337008815 0 730
65.0154214889309 3.79972079484076 0 732
67.2635647984785 3.56241036586583 0 732
71.8841684596093 3.23483146124246 0 732
66.8771132871804 3.8709380130191 0 733
76.3645349824964 3.0196032532228 0 733
70.9075619164884 2.99626067131315 0 734
67.7425926846135 3.34582975404917 0 735
85.6500375295537 3.10343845096783 0 735
0.0747978707471704 3.6473526942631 0 737
113.709814762795 3.03046387704918 0 737
67.26866497458 3.2291108623137 0 738
115.51875036464 3.05806327828875 1 738
115.451313789248 3.07406140331058 0 740
115.953617121539 3.45311838946037 1 741
109.666220156771 3.57182806164729 0 742
68.0544879681626 3.06014177893232 0 744
116.22119518903 3.02453337017998 1 744
67.8520880162741 3.17543746487015 0 745
67.443550533919 3.68369312031717 0 746
69.2841794538313 3.68217884400249 0 746
68.1087532503086 3.04840495387785 0 746
115.087342177777 3.91902053586037 0 746
10.6049649796933 3.4197191197445 0 747
63.7530115351463 3.09834361300954 0 747
98.1145209308914 4.18674360000169 0 747
115.360476842839 3.24476939052948 0 747
1.34824567138522 3.4250996482428 0 748
93.823253963833 3.20031823291347 0 748
67.6888375439314 3.50261345665545 0 749
114.898612879662 4.07672452434725 0 749
63.7668315394402 3.14123305603484 0 750
102.02612175028 3.34305256930099 0 750
114.522425313297 3.00897035947024 0 750
90.9911279523197 3.06333632505182 0 751
67.6543827961139 3.13976116043369 0 753
115.16069704594 3.09653535826422 0 754
68.6491010882108 3.4135979186999 0 755
115.100831470008 3.60942639360897 0 755
67.2588088736306 4.59344988732697 0 757
3.0809054032632 3.07794171016166 0 758
112.679692850841 3.23843823358025 0 758
68.9963710878488 3.95136499537185 0 759
67.2919875040917 3.08703399785002 0 759
115.674117800295 3.15281641106142 1 759
74.7675129998584 2.99535709868138 0 760
116.246429499452 3.16087763454795 1 763
63.7439892974644 3.36031734144452 0 766
63.7681930232872 3.00105820527268 0 767
67.5262545286327 3.23149554225036 0 769
0.572654356039998 3.18159097382807 0 774
67.7265861932005 3.04843463828803 0 774
74.3120283907845 3.53249307987267 0 775
72.4233563660029 3.99324889742603 0 775
115.499001231541 3.10331264597107 0 777
66.9511152840442 3.78238935307311 0 779
67.2911892173517 3.08567976655188 0 782
97.4589793979044 3.00460115436384 0 782
115.051912827066 3.23566496804583 0 783
72.3896889120467 3.23309169313728 0 784
97.0628733561702 3.49287299929368 0 784
63.9363753616529 3.00584091675885 0 786
65.6520463406549 3.43246794231582 0 787
73.6074697874945 4.1088406853592 0 788
0.0480319763541903 3.01652589674524 0 791
0.62506657449059 3.03318183573812 0 793
67.4303464886405 3.6386256821713 0 793
68.2750725904873 3.12667508584377 0 793
81.1986887652845 3.38491182134175 0 794
99.769138487655 3.13151157501526 0 794
67.5750736029917 3.21540322845767 0 795
68.9792455002327 3.06002004362986 0 795
115.106829875642 3.00353919489208 0 795
115.268798243701 3.57619010100278 1 795
115.454017044957 3.21299599534434 1 795
115.269788029859 3.03770823473987 2 795
115.671465378645 3.00142995711669 2 795
103.571425664251 3.04265518764817 0 796
68.5642787784794 3.88654734139602 0 799
67.2906167177561 3.2153660731455 0 801
67.2894810540948 3.01902941721746 0 801
92.4289085794023 3.76920041092334 0 801
69.2580783978006 3.25778038254678 0 802
82.0541010349147 3.00183048854663 0 802
115.312858448287 3.03134392056615 0 803
112.253923491824 3.43984732178408 0 804
112.675501039172 3.26867456196304 0 804
114.486809620601 3.06765046094709 0 804
68.8393307889552 3.07354149226183 0 806
103.398963715356 3.40762086263413 0 806
68.452229534079 3.05555957112556 0 807
105.113052517501 3.03069628013339 0 807
113.281098122406 3.66243216559182 0 807
69.4265751980701 3.90190065741872 0 808
63.7519857854408 3.00755282265795 0 810
71.8474144777377 3.01583573595233 0 810
81.8492382853869 3.16621828637407 0 811
85.2845973553666 4.01635820249532 0 811
83.7174630153457 3.60793851344885 0 811
67.3848305571554 3.81679333249449 0 813
67.3081854892317 3.12163660661836 0 813
67.9430228491034 3.14359523478993 0 813
112.38206283639 3.31219005672289 0 813
68.9909191788654 3.12402981348444 0 815
70.5484930226073 3.06760135997786 0 816
68.2373434561412 3.24123694526363 0 817
71.7307921661207 3.43046468506031 0 818
67.5330898660167 4.15542477355621 0 819
67.2602189324803 3.14973058281658 0 820
67.2508368342566 3.14290037470719 0 822
78.7593458793957 3.75506339801551 0 823
112.685432918551 3.3226092826732 0 823
109.909648402765 3.16469507581244 0 823
67.2732060443656 3.38768313882934 0 824
115.831562897528 3.05511614039804 0 824
72.6436800518339 3.62205076103263 0 825
63.8621740198254 3.20095232100537 0 827
68.0120326089017 3.40801585171745 0 827
68.7224357594696 3.02165531192926 0 827
67.3036653338659 3.13805435994252 0 828
67.4000968670233 3.11343056993249 0 828
67.5465807782006 3.10432190151922 0 828
111.889576140519 3.08851590296865 0 828
67.2756973599689 2.99863354288235 0 830
67.4934157640095 3.23297585115579 0 830
67.5938144699734 3.29957861210804 0 830
99.5010449476953 3.46188971430209 0 830
73.7936574244715 3.06830338421313 0 833
67.5164136826015 3.64839502135006 0 834
68.6021187012712 3.03878868858659 0 835
64.2932684922758 3.26851636304026 0 836
64.7665092731807 3.01740050443653 0 836
105.69234975068 3.29242062486725 0 836
109.75800380706 3.28931099183575 0 837
101.948205260256 3.23777284256526 0 838
112.456038128492 3.03218044393084 0 839
110.228003746006 3.64065192579215 0 842
109.615658724108 3.25468397716733 0 842
0.92156706860233 3.50088612162815 0 843
112.710062796499 3.02030754875515 0 844
110.040501815755 3.00913880127838 0 845
116.038539723474 3.67606762796538 1 846
116.040565228643 4.13332502106433 2 846
116.096263352773 3.40540884851166 3 846
116.084654378185 3.0449050633622 3 846
98.5325090203383 3.0830211000468 0 847
115.070586782699 3.18222660748279 0 848
64.6849006321258 3.27425326344949 0 849
67.3196499900408 2.99392111037308 0 851
67.2616903082214 3.78915209735755 0 851
112.1429192332 3.03798279777286 0 851
9.38130000974623 3.45917381342333 0 852
115.641978565817 3.05902756589398 1 852
68.1494198703761 3.1934904153894 0 855
82.802813535615 3.64489115604486 0 855
67.2840329082627 3.43706240207465 0 856
67.8123483547925 3.37607606682651 0 857
73.5044025533074 3.35477461824441 0 858
63.8373811646711 2.99300675046553 0 859
72.0621878382292 3.12546952169314 0 859
67.339592825475 3.22338205664347 0 859
107.553088458058 3.13820610958124 0 859
109.514776641486 3.07168124229415 0 860
113.146888245165 3.05832293364787 0 860
114.519525584476 3.0122771428686 0 860
67.5021093507736 3.23456368764453 0 861
69.3332494755616 3.03644229260259 0 861
114.506709352659 3.26728216562925 0 861
67.72899026812 3.15738801499056 0 863
67.623626782042 2.9919659349301 0 864
67.2622673145414 3.14311124791819 0 864
70.9269191726295 3.03581066086077 0 864
113.303039468338 3.0737279465165 0 864
115.493925535334 3.15609940502075 1 864
63.8096898100546 3.22927031472455 0 866
67.3088546255325 3.03173044701983 0 866
103.218038902047 2.99476857728468 0 867
90.0484008878823 3.14272061967606 0 867
109.710325824513 3.00199693229198 0 867
0.180916211196346 3.01692561840465 0 868
63.7594529729773 3.06845071552189 0 868
68.8319097901201 3.01692214857596 0 868
64.5374735810086 3.01712916096448 0 870
67.4067119789065 3.07894132773119 0 870
64.0222952220699 3.22316222104644 0 871
113.196723869691 3.30610217464265 0 871
115.634292012527 3.63059223045199 1 871
115.722403964186 3.38437807050128 2 871
67.261653115931 3.1534705882478 0 872
67.5796135205231 3.09419120224538 0 872
76.0464452899741 3.18840380083149 0 872
113.837965789472 3.88205190611865 0 873
102.172727337592 3.26813667052993 0 874
68.1696474638739 3.03935167881323 0 874
67.8667403913108 3.01036214023467 0 875
67.83235709681 3.31642067918159 0 875
81.3213876742613 3.08415662597457 0 875
63.8274033414597 3.11575211739416 0 877
67.3885548757878 4.11147015444088 0 877
67.2551918196372 3.19497941810004 0 878
67.3510006768956 3.17856849870364 0 879
115.381736727412 3.05207965973098 1 880
89.1409498442876 3.27409639441816 0 881
113.373270691852 3.36475136943992 0 882
67.6250598662908 3.10732081617176 0 885
115.260155019331 3.79381645277415 1 885
67.2678472724666 3.34868422256286 0 886
67.3487738800876 3.99680539316746 0 886
64.0407247258296 3.26951727395002 0 887
67.4565894898119 3.12478388262427 0 887
82.8833466595793 3.49245755297537 0 889
68.6841942023582 3.18862618585735 0 889
109.531749392427 3.08478738836097 0 890
71.7616061605715 3.00592325986262 0 892
115.954572297148 3.07299824859499 1 892
110.120071747142 3.44654577307927 0 893
63.7403026880159 3.20023376926076 0 894
67.335807950024 3.18529916426583 0 894
112.673349437111 3.84537076771194 0 894
115.93081265905 3.25282877340893 0 894
116.219195156791 3.05275510215976 0 894
115.96093170834 3.11764092795176 2 894
67.3490625482602 3.359479888935 0 895
69.5866111684667 3.51996812169275 0 895
68.1816525192811 3.64280134181774 0 895
67.9249871325072 3.14266386011961 0 896
63.8101488174554 3.41399042288539 0 897
116.023423704765 3.01210326606598 1 898
112.596091572289 3.5440609865492 0 901
67.7207070688558 3.04261858186758 0 902
115.494995515076 3.16139313466256 1 902
91.2069756915602 3.36382773485371 0 903
112.666685451744 3.67952836506089 0 903
26.0373737046642 3.25508507574479 0 904
63.7407827777991 3.0155745198895 0 904
111.196095659131 3.31639425507353 0 904
115.064846816416 3.1689098207932 0 904
63.7791214530498 3.17262590370517 0 905
109.749777799827 3.40713861885672 0 905
115.049029691351 3.76321430839946 0 906
63.7665924869499 3.33535300578094 0 907
64.0889500002415 3.10999769160233 0 908
91.4770520240884 3.27030979248449 0 908
53.3947792411258 3.39841969101291 0 909
68.5034948502616 3.0576336001013 0 909
69.8319523195213 3.41191860583834 0 910
67.2812476618671 3.32684082789102 0 911
67.2584997578945 3.18224392178556 0 912
71.6370310960443 3.20502901691432 0 912
106.120374147978 3.4744954026283 0 912
0.00058027946239426 3.33429745590024 0 914
112.68135851137 3.00189242049826 0 915
63.7441073378353 3.00180959102488 0 916
67.5877646422387 3.11136709147183 0 916
106.098652422132 3.22325577543559 0 916
1.22269312057101 4.24982678879311 0 917
112.151756071134 3.72011025987569 0 917
63.83201340282 3.32313364795742 0 918
112.591912084843 3.28219447063712 0 919
67.3050772827721 3.44199666260955 0 924
70.8876527910408 3.15841850260736 0 925
68.1333466421696 3.23258442587516 0 926
78.5699389400943 3.04266776180078 0 926
67.3612282667535 3.12918470344337 0 926
115.542000425494 3.16030528550297 1 930
68.0948065356858 2.99891030924926 0 931
63.8591229873005 3.15945054911733 0 933
30.804765799615 3.06073954561612 0 934
68.739544862698 3.0965459145496 0 934
74.1444226174301 3.05801348792148 0 934
113.053429487449 3.17168099989658 0 934
93.5143904860385 3.02280367635437 0 935
107.829855082266 3.10068912873777 0 935
6.08214542548489 3.0890679845846 0 936
115.048632036576 3.00975465830321 0 936
77.9837905696225 3.06089839492739 0 937
115.052246180147 3.87370502461941 0 937
63.8455069210665 3.00101744485388 0 940
115.056835489959 3.14341079293003 0 940
63.747553955831 3.28918167899711 0 941
67.2592995953597 3.8217895962373 0 941
68.146692336001 3.4268871571674 0 942
69.7303257126979 3.40756677808444 0 942
65.5256500350422 3.14282221191557 0 943
103.96236799343 2.99406042148963 0 943
94.0953723451771 4.97889173684811 0 944
71.3991656658302 3.00035508507082 0 944
114.492634908852 3.17871895772243 0 949
67.3920192860019 3.05062580068344 0 950
67.5944216195746 2.99674094235071 0 951
108.182349556395 3.49722443577357 0 951
67.4325434620592 3.87045749279495 0 952
65.8598242292444 3.63263268361664 0 953
114.197727419039 3.26320944799542 0 953
109.519254214506 3.04713057181169 0 954
67.7695488223371 3.38091473157119 0 957
67.2661798998281 3.2241489393783 0 958
67.3101646477913 4.37686438459233 0 960
67.3164098372066 3.11129752584503 0 960
115.065801887766 3.43345335184999 0 960
115.063358069714 3.0370691018691 0 960
112.883695013181 3.03304878348098 0 962
0.0399267589521534 3.1562121997811 0 963
101.214222708 3.06939354573346 0 963
67.4811117788102 3.36845367543844 0 964
110.388443039216 3.27871605899257 0 964
3.32944822993528 3.59515591925502 0 965
33.0774061678748 3.62740494573596 0 966
67.2855804848965 3.22751725535468 0 966
69.6475990413657 3.11262237372617 0 967
97.6804612195522 3.3591545039547 0 967
2.12326979050549 3.30790174074699 0 969
114.565279163167 3.49883741505932 0 969
67.2529018332023 3.15613034024193 0 970
67.4320873522889 3.50825860598755 0 970
67.2957828772574 3.05720184701239 0 970
104.425743895131 3.0631019758981 0 971
67.5864185643417 3.09052718009408 0 972
67.2748218409489 3.03249902028501 0 972
74.0133533637461 3.41941803628945 0 972
98.0537499204107 3.38182754827664 0 972
115.755855253413 3.36111428852549 1 973
115.039950118993 3.38345494531187 0 975
111.921160735051 3.40127076953664 0 976
104.497000438759 3.79477544115305 0 977
115.323293761491 3.96399420404564 0 977
112.573429284022 3.04742878712144 0 979
73.6835947084964 2.99036345448159 0 980
67.3857807924357 3.90653380123814 0 980
63.7792117535791 3.28923540573958 0 981
91.71950309777 3.14472626568193 0 981
67.2885435783405 3.0991042083651 0 982
87.1186827520014 4.00393442248225 0 984
7.98974269191249 3.06406972983243 0 985
109.566757026879 3.56297265625821 0 985
115.072861574761 3.30509647903746 0 985
63.7854748899837 3.09655308718508 0 986
116.067166350995 3.06114235976452 1 987
109.518275801627 3.03818665694921 0 988
69.5676996105707 3.32374153385477 0 989
68.1911007555302 3.06410468639478 0 991
115.27664715892 3.22492312381061 0 991
115.974874907678 3.7276862655953 0 992
109.592224527729 3.52864295032553 0 993
115.041081930606 3.65201094700406 0 993
64.0386994515309 3.00759173208583 0 996
67.3040418327142 3.13370547804378 0 997
67.5651933566118 3.02363478366911 0 997
115.797529144193 3.14168832579726 1 998
12.4969838480724 3.18370711442983 0 999
67.6079664830228 3.14033969657738 0 999
115.125410621234 3.01128323493536 0 999
114.905090094356 3.30839377657304 0 1000
