"ts" "magnitudes" "gen" "cat.idx"
0.403415617703171 3.2818987307685 0 1
0.0172598776790358 3.43267434122621 0 4
3.92625999152402 3.1142564262732 0 4
11.303276303057 3.22900913624416 0 4
0.454880596210484 4.13568202641936 0 5
2.12311958101586 3.0183822404593 0 5
0.0319752732286084 3.13538613393779 0 7
2.56241177061641e-05 3.058997316429 0 9
0.189403158085927 3.46856853773833 0 9
0.601513941266423 3.05694741822583 0 10
12.3382000277391 2.99726956975701 0 10
8.39496072605836 3.00839586185495 0 11
10.4365459810845 3.46467848253835 0 13
13.9925331328236 3.3097152898982 0 13
15.0898025829816 3.28417008753138 0 14
17.5891393496208 3.26980828208657 0 18
0.01209200534688 4.12779458138299 0 21
2.57796272497758 3.07348114147317 0 25
0.211135992924816 2.99001787569214 0 26
7.87584461865221 3.47524338717279 0 26
0.61827403314813 3.20794166861304 0 29
14.4535555821548 3.01541780409065 0 29
16.8379517487793 3.76239497574491 0 29
17.5747925625818 3.00945371549732 0 29
17.6756084457298 3.02002128213208 0 32
0.0627023814289044 3.15204818025411 0 34
6.68588849638253 3.49959569800438 0 34
1.97581545228918 3.03139103487912 0 36
9.45213100446428 5.00044420282921 0 37
15.9280253027202 3.559979684262 0 37
0.024082551729254 3.0106176822681 0 38
0.012978254900637 3.10308835834116 0 39
0.111826783345903 3.11098610667527 0 39
5.21554122162058 3.47954088152279 0 39
7.93586983230472 3.05412402003216 0 41
0.173562370225739 4.31338977682464 0 42
7.42143205514185 3.4477868772533 0 42
0.376867153156861 3.29481594851805 0 44
10.1525661346756 3.46660121122458 0 44
0.109446148536765 3.36004963098828 0 44
0.0511523062700889 3.07682355325307 0 45
18.0382743986879 3.39689683279659 1 45
18.1610333975048 3.30081552681073 2 45
2.54023676709427 3.30991125919622 0 46
10.452706758153 3.53963887106745 0 46
0.214512664090551 3.40380563163203 0 48
0.0108181310829913 3.23270429326278 0 49
3.96567128687314 3.12874144093269 0 50
1.11010481556115 3.19929762081146 0 51
1.51274628358434 3.15268580694716 0 51
9.9991052054734 3.05335265507871 0 53
0.00944313299611818 3.0013491310011 0 55
0.676090588690202 3.33376773942517 0 55
0.646833378206065 3.04701795741472 0 56
0.2436205194914 3.22900777717922 0 59
3.08499119413045 3.46960747770763 0 60
18.6760474084035 3.66257912478864 1 60
0.01878417347831 3.32883218633235 0 62
0.0508885157019782 3.11980212867541 0 63
3.14357738372524 3.0035206099649 0 65
0.170045638265927 3.13613914356859 0 66
14.3722556956872 4.06429818213378 0 66
8.79726183576203 3.03805092047654 0 67
2.06467707105001 3.01578508195809 0 67
0.141425103074723 3.12493528123161 0 71
3.44909449904687 3.17179513119315 0 71
17.6771277978568 3.72683985643496 0 72
0.242692517743635 3.14423931453659 0 73
4.7657779026716 3.06888516023702 0 73
0.399369016158476 3.26383692353221 0 74
1.71504177593633 3.96392029986938 0 77
0.010745713750066 4.74971160608767 0 80
0.0851150571442607 3.0636659979828 0 84
10.5850085414163 3.37428080721412 0 84
0.0081673217134422 3.48055505655268 0 85
10.6937705347755 3.11643353336767 0 85
0.0834243963015713 3.04362740344384 0 86
0.184182780365247 3.76255558809884 0 87
0.882444053391233 3.48187433189439 0 88
13.349181760105 3.29927344593131 0 90
0.0146081496313291 3.82759893593847 0 92
18.1692017111186 3.11953198768202 0 92
0.980486932296517 3.49360420335521 0 93
4.61430883424548 3.21856678726341 0 93
17.6750637450084 3.47939722623937 0 94
18.659799016928 3.14942975506182 1 94
1.30365892252677 3.15409176562665 0 95
0.014411736577997 3.47070792207572 0 96
18.9704825278927 3.11015818716043 1 96
8.15225830924659 3.21793337417737 0 97
0.208887587516949 3.36472944237087 0 98
7.95613120853168 3.48078288642916 0 105
0.193402167195475 3.36551172454627 0 108
10.4613438592539 3.09636748952352 0 109
10.3632278297424 3.16252189420916 0 111
0.00304246385161652 3.27400447258787 0 112
0.254176958018575 3.08998614479122 0 112
13.8905722161159 3.37646634726777 0 113
5.83732347530681 3.09177907522846 0 113
6.30038694278102 3.23780920926624 0 113
0.0531726940765884 3.05902502897487 0 114
15.2490507195866 3.21138933135821 0 117
0.0699228484662986 3.33968636312745 0 119
0.118205969548781 3.16417883268247 0 119
1.00764141315431 3.55527271819367 0 119
0.617418667313197 3.41283983247917 0 121
2.26608211752846 3.01459983658861 0 122
14.8324048551047 3.32134478475625 0 123
0.402169885527156 3.09180201699392 0 126
0.0779103963505172 3.06599188692409 0 128
0.634317482744924 3.28270126114928 0 128
18.7996531821877 3.49197317906913 1 128
0.6637798878754 3.27775459380695 0 131
1.42470553983617 3.13736641937015 0 132
0.0908478937370458 3.44527201712041 0 133
0.148206657862281 2.99402460015612 0 133
2.15059504957882 3.55035778538439 0 133
0.623204368840303 3.45223626949292 0 134
0.040438573352576 3.12301533743196 0 135
7.45700640085532 3.19458013225208 0 135
17.3261584520858 3.15094971756326 0 135
10.5834896447071 3.84856368389358 0 136
0.0691727139350377 3.05458447568126 0 137
0.165191086782923 3.44176937206783 0 138
4.50184459210762 3.50555841744903 0 138
17.6644103910316 3.27943380681852 0 140
3.52400612130794 3.17466600073748 0 141
10.4095437988525 3.09511243784114 0 141
8.88259118256194 4.79923154628723 0 142
13.9602681634366 3.01986966791756 0 142
1.92836363769305 3.59828738007674 0 144
0.477224334653216 3.11893764674587 0 146
13.0103364538595 3.11431703799692 0 146
18.2627975776881 3.06144918723573 1 148
0.108859504821211 3.18555394354931 0 149
1.04097195249693 3.20773903158712 0 149
0.101260680160126 4.18464783466206 0 152
0.0195641205697776 3.12022482049167 0 152
0.0661841023565244 3.42349415550942 0 154
18.9965609578971 3.13746205674245 1 154
18.6855721987408 3.04026773813286 1 154
18.6337776276373 4.08300579637633 1 156
0.392957878882979 3.47957171019264 0 157
1.28676898504006 3.01812854314662 0 157
7.82599743863845 3.5248270071362 0 159
16.6149942210713 3.21905681835038 0 159
6.89512523017168 3.77104997715688 0 160
2.5838152393561 3.22161841449303 0 161
18.0843447515831 3.06500626198364 1 161
18.1001225014451 3.74761488689394 2 161
18.0938329614619 3.08306790352578 2 161
1.11406648600452 3.13872032538179 0 163
4.15786598575098 3.36317735995613 0 165
10.5324108419126 3.06819995238576 0 165
0.0284532192910582 3.12604835973888 0 166
0.133940221316135 3.10144159258176 0 166
17.8822438777975 3.55262896322165 0 166
0.000382805286008693 3.11505080511559 0 169
7.80423730380373 3.09740833242357 0 169
17.5344785164483 3.01238417286241 0 169
0.395341937389368 3.09072390829228 0 170
0.0134052360540085 3.09710322498412 0 170
18.5763621848632 3.17986825402464 1 170
18.1161488726825 3.134051526425 1 171
0.147430353766885 3.97755272183949 0 174
0.0756899999450738 3.07738099968587 0 174
0.0849313213750378 3.33523023268068 0 174
2.28208317269601 3.00620093386531 0 174
0.214042654666092 3.18617370894094 0 175
0.0274016607239992 3.11511413820432 0 177
0.187652145484966 3.05527532326801 0 178
0.106057436790802 2.99896244040675 0 179
2.31430859089516 3.68459884690234 0 179
5.34714313636069 3.63354316819907 0 179
18.5993732224774 3.37329047332864 1 180
18.799797969642 3.38752961352782 2 180
0.0441870980625969 3.11149762025877 0 181
0.0411431542172885 3.34658586041043 0 182
17.7530856990859 3.17390096652791 0 182
8.81497808089685 3.36716526742371 0 185
3.3796602739165 3.21379008607446 0 186
9.61155418588528 3.19587257648376 0 187
0.0760817809026947 3.13311323752864 0 189
4.78843672957345 3.15563631673732 0 190
0.525605065604325 3.44230351179435 0 191
0.0086700683337875 3.13362564956473 0 191
1.83720650710647 3.16310600773264 0 192
7.91927384063749 3.03132435830203 0 194
0.645509242148458 3.53755224218729 0 195
2.53330266513033 3.45612436812911 0 196
14.916172731251 3.25295751789865 0 196
18.3032092791893 3.55834081627865 0 196
15.2792718250105 3.96590918982327 2 196
18.3033856942909 3.44229723294687 2 196
0.427999809108452 3.16414621817116 0 197
18.2026574398946 3.47654096373948 1 197
18.7408906292219 3.62718872569255 2 197
0.000791824753240733 3.04708382603463 0 199
5.33684581287915 3.36752141702672 0 200
2.17121856750545 3.00584979262041 0 201
18.3153271786027 3.03594584170352 1 201
0.025521299290881 3.5802820727318 0 202
3.71502702458347 2.9966525682822 0 202
1.59209202453323 3.00550819852616 0 204
2.58298068634168 3.25022131145187 0 204
17.1465295957723 3.08387653963355 0 204
14.2091803692879 3.26138140076595 0 205
0.00651041494272327 3.20722280481712 0 206
0.127431708384428 3.00924730207774 0 206
3.69927967646984 3.38766441666017 0 207
0.783840396585314 3.49039615025408 0 207
3.44344652493788 3.05766375152806 0 208
0.820250173543377 2.99372971500938 0 208
4.88810518166161 3.16322380331169 0 209
18.4127074744642 3.39323040572953 1 210
0.101760519869928 3.12294364425151 0 211
7.40300122857081 3.34006443484803 0 211
0.282457068605393 3.47639345116868 0 214
18.5504537091214 3.14870649679589 1 214
18.7222439728898 3.15404843326162 2 214
4.13611864682255 3.0370548391554 0 215
4.3321834785404 3.39708650548482 0 215
0.315186755023884 3.62615782998536 0 216
0.00952581933191784 3.20816717566672 0 217
0.459242866323039 3.03966493424425 0 217
0.591817675172409 3.09945964012628 0 219
0.988878328088957 3.11420134543156 0 219
0.03766957565781 3.15057380617551 0 220
0.152543100619006 3.14340649101504 0 220
0.325252933772188 3.30721657273529 0 220
15.2438806412875 3.02285118194826 0 221
3.10496775427801e-06 3.51620133061749 0 222
11.459037729331 3.21915704593232 0 222
17.6486810650403 3.09084485292568 0 222
0.727086962977694 3.04976396334793 0 223
0.0748872409744953 2.99918790107686 0 227
1.01721466215052 3.32135282408514 0 227
1.1350522846181 3.00976723449374 0 227
12.539332403362 3.09483370678501 0 232
18.139710720945 3.29897044169446 0 232
18.9752588064034 3.33656188377479 1 232
18.1457101934043 3.01123726135787 2 232
0.160411955405689 3.23780837285279 0 233
1.07381051275517 3.02533610353307 0 233
17.5380033952613 3.04540247109257 0 236
8.13390450108893 3.48942418892683 0 239
1.15616624270109 2.99373370911455 0 241
0.00270734216008035 3.28235694677352 0 242
0.685106353048813 3.13178453870959 0 243
0.130953763581624 3.00920026640587 0 244
0.0179474884151155 3.97421671771495 0 245
3.10348493944522 3.28979353191041 0 247
0.101393459737198 3.15470803631584 0 249
3.09366361755923 3.16587779871673 0 249
0.531947192846979 3.17562305794555 0 251
16.8693857846412 2.99404533883539 0 251
18.1880109705121 3.62126731958333 1 252
18.1951743723494 3.13386568018277 2 252
18.2009775128421 3.6356633203974 2 252
4.64358585271205 3.20432127835321 0 253
11.3562890202973 3.40809781335495 0 254
0.100751836558859 3.01174095769125 0 256
0.257696667355818 3.24061078433515 0 256
0.157523310105726 3.46772261513937 0 257
0.10571171367346 3.80393180432819 0 257
4.63380391770745 3.07342221694721 0 258
17.62133067948 3.04933777087592 0 258
8.54946294457343 3.30692331479975 0 259
17.5387542443169 3.2435513209327 0 260
14.2228550772715 3.08597796292418 0 261
17.6481314804475 3.16013194812495 0 262
1.01031790871829 3.10644554513647 0 264
0.298914570844518 3.1950740365989 0 265
17.7147647278292 3.20359917997894 0 265
0.978346943974668 3.29865454260567 0 266
16.5705824150713 3.5436395359799 0 267
7.58143240399639 3.08386430369308 0 268
0.906847283839352 3.13716161934398 0 268
0.212028742310137 3.01763277982234 0 269
0.330050361100728 3.67560223926376 0 269
0.101653850237597 3.09641243687787 0 271
9.03089129530621 3.06436660983527 0 271
8.34603427158284 3.20874325660288 0 271
0.184903567979578 3.38418089922053 0 272
18.7156172331336 3.301600769422 0 273
18.7242388631832 3.04895456468372 2 273
18.728311282045 3.20559794687682 3 273
8.27778181041351 3.61893776028026 0 275
12.7761461663128 3.21292961445858 0 277
0.022363839554197 3.87447679474413 0 278
3.76758372863432 3.25707377782256 0 279
0.0975071821104552 3.00098574090137 0 282
0.181318469983252 3.19263611157383 0 282
4.62929338766038 3.17757533696687 0 283
17.7204515405603 3.09414984738363 0 284
18.6215443992146 3.3950985041748 1 287
18.780032661302 3.05953105224664 2 287
0.484756648263574 4.40671795363402 0 288
0.5421471057547 4.1947543332841 0 290
0.0239115380811913 3.26045678605589 0 290
2.61899128662204 3.28118542378426 0 291
15.8813802197904 3.00155762822639 0 291
14.32639147332 4.06091105249358 0 292
8.3131284416692 3.19466663893193 0 293
18.239567853659 3.18699642992347 1 293
18.4368603104217 3.07166429684814 2 293
0.486299525900702 3.20052746770367 0 294
0.0414175854570044 3.20635487896218 0 294
0.636058585772071 3.12263536301509 0 297
17.6675415835007 3.20437820741714 0 297
0.328355888284499 3.03721197637498 0 298
0.175535456838876 3.23478030785426 0 298
17.7202096855589 3.06201236537581 0 299
18.1418923609113 3.4630295400167 0 301
18.7099927539638 3.0023786547136 2 301
18.8657870911151 3.23473539608104 1 302
1.37688477663803 3.27152672921088 0 303
5.31073432763276 3.00739088545314 0 305
0.0803590274675708 3.04091241294384 0 306
18.3187785345685 3.4531812983967 1 306
11.7953376727713 3.45269826043413 0 307
4.37637747981927 3.35084703150515 0 307
18.3447547810242 3.68616630318108 1 309
0.00383693981017082 3.05496437371463 0 310
0.0368154087400278 3.28987856884345 0 311
4.69377482619351 3.48800255572769 0 312
0.704238397325693 3.74349438041434 0 312
0.40980645946187 3.16410184586729 0 314
8.37940197977631 3.12184281581531 0 314
10.0341863349022 3.59404579695927 0 314
17.5530392534419 3.09935582715356 0 314
1.17110740778983 3.39561673201163 0 316
17.6527960078742 3.17544703802843 0 316
2.13087343348739 3.10361697066966 0 317
17.730166708977 3.08584571376739 0 317
0.865437237554431 3.26415875476323 0 318
5.32493435505892 3.45420578698127 0 320
10.3160485447437 3.76311128299619 0 320
18.0822164545857 3.70179090834303 1 323
0.011116551881338 3.04065111254558 0 326
0.507595430060096 3.06419468517106 0 326
7.68357191595353 3.11301441089507 0 326
12.0494251881359 3.04745472008994 0 326
0.137529462189026 3.21458080180314 0 329
6.8394854927996 3.2425668760969 0 329
0.114406141167503 3.02948231932149 0 329
10.2685362955438 3.58237380228739 0 329
18.3034044873525 3.43770591184361 1 329
0.0236989493909139 3.15691666952909 0 330
0.0279878389015395 3.19887663300738 0 331
0.0572132449444334 3.80978988826033 0 331
18.3086167891454 3.91245848815645 0 331
18.3263840234706 3.34724493366228 2 331
18.3138516103032 3.23797743097218 2 331
18.3841785591934 3.44794588661313 3 331
18.4174656699724 3.19203909351019 3 331
18.9613574458883 3.04011265261527 4 331
0.0543976116587487 3.06429158347508 0 332
2.60381184973638 3.21704819294029 0 332
0.0508358935600658 3.10664510937372 0 333
18.8488019873943 3.41313631272309 1 333
0.416788922114463 3.14630603337801 0 334
18.4457582404461 3.89841268491657 1 334
18.8096127414384 3.19494981836786 2 334
18.5153918575187 4.90202087154526 2 334
18.6185973387071 3.03418177919271 3 334
18.5492829879184 3.6651664746113 3 334
18.7585119377311 3.10673017425538 3 334
10.4031417522917 3.04567776699167 0 335
2.14416931498877 3.13265904612032 0 336
0.044617753231159 3.06997250730778 0 336
8.76354684239036 3.58436570403814 0 336
0.961594860825038 3.11437849256211 0 337
0.131898290935645 3.40279967548895 0 338
12.8568235902154 2.99079165900219 0 339
0.252076373112197 3.38096226050022 0 341
2.19203187890197 3.69086665178836 0 343
0.0570710370966943 3.231306454295 0 344
4.41706338243759 3.53311809802688 0 347
13.1508515746441 3.08763461995471 0 347
0.082498861919919 4.17008209339303 0 348
15.9347334112271 3.53768205007513 0 350
15.845432568921 2.99450984114083 0 350
0.0156299208947413 3.06713616433593 0 352
18.3677182226199 3.15869287901549 0 352
18.3033088808038 3.06017994405482 1 353
13.775562805002 3.69455536374968 0 354
12.8885130692417 3.2256505117574 0 354
14.1906827829677 4.20753727843885 0 354
17.8885181264867 3.23408565833041 0 355
4.40025572004842 3.6766956724395 0 358
0.637669712417953 3.61323029290737 0 358
18.7834819195882 3.65828162213659 1 359
18.798933485828 3.41314344203495 2 359
0.0622805404478569 3.3535665546294 0 360
0.244097239609984 3.0462077265867 0 361
2.91253689125213 3.51697377738717 0 361
15.8685553309896 3.03812177057711 0 362
13.9418621189833 3.97298056556869 0 362
17.9387296083383 3.10677337018392 0 362
0.129999377941296 3.16022213110238 0 365
18.4490084181629 3.38520470378913 1 365
18.4709327442846 3.00734714797925 2 365
18.5298422329305 3.27513399468388 2 365
0.00765528634165529 3.04240592334125 0 368
0.00884158207977642 3.19766161824676 0 371
10.7484644784498 4.21443940725348 0 371
0.889907571873939 3.00360677990201 0 374
1.10376392203566 3.03124793178809 0 374
18.8056891005576 4.02745748795843 1 374
18.9195080588599 3.02315421860184 2 374
0.0196083387083893 3.36219450772781 0 375
0.249770686118625 3.23372425838852 0 376
18.2288127442912 3.24670656804388 1 376
15.5153619845873 3.68512605401944 0 377
4.33741605513451 3.96127353927574 0 378
17.5758057141187 3.11516859691261 0 378
0.655596077919383 3.03627920216973 0 379
0.144558184543527 3.44503798401803 0 380
18.6386662071195 3.20078429773982 1 381
18.9199308098913 3.21076561730577 2 381
0.788532969012308 3.31701124229969 0 382
0.867373207524108 3.04993092382128 0 384
2.61856700497741 3.20189446720185 0 385
0.709504030102982 3.39680467314079 0 386
0.149115632807137 3.05974535537927 0 388
2.43845480171144 2.99923035895958 0 388
18.1521468336318 3.75321208310969 1 388
2.52898038619594 3.06412919782743 0 389
0.265722142701089 3.38583793313402 0 390
9.31747976909892 3.06627827682077 0 393
14.2698797788484 3.05996205715645 0 393
12.0530961392041 3.02024424596766 0 395
11.515437299889 3.28895598621886 0 395
1.02876656784169 3.42919314841727 0 396
0.9142529610402 3.47027598368821 0 397
0.0597396733874435 3.58848643343379 0 397
13.0777134663331 3.13411980961112 0 399
12.6619274223964 3.19470713182969 0 400
0.00963797812940338 3.18450499264474 0 401
6.84634884233261 3.39190005801996 0 402
0.000294791479685427 3.49922111101689 0 403
12.1379066232287 3.19157262922788 0 403
0.143381877618112 3.06697781482698 0 404
18.3583257248053 3.35219706874291 0 404
0.450497077799352 3.21894287118826 0 405
0.0366308491584133 3.73409823998056 0 406
0.0281126963150397 3.10943697192163 0 408
2.52452105842583 3.68429008979177 0 408
18.688380311053 3.53611355359864 0 408
18.8142461432542 3.2302018754138 2 408
2.33915809392574 3.16743388857883 0 410
18.7649982382167 2.99815530357767 1 414
18.2765134815067 3.40160182203507 0 415
0.0937424220074032 3.09664366502708 0 417
3.50168523387998 3.04353313323241 0 417
6.55709218933901 3.18735544721735 0 417
17.6685175914904 3.42961831831471 0 417
17.657933686888 3.54244458793571 0 417
0.338161115589357 3.33589070622487 0 419
0.860298298010841 4.13701372536074 0 419
0.985130050008996 3.93551470951969 0 420
8.40447734363158 3.08544392807002 0 423
1.76370684534643 3.33199380473216 0 426
0.655914924188423 3.01175339672262 0 428
1.30947538626613 3.34260013881677 0 428
0.18029300971363 3.39940603215655 0 429
3.29392073903522 3.21897015787278 0 429
0.0424420922276456 3.14841685910988 0 430
5.98138049569219 3.4840642237178 0 430
9.87923383265618 3.19297209857281 0 432
2.94152345167519 3.28060932254962 0 435
17.5769218008011 3.17397256637696 0 435
0.00587068088504194 3.07706455358605 0 439
1.15214742667062 3.91931081650576 0 439
3.01459729576622 3.11276600639552 0 439
0.329491666591946 3.31972077132372 0 440
0.0874180559368442 3.20985871169892 0 441
0.224622787480265 3.25602598342998 0 441
17.5327649828628 3.02794694030265 0 443
0.184536091584417 3.91352415513551 0 444
3.95299037816013 3.03540571422757 0 447
1.68482711866454 3.36468127938515 0 447
0.180418588651372 3.75779946455878 0 447
0.0744566483332717 3.0810811456041 0 447
5.30863065069081 3.66284153024235 0 448
0.385055390959026 3.0701037135988 0 449
0.582491923827896 3.08622941341028 0 450
18.2326498012148 3.78496014317988 1 452
0.0731639667502539 3.23857421408311 0 453
0.0222742250507434 3.2116644806235 0 453
7.57151907260333 3.01787237763595 0 456
4.32198032260402 3.48183402986223 0 457
10.3884404780698 3.48144956887549 0 457
0.357368362025006 3.28750220252724 0 460
0.0618420583777417 3.78093396761913 0 460
0.528842819283774 2.99891584257977 0 460
11.5120895402832 3.31244280671047 0 460
11.634534139701 3.0884841709869 0 461
1.71437404446187 3.06507920851965 0 462
13.2590556756872 3.39895842001429 0 462
18.2022485981319 3.09813218977025 1 462
18.3970906146225 3.04437878407339 2 462
0.488910245134541 4.99640061904735 0 463
0.074909941978431 3.23041850294168 0 463
0.0304638443212512 3.11326798742155 0 467
0.00827008308548647 3.53184338693875 0 468
0.00878200641774683 3.0587842938177 0 468
3.7483211724158 3.77423373677764 0 470
0.105898477827972 3.23723754532489 0 471
0.171537165296264 3.14550528347119 0 472
0.462175490313253 3.05948518174619 0 472
0.00257997345677445 3.99075945893838 0 474
0.298900508085151 3.31090858073792 0 477
12.90174974557 3.17093038008149 0 477
18.857154029803 3.52381415458194 1 478
18.8908332685226 3.12395107733642 2 478
0.130792165674501 3.91855591995183 0 479
0.012629369015983 3.80333156183543 0 479
0.519986752334884 3.12750205905547 0 480
1.172447329444 3.02050607827178 0 480
18.5524186074358 3.69868222620754 1 480
0.467991642346417 3.0891125381731 0 484
10.0276876114432 3.54949044623982 0 486
1.08186860687376 3.15022621086813 0 487
0.0490112649588195 3.02730321206907 0 487
18.3033371581044 3.19000773785281 0 487
0.480902751751793 3.76774955899913 0 489
10.3741841649901 3.19969813683836 0 489
18.3440072426196 3.00935134730776 1 490
0.0355085825170012 3.2273230468879 0 491
11.8114594700178 3.12400884166366 0 491
18.6334927365274 3.27559606873764 1 491
0.0508317397104365 3.1452593768079 0 492
0.0772642857945338 3.36013269889124 0 492
0.312147125996692 3.06548833186061 0 493
5.07485389490718 3.72992573841447 0 493
6.61001169527974 3.73351800373094 0 494
5.35361943714893 3.08254259878299 0 496
18.9768693516121 3.01556504140698 1 496
0.133339190981839 3.02999123298461 0 497
5.80024441005698 3.23800141378094 0 498
0.541621460279102 3.65670122590186 0 499
1.46426834621105 3.37722120542384 0 499
12.942675515188 3.00395423009038 0 499
0.109896281105254 3.02426025476522 0 502
4.55691140597551 3.15121078755859 0 504
1.84046160438325 3.07144725827686 0 504
18.7113127018415 3.21877017631075 1 504
6.10958289164175 3.02050046309472 0 506
0.182083438656351 3.03700342961247 0 506
13.3783493768638 3.37082793866554 0 506
4.34053797240077 3.47829959761803 0 507
18.8184590525084 3.15562128716779 1 507
0.18407119550366 3.01079895021321 0 508
18.0650113890037 3.08008664598524 1 508
0.129710851188445 3.87135130709233 0 509
0.0161257276825384 3.02519010654492 0 511
12.9785915998477 3.00302586913882 0 511
10.2842722066735 3.83702845973352 0 512
10.2795553486884 3.1996767858642 0 514
0.270277154506068 3.15063846729504 0 516
11.637277506746 3.3366001460715 0 516
0.484602014818262 3.15393585399356 0 517
0.0131670298991525 3.19846498144496 0 518
0.236019373563088 3.11450780540935 0 518
1.72788062435086 3.23688053914151 0 521
0.422911882187329 3.13248433117214 0 522
12.0779286438473 3.04213996489565 0 522
0.0610971101899147 3.38313897931651 0 524
0.580135150974215 3.00234542317837 0 526
0.0973978006875187 3.07077122117317 0 527
0.105546320700504 3.0688011172285 0 528
17.2254134525872 3.11024231527604 0 528
0.302980810227795 4.19703778829596 0 529
1.23200022238734 3.19204939832273 0 529
4.69818501776408 3.35110414874968 0 529
18.9667576101233 3.27009027836758 1 530
0.579175834721222 3.01660367127824 0 531
18.0998445273467 3.02727106858638 1 532
5.37094027124954 3.89741424678615 0 535
1.74777380115713 3.37231643397439 0 539
0.444708113466931 3.12113602778682 0 541
17.7083477722678 3.1970042311323 0 543
10.0314914236199 3.01136699033859 0 545
0.0714023151101891 3.30603396465375 0 546
0.179577266522726 3.51044981718186 0 546
16.8039855159375 3.09158419676737 0 547
17.7211951686427 3.01818217613081 0 547
18.741730595389 3.00838578816734 1 548
18.2168261419606 2.99197536168699 1 549
17.7081005833004 4.94376050453739 0 552
17.7177487430666 3.4621079496389 2 552
18.1584746278856 3.24336015911039 2 552
18.594048338644 3.47344855447685 2 552
17.7643157315594 3.21715842393571 2 552
0.176436893227496 3.28054648895927 0 553
0.0457841698662161 3.1991303384074 0 553
0.057646823928459 3.27297974442036 0 555
0.115951230980617 4.22062720883159 0 561
17.8323752171341 3.1752502053082 0 561
18.6180204568986 3.1151707596099 1 561
0.0506796093155726 3.1826399267019 0 564
0.0772710305448431 3.28037777957548 0 564
1.21250868122578 3.00069865134892 0 564
5.66125381305837 3.10256600642827 0 564
0.0369150311217003 3.12697708136722 0 565
0.20792779955444 3.16993362233217 0 565
17.7773387708472 3.25571160669855 0 567
9.07626063531304 3.31018076409929 0 568
0.0460504185690171 3.58319696061052 0 568
0.0405712319617443 3.21987397689268 0 568
0.949711796457373 3.3077325306484 0 569
17.5610068478183 3.02587853473531 0 570
0.551424970969328 3.08517718172557 0 571
1.10483909307651 3.35113828625311 0 572
0.150781331529738 3.15482692421952 0 573
18.7149645850618 3.2688625394231 1 573
0.14748131309252 3.1732999978342 0 575
4.9106892492716 3.87884306986734 0 576
8.39499191293284 2.99125546464702 0 578
11.7100243227649 3.25259414745767 0 578
2.22114063827934 3.01933265777351 0 580
0.356203302284389 3.11873222837339 0 581
14.0776529057942 3.50307168713065 0 581
0.0412042350850108 3.10348718489808 0 582
0.234295556061793 3.2862152080492 0 582
5.4605673725468 3.00597538288207 0 582
0.0488216179846191 3.06072577309563 0 583
0.5036507086505 3.20307179540568 0 584
1.77379478294208 3.16683383225648 0 585
2.14046298798119 4.09048586904471 0 587
0.00578462052655185 3.39329990258386 0 588
5.29448031373835 3.06182209719809 0 589
0.140314744768295 3.12788994775984 0 590
0.0738115546476124 3.1564767268807 0 590
0.0951458983241132 3.00950063099809 0 591
0.0290578233243784 3.0621270846036 0 592
0.0588604093711619 3.03738832890051 0 593
18.8416774903048 3.15558704756602 1 593
0.0458013556773887 3.24965821464263 0 594
0.0575900376157964 3.11327513672509 0 596
0.64276782809456 3.3508964371031 0 596
0.0432626419586065 3.29495701053714 0 597
0.1506878991812 3.09164608623513 0 597
14.2135608786069 3.2396351207224 0 598
0.138773261578044 3.10879122204848 0 599
18.2246008107063 3.08230286531421 1 599
3.06567653376229 3.04408732740097 0 600
0.592053617588927 3.25624047905833 0 600
7.89908965416711 3.41864803213272 0 600
0.767836071180126 3.0856158331481 0 601
2.0139497090734 3.28272192167206 0 601
8.10552874602538 3.21263436742322 0 603
7.47826697633306 3.23186545318574 0 604
10.3897971685132 3.69603620003874 0 605
18.2384088196881 3.45183140021869 1 606
10.1281714777113 3.09998228664248 0 608
16.0964203610715 3.13309745471846 0 609
18.703615657901 3.40935703245456 1 611
18.706871839398 3.6626550520205 2 611
1.58529735955652 3.14059765423969 0 612
0.155740518390535 4.30302705604026 0 612
17.9038517542952 3.22061620811592 0 612
0.10044151481795 3.49488824864569 0 613
0.0238925746581417 3.12339853521758 0 614
0.0143200691873477 3.50912567686947 0 614
17.6774966061422 3.17046286860955 0 614
13.3132073067624 3.39110624090297 0 615
0.0728072814683251 3.51202367912294 0 615
0.868476689533033 3.83961276802383 0 616
3.73785257189741 3.04932795830221 0 616
0.95896829605552 4.14770865563769 0 617
4.56109032006755 3.13958463543649 0 617
3.05771659333067 2.9938806342281 0 619
1.20442725275112 3.26620682046481 0 626
13.6802004014771 3.58782439508865 0 626
10.3165305933544 3.35624346128945 0 628
0.047958232653044 3.2364112220694 0 628
18.3237668785757 3.14235087160446 0 629
7.53691885453834 3.21620677093824 0 631
3.58586348546692 3.47625931076938 0 632
0.268451538413263 3.77814558747285 0 634
0.304157207983761 3.60290049383819 0 634
4.3580657885093 3.4731630441571 0 634
2.12482455540564 3.8198514507844 0 634
0.80680326139874 3.11953649439962 0 635
18.2329089808367 3.62372687703465 1 635
0.673367916991929 3.53189502961604 0 636
1.07586540730096 3.10583730381457 0 637
2.13086743715076 2.99955462389828 0 637
0.784385202727973 3.96841704736263 0 638
17.5365097866982 3.24876401778935 0 638
17.7734394896058 3.31553398841173 0 638
11.1870030783533 3.58508370122854 0 639
5.9257144840355 3.07929120828416 0 639
0.344249801548445 3.13730923430298 0 640
18.1396165009678 3.58694576042077 1 640
0.92910719242997 3.10238557018612 0 643
0.17592746308191 3.26678008946266 0 645
0.301348162192878 3.04548119118357 0 647
18.1589221459903 3.67943001491201 1 647
18.4042890866055 3.45480433295763 2 647
0.179405144461025 3.81169949031527 0 648
0.0747333638734433 2.99739459681658 0 648
0.459159286107264 3.37116434602489 0 648
0.830416391228143 3.71035529747599 0 648
10.4142624029914 3.13978596033213 0 648
0.725470136111455 3.0709857862396 0 649
18.770689328117 3.22912452859826 1 649
4.15711114274049 3.35422915529715 0 650
4.42417023579464 3.19350676499951 0 651
2.03480462965503 4.40594503549154 0 652
18.0858652085621 3.01808975350362 1 652
0.755931791250786 4.00222213799118 0 653
0.306744047749482 3.48462728846174 0 654
11.8755884498954 3.51718660122176 0 655
1.16716436200712 3.02870603944955 0 656
1.01394479862833 3.01111935437806 0 658
14.4070554595676 4.05201000181578 0 658
15.4862829124798 3.24556338203527 0 658
18.210023469906 3.23872839424326 1 660
18.2174337795383 3.21889684755989 2 660
0.04113950125406 3.04531227917774 0 661
7.43506591370323 4.02828254675054 0 661
0.126860647126659 4.57302769903018 0 662
18.8307697446175 3.13577326569054 1 664
6.32638946551898 3.36508837121155 0 666
2.21831584004643 3.0538199261746 0 667
0.0278334379968251 3.11958161701773 0 667
18.0639723526869 3.36102497833562 1 667
5.32923050040147 3.17961856284366 0 668
10.0317982290525 3.14894903897245 0 668
1.75945620053075 3.43441600860285 0 670
2.54606126134258 3.34435768869575 0 671
18.867947101276 3.14127281479647 1 672
0.0264839833904917 3.41592772764402 0 674
0.0410517249480588 3.5514047926335 0 675
0.542929407487462 4.00407750413744 0 676
2.67005950880486 3.17680047904908 0 677
0.0147225621340522 3.06097415956891 0 680
0.346316884363214 3.27655708543954 0 680
11.0689159547924 3.28277197045925 0 680
17.6538806684238 3.10382708874681 0 681
6.8309399493467 3.09805708856544 0 682
17.7123969729547 3.33057289155509 0 683
0.0966395696167912 3.07504356496252 0 685
0.153989710906777 3.20716492551154 0 685
10.3513132247364 3.24612833755909 0 685
0.00561908906266397 3.05199342916662 0 686
1.54182193264401 3.2515012959654 0 687
1.99821550958456 3.75613176545894 0 688
17.5952453342151 3.23907331321939 0 688
0.827105782868555 3.08238453253572 0 689
0.0957975870500057 3.1337989961831 0 692
17.7346649715064 3.48701080113177 0 692
18.2069967991296 3.33916994215854 1 695
0.0209229822141591 3.03828048153503 0 700
2.6677467612645 3.1275489441575 0 700
8.4642841461362 3.07205047440982 0 700
10.2245721521198 3.14436049849354 0 700
0.00393867732736601 3.12036107875257 0 701
1.9582732661385 3.13149452444129 0 702
18.6646642991431 3.19816647907831 1 703
18.67268790917 3.05936140992355 2 703
0.977809229472223 3.28445937423541 0 704
0.199327121924988 3.06824977516297 0 705
17.6567197536305 3.07400240140066 0 705
18.2591626659591 3.36702658554626 1 705
0.0387850593903028 3.54357045994039 0 706
0.994475727732044 3.90705736438062 0 706
18.8179710394793 3.04463279095416 1 707
0.230865835379204 3.05163838886054 0 708
18.8302946853541 3.41941139036814 1 708
10.8465831752517 3.72177686100563 0 714
0.222759350520799 3.45196520165929 0 715
5.39936437586693 3.69966426357945 0 716
0.193556411489265 3.25326533832921 0 720
18.1463086692706 3.66764480320549 1 720
0.384909977651267 3.40251148914446 0 721
2.34152294240875 3.53454391882326 0 722
17.583457928803 3.23844979999221 0 722
2.04742040026079 3.04766508387903 0 728
0.053036269323468 3.6443728824607 0 729
0.723825392327347 3.19158623102905 0 729
6.02811557186148 3.20869017849438 0 729
0.0648087165764858 3.313824922519 0 735
0.0278633611290541 3.74159513009171 0 736
2.68628924679111 3.34483426525798 0 736
17.695862404739 3.04112916438335 0 736
12.1654552372281 3.08325736501866 0 737
10.4483033820469 3.11153769993285 0 739
17.6910793009705 3.59248584044625 0 740
17.796420760384 3.31704059505494 2 740
0.772655122392672 3.13956591205547 0 744
11.6352063151114 3.03497930223145 0 744
0.442337996880949 3.40804582439638 0 745
0.0231900982764862 3.17479844742807 0 746
1.4249383674124 3.44182747025872 0 748
0.0182850937028835 3.06697528857477 0 752
0.476461678786015 3.2251939151421 0 754
3.37295979659853 3.02948447287511 0 755
14.9151876712647 3.01401578507352 0 756
0.00676733068137236 3.12165563796496 0 758
5.09773676704973 3.40400874642969 0 758
3.00276739177275 3.56856366415741 0 760
15.2690589210458 3.03256195314938 0 762
17.5493812999951 3.43089087351744 0 762
0.0413730847829967 3.39979636021069 0 763
7.49804167079598 3.29895725486554 0 763
18.0628970436646 3.65653480682236 0 764
18.1288095785361 2.99338448771908 2 764
10.1673065111408 3.12269837162606 0 765
1.28300553083536 3.27716127413327 0 766
1.65179524018697 5.4127038786787 0 767
0.0621296176727547 3.56090589168562 0 770
10.0723376647727 3.13591260826043 0 771
8.1721371857497 3.28557566020591 0 772
17.7262693541499 3.40112905280168 0 772
0.0528041131037555 3.36720366366999 0 773
18.8885885790546 3.14461320005953 1 773
0.0163275846261339 4.11657704424456 0 774
2.66400001194291 3.05668763445748 0 774
0.0366850151170966 3.30056687371794 0 775
0.042527935058329 3.28438972802061 0 775
13.8531888953881 3.26321283729044 0 775
0.0553899586794148 3.03754554376453 0 777
1.99058605225477 3.04695596456665 0 778
0.889773828614968 3.30579807603144 0 778
4.86663466406904 3.62766088475962 0 778
3.42986847501087 3.92375824534404 0 778
17.0675178033952 3.17684742394998 0 781
2.39889730319932 3.2750691070396 0 782
0.281809119512661 3.21350993671726 0 783
10.7122025740849 3.26674757144661 0 783
2.07093282933362 3.16634283256194 0 784
0.489540155036617 3.22099227297568 0 785
0.037133896978072 3.26258344366302 0 785
18.3402668887404 3.06962159488712 0 785
17.5388467571629 3.53055651191867 0 786
1.61454412566193 3.09709060313371 0 788
7.86106377660407 3.02513365555571 0 789
0.00370944475836314 3.09638306891194 0 794
0.0809227863224892 3.55261485365546 0 795
0.0981851275583696 3.06426707577102 0 796
0.363111788438915 3.70648957644006 0 797
0.887156690557573 3.09167624659928 0 798
0.355298377076421 3.1423376221486 0 800
0.0167766181236114 3.21593596636337 0 801
2.17080995932998 3.08864946774208 0 802
7.41149218970803 3.26668017656449 0 802
0.0642923727531667 3.10945244481876 0 803
1.31538774480588 3.02618689034901 0 808
18.4959415359512 3.40173101733288 1 808
0.478227044400478 3.68875744287577 0 809
0.111088100511159 3.69747951910513 0 810
10.376862734131 2.99237356816227 0 810
18.0164011618212 3.37161763966719 1 810
2.90164781694842 3.26685481801621 2 810
9.79588703046118 3.56300851549283 0 812
10.3225838513464 3.02934681296932 0 812
0.412205950498539 3.32976752551243 0 813
17.0599891402873 3.06071361545571 0 813
2.60966573529351 3.00805101437757 0 814
18.7697277263828 3.62068244213307 1 814
18.7981373273086 3.06403482022925 2 814
0.985929434269183 3.10616044659281 0 816
10.6709582661384 3.07364348025468 0 816
18.4312126603067 4.27594982223993 1 816
0.0637731394292624 3.18812875745157 0 817
2.40826316061117 3.053238950123 0 819
4.74994780119987 3.09163898660129 0 821
0.191496465281196 3.27410178714938 0 825
14.1659059539636 3.16084312864221 0 827
10.3650637222778 3.01785263647526 0 830
0.13091167153841 3.15971991180025 0 831
0.111637760813834 3.23800958169302 0 832
0.098709568275394 3.1073296503211 0 833
19.005428627282 3.29152957831851 1 835
1.49570288684682 3.01823885155777 0 836
0.00406926935249633 3.02412637698163 0 836
0.111257988825363 3.25045365855444 0 836
1.27698731708618 3.038385460543 0 837
0.0818725259444482 4.03700147682236 0 838
0.363945942511457 3.51254848392822 0 838
10.4339938628782 3.09252415966512 0 838
10.7927033863832 3.16314931742358 0 838
17.9122961961696 3.30458482294002 0 838
14.1497890551545 3.01741994250592 0 839
0.707517609928187 3.27197044341969 0 840
0.0495040349139702 4.67562989530306 0 840
0.215469740410937 3.25510922068464 0 841
1.07206322876662 3.03340295591631 0 842
3.80884139281579 3.25266774593 0 843
18.0290881715805 3.61257151262018 1 843
11.7530303576448 3.63456755801067 0 844
2.1785479451199 4.06663930854235 0 845
15.1408512925717 3.00686020009819 0 845
0.495847768917837 3.4923129993062 0 846
0.428604905104115 3.17813164384832 0 848
0.771357292233956 3.39900398162496 0 850
0.0450656200829192 3.13998793477921 0 851
0.040347499550566 3.05994257204702 0 854
3.16545092943285 3.47564307762311 0 855
10.9670889093963 3.42243099097106 0 855
18.0581979093374 3.17428138963213 0 856
18.9746434273288 3.51833043774107 1 857
4.62541131251406 3.03305080711851 0 858
0.593172218197802 3.02108258966224 0 860
1.07794520159488 3.160700184152 0 860
14.1605422576189 3.10480169479228 0 860
18.7030984548942 3.08148343714231 1 860
2.07359681523857 3.53825746226021 0 861
0.206638280959895 3.06176411758855 0 863
18.3377969827593 3.57148195216913 1 863
0.419782649053659 3.23416606183215 0 864
18.1777769293726 2.99076539049339 1 865
1.73806635773088 3.45792162608168 0 866
9.55419738686353 3.13815371222932 0 866
0.147419876271118 3.09681682638415 0 868
0.763880851687244 3.15696307828348 0 869
2.08498858988488 4.2073754334861 0 870
15.3936688970904 3.1349869973929 0 872
7.66890679072196 3.32752640741565 0 874
14.3817618661835 3.32711822310674 0 875
18.2105294907555 3.28532065885097 1 875
18.5532747765945 3.18570262251235 2 875
7.89082245942437 3.1866296111956 0 876
18.6993984139148 3.02599052040388 1 876
0.214113130939942 3.14891500977809 0 877
0.111393520005508 3.03116234308439 0 878
10.6423793847919 3.77404043930191 0 879
14.0044615182941 3.89599050757555 0 879
18.5276021723725 3.73048767554968 1 879
3.14890199167347 3.02487417687053 0 880
0.462002959492099 3.29225140511175 0 883
10.0780437962645 4.8565170200617 0 883
17.1211591373747 3.23272163028772 0 883
0.0442468606851426 3.53690372794587 0 886
0.0194226185902844 3.10029013373374 0 887
18.750738291917 3.56877439205054 1 887
18.9059061854416 3.27833946411372 2 887
18.7625316555354 3.05329748231262 2 887
2.59113769088967 3.01628790430694 0 888
0.0567583961171589 3.07268530210439 0 888
11.0311246506653 3.087278968008 0 888
4.29133224351513 3.20889371668204 0 890
18.1330150544267 3.79467079429486 1 891
0.00954404989697847 3.67008968936892 0 893
0.676013995171977 3.16599707790279 0 893
18.9113474408254 3.2340366095368 1 894
0.0568512881426153 3.11028066628912 0 895
17.7327041807554 3.38221386778846 0 896
13.9910147633016 3.25595915401877 0 897
17.9963250549768 3.17883264543392 0 897
0.0870033965484309 2.99869670024787 0 899
3.00452708803477 3.04102815777022 0 899
18.8737657111228 3.0203472567551 1 899
18.4034239956267 3.0383083411992 1 899
7.16869837040884 3.1588829749117 0 901
18.4786186007873 4.28622122118042 1 901
18.5739278905983 3.05696205630998 2 901
18.7990032773555 3.31426486456147 1 903
1.15892039039571 3.05854741476632 0 904
4.33124564207176 3.27346441635727 0 905
0.0163618836057346 2.99225354693877 0 906
18.2676132797819 3.92902370568255 1 906
12.7958264590868 3.32040077624972 0 907
0.744450356433159 3.03935364880027 0 908
17.6499558227227 3.31180864060575 0 908
0.147749822234612 4.96906357751395 0 909
0.0979625991622319 3.56246196328949 0 909
2.3449894704143 3.00950254433169 0 909
2.5999149491017 3.0452585991773 0 911
13.1076946236868 3.42652076349581 0 912
10.3682930590721 3.60787815865374 0 913
17.5525491063029 3.34899638490758 0 913
0.03566012890733 3.56585913613418 0 915
10.1842556615723 3.41575320704624 0 916
2.56568950583164 3.90662148341221 0 917
0.656875838093969 3.51613331780299 0 917
0.190507543835813 3.19245765209714 0 917
0.0243395093844964 3.31946439363435 0 917
17.8502892666327 3.17256824480475 0 917
0.903367632468461 3.08541906950329 0 921
1.75068235662634 3.01303071358583 0 921
1.48883397380955 3.98992202337722 0 921
0.48105162475953 3.33186345234018 0 924
2.44544174183693 3.48405560684299 0 925
2.36987216506817 3.52467355234749 0 926
1.57088229519807 3.2767594842309 0 927
16.1225020172777 3.50954321484039 0 927
0.394993022217979 3.42307531722376 0 928
0.763414486853962 3.2364096488811 0 929
3.67088370544228 4.53863693659755 0 933
17.7719875847831 3.03837746850863 0 933
12.9033865695136 3.58013739968947 0 934
11.1127854369867 3.22246874216941 0 935
1.40082726220501 4.01603914427941 0 936
7.84617408711837 3.69286864298328 0 937
8.58871945987267 3.22393507284194 0 937
0.0144857536231502 3.0533252904551 0 938
2.12081123808597 3.19128999254914 0 939
0.00755989807110428 3.07529262502654 0 940
0.160493754886224 3.07985959776169 0 941
0.0250841364284201 3.12193158129477 0 942
15.2928193292175 3.79775900181397 0 942
17.5446997886497 3.15921079889102 0 942
17.6475841005672 3.89246280821614 0 943
0.142460823346331 3.48008661786423 0 944
12.865224347211 4.45701223764765 0 944
14.143077732736 3.15454475638154 2 944
1.88932004682794 3.17042324869803 0 945
0.12328407766001 3.53735698729384 0 945
1.66553575404806 3.46274243823992 0 945
4.15438308221822 3.19833172872283 0 946
1.1676441134411 3.38642546604997 0 947
4.05351704538083 3.29751112567041 0 951
0.278574113510712 4.58710654241461 0 952
0.0981542599099457 3.30442322491407 0 952
5.26237233030822 3.54625541026161 0 952
3.42283487062532 3.20307131854282 0 953
0.356677316845401 3.04953882363619 0 954
0.0742220915310834 3.1319615385524 0 955
0.143152498686006 3.48041095429156 0 955
1.45852640887047 3.6397144327956 0 955
2.15914318635958 3.36778040536721 0 955
0.0810476255924565 3.71252960428875 0 956
0.126486639496466 3.85056060135732 0 956
18.1269404000227 3.78020578289526 1 956
0.0347011687422357 3.7569026321821 0 957
18.4266118308619 3.43155829611084 1 959
17.9420617898713 3.22234037620564 0 960
0.961616273110685 3.200635786315 0 961
18.9590391990818 3.72889469546754 1 961
18.2428380471278 3.55992829274533 1 961
0.297342373363925 3.9766391665103 0 964
1.5154562578827 3.12346250376501 0 964
7.84153421992892 3.17779246589756 0 965
2.16273374620846 3.06550685789795 0 966
10.6171587765436 3.00777538794646 0 967
12.1214454912459 3.20231201895756 0 967
0.84521730505827 3.08254443777153 0 969
17.0390328872372 3.06015793300382 0 969
18.0752805582337 3.36949388879369 1 969
1.16510300719665 3.2906615778462 0 970
0.154940307881107 3.04165031018877 0 971
1.02615914393558 3.04545875817911 0 972
0.743880570120146 3.07279431792328 0 974
1.12982640642459 3.1125676237195 0 974
0.0279715764143747 3.33042836151103 0 975
0.0352805335769237 3.09977778457986 0 975
4.52275422852192 3.10452294709075 0 976
17.5481871771116 3.31822651366949 0 979
0.197286910006019 3.13644980863612 0 980
2.84031509312301 2.99483440963738 0 982
0.191505278661515 3.42676314979821 0 983
18.4691818334718 3.02497523506074 1 984
0.910276478794772 3.25566691543698 0 986
15.3595669088262 3.12483385486403 0 988
0.0380061634597836 3.22534398164381 0 989
0.0455782457900674 3.02269068211622 0 990
5.37470257677692 3.4801388455572 0 992
0.0526769106160178 3.41701742108739 0 992
0.140137415485728 3.0186889339616 0 992
17.6733383392657 3.56588316953767 0 992
18.1452122125491 3.00553080959266 0 992
0.083120068436829 3.00087118990575 0 993
2.50639750682024 3.7214041093986 0 993
7.87440244807463 3.04007085769482 0 993
0.215628980177705 3.00454865297787 0 994
18.7923384468196 3.63178148583216 0 994
10.3659710449058 4.17909828272592 0 995
1.5247446319385 3.14471808800973 0 998
17.0016867493865 3.09035370356176 0 1000
0.0470005046694149 3.06531555193346 0 1000
4.64380007133694 3.84249841122801 0 1000
