"ts" "magnitudes" "gen" "cat.idx"
10.8718894309634 3.41903346002478 0 3
0.124342932939931 3.1874317776922 0 8
29.2644570653327 3.04112021399621 0 15
3.07159979198875 3.00305894475893 0 18
22.7456022474072 3.20334985326176 0 18
26.4510584724457 3.11296388098794 0 21
0.623219091527505 3.37024671852313 0 23
8.04368287343983 3.29078030023107 0 24
2.80801486983877 3.04162942488191 0 26
23.4894370476671 3.09774690396757 0 26
2.37263134319879 3.07910089274019 0 27
31.9763697904325 3.50470417230156 0 30
32.9413472059273 3.19431622895212 1 30
14.7027240299578 3.22170589550005 0 31
32.6394268910554 3.37824578951476 0 31
32.1490076038279 4.7488295152244 0 32
32.8576493817865 3.9092907584414 0 32
32.2225165455828 3.43352918122499 2 32
32.2547793335835 3.12158448065831 2 32
32.6743137424173 3.25421267457505 2 32
32.4736447140918 3.77855607545753 2 32
32.1624863015747 3.07307384545653 2 32
32.9159092404234 3.0581638624441 2 32
32.1594189685376 3.27483820882984 2 32
32.6526132486916 3.35725021361779 2 32
32.161054123444 3.27372789031029 2 32
32.1630125911481 3.00444898651903 2 32
32.1514815977349 3.44679455172014 2 32
33.0026346001558 3.01605255173175 2 32
32.2307003890506 2.99134490664721 3 32
12.6055930475132 3.37986600470734 0 34
31.3428762970056 3.4974099404237 0 34
0.00176998945322964 3.17301631320843 0 35
32.4665503521168 3.9081803584079 0 36
0.252228145197789 3.0039591674327 0 38
0.0195382315817879 3.59676550224683 0 39
29.2670785541489 3.2186316575785 0 40
0.639226421186536 3.44364094246252 0 41
0.00723277789889674 3.01223058314822 0 43
32.919285479616 3.30134178103117 1 45
0.0276428217029301 3.03832409858135 0 51
22.6142352227554 3.24950716848266 0 51
0.65368581092362 3.39958917476207 0 52
1.96060955216531 3.24124929037665 0 53
32.9838371627588 3.92269976490778 1 53
31.9068173096372 3.31701624451234 0 57
4.83380193221191 3.13989491773974 0 58
3.11829389321571 3.07280449435289 0 62
0.371932293479191 3.03421704991181 0 63
22.6332965238135 3.28478394867579 0 63
27.1655813454364 2.99418108585501 0 63
0.0783810202967026 3.04945592158906 0 64
3.93117395588756 3.20417661773234 0 65
27.2054677558908 3.2242674074616 0 68
28.5247867859476 3.11257501948681 0 69
31.258672430134 3.40242848410435 0 70
27.6264462380668 3.24386458929964 0 71
10.4419385034006 3.08503177422053 0 72
32.304317305246 2.99999109873869 1 75
1.55732789708004 3.04615772612941 0 79
31.9833300911914 3.06243739407026 0 80
18.987346490635 3.14255131851498 0 82
28.3392088315162 3.28935898835544 0 82
27.0811745038397 3.64025595874611 0 83
0.659375239794333 3.00210383590369 0 85
0.0306675095242281 3.02121781648755 0 86
0.351655754611881 3.17770756158599 0 88
32.1643024947584 3.46762789879751 1 88
32.4649423197001 3.02674811158401 1 88
0.771054433931205 3.03317945087322 0 90
1.53454003690039 3.09909024709901 0 93
30.6210039153605 3.52856566642791 0 93
8.48334665471589 3.34720716666897 0 94
32.6787795509767 3.45512297948532 1 96
0.0275574429080322 3.46114539656291 0 97
0.332601183403632 3.19777815410803 0 100
29.5298044165602 3.23339037561509 0 103
32.3725750643427 3.28643898201896 0 104
31.9614668270067 3.09244587902111 0 105
20.3634873359119 3.01121636066894 0 106
1.07771284146287 3.12510664749795 0 107
32.6587021829143 3.42202307902537 0 110
32.6738461897798 3.89712278723558 1 110
32.6819565491761 3.08216773661392 2 110
32.9631821558404 3.21223478406616 2 110
2.08710525686119 3.42051251896288 0 113
2.60822630874337 3.35854246706541 0 113
0.200065384348759 3.08748415456937 0 114
32.3560049693656 3.80136829137895 1 118
32.7509530070119 3.2909591125114 2 118
25.3951306306684 3.2448376634156 0 119
0.409966722931652 3.58337469683719 0 121
1.06273602812263 3.1510284478035 0 122
22.9386177378913 3.42696075916263 0 124
23.122010702311 3.26664944160403 2 124
0.0664656901576305 3.08590825869436 0 125
0.0108601031216759 3.10352049709833 0 128
25.1964174091392 3.08243064735577 0 128
27.0719090408653 3.4203800859056 0 129
33.0127690624535 3.43143822725321 1 129
32.8322915610947 3.0318476118311 1 133
0.0488337009203429 3.29168601368077 0 136
3.79331501139754 3.15330890698215 0 137
2.7780742093188 3.77169548950749 0 139
2.46617512177203 3.24064966572946 0 139
0.0977031649069488 3.05565081083594 0 141
0.233338989849842 3.0505604461179 0 141
0.0508706901308568 3.4891620492356 0 144
0.125499744286054 3.18985260669894 0 145
5.88787263847573 3.33603503479892 0 147
32.8850919172723 2.99498721691795 1 147
12.9139931280046 3.07537554281347 0 149
0.186050956592523 3.46632932486464 0 150
32.7011309232652 3.58993627952274 1 150
26.9963654328355 3.23183050266115 0 151
31.9772742191797 3.28338884225673 0 151
1.98085154364919 3.51415172842033 0 152
32.2656037014999 3.238122940052 1 156
32.3239150335672 3.03933513661619 2 156
0.810841013812684 4.11652376163642 0 162
7.48296486283416 3.38058949776915 0 162
0.0200446820569779 3.69325969024123 0 163
0.0170579950953527 3.11846282782017 0 163
32.0543037440989 3.12448565517715 0 164
0.0114909478900362 3.2573034427326 0 167
0.383085916741152 3.20081971798617 0 167
7.54744760155254 3.28398883662326 0 168
0.41582522751796 3.32130267934097 0 171
32.062046227194 3.87527810128188 1 173
32.7675847120659 3.1728776071626 2 173
32.4085059012497 3.04945089621403 2 173
32.8615901122927 3.28588467279363 2 173
8.81758623187234 3.05294537070497 0 180
0.0334570603558537 3.10693076992045 0 182
0.0126857720916499 3.03370538455942 0 185
16.0570504049084 3.24212836591252 0 187
31.9649776781931 3.20345249768978 0 187
3.21311620013366 3.27025114893538 0 188
31.986993660249 3.28122779065613 0 188
0.11498660384712 3.14757877823521 0 189
24.123753464491 3.47870603019818 0 189
0.0232623735898873 3.05194218458673 0 190
32.3297361092732 3.95330157319225 1 193
0.921019584559557 3.02732167447915 0 195
27.8226963982374 3.16675493629578 0 196
0.226688129842796 4.74443424296128 0 200
32.1018368200489 3.65121308878467 1 201
0.784948775334527 3.01897867556128 0 203
7.93564267769384 3.02846929854904 0 205
32.3510590123659 3.41583903448432 0 206
0.368568703891386 3.40398711582122 0 207
3.20681046468817 3.19949753041812 0 207
0.0805457953767308 3.29050359949518 0 208
32.0963653350804 3.21351968907782 1 208
31.1581002690217 3.50818891210472 0 210
7.54029829516274 3.16787600740634 0 212
27.0495121843385 3.1616279296354 0 213
29.2225814037751 3.17690875600308 0 214
32.1190729370896 3.07609850811474 1 215
23.7751419749439 3.15937389235194 0 221
33.0114560505931 3.22238846409412 1 223
0.595881289234355 3.01396855483891 0 224
0.00548757809525631 3.21124381017256 0 224
7.37776238975144 3.56478438946029 0 227
30.4670822735907 3.08889610918274 0 227
32.9316103343476 3.12156954043587 1 227
1.28595626830951 3.1605340610668 0 228
32.0538750166629 3.14765767438844 1 228
32.0565868960378 3.07272122520789 2 228
0.0193501361114329 3.09656894810778 0 229
31.6962333067361 3.25818389308291 0 230
31.7092174226898 3.09111349343477 2 230
27.113102757448 2.99835352425343 0 232
23.0616829140479 3.24836470623521 0 232
7.7403051457246 3.25007568050849 0 233
27.1047628981157 3.3416553516968 0 233
3.11901613630558 3.09978223176534 0 240
29.8192351761673 3.33569952784391 0 240
3.85075866944738 4.19517224745951 0 247
0.32845954998253 3.31694728563481 0 251
32.5264783116613 3.48359194647795 1 251
32.5621507951715 3.57469831885455 2 251
0.323300205311105 3.84839166667434 0 253
0.668729133820341 4.01403617237713 0 258
32.5730664607068 3.02881300134256 0 258
24.4650223669748 3.12815701944088 0 263
17.1494263090729 3.20280673236554 0 264
2.85669909816172 3.12428968632374 0 264
3.81812478205618 3.35169634516628 0 265
32.6222664761912 3.45949046191663 1 267
6.13700782955531 2.99160563285351 0 269
19.5476959378259 3.29061990798316 0 270
3.34746132287359 3.14111525403541 0 270
1.755992190006 3.09466785030674 0 273
13.7261238066971 3.83899984715938 0 274
0.325400108383862 3.18117082629028 0 275
32.0899104234135 3.08444373765568 0 277
7.75947066770856 3.54072928010807 0 278
32.0377798100645 3.17005282502022 0 278
32.8851832762916 3.7451462435994 1 281
10.0648961733751 3.22535859473357 0 285
32.025410934506 3.81157027362936 0 288
32.3238560205571 3.19945239189448 2 288
0.480452094891846 3.13137514648948 0 290
29.520102548028 3.07823547253601 0 292
6.54003539916317 3.65199779782876 0 294
0.0807662842928953 3.32203374703005 0 294
4.63814660454421 3.07624727463392 0 294
3.22237405314627 3.72104494655995 0 295
0.318604714675715 2.99271355892521 0 296
31.9601321588715 3.03387032018338 0 297
31.6895847678597 3.15995924454433 0 298
0.144479448008236 3.07743732165491 0 301
0.199661012647985 4.2838630101146 0 302
1.1027859464162 3.14953854614306 0 303
2.30003334710141 3.11083804063879 0 304
32.5454506677665 3.11320042831107 1 305
1.20841624583647 3.08521083682384 0 307
22.6969663713133 3.07880978568641 0 310
0.857889033537468 3.62235300059231 0 311
0.0292803249346066 3.00551350272426 0 312
32.6588803864174 3.03807974967558 1 312
32.6966427428738 3.58238963995128 1 314
32.9770074369476 3.58752272025094 1 315
27.2096879751418 3.01702727498181 0 316
32.934988460885 3.08986188000069 1 319
1.13296646394168 3.78312116730097 0 321
0.252977682484879 3.11840203410475 0 322
29.7096328539923 3.5961274488312 0 323
32.0654038337355 4.13384427198577 0 324
32.090410967847 3.21136775846408 2 324
32.3544860144599 3.45996156784575 2 324
32.3909073800441 3.42527675613972 3 324
2.44409084403735 3.41180225160304 0 329
0.747895251531571 3.68269251452767 0 338
0.611808157344216 3.36933737321442 0 341
11.8722692417829 3.00282085984289 0 342
32.0220956659855 3.03743970490067 0 344
32.0294252920459 3.19050688102593 2 344
32.3710639529486 3.2208298078373 1 345
32.540491284892 3.13312383305114 2 345
0.118408604892191 3.23636970933317 0 347
31.9582684885722 3.26209296251131 0 348
32.6255098117139 3.20666511142812 1 352
0.349453615266228 3.36849239252193 0 353
31.282066908076 3.54495060164574 0 355
27.0439311887482 3.86037533824407 0 357
7.45588051569115 3.01861349853185 0 368
0.0599997116092947 3.1841789153953 0 370
0.0610823499975191 3.31641549486047 0 371
0.049659949816861 3.0615233943165 0 372
2.53978017323895 3.17604908451098 0 374
3.17361518475021 3.72704482869527 0 377
31.9586526928354 3.44645922015305 0 378
32.6956171415836 3.49359354210737 1 378
0.973882543204911 3.03526760229106 0 380
32.0975138492459 3.18864234450993 0 380
32.1087623794001 3.18881781822751 2 380
32.3589370894474 3.00990570658392 3 380
0.928189442719919 3.01508203268557 0 381
29.9272726709632 3.03931071602672 0 382
0.333192054858067 3.03347841177351 0 383
31.9884174464575 4.1881858369211 0 383
32.0474519518991 3.29842269837746 2 383
32.0594905895461 3.0352009323362 3 383
31.9683624141717 3.32270280201575 0 385
31.9728897844738 3.8652984704285 2 385
32.0046840346983 3.28826759044545 3 385
30.3117151826302 3.04403199223648 0 386
32.2427418855109 3.41149963849069 1 387
1.14394994451734 3.17290867292997 0 389
4.49642328504511 3.43304577679852 0 389
0.060833921704784 3.651036680428 0 390
2.68575063897366 3.10091218376504 0 392
1.04010252653512 3.0672220482913 0 393
7.26088840371851 3.73533436546612 0 393
32.0881048381884 3.92297226870515 1 393
26.7129533423596 3.28417504727909 0 394
32.4460543754135 4.15773224530373 1 394
0.32220583187211 3.52273380268207 0 396
5.83878231532581 3.33956776484945 0 396
1.08636505635886 3.07569102622421 0 397
32.1503026248688 3.08507525183444 0 397
0.14910356593544 3.08140810380376 0 398
32.1885770262774 3.10444649512796 1 398
0.12573402655111 3.71264376416718 0 400
27.0805877668506 3.06135148979478 0 401
7.5378391157413 3.70648869101424 0 403
22.6440255442911 3.40237212733645 0 404
10.5232965384906 3.02990901915269 0 404
0.0602496327379747 3.37490656211993 0 405
0.0732007730512642 3.05452147384997 0 408
10.0161119666052 2.99116437656003 0 408
11.2178341427519 3.10836681213229 0 415
22.7490065181546 3.18178228490658 0 418
0.14371459423032 3.17616434762709 0 419
31.9734657252008 3.43409930743464 0 419
0.00423754346360284 3.47688780482189 0 424
0.209731758185895 3.03405119253212 0 429
31.9994566050938 3.04604937631294 0 430
27.0746648061356 3.25271279151445 0 436
32.7668176935144 3.02825615039316 1 436
31.9837702378863 3.15836365474383 0 440
7.32659073356117 3.13567268231591 0 442
0.00138181773322114 3.22012707250574 0 443
0.0131249516426412 3.09837146570888 0 450
5.60065876779098 4.37903572843253 0 451
29.8335823695316 3.02307204997189 0 454
29.7699679887605 3.29328636817137 0 456
0.0776393787712942 3.03058383820373 0 457
3.00016781180485 3.56319593097429 0 458
32.3690060238909 3.05794487566687 1 458
15.9211797678247 3.27630321879424 0 459
0.0637278643212459 3.25950758178739 0 460
9.55658703007632 3.13835889875115 0 463
12.7241802045514 3.00752932517058 0 464
31.9933207742761 2.99251072295801 0 464
32.1644364401322 3.2149025189688 1 464
8.57125775702081 3.13550656680477 0 467
0.0920952345415805 3.27332387294662 0 468
20.5499256864094 3.06556620199053 0 470
0.064906860206727 3.14241522809527 0 473
7.41433321675604 3.01965567134195 0 474
1.9570562941511 3.18874183949204 0 476
30.7317323590063 4.10603262598544 0 476
0.0439302221605627 3.37249715500123 0 477
8.13476690677258 3.069341656601 0 480
27.0500536175383 3.06923395451821 0 481
0.187160361469376 3.22043959162407 0 482
0.179612790695101 3.49103389192908 0 483
0.155405782469578 3.43378554621382 0 485
2.1557346271557 3.00461948150355 0 486
0.781176336230915 3.07455358469033 0 487
31.9634399815467 3.26773218842189 0 487
2.15228398090868 3.07965521491478 0 489
7.36826310979861 3.18272293083312 0 489
32.3675709594131 4.32158779955264 1 489
32.5027648149057 3.16689941650253 2 489
32.8240534532014 3.18975433932059 2 489
32.4706197798117 4.1114186944547 2 489
32.4223549088384 3.16134345215695 2 489
32.6002578830076 3.24290578231294 2 489
32.8720641775448 3.13803698989467 3 489
31.8309799276309 3.16042272661598 0 492
0.0464674669824933 3.01156849275539 0 499
27.0805864695969 3.21112383765698 0 499
32.7678586313591 3.36849708419809 1 499
0.183198410650337 3.12820693492459 0 501
16.8352949196289 3.30142614728147 0 501
32.2189242518934 3.10487874086439 0 502
28.2000006424621 3.99295882907894 0 503
3.49070009314834 3.1379757778509 0 503
0.0304092592414109 3.41802062966421 0 505
0.0243689250792999 3.11899810956356 0 505
32.9387423777111 4.01331530846064 1 505
32.9618241353222 3.11254075064917 2 505
32.982664690008 2.99299189333954 3 505
32.988092424506 2.99602558064899 4 505
0.113090944563886 3.23042523961423 0 507
32.804073036797 3.08351518218405 1 507
24.0824978915867 3.62135751271001 0 508
32.5952015346006 3.13069958666098 1 508
0.421575447510102 3.15202424410156 0 509
0.0504398925350767 3.00044518170397 0 511
31.9707628401949 3.24267874435121 0 513
0.0864151110284654 3.17430198713873 0 515
22.6719042383157 3.05756405945387 0 517
32.0404983788353 3.66052339625837 1 517
32.2686032662694 2.99890245793827 2 517
32.6950462159243 3.34186785204202 3 517
1.8387476363922 3.58631001860846 0 518
27.0962347703952 3.34723043721307 0 519
1.19947519422716 3.00371869556002 0 522
2.65014975673426 3.53514875540234 0 522
32.6350582078189 3.43294210275269 1 524
8.19698392951653 3.15025211256931 0 526
32.9585831602194 3.14581712866865 1 534
0.583448763690351 2.99195521555252 0 535
2.43801199125764 3.09194250231179 0 539
2.67602829641915 3.08804885725614 0 540
0.705332159508944 3.56399355288299 0 546
1.67498502718399 3.34489088651208 0 551
32.8366963047624 3.50653930887827 1 552
32.7072394994643 3.0836963604077 1 554
32.7454247599557 3.10882505748946 1 554
32.0024425604164 3.23390351760278 0 555
32.5536709341358 3.8754927344081 2 555
32.6224920937869 3.1960899752025 3 555
32.6074790688321 3.36881948753278 1 556
27.1552114397989 3.61105281259405 0 557
0.127642656916458 3.35496998598983 0 558
0.0912160788628823 2.99396974134386 0 559
0.654980222409742 3.18862831734951 0 563
10.0018791542531 3.30009490643866 0 565
0.00860887503124555 3.02398228274902 0 567
32.0783649945236 3.10411354441479 0 567
31.1735698357991 3.52668959825302 0 568
24.2798987566534 3.49018365271772 0 574
0.44815031611099 3.69772439272906 0 575
3.06778344998383 3.20454925015773 0 576
2.07803124379505 3.13043837931494 0 579
5.29160460280965 3.04400482627056 0 581
23.8693428504568 3.00435940204387 0 581
31.967828698219 3.03951282810029 0 582
0.687208295259828 4.41762746061243 0 583
10.3101694134354 3.75490415634622 0 586
26.5584386924767 3.00961207134443 0 589
2.18347146468126 3.48969144844457 0 590
3.20109457737218 3.01152281372021 0 591
32.0139862388721 3.07149658365705 0 593
32.7082079680726 3.06324136718121 1 593
3.07184720080333 4.13781049016935 0 595
0.000981987557147504 3.00834605055108 0 597
0.0241998466627362 3.15159856511351 0 598
10.3780403951615 3.18346543160619 0 600
32.6935275643222 3.78488076217634 1 601
0.0569841756428846 4.30469271438519 0 603
32.8202398087919 4.24140820409107 1 605
32.8401436368051 3.5241361369912 2 605
32.9467006580108 3.08532088665147 2 605
32.957468226935 4.08249746723252 2 605
32.8458606955796 3.41302637826164 3 605
33.0142445851686 3.44312776410047 3 605
32.5512039506898 3.01139760288934 1 607
1.77706485154718 3.12178361732306 0 610
0.295580094034069 3.04570974119188 0 611
32.248960897708 3.25132876116127 1 616
32.2508785658773 3.26587566753979 2 616
32.1238203218501 3.85516221163538 0 617
32.1244492116932 3.13619635317573 2 617
27.8406472259748 3.60839315721406 0 621
29.3032182007154 3.66462326682381 0 623
32.4247433456216 3.08095057046391 1 624
22.6114181649427 3.04858497763666 0 625
0.165410141746854 3.08762259797603 0 626
32.3325340055485 3.06964322132759 1 626
32.4737304974437 3.01716776056216 1 626
1.06861627873176 3.80860227636096 0 628
31.9865126880418 3.0865958393538 0 628
32.6653136624113 3.03258689870618 1 628
6.28874575793134 3.45500039204888 0 629
22.5794447823244 3.76441923602604 0 630
0.22949055523467 3.48538626084757 0 632
21.3551056579303 3.03076867531974 0 633
32.5330585242804 3.16030246745312 1 636
32.8421660944471 3.37684546929985 2 636
32.8582016267972 3.32026435438912 3 636
0.71966033450028 3.00297683951724 0 637
23.2650007504452 3.11743527984781 0 637
32.1618826265054 3.09469921751908 0 639
32.6582188244533 4.11241554021461 1 642
32.8879586290974 3.09842807757114 2 642
0.0586144305988171 3.00327356909924 0 647
5.18949012638496 3.06813740049065 0 647
8.61688169361122 3.0034717918111 0 649
32.4868931647383 3.29783959656152 0 650
7.34763248052883 3.92259420310306 0 653
14.9197238713641 3.22661419468846 0 653
0.0393573621436652 3.09537701142793 0 655
32.1348030433614 3.22716994208209 1 657
26.9155411892144 3.43626624286855 0 659
2.18716840097634 3.43054389852563 0 665
32.9303543538876 3.10942361109926 1 667
32.4467756040481 3.27828633662234 0 671
0.0486453089229528 3.12904972126022 0 677
10.8559376821168 3.20297666353698 0 677
32.1033536070457 3.40150133818361 0 677
0.242952373581973 4.05098563252522 0 680
31.9792756661375 3.33868538041559 0 680
32.6427088630475 2.99034166587821 1 680
0.0636393503578246 3.5840322834524 0 683
0.504115734836776 3.14688524784486 0 687
25.1256562963166 3.61749853302441 0 687
0.24190554259158 3.23752874422219 0 691
10.8507536401336 3.54421690541528 0 692
0.38431810969597 3.43127242712596 0 693
4.33883336969758 3.62920295261165 0 694
1.61089862612081 3.17191980886671 0 694
2.37412057386418 3.31733894178067 0 695
1.14852229296411 3.27443068376717 0 695
17.6312434399858 3.0965513251556 0 696
32.0070881969788 3.01933337418532 0 696
31.9653953557455 3.00677632523812 0 696
0.918693132888685 3.15915141325625 0 697
32.4549649166033 3.49430532767372 1 702
13.0154177910753 3.00901861925768 0 705
32.0405789457827 2.99017931831079 0 705
0.921604097626768 2.99893700445317 0 707
1.01015818407507 4.75855537505327 0 710
4.6361661722157 3.01459067591368 0 710
22.6994017407033 3.21086392543257 0 712
0.379696449322055 4.02805575877171 0 715
4.84446324925199 3.17302699414883 0 715
27.0845490205431 3.40091394826593 0 716
31.7377556845257 3.07359779957978 0 716
32.2254098353942 3.03870133603564 0 716
2.12953556827635 3.01545041572381 0 719
31.15648524793 3.41216216460534 0 719
0.553505945605806 3.02838015932166 0 724
32.8759349874776 3.07383545739608 1 726
29.771610992577 2.99349863519637 0 728
27.5647468236212 3.08409893738384 0 729
3.06991121139816 3.12183686784463 0 731
0.0319796337559138 3.26067393029792 0 733
9.02855745804858 3.08648840720409 0 733
13.5240407421739 3.11291586570018 0 733
26.2328251627083 3.25246817601451 0 733
0.147868403269218 3.44066045233948 0 737
6.95340950406739 3.16750472517205 0 738
0.153114909001548 3.21727904243509 0 742
8.15007565936456 3.08209160346589 0 745
32.8352329660297 3.22453285030078 1 746
1.30621119849508 3.2953525279605 0 747
14.3715505454869 3.98126594084763 0 747
32.5907114156612 3.11672647501043 1 747
0.148433381624648 3.00786146305633 0 748
0.429041152732223 3.30595951165016 0 750
0.055210739343257 3.3278131010207 0 752
22.6921153890934 2.99279335479281 0 752
0.00437784168133487 3.10279678124117 0 753
17.0038603946701 3.06914271515521 0 759
10.8837480180688 3.59500144534083 0 762
32.0191085387344 4.12281028229619 0 762
32.1658899399765 3.38496198513695 2 762
32.6276060167324 3.53371031185515 1 763
31.9590358320354 3.08712893703461 0 771
0.0416385776873624 3.00789219212193 0 773
31.9832873732737 3.40058260280282 0 777
32.2983766800348 3.1121071965695 1 778
2.48283659536217 3.50205610799197 0 780
0.477705416110304 3.10113757781374 0 781
32.7284717657586 3.04918855710909 0 782
31.9669176374593 3.4067682412292 0 783
0.519411158816013 3.25091191239649 0 784
31.157058204571 3.49134354558529 0 785
32.4935400138233 3.12971425222873 1 787
0.43466154136059 3.45503988018618 0 789
32.9320558217909 3.51295795162888 1 790
1.02339394123155 3.39167711736101 0 791
0.182908458194005 3.06724172857914 0 791
0.445935954505472 3.55379707667175 0 791
14.7065963769149 3.17367204978358 0 793
2.30221201223424 3.19594720385533 0 795
31.9635098861463 3.15255011265083 0 795
0.406922132292569 3.15941117718055 0 797
32.0848829717465 3.01037044868422 1 802
32.522262052421 3.01211768864537 2 802
0.0280381966004121 3.58111817268664 0 803
0.265559220684097 3.27985139805697 0 805
14.2068354494793 3.33766284849727 0 805
21.5855933543424 3.69932925349995 0 806
32.3957609584645 3.036183018264 1 806
3.19686724926392 3.04771487454223 0 807
32.005740183139 3.25039620445662 0 807
32.5765866426841 3.00645098360232 1 807
32.0568102914989 3.38878047298514 0 808
32.6298861331478 3.85158471373575 2 808
22.5165007175674 3.25615808076309 0 810
32.1345754088022 3.07017859528365 0 810
32.0618390388876 3.12559218845358 1 810
31.9651821647074 3.48679608476973 0 811
0.280599345476544 3.00767035952705 0 815
1.99100073734182 3.34699116839405 0 817
0.0520367430499942 3.36385365934868 0 817
32.5023752044976 3.20140099942389 1 818
32.8552714331631 3.63476029967776 1 820
32.0704415131061 3.29211569287099 0 822
0.164563566527739 3.5572797594499 0 823
0.36933812874904 3.16564870958678 0 829
1.76015901841451 3.04765263160109 0 833
3.12101617198491 3.73146573279165 0 833
0.199665061020809 3.31933412900238 0 834
32.7733291731306 3.14718969343516 1 834
2.8199029923337 3.37322740851034 0 839
0.177024251022796 3.0969207546622 0 840
32.2606127421927 3.3535365877311 1 841
32.2609707167011 3.40220246019677 2 841
25.15909297998 3.13411634978091 0 844
32.9927828704562 3.18120275489465 1 846
0.0473635078938529 3.21705676879284 0 847
32.2274232851264 3.12218445524754 0 847
0.0905466683491338 3.0250902346556 0 848
32.1071798919324 3.15501695801483 1 848
11.7366392350365 3.42928437737249 0 849
30.7122573146828 3.2694674818003 0 850
32.0441970489078 3.7452954749829 1 850
32.0768497958677 3.06096846570333 2 850
0.0755307477194782 3.42799366835812 0 852
0.0301836572032282 3.21025858665732 0 852
32.2354606018957 3.34738194387593 1 852
9.16791221826315 3.65371053289946 0 853
2.81406892454558 3.55290978405028 0 853
0.506874637086939 2.99131034779636 0 857
32.2772497207947 3.30175337459113 1 857
31.9888361214582 3.76543293497989 0 859
28.4515562705084 3.01917608859074 0 863
29.8425427519873 3.46985167890782 0 865
32.3651728438303 3.04747436425851 1 866
18.2293703717836 3.02409898336458 0 868
0.105504401216737 4.28420965245366 0 870
3.66682061659391 3.33825618535934 0 871
0.147125245225301 3.08864829542897 0 873
4.01460518854466 3.48785765807058 0 879
30.7773773702381 3.36317539372997 0 879
29.3203398781401 3.2016179299142 0 880
22.5477228765104 3.04514008380341 0 882
0.0475746983102899 3.29170665511692 0 883
4.58912872051803 3.11210483192381 0 883
8.58469042827701 3.34718526218246 0 883
4.63866071815905 3.1751240763554 0 886
0.461556098720621 3.50055108699156 0 890
0.326933545816909 3.43120732474165 0 892
0.915056616049237 3.16013203219702 0 892
32.2539945937783 3.00613927582194 1 894
0.0758348605424993 3.85815516170787 0 895
32.0586766534061 3.86413728694099 0 895
31.9791662932695 3.43868586684223 0 895
32.7123659107924 3.15831314000043 1 896
1.76085184909093 3.02211204720678 0 898
1.30256707770297 3.66225728416579 0 898
0.257825239226398 4.1194382551704 0 898
0.115926857658637 3.24259441762891 0 901
0.104415210232421 3.19302203480946 0 903
0.102456652103788 3.21851184017968 0 905
9.24245742983437 3.0920076411423 0 905
0.609182783695985 3.58451021880112 0 907
31.9756982609942 3.89174534896771 0 907
31.9843160680608 3.33100647096446 2 907
32.0087311502437 3.21771604937589 3 907
32.4566777511364 3.0486030620453 4 907
0.914712947368223 3.03824363751675 0 908
28.4521349787011 3.38227461387602 0 909
32.564934276193 3.24294542355098 1 909
10.7242221734531 3.14007668050289 0 910
32.1534609808714 3.30499999751346 0 912
5.88682216603187 3.39246480785836 0 913
0.0019146540477664 4.62328415363037 0 914
32.1944734078456 3.13454288170587 1 914
0.0779333795446716 3.02737484171207 0 915
0.513880324072071 3.08151957622722 0 916
1.2075689879551 3.10767321713236 0 919
28.2469961505699 2.99884895583385 0 919
0.198190207656766 2.99520864427957 0 921
29.1115953458761 3.2232495363033 0 921
25.1587546549854 3.21317911659101 0 923
28.2479177552212 3.24549394153609 0 923
32.3489623942036 3.03905988540405 1 923
1.54761679514923 3.26758170516611 0 924
32.8260734322571 3.13857321900157 1 924
1.27971420599593 3.56886060732792 0 926
32.7313861126636 3.94972314357507 1 929
0.915764141349211 3.23757563311125 0 932
32.6140842283234 3.32531064383017 1 932
1.50181213151106 3.16384391256568 0 936
0.399305633493382 3.4596291962489 0 936
0.605393184943162 3.13842913825078 0 939
31.9681459449222 3.64404514982455 0 939
26.9174208793725 3.8040359494806 0 946
32.237229566937 4.03285999638089 1 948
0.00821341616845071 3.20541721464038 0 949
32.140532507477 3.56343665522481 1 949
32.6593322487638 3.39444994583993 1 958
7.40329475867412 3.29176128106046 0 959
21.5294972809486 3.1809176025559 0 959
0.0123007879200188 3.13254579528065 0 960
2.47229807601811 3.00021326290494 0 963
32.1995958825464 3.2298729371854 0 963
0.0152707663895812 3.12472029333639 0 965
17.6673912258593 3.26609561477301 0 965
31.984460191806 3.01325976028381 0 967
31.1563900622013 3.45159552276109 0 969
8.95306496081209 3.56925685915864 0 970
0.0883297284999437 3.42534963496363 0 971
1.31575798012449 3.7578496063291 0 972
31.1667099200754 3.39516772533332 0 973
4.74170972194634 3.17774160365626 0 974
1.65722985989631 3.00146288604546 0 979
0.102787824905655 3.16820681511114 0 981
32.3150468135832 3.44087931845674 0 981
32.5236553202007 3.07728700315375 1 981
0.0728479814929528 3.03968915578741 0 982
27.5436546717604 3.17274943783561 0 982
32.4275508207824 3.10713392652693 1 982
27.6428455908791 3.06666412081186 2 982
2.7023142700815 4.08368770966428 0 983
19.6341194641818 3.28525527154076 0 984
32.2702064299114 3.53606136529079 1 984
0.644974221881748 3.30698841445241 0 985
0.0150194679816498 3.25523585183523 0 985
31.2409494215793 4.35252660323286 0 985
0.215823116549911 3.14202054512538 0 986
0.61892263683777 3.30988285296382 0 988
31.2200675941258 3.00726055268289 0 999
