"ts" "magnitudes" "gen" "cat.idx"
68.3543229909887 3.0642259531499 0 1
112.186084536583 3.41416236739365 1 1
63.6679856253034 3.09925345174714 0 2
111.571897302269 4.04586856803136 1 2
111.738962646554 3.14348097584278 1 7
69.4423893245228 4.54544941277047 0 8
67.4177930710927 3.12413257579174 0 10
67.8115264412807 3.47946422336465 0 11
63.773157937526 3.14282742680784 0 12
69.2471698089352 3.00543616323304 0 13
110.761540551301 3.3528316656602 0 13
67.3091487527486 3.12199861461012 0 14
100.978935846519 3.60750637043316 0 14
109.968972578769 3.01706485357139 0 14
65.1883618075856 3.13750700847896 0 15
67.6707476611643 4.03106629884277 0 16
67.300732772816 3.82979511231655 0 16
110.700296314632 3.11604554514014 0 16
77.0167415208829 3.23945935320819 0 17
64.1680021672469 2.99396365613978 0 18
67.2735114859366 3.06741235459491 0 18
67.8040450707481 3.9675516727543 0 18
66.6618372062577 3.0072142320325 0 19
63.7553880282891 3.10860927880903 0 19
68.8129521692165 3.10646086729291 0 19
109.657703589261 3.07602763793172 0 19
67.2891013688207 3.2955408258152 0 20
112.036403840621 3.03920872493717 1 20
111.739393379753 3.09107961360089 1 20
67.413424373875 3.20234499732674 0 21
80.6126581423144 3.23417917283419 0 21
67.4187709842535 3.04611131061914 0 22
67.3968320864116 4.95174168857269 0 23
67.284228476241 3.30470011651629 0 23
67.6371365597236 3.04763266159739 0 23
112.00879149463 3.53897236766205 1 23
0.100390226265357 2.99930956368407 0 24
67.2580882616308 3.10037308560394 0 24
73.8921399585695 2.99820788187245 0 24
67.7614663276778 3.57355847058714 0 25
67.2679516736766 3.32728315918514 0 25
109.502222469511 3.2591577272294 0 25
110.7108231273 3.21568335629088 0 25
69.0862344362079 3.18676259216043 0 27
81.102465313531 3.2161485681265 0 27
97.6884621127756 3.05202741349483 0 27
98.7800323607823 3.19636398926757 0 27
69.8494843941343 3.37018078213783 0 28
109.598503484794 3.24327851635964 0 31
67.4411106565824 2.99533875397766 0 32
70.3412927844952 3.48413009953012 0 33
73.8167333335097 3.09335526089137 0 34
109.536980568688 3.3261146897542 0 34
112.160242285094 3.01657016459371 1 34
95.8261365395671 3.33721250524361 0 35
109.53487455686 3.03893924319002 0 36
91.318502029019 3.36790980970909 0 37
109.530386343318 3.13052141911974 0 37
63.7616318963382 4.42097998951965 0 40
67.373700897323 3.02261500088985 0 41
67.4318134826435 3.18955317635837 0 43
63.7131645676301 3.02528741262348 0 44
67.2828893163039 2.99402775035945 0 44
92.2554851838086 3.19294956892333 0 45
83.5564962500572 3.54339388556031 0 45
109.977927180129 3.62469787343427 0 45
111.671314854854 3.8698717282707 1 45
63.7869962422003 3.17796717174607 0 48
67.2892717387763 3.27348840154276 0 48
75.6079081536365 3.04726160933284 0 48
111.57760193283 3.18150093566668 0 49
67.4324821998545 3.02452141270933 0 52
71.7294514328775 3.02302219749784 0 53
64.2796319253386 3.01286151240236 0 54
111.928196193165 3.05491428455536 1 54
0.683084690797969 3.01482750772416 0 55
69.2312879707632 5.50401599767391 0 55
80.7202689670212 3.09157959264735 0 55
109.302209103022 3.30319761202329 0 55
67.3590289155215 3.78388277606586 0 58
107.024462606198 3.79567511959118 0 58
67.4067120894342 3.13282105300649 0 60
67.5292106538091 3.1646522635858 0 62
68.019201997282 3.09523245760132 0 63
68.3177509254216 3.15663445054063 0 63
109.542733436992 3.17568344976027 0 64
111.454608851093 3.1847927161675 1 65
71.0169266815334 3.59576063707146 0 66
111.75197445739 3.01410086564963 1 66
67.3640078760937 3.35407505376109 0 67
81.4079556492632 3.6019384493724 0 67
102.304612918558 3.10719113764888 0 67
67.3199826641037 3.30096127112821 0 68
67.5431984983309 3.03964169445084 0 68
67.4634749267026 3.12053692881339 0 69
68.4665221738926 3.02139879866799 0 69
67.3039799214432 4.30150662091743 0 70
68.5768523852141 3.10105149709906 0 72
109.513392194409 3.37194817859868 0 72
110.690038012784 3.04420538988992 0 72
69.1452237122748 3.0538731800553 0 74
72.013591403539 3.0635455115195 0 75
68.9005171839477 3.34036734268359 0 75
63.945463403144 3.01860850698027 0 76
69.4233339824277 3.0325928088183 0 80
67.5200574682551 3.47894440467211 0 81
72.4379519939135 3.16855596128318 0 81
108.722353649864 3.29427638000779 0 81
64.9192308435794 3.45286785225681 0 84
111.938128878576 3.1894489937901 1 84
0.013515938541144 3.06182720012235 0 85
67.4859652086386 3.10043295506972 0 85
67.3361823490437 3.58584503975094 0 86
101.684897371287 3.40971112373083 0 87
111.478996156463 3.13146014880939 1 88
67.2855873085185 3.51746800603637 0 89
67.4822209477926 3.44323420244296 0 89
112.046803592801 3.26404875471711 0 89
68.0469367602221 4.67511099095112 0 91
76.8359722547686 3.0369673701154 0 92
65.1430602983109 3.4456005991888 0 93
86.7646289697003 3.18702916637715 0 94
0.413235768066056 3.09111569385089 0 94
63.8980558699726 4.06545388927245 0 96
110.718525811216 3.13726123884364 0 96
111.900350896389 3.58761658467632 1 96
67.2651980026853 3.00753715828857 0 97
111.54380167297 3.06605127193366 1 98
112.026628249736 3.31650021951532 0 100
63.8623343604236 3.02835871563155 0 101
66.1868063085107 3.04812252506521 0 101
109.620646392557 3.49793862915577 0 101
111.621162146453 3.16998043798148 0 102
68.2481366994044 3.74068934635472 0 103
111.51516858533 3.13724881824491 1 103
102.830703695156 3.08970535436552 0 104
69.8264123926951 3.55769145388151 0 105
110.743526582505 3.01246773168468 0 106
67.2920190275268 3.01065951921664 0 107
67.2837796130787 3.39041728173286 0 107
112.030485798353 3.03159845980739 1 112
82.4998078808112 3.0739373956607 0 113
112.163298393115 3.24190960092706 1 113
67.2582410338731 3.00717686824954 0 114
107.586605317175 3.60820365663902 0 114
69.4151863468799 3.037934556611 0 115
111.562952060932 3.12132397272501 1 115
95.6458120932303 3.11246669786933 0 116
105.616830751129 3.7416656274881 0 116
101.581257584054 3.26975855253083 0 117
75.3635803057457 3.27036287886835 0 118
67.2891576811828 3.20019167051065 0 119
106.283606838056 3.05273243451067 0 119
65.3358709878283 3.44425760188333 0 120
69.2184721733313 3.22749440683725 0 120
95.1532019855067 3.17704681249747 0 120
112.154021671721 3.10735530603712 1 120
67.2546148752436 3.08243536872225 0 121
21.4420263272582 3.03640007190854 0 122
110.767666893581 3.71369220200488 0 122
110.7050211756 3.31601606374203 0 122
67.1999993524619 3.16367657657039 0 123
63.8690446187084 3.41316965434422 0 124
108.427423364426 3.51906536455042 0 127
67.4067010202129 3.22838547858191 0 130
109.582789882107 3.0528999539497 0 130
69.4408818322891 3.15093513249753 0 131
97.7875584531549 3.03951654400441 0 131
67.6756175873598 3.89392780220267 0 134
67.6492695268047 3.64616609889448 0 134
109.514452332367 3.17357483171561 0 134
112.174333604266 3.20703614148523 1 135
65.5162487423087 3.69154971135337 0 137
67.3881421396141 3.06139641224113 0 137
109.623471686237 3.20548275010948 0 137
69.1562268795602 3.08457565012768 0 138
82.5654890040644 3.06945127973187 0 138
64.1197886094181 3.09204584021755 0 139
67.7717768791793 3.39983185130247 0 139
76.4756064498789 3.18677090363168 0 139
99.9936668686921 3.3165101088149 0 139
54.6163235195931 3.16975943060011 0 140
111.953263200567 3.2705426835505 1 140
68.6382446203374 3.34687256769235 0 141
67.3582069828316 3.06250549879661 0 141
106.348080666004 3.03008131830497 0 141
89.5156544855138 3.19796609881952 0 142
99.4721782494691 3.524330767932 0 142
100.096156094303 4.43239257893884 0 142
67.291090129427 3.01669585457738 0 143
109.691021996623 3.37507216749536 0 143
71.4447063308365 2.99300843580888 0 144
69.2239017298056 3.27500712674344 0 146
0.0334661485526594 3.88823074606814 0 148
81.644642532044 3.05891300573896 0 149
110.817501687715 3.49927951203987 0 149
2.46057175506663 3.18936576516372 0 150
67.2529942580905 3.03931429804135 0 150
109.527985120847 3.03608076790309 0 150
97.6526496927641 3.27399146095751 0 153
71.5185173384171 3.76957881746595 0 154
109.808741968621 3.00065430212584 0 154
74.9893385068995 3.02155447409386 0 156
67.2611782882041 3.04436711259733 0 157
62.7309631650081 3.37223370735676 0 158
68.886375734288 3.81422625583976 0 159
109.523089159098 3.14363230239448 0 159
105.970491573706 3.42039959759486 0 160
111.312370069073 3.73569537549537 1 160
68.167098260004 3.2515811474696 0 161
97.1389446289443 3.83996786907388 0 161
99.893659709894 3.38154926153379 0 161
82.5883803752019 3.1561342142225 0 162
109.955305673261 3.46054779854502 0 163
109.777319526329 4.55593397777231 0 163
109.795402711353 3.61401534793456 2 163
68.3634015547119 3.37122703137495 0 164
67.2824610110556 2.99605404790761 0 165
67.9207471860372 3.03733037500075 0 165
67.8321907132259 3.24868278296602 0 165
0.757710316171776 3.12997868789943 0 166
109.53855937792 3.24900864350437 0 167
109.543530501696 3.35177024527654 0 167
107.132115959369 3.00322603247651 0 169
109.546105262496 3.16011553407504 0 169
81.689229933546 3.46483662634043 0 173
76.3776257906358 3.27858723163477 0 174
87.0919861410041 3.30538171987206 0 174
110.961536067537 3.20807261139813 0 174
63.8541174269953 3.00824954898925 0 175
68.3373081947457 3.02472454463621 0 175
109.561682586313 3.51632840071419 0 175
111.806004750057 3.43342736003889 1 175
99.6210189793291 3.2180293951909 0 177
111.79310494543 3.06492236502214 1 178
74.4213591559129 3.12626801128623 0 179
78.3973929366452 3.14546072046801 0 180
111.728812244448 2.99093092419153 0 182
107.292687452886 3.04724281590721 0 183
67.3482072868111 3.069633961853 0 184
104.547522172259 3.06117213482238 0 184
67.2620765213357 3.01373738570033 0 185
105.339744952102 3.23661272574619 0 186
67.3419367269395 3.44626760611212 0 186
74.6469946560449 3.12814901850611 0 187
68.8252069425632 3.60728289594404 0 188
67.6405787457219 3.5736888153244 0 188
91.6386753245614 3.50442821049104 0 188
111.353310239016 3.92889525930787 1 190
63.7553051333782 2.99004345321862 0 191
68.8562958396943 3.02586429459231 0 191
103.584206116866 3.22071593668206 0 191
90.3000116085131 3.012783789753 0 192
108.076708107035 3.06878066455708 0 192
67.3636217623981 3.23029950201196 0 193
111.714874225184 3.07299447202061 1 193
0.0277512120211743 3.24729250101525 0 194
68.7804415776786 3.02576914363698 0 194
109.464147379713 3.1528896573376 0 196
71.5389729850877 3.07600688621725 0 197
67.3750062114327 3.23892604907552 0 197
109.513101800087 3.01185348960108 0 197
107.276559603251 3.17132440635022 0 198
67.280708791761 3.07211398822155 0 199
76.2612880945179 3.98921488262801 0 200
110.877772646088 3.17053881629138 0 200
109.581772752866 3.35262596144267 0 201
108.116084223394 3.69674129540414 0 202
112.025300205899 3.37321304703868 1 202
90.8203836217046 3.24371922944149 0 203
69.5859189436128 3.2251089509662 0 205
65.2572465293545 3.499087540152 0 207
67.2605839885815 3.08197917804736 0 208
81.7999708293347 3.37358623395379 0 209
68.0674906085686 4.36020308818715 0 210
109.533740924864 3.90266152695528 0 210
81.9476101803848 3.40909238871442 0 211
109.526808500785 3.09409013242701 0 211
109.540518083033 3.83267691706726 2 211
1.63493463975695 3.46938512251481 0 212
67.5699202637164 3.04687428710791 0 212
109.084864903118 3.05226505922034 0 212
67.2575247705827 3.13050540164812 0 213
0.00276848678617702 3.01549541821732 0 215
73.0079528325589 3.06628984865429 0 216
68.1777292283672 3.17714517318824 0 218
105.60348544542 3.23800135470327 0 219
65.6100462861795 3.26208271116577 0 220
64.3566459307829 4.25786805913215 0 222
67.3917045876687 3.23530554139429 0 222
109.5150607509 3.31970256116106 0 223
67.703282450932 3.01542669295409 0 224
2.37523864618003 3.05383729879763 0 226
7.87300175404711 3.16125173664407 0 226
109.844713732576 3.76004305524328 0 226
68.0886333836021 3.04966364839801 0 228
92.6992358778987 3.435455847155 0 228
63.6812792877344 3.73124966843985 0 229
100.617235103288 3.23218123753077 0 229
109.525913700794 3.28700829829947 0 230
111.800910660046 3.34407881568669 1 230
67.2735344268101 3.21234577829018 0 231
109.677815981073 3.18801892811808 0 231
110.694370588033 3.62055438112659 0 231
73.2292591046726 3.41705151375238 0 232
80.5974878918313 3.13479781831498 0 233
72.287415365897 3.13167443792177 0 234
67.4571436667151 3.21497897577898 0 235
107.578262269497 3.8455650126786 0 235
106.209407313805 3.22147435921272 0 236
67.2716307526392 3.0008734941564 0 240
67.2599713009719 3.32918080131454 0 240
111.296197414612 3.33566826121245 1 240
67.2610513960925 3.14712404586996 0 241
80.4037220011663 4.59583314005524 0 243
109.517683345543 3.36385354058741 0 243
8.19208360338028 3.53002041747857 0 244
111.497806976996 3.5565549794037 1 244
99.0741902811163 3.12886520553782 0 245
63.7350871310298 2.99327889934241 0 246
63.8800284984369 3.34990068109905 0 250
68.1462790793301 3.36331282659932 0 251
67.6543342753696 3.11269286081319 0 251
110.505493732454 3.05933522432791 0 252
109.959497251217 3.15104269067317 0 252
107.660436369731 4.02830647351126 0 252
71.0074443232606 4.22616896363337 0 254
63.8088056531537 3.00728449216803 0 255
102.989549531014 3.24334076847343 0 257
64.1290228122246 3.82563928164153 0 258
67.2560987362473 3.13610389616231 0 258
63.9015466485924 3.3088505899872 0 259
64.1732746705731 3.23068093416446 0 259
101.10627261887 3.16518847799903 0 260
0.0237291924701996 3.21500637312579 0 261
65.3165572628993 3.92079829515107 0 261
67.2680832616572 3.23896572228496 0 261
45.3018342802361 3.07743939361496 0 263
104.050407966899 3.07967926513269 0 264
67.2581215183478 3.0652073885778 0 264
67.2814897520349 3.12138545304201 0 265
99.6853191756382 3.25117269897745 0 266
109.574101600501 2.9977157433525 0 266
101.135150576797 3.09206997213883 0 269
71.1917734362045 3.17339359625857 0 270
97.537252122388 3.28837183671706 0 271
66.3582676961868 3.04953621528116 0 273
67.2782300099357 3.02343731499384 0 273
109.199457877557 3.16454583015818 0 275
67.3326941809833 3.05370461113471 0 276
63.7455087049305 3.1228177783593 0 277
67.2526300323492 3.14936883567975 0 278
63.6658871889906 3.0511789110433 0 279
72.0414786485705 3.17698651215412 0 279
102.983627609439 3.12327400363205 0 279
82.9380138587533 3.8984146820449 0 280
98.3105796361403 3.32262596378449 0 280
112.212192617105 3.28072874306765 1 283
109.580381854018 3.05218473683647 0 284
67.4275688305602 3.52585873894226 0 285
63.7651599703293 3.34191465409161 0 287
67.7994479434546 3.76717371467662 0 287
110.777565839776 3.01806797140411 0 287
84.4743052368676 3.00890450513318 0 291
109.522688996115 3.28657063214319 0 291
0.00301421404014736 3.04318069260705 0 292
111.954298208826 4.08985468196954 0 292
63.7387263315756 3.12604487750434 0 293
112.048056787093 3.45340157993304 1 293
67.5276608791866 2.99224851871453 0 294
72.1435712493338 3.12037205599022 0 295
67.4201172246975 3.04392489962698 0 295
107.690628968722 3.22509141528408 0 295
109.537369249992 3.24242043223917 0 295
110.373309618013 3.01259036148371 0 295
110.733123530783 3.0426152414461 0 295
109.559745296711 3.18808258859667 0 297
67.6210955794343 3.59282186516405 0 299
90.0527112723941 3.26248516546786 0 299
107.313151959331 3.46814744319053 0 299
63.7502442608431 2.99353945430162 0 300
63.7029557893444 3.30189930635302 0 301
67.253934254376 3.39224009334219 0 301
63.7886913697077 3.06864140075742 0 302
63.6607652516049 3.02336633838992 0 303
72.0468668235145 3.04292765931076 0 303
67.2624941266674 3.00599269800257 0 304
109.599998033205 3.97617290528439 0 304
109.529034977628 3.08065511241522 0 305
68.9840531929391 3.21264108379729 0 306
67.3615093037857 3.06193569642116 0 306
63.7826553844818 3.61971306658244 0 307
89.1381409569732 3.25566458793148 0 309
69.2605400803589 3.66103276577677 0 312
104.599823513528 3.01259511750418 0 313
91.3118793639146 3.00829352095605 0 313
72.0080387044439 3.23385557936143 0 314
109.60907482912 3.35974241860331 0 314
1.94976093883234 3.17084377993773 0 315
109.903115991763 3.39422447756544 0 315
74.3649316840948 3.09266417405419 0 317
111.997598342112 3.13649624947251 1 318
67.2699979176103 3.29801824381054 0 319
68.0618490923598 3.06522209453811 0 319
109.756804371638 3.16408501015349 0 319
67.5776558930686 3.16819474629985 0 320
67.3108211486605 3.05952454327697 0 321
109.819435745589 3.44448076703745 0 322
64.0986508254945 2.99687724696486 0 323
72.8528509995966 2.99798070338541 0 325
109.602879481323 3.62270494780348 0 325
67.7323936804239 3.50513869252842 0 326
67.2839902410146 3.01201446723575 0 327
68.7792925356952 3.3346062374123 0 327
96.3474906030687 3.78396275933857 0 327
111.955044301673 4.54508723451811 1 328
67.295197896428 3.05424020171401 0 332
85.4936588494296 3.02021955634755 0 332
97.436734334461 3.00082516642156 0 332
109.766214830765 3.36198376403325 0 332
112.100899312626 3.38083057163831 1 333
74.0677173483446 3.23968675591817 0 334
67.2713526504786 3.20358965786982 0 334
67.9590503269113 3.52536649286029 0 335
67.3285252136966 3.72898050197844 0 335
69.9511113272431 3.69538162789968 0 335
88.1451709441419 3.72853122229409 0 336
67.5381382886408 3.14619669332884 0 336
110.299524588474 3.85289341690057 0 336
111.448031093207 3.36857404937923 1 336
69.0839548794701 5.49953157205116 0 337
67.5649458462418 3.04843669710153 0 337
82.7932905286079 3.28988154037501 0 338
109.970931465858 3.2609660774234 0 338
68.7173514606855 3.14913594255355 0 341
76.4381922588145 4.18869538094586 0 341
68.6723806756887 3.12962823392431 0 342
89.0635941554526 3.58621013937162 0 342
109.521954162323 3.70425299949888 0 343
72.5726486569082 3.64959958905727 0 344
83.1274252904863 3.16281020354938 0 344
110.196154318248 3.01411517244437 0 344
5.70720224311005 2.99291611925518 0 345
73.6594798490986 3.08718661481173 0 345
105.004744409028 3.394936724056 0 345
112.165417960127 3.70788536113782 1 345
73.9236419160669 3.29927830393384 0 348
82.7603456944835 3.03639093304689 0 348
3.00600519786301 3.09828383397805 0 350
67.2838850676103 3.0711780205719 0 350
67.3050857750291 4.069124126395 0 350
67.2627586743911 3.40985238632511 0 350
71.0086115159203 3.03695652673499 0 351
67.6888361007382 3.36285437201457 0 353
67.2727234773745 3.11686078067848 0 354
70.0985815897863 3.11562668473822 0 355
64.0492585530407 3.39847972422988 0 357
71.082642454931 3.03666498188249 0 360
99.8934596504531 3.21979305313971 0 360
69.3194635275719 3.6336089139704 0 361
67.2768199635172 3.00703491808203 0 363
107.627545652391 3.26769792392924 0 364
67.2919451816882 3.36926244121413 0 365
96.349338841308 3.4357833092457 0 365
111.771682749017 3.96545050228352 1 365
111.653591949939 3.58836752607815 1 365
112.196318993612 3.47597511535932 2 365
111.656947165013 3.23724631692267 2 365
87.2161004063161 4.30508939642256 0 367
14.2186504294611 3.52150700662152 0 368
63.7720339442485 3.42781726606069 0 369
67.2612022021901 3.23186025387455 0 370
67.3376793747302 4.03132788629793 0 372
95.9442016154794 3.00927603553274 0 372
100.265277790917 3.10832635104558 0 373
67.2598121533556 3.30947372492695 0 374
111.572426528777 3.03357711405442 0 376
82.4593801556939 3.01891328506214 0 377
110.715687520195 3.3123654885781 0 378
63.8284449529984 3.1638392992053 0 379
106.230117082094 3.40641538846333 0 379
67.5003657579301 3.65556858026321 0 379
68.1510337784133 3.2354287741383 0 380
70.6222930524325 3.5939440219603 0 381
110.870224127035 3.06068951864223 0 381
66.0586075170719 3.86564852533635 0 382
66.6505752227062 3.1647529059527 0 383
63.7482571008154 3.88124956950864 0 384
63.7673668619322 3.19492470853886 0 384
67.2534866444115 3.03474483145884 0 385
14.1294067110633 3.11433356346143 0 389
75.9161500262572 3.16811421055502 0 389
75.5973907394519 3.31092055494695 0 389
109.530566577 3.07160147213224 0 389
75.0897893501546 3.40087677841156 0 390
111.752535258742 3.26267933893538 0 391
74.1309235136471 3.54625615884871 0 393
109.529565137652 3.06987673818632 0 393
95.2129935192534 3.28667224399316 0 394
67.7468126699341 4.08495914602675 0 394
64.5644502187139 3.13778406443829 0 395
65.1668378789659 3.06202637671142 0 395
107.129101217021 3.22118290751754 0 395
67.263378767546 3.29421492347334 0 396
67.5053360262705 3.10110028404773 0 397
64.9045115806747 3.17348373318571 0 398
67.4799117379355 3.41348567081735 0 401
111.065179254895 3.13842401667094 0 402
83.9211847026172 3.67298250346519 0 403
112.206840230831 2.99540830427466 1 403
87.2858662677444 3.02982127807893 0 404
71.019662036173 3.03777797699376 0 405
110.747344710393 3.06466734249119 0 405
65.0424908238183 3.00338368594407 0 406
64.0523790991029 3.0345485329914 0 406
111.82407671607 3.4075752104377 1 407
65.3689478191888 3.52082768184616 0 408
109.513167307585 3.82491344877721 0 408
112.141731941122 3.03330145722162 1 411
67.3175876914778 3.0016278994579 0 413
68.044511528841 3.87279578226335 0 413
92.0750790617024 4.15784154670046 0 413
69.6165835053052 3.11884126667197 0 415
95.9131964668883 3.00125121990892 0 416
0.104547069130191 3.61107325919449 0 417
63.9431787235418 3.80316542570147 0 417
64.5733597342324 3.0077867225283 0 417
67.3503511164819 4.01849943914128 0 417
110.735767852051 3.31409584515546 0 418
72.3022034906828 3.18870517755418 0 419
104.8767562582 4.37005008579743 0 420
110.067419450797 3.0127445942025 0 420
68.6262023750112 3.17753009892007 0 421
112.178145951572 3.06073775147262 1 421
70.3676532035757 3.02627129622467 0 422
67.2778501161103 3.23435022754179 0 423
71.8586241504459 3.22401996949761 0 423
64.174093763215 3.31749619516713 0 424
69.794353587852 3.05418922283217 0 424
108.336716270382 3.31926595564381 0 426
112.010960960043 3.60626635854557 1 427
99.4693213817899 3.21828449262925 0 428
109.687598617153 3.00018726842565 0 429
13.5293339541181 3.13188446238353 0 431
67.4195880314466 3.0350529179642 0 431
77.2752789740294 3.06635186920316 0 432
102.432640460066 3.02747336061605 0 432
68.8684203783272 2.99652676836406 0 432
109.514355382678 3.69446055183117 0 432
76.1924936235807 3.38441095071063 0 433
109.903899251231 3.2481307086797 0 433
64.200219588382 2.9920457992569 0 435
78.6954332284295 3.0965760694398 0 435
73.3012635311374 4.16616051687712 0 436
67.2566919747839 3.28083159675678 0 436
97.7100947764689 3.29280301464259 0 436
109.513894763494 3.85406555914503 0 438
111.128339480834 3.48926201435095 0 440
63.6695364430087 3.31577639743631 0 441
78.4207254189105 3.01307261382471 0 441
63.7453692741762 3.07886031442676 0 444
65.151881169329 3.52055017735096 0 444
111.76944950547 3.29408898203016 1 444
106.540099259762 3.75676776721301 0 445
109.62928176555 3.15630025891261 0 445
109.657396148303 3.42360792123373 0 445
85.3594718991559 3.39233305642385 0 446
67.3049531543938 3.67327309740706 0 448
105.424010382332 3.56255381846805 0 448
63.8264126848121 3.5718242244145 0 449
97.301113020925 3.192419374828 0 449
67.2545737452954 2.99185590067488 0 450
97.676291082512 3.64317789624324 0 450
102.581128140002 3.01892379180836 0 451
110.066877096403 3.34128006153351 0 451
72.8103710234648 3.41879638374485 0 452
67.507747640688 3.08219951777387 0 452
109.542905519783 3.42194289335361 0 452
0.0660749211580634 3.51264769338709 0 453
65.5723029304079 3.70764427255388 0 453
72.0178046187676 3.45600847716373 0 453
96.3900688250551 3.09516193673398 0 453
112.113531880853 4.1853548348086 0 455
112.152187458471 3.64444702221424 2 455
0.256084892630443 3.14672042826521 0 456
63.7839875126722 3.43258808236962 0 456
109.523050233917 3.03176519908254 0 456
110.808831108145 3.20302220787879 0 456
67.7465339861103 3.09309376826345 0 457
67.5602162665838 3.05199209855564 0 458
108.32719556484 3.05035074431113 0 459
67.5664716698733 2.99478719279149 0 461
109.90865625243 3.13630034911914 0 463
107.27647327969 3.08335895859959 0 464
0.0179247668585646 3.02763638032925 0 465
63.8376408170552 2.99044015426765 0 465
67.5134523684635 3.20205983303246 0 465
67.2618214672056 3.00288909190328 0 465
104.441526092831 4.21793433334927 0 465
1.53562343386764 4.16535791366018 0 467
72.4149925071425 3.62818187167528 0 467
97.2814348462816 3.20303895942884 0 467
108.430786126521 3.3788525144946 0 467
109.81494980551 3.05054118240339 0 467
111.54570596896 3.23891820747552 1 468
68.2779451682451 3.5301239464054 0 469
67.2917167873886 3.08218739548972 0 470
106.992555570177 3.93874169235424 0 470
110.85931207047 3.98239045012731 0 470
67.5418227563992 3.04472506322482 0 472
69.0079262434198 3.00905656796795 0 472
67.2631110982673 3.48837571473364 0 474
110.69099847082 3.04364565317082 0 474
112.03015029638 3.04306918280403 1 474
67.259742064871 3.1261561471056 0 476
67.3611348712509 3.26093159545773 0 476
108.531019703436 3.22959059437317 0 478
67.2574929786846 3.16644487530658 0 483
109.963222078536 3.87583488563212 0 484
111.911470460304 3.03413031254136 0 485
112.145750417122 3.80110795455269 1 485
68.726320250383 3.8820712726889 0 486
73.3447596670452 3.12242895471287 0 486
68.6503790428256 3.04522330709357 0 488
74.2887443253153 3.10960266362268 0 488
6.23076869547339 3.9417877866536 0 489
67.2714356294307 3.42933477486943 0 489
84.6614512681182 3.92573726462054 0 491
99.4774485739138 3.51753476624998 0 491
110.774090820187 3.28762684732938 0 491
69.6304809269256 3.18700961651464 0 493
68.0243276317124 3.2321509999486 0 494
68.2775283527348 3.33482887714489 0 495
112.081591214732 3.46966566916548 1 496
82.4927374970986 3.14103519151788 0 497
96.6654858091425 3.51021469129743 0 497
110.716773614306 4.27915598708933 0 497
73.6882139863389 3.7626700267027 0 498
68.8616043111787 3.05004780293898 0 499
111.746337600964 3.08754209719844 1 500
4.03794726641105 3.51315832310176 0 502
63.7796609690543 3.17253586887636 0 504
67.3386139927734 3.09089689152675 0 505
67.3487362272699 3.2367247777104 0 507
82.4438800909073 3.18912315209395 0 509
67.8597911852012 3.08652814511948 0 509
1.69912106814616 3.0171440304712 0 510
93.5274961309172 3.09125495007649 0 511
97.9992717954079 3.09563397484844 0 511
0.0578712805776198 3.07210594623538 0 513
105.274979424443 3.2035425420619 0 513
67.3681056179944 3.5726523408391 0 516
106.511365365965 3.31555243912656 0 516
111.951110433302 3.48368368107746 1 516
89.8131752033771 3.67067925064767 0 517
107.128625677819 2.99301781647117 0 517
109.513030654312 2.99594848050725 0 518
67.2957812898891 3.07451707393072 0 520
67.4867871205575 4.3288581135289 0 521
67.582592517902 3.72747098776504 0 521
89.3207701441707 3.27203286460537 0 522
97.3296705124646 3.08068806791074 0 522
54.0736832539562 3.42757168744319 0 523
67.6118728363696 3.31694890550344 0 523
89.6345786770986 3.33416257520951 0 523
85.3489125643046 4.99575459650801 0 525
0.0903096074482126 3.05104288030719 0 526
95.932304349541 3.27343942974595 0 526
110.709198324257 3.08709727308537 0 527
67.514192645786 3.98540819100936 0 529
74.4419071617193 3.09133268642824 0 530
107.571869316326 3.28387859950872 0 531
0.157002223666 4.07663863680096 0 532
67.3244309903051 2.99870577200333 0 532
67.2600516992733 3.03482387155195 0 533
108.342735247397 3.44019295556122 0 534
67.2559640515311 3.27851878908969 0 535
101.098282031579 3.29565578684399 0 535
67.4394948439566 3.24106203384432 0 536
106.267981794227 3.04781118101344 0 538
67.87160842205 3.10092913330104 0 538
63.7539782333628 3.08510324828945 0 539
21.2691768964926 3.31921777037852 0 540
15.3566347092279 3.54162870354366 0 540
69.8318902812034 3.21831280998814 0 541
63.755645456319 3.34054676006309 0 542
111.367682301886 3.20505927134831 1 542
67.3003714632028 3.58590823165418 0 543
84.9575841457952 3.07252487363394 0 543
67.3611489543794 3.13822811227526 0 543
63.659702107922 3.45839000370825 0 545
84.5948306799572 3.28788675397244 0 545
63.6494264838817 3.26143341978475 0 546
67.2764269303806 4.56446293726709 0 546
92.5855744495378 4.05204573926379 0 547
67.3062542561562 3.36470135004009 0 547
95.115509795752 3.67133611197084 0 547
110.584743642323 3.07691852071034 0 548
110.341769677964 3.02313399582755 0 548
82.3014950267594 3.22604979303318 0 549
7.22536059450085 3.15959766449128 0 550
109.560343605739 3.43445152670607 0 550
67.2822903032553 3.06886326756605 0 551
68.4313930448806 3.5896078549204 0 552
2.61986637993693 3.01451765560631 0 554
71.3518087997583 3.06129972541777 0 554
110.612277567341 3.04565267900991 0 560
110.900224880521 3.17348986831205 0 560
69.7617575170713 3.35394857149183 0 561
67.277498903625 3.01148812918285 0 562
110.696347636057 3.27030960189326 0 562
67.8517883422335 3.71853022234848 0 563
67.3052216924556 3.5053238628349 0 563
97.2639375385699 3.62544790055145 0 563
0.0418530564820161 3.17066135383835 0 564
69.5243497255636 3.11269769454742 0 564
64.6663704652115 3.06714254584656 0 566
86.2919253222752 3.13827575019125 0 566
111.685989295113 3.3879223661425 1 567
84.3786247266892 4.20868152632664 0 568
70.2614721992005 3.05716573810183 0 568
100.144084514926 3.61995416347674 0 568
111.542728275507 3.23359879750382 1 568
68.0622294790967 4.24557027034308 0 569
68.0612833659746 2.99254760636413 0 569
100.882801704134 3.17794909762434 0 570
69.254142858955 3.18600381579128 0 571
97.8687334551702 3.23620014460583 0 571
96.9252512109903 3.21496463111394 0 572
67.3561134816603 3.34204855602846 0 573
67.5361840489179 3.33946513450918 0 573
74.5875084751624 3.16174817012124 0 576
77.2444414476448 3.21959214327201 0 577
80.5172464494775 3.10455038321675 0 577
63.8549031078424 3.13280120336265 0 578
68.6337291865876 3.526943421993 0 578
82.2232848300726 2.99373808700593 0 578
10.0395027520791 3.08309741403552 0 581
67.2725282016902 3.32310429874065 0 581
67.2554327215777 3.13522808101426 0 582
106.34335694589 3.04566437347717 0 583
70.6852904669378 3.17607488236765 0 584
95.9157700076022 3.28064777666172 0 584
99.6675934470159 3.01521874214243 0 584
109.597463811287 3.36284378630275 0 584
72.9194881495014 3.3872800112042 0 585
71.6331981221686 3.11927258458597 0 585
0.189403193590443 3.10521912203043 0 586
64.7325163869731 3.86890905424898 0 587
68.0220686667102 3.58728402221314 0 587
0.9841833654245 2.99207737506644 0 588
38.6393491328971 3.31244098863294 0 589
81.9731931798857 3.09710935952882 0 589
103.823156253024 3.3446979221676 0 591
70.6609691392392 3.42653094909264 0 592
109.514759396093 3.08414418815505 0 592
85.4416171055941 3.17711815393854 0 593
73.9943520632092 3.86498242729468 0 593
97.6738973046804 3.73554423965852 0 593
99.4741742237598 3.3043661728474 0 594
67.2771551310149 3.08988652771526 0 596
78.6573049595776 3.66705346901996 0 596
111.397350509864 3.226876560276 1 596
111.430344506078 3.07858436131507 2 596
65.0773722680507 3.01496284435211 0 597
67.2737018971038 3.0290971637311 0 597
110.976892446772 3.48762167639374 0 598
111.318916029045 3.60130858321342 1 598
111.536154236559 2.99551175631409 2 598
109.697978563504 3.14908956415618 0 599
63.9609962848518 3.42874598647718 0 601
67.8454491533233 3.03345706782322 0 601
0.361987470124748 3.03906349355408 0 603
92.8967390585472 4.93899012116177 0 603
111.902801869418 3.37306014281014 1 603
67.6014089117398 3.40039241238234 0 604
63.653362678626 3.05236743664989 0 605
105.603119159429 3.08628622022886 0 605
2.39200863735442 3.68786064486368 0 606
67.2605036928088 3.05798403568143 0 606
67.2814768247448 3.36133844860822 0 607
67.4867830087072 3.03848224512026 0 607
67.7225594464762 3.23813399343069 0 607
69.4656819425885 3.04364374268975 0 608
71.1922601054349 3.23132779861913 0 608
0.244143890927627 3.00915803143555 0 609
67.4894246768974 3.19875454838923 0 609
94.6096853932227 3.2137395911751 0 611
68.2552424547597 3.11998911208712 0 614
95.8187107298039 3.19789098064882 0 614
104.92287142454 3.02822643826192 0 614
64.1197472677939 3.59134365452074 0 615
67.5124397391583 3.13065793111214 0 615
80.6076604907847 3.43113551083067 0 616
67.5652661803327 2.99592576428447 0 618
63.7398793095675 3.35986275073529 0 620
67.8535954337783 3.66895480547321 0 620
109.599698594788 3.4568782592291 0 620
107.889615372434 3.41072736060094 0 621
110.453722755986 3.56279652045729 0 622
1.33164161651653 3.16298673927962 0 624
68.1336294363918 3.06590596284099 0 624
67.7919752307106 2.99563429534608 0 625
110.87191775214 3.22929183804721 0 625
67.493891069465 3.05347927289318 0 626
70.0444066811916 2.99038380810343 0 626
109.632604042578 4.27513359613523 0 626
63.800521454546 3.3647679320929 0 627
66.6145718456385 3.01099342622707 0 627
67.3102956143132 3.16472305212045 0 627
72.1227609081847 3.01991052578952 0 628
67.2545800490248 3.47618266280027 0 628
80.526169304223 3.21402358315626 0 629
0.638373369769955 3.26827273216821 0 630
69.085789543355 3.04608465643917 0 630
41.9440122868135 3.11730081315523 0 632
111.164879258461 3.64036047593638 0 632
68.1912118898046 3.27615854032396 0 633
109.86701617187 3.36240795549168 0 633
67.3490239027438 3.46186154481036 0 635
81.0281246553472 3.25532303702415 0 638
71.7744660575105 3.0871838546564 0 638
96.9026930939993 3.17220973330665 0 640
111.769637212604 3.71599182106874 1 640
111.770297957492 3.45779970452477 2 640
112.12546903811 3.76043730631013 3 640
111.907511259126 3.36081090528265 3 640
109.81773552116 3.02236832221577 0 641
63.8083528988466 3.17976836338599 0 642
67.3646709091273 3.40361219042469 0 643
67.3171508784291 2.99194963275427 0 643
67.2639965562349 3.51147931805003 0 644
83.4047922380205 3.42163082326907 0 644
79.2775239013222 3.40476701115802 0 644
67.5373584619076 3.37225326721704 0 647
68.4037032498871 3.06272675692108 0 649
109.622479675793 3.02168771394009 0 650
109.628304652815 3.19266841960597 0 650
80.1868230905133 3.03301153528271 0 652
92.1015356128144 3.17667471010485 0 652
0.011899700192698 3.0525507813133 0 653
68.020927478633 3.12790305513019 0 654
76.186679935107 3.11860718926565 0 656
68.8952633522364 3.01316632738512 0 657
72.04852338347 3.6271458740808 0 657
64.0031363217531 3.30582834833367 0 659
67.2527472861996 3.1207353841657 0 660
67.5634905076272 3.1462694702059 0 661
74.8876489154864 3.6343297652246 0 662
67.8034224801835 3.09034179087067 0 664
103.410674006614 3.80202007020442 0 664
66.2788874670581 3.16759801317237 0 666
67.3723692119195 3.48973336632611 0 666
69.3390895694939 3.28548176003096 0 666
67.3032735235942 3.17660562270424 0 666
111.291409201435 3.05585147565136 1 667
67.3879338766921 3.01153444380663 0 668
64.1580022679791 3.34776025905521 0 670
64.00236975666 3.76747978186362 0 671
66.1529931872526 3.58262225692723 0 671
70.3039568563242 3.85167556368497 0 671
95.7978731267849 3.6250369435304 0 673
67.4966440838522 3.03159444430774 0 675
93.5132043131776 3.43513270894407 0 675
109.613303945231 3.2303592519737 0 676
109.517793463446 3.25379956895287 0 677
65.4263158754814 3.14643994504167 0 679
67.3310322703555 3.25613580060023 0 679
69.1743972518525 3.17049459074502 0 680
67.3846655056137 3.52402510429095 0 681
110.195127920317 3.0312061118246 0 681
109.598010733489 3.79936531103109 0 681
80.7071588983877 3.25914869205451 0 682
99.4804809865434 3.12104192515672 0 682
67.5888190285628 3.4096701629076 0 687
67.882199171798 3.01973973611808 0 688
109.53553418366 3.89664531438431 0 688
67.2848155490654 3.17352524281981 0 689
67.4032292199937 3.09186667272454 0 689
63.7759427814678 3.09128033839577 0 690
0.0429084602592013 3.19836090794316 0 691
67.2660532599659 3.07963618797517 0 691
67.4149341190759 3.6384372868032 0 693
73.1965169270227 3.1999758006918 0 695
71.7760257095232 3.64012011645263 0 695
68.9215640462274 3.122336295775 0 695
71.5749509084082 3.04439621001781 0 695
80.5305920038632 3.50954694580396 0 695
79.8730738348975 3.25391754463467 0 696
67.6577247532902 3.2256544835599 0 696
67.5449117780571 3.32910539123954 0 697
33.216584839236 3.39090514697812 0 699
71.4932361145528 3.13943925012949 0 699
69.1288508057145 3.37421604680181 0 700
109.561257230845 3.20477977608699 0 700
67.5457450801053 3.20435494414414 0 703
67.2538456843129 3.30163562507831 0 704
99.4644254742314 3.01684128230176 0 704
101.748295939829 3.4126977424945 0 704
99.5360919519609 3.30282680028702 2 704
77.3682238240642 3.04204300555759 0 705
0.558905581610836 4.22297588021648 0 706
80.3636739777337 3.61142201863499 0 706
67.4493989206073 3.03098089949217 0 708
82.0570120645507 3.07127513478019 0 708
109.532782181225 3.00375413643405 0 708
110.837391002752 3.13434334701864 0 709
20.6936240570982 3.78700954827835 0 710
112.224152018038 3.2436942139775 0 710
107.917170891839 3.19944191393891 0 711
69.0160419941981 3.58883903262011 0 712
68.1187270381214 3.3078888103022 0 712
68.7533176663767 3.22486726238628 0 712
107.084707371033 3.12357288390907 0 713
66.9862919603337 3.11529073591251 0 714
64.3076317591691 4.13345892910134 0 716
68.6642216261033 3.37630638946798 0 716
75.4585440119695 3.18697459708758 0 716
68.1558973525682 3.07867095815265 0 718
89.3891290532525 3.86919016096745 0 718
95.799251973678 3.04969309518767 0 719
67.8823196179454 3.47943402709945 0 720
67.3811166929878 3.05855089747091 0 721
108.342926658025 3.10151543573508 0 722
74.0914711523328 3.3117371844934 0 725
109.967552014616 3.76456275937778 0 725
0.597615226729597 3.54415859845168 0 727
102.885816363261 3.06625921854689 0 727
0.152627844349584 3.02017361529112 0 730
84.6911426419243 2.99417392367173 0 730
0.0186580590862036 3.34862170945506 0 731
63.6779546971681 3.61217743060637 0 731
69.363405140452 3.1532718715557 0 731
105.283119856181 3.61306740697571 0 731
63.8168170898441 3.03666053007125 0 732
82.5106452947209 3.10189516020795 0 734
106.239874969434 3.02506760444455 0 734
67.6375797109632 3.14208305296956 0 736
110.811831823477 2.99387432958574 0 736
68.1994607922786 3.14147496072029 0 737
77.015651001359 3.11391782211874 0 738
111.099247918036 3.61271292639271 0 740
111.123044911895 3.76353439700424 2 740
63.9052925288045 3.16551864751347 0 741
67.3604071514605 3.26653885183485 0 741
67.2682756158125 3.46749489537745 0 742
67.5063217833268 3.10347234807057 0 742
65.8106194032683 3.04044154495504 0 743
67.964700855786 3.14832075531127 0 743
109.60279975576 3.05551109592045 0 743
68.9846296372779 3.75658646964868 0 744
70.8436884909098 4.22205916161145 0 744
75.5959577397227 3.04904687349837 0 745
105.236696690557 3.28678521043321 0 746
111.723134674463 3.26372943397756 0 746
64.502785424322 3.34577601580347 0 747
109.690806393643 3.15001145625399 0 749
111.464337423657 4.27359270014187 1 749
111.570350496296 3.33562570256537 2 749
67.4719539215258 3.35947510341949 0 750
67.3865771565893 3.45947092504095 0 751
67.6975417431952 2.99605241039611 0 752
63.9426967904369 3.19987489708589 0 757
67.2770325916087 3.32724142823142 0 757
70.1633555486222 3.12961106261982 0 758
67.4418988635935 3.32244389036297 0 758
63.773692669942 3.29693057142952 0 761
69.7393806149196 3.52855185497674 0 761
67.5177479496684 3.19940229614812 0 761
67.3010276233511 3.2870070598215 0 761
67.2893551757179 3.48081384099946 0 761
111.879511661808 3.15917503932675 1 761
84.1056196301726 2.99858409416828 0 762
110.836153827328 3.18390064773774 0 762
111.827650773552 3.14754151235213 1 762
111.442894087921 3.07925496473741 0 763
112.04836533985 3.64520521113924 1 764
111.798120605041 3.50953095879833 1 767
107.766499087527 3.11452802012291 0 768
67.3024558877888 3.06711377482136 0 768
111.363364922562 4.3377019105968 1 768
111.370138226228 3.26843475767259 2 768
111.465089332684 3.07784910939894 2 768
101.106046617511 3.19990048711033 0 770
0.0864645806622259 2.99756467553072 0 772
66.3533467040635 3.07123983966982 0 772
67.8846998593378 2.99163611057081 0 772
67.6727581152182 3.56772743998798 0 774
67.2625791034442 3.09042412909048 0 776
67.8189873138456 3.55207821085336 0 776
65.1126812435262 4.1395194525954 0 777
69.4002985141361 3.08508578038473 0 777
110.925620722509 3.19438226476367 0 777
110.724437419875 3.19033215835221 0 778
71.754959806692 2.99384269515212 0 779
67.3450459254406 3.30802600472536 0 779
79.0183982443897 3.0352280382761 0 780
63.717759951292 3.00305676300881 0 781
67.2901546297276 3.37893595367987 0 781
67.7757191529415 3.01765243244657 0 782
68.5411351772865 3.30111791742889 0 783
67.4199714687532 3.47211283520104 0 785
67.4682894526456 3.01647184452698 0 786
0.134318860671097 3.40846562519367 0 787
70.8541201769404 3.29121792751281 0 787
67.2930994587552 3.81257838474419 0 787
111.938016366194 3.27130481701153 1 788
72.2528490619946 3.10177482314144 0 789
71.9602898312617 3.41265381203355 0 790
109.590009615958 2.99807749003489 0 790
86.9184016675503 3.45399743312753 0 791
63.8813964552507 3.04481691221697 0 792
67.2536006597148 3.04317647023876 0 792
70.9132484695298 3.1914556128682 0 793
63.6511028036442 3.15055464531675 0 795
67.4814927353068 3.47759826262228 0 795
74.5894180524106 3.79952030297373 0 795
67.9416984681024 3.9236888256944 0 796
65.8584425960043 3.57074717375688 0 797
67.2818078992078 3.534597444522 0 797
94.0844503514002 3.16087100330632 0 797
109.945207023339 3.613468621331 0 797
63.8111102285152 3.00132186129638 0 798
63.8128315288678 3.31269642746562 0 800
88.6001717619517 3.0498173803199 0 801
103.670996538567 3.60403689196947 0 801
73.0578540120678 3.90993309465097 0 803
67.4252893927381 3.20315958997881 0 804
67.2808014180474 3.14440747645356 0 805
70.0796278999157 3.32303345673314 0 807
106.360509731534 3.57522014861169 0 807
109.516565995571 3.56305353156574 0 807
109.726047929811 3.04352015462055 2 807
67.6000904884862 3.18974330694378 0 808
67.3679761403948 3.23486775735319 0 811
100.452755809935 3.04739560819113 0 811
111.967748530423 3.08082274107221 1 813
98.6086063345479 3.05974380748686 0 814
107.340760500089 3.0453832716061 0 815
0.366801372416507 4.13482943618272 0 817
109.572363030217 3.49886049665657 0 817
109.525295890986 3.30122513939688 0 817
112.126728487415 3.96593396713823 1 818
112.23045314682 3.06157085770089 2 818
112.181277562915 3.01500736922534 2 818
66.5688045732745 3.03468393744792 0 819
97.5547403934641 3.04106829150602 0 820
107.415189476152 3.90020778820035 0 821
68.1118246691397 3.43000386193842 0 822
86.5197156086871 3.18378266023199 0 823
67.5926677039378 3.7060740907169 0 823
67.3183644160452 3.41409241138753 0 823
67.4111239652059 3.04390874013851 0 823
67.2939698696415 3.47659277395023 0 824
67.3142119120982 3.79214339810258 0 825
67.3931754154914 3.01609820055372 0 825
68.4101481707934 3.2291881873666 0 825
91.6206697406965 3.08162386280288 0 825
109.528481941424 3.94211942386952 0 825
67.5027953851667 3.09123248494093 0 826
63.9613444829587 3.02904274780023 0 828
97.6756933397858 3.33000255619102 0 828
0.050453193089612 3.07793809116884 0 831
67.3521161317842 3.18209517874596 0 831
112.138983031948 3.12322248829509 1 831
1.36706547677029 3.23173682183101 0 833
67.2860256712345 3.27914411868927 0 833
70.2676073697894 3.39396409317408 0 834
72.0116780754832 4.15654526984259 0 835
111.982105637577 3.06713229565601 0 836
67.3048644961103 3.21761865998267 0 837
111.313569001834 3.02118414021003 1 837
103.677134442932 3.30596983922481 0 838
109.542944371323 3.38366233176281 0 838
64.4627098576587 3.13345026461514 0 840
111.242591521493 3.65586202664138 0 840
109.512893794621 3.74454470270448 0 840
111.902525559332 3.35478917286242 2 840
111.909240369985 3.06569626965315 3 840
0.043272733307492 3.52320821706067 0 841
68.2126430755649 3.02328568263483 0 841
110.030847822154 3.25664631116695 0 841
63.7775590844583 4.05380127080708 0 843
86.9324003780536 3.87614785309138 0 843
67.1188482286719 3.31792314012144 0 844
67.2620744738202 3.05789506803778 0 844
67.3148308621406 3.12298817972843 0 845
108.624946997071 3.28050620989316 0 845
109.546161810424 3.20676428587597 0 845
109.604521922264 3.00503943332761 0 846
71.9463714892996 3.18575617399965 0 847
68.5310567547022 3.03464076790654 0 847
67.3068282278549 3.00195608377801 0 847
70.4783750023666 3.06101158936504 0 847
111.601627923995 3.12809709475896 1 851
67.4162135818172 3.9661599239524 0 852
67.2592626940159 3.23843015530245 0 852
109.620854963276 3.65494183885872 0 852
67.5070174832802 3.17835493149233 0 853
84.7371774332972 3.00271971863715 0 853
67.2815244662844 3.10184143906169 0 854
101.135185770357 3.03983163538176 0 854
101.982235391889 3.16389016447623 0 854
112.13131249752 3.00985619434319 0 854
109.628720438781 3.01331770847851 0 855
63.7920709913086 3.17744401865984 0 859
111.409934352366 3.50119779362006 1 859
64.210687390032 3.33398631828399 0 860
107.011042384626 3.14070411962985 0 860
111.823436207584 3.06555806076126 1 860
64.2130598539594 3.48330855663462 0 861
68.4541195357073 3.16642715079269 0 861
64.1384867260439 3.60759500451518 0 862
72.2444469245892 3.48217304375956 0 864
69.8163539630352 3.62312013664323 0 864
99.4917103074697 3.51558800845768 0 865
110.970008825191 3.24007010508583 0 868
67.4778224323558 3.58599875561583 0 869
70.968570538348 3.08443987448593 0 869
79.405626925359 3.31963217301664 0 869
112.091088089374 3.30487369793054 1 869
112.108446983715 3.11383282526669 2 869
112.134226064763 2.99925463630416 3 869
79.9485299057991 3.24614363420083 0 871
76.4467790820497 3.22675980793657 0 871
10.3702094278355 3.28912312150154 0 872
67.2645625671784 3.44470879512638 0 872
91.4945218524448 3.15100065009184 0 872
111.324131393786 3.47270821393499 1 873
0.374544110378178 3.68437629956845 0 875
109.590384926848 3.2403686491886 0 875
112.094085998115 3.43871226032304 1 875
111.366433553378 3.10747864444864 1 875
67.508470470018 3.01681732433327 0 876
101.156812962746 3.23673347796151 0 876
111.024629701502 3.00326825953121 0 876
67.3756048185894 3.29769150658586 0 877
67.311313599218 3.2710699103434 0 878
109.515068000153 3.22094084714747 0 878
111.761809032391 3.08012315750225 1 878
67.2964916807511 3.32096375568662 0 880
67.9930070708253 3.28950469408287 0 880
111.295250932002 3.06552135849147 0 881
64.1295374983871 3.2175966140127 0 882
0.894592804882662 3.20300752268398 0 883
111.40060117606 3.28322526981221 1 885
63.7682056642321 3.02643066149266 0 887
68.7122679178495 3.78979292712087 0 887
67.5089735380802 3.2414015574752 0 887
106.466205392227 3.08575842618004 0 888
67.2533237561922 3.86516136538762 0 889
68.5911294152914 3.17382530685303 0 890
112.174727968387 3.37042686609666 1 890
64.1218069456099 3.37614374136183 0 894
96.4115075704042 3.42259530648457 0 894
69.4113495820298 2.99982988515963 0 894
99.6002981641077 3.04510813241325 0 895
109.709747621116 3.88715274758041 0 895
101.347227461762 3.08738546350241 0 897
110.064671003689 3.46264787875687 0 897
67.2533690697141 3.07578333039309 0 900
0.337537833477679 3.08693117300787 0 902
63.9497704852902 3.05369733409439 0 902
0.0429111330946996 3.76083709771705 0 904
109.771441193285 3.09025589557406 0 906
67.3689968457278 3.03434762355247 0 907
69.7566823566521 4.75033019234952 0 907
106.106580537905 4.59633175551368 0 908
67.9812229317152 3.36219755189429 0 908
68.5572763152347 3.11670498161625 0 909
67.9297097366411 3.0314406692137 0 911
67.441017747959 3.01390687372771 0 911
89.1201616271623 3.02884526250077 0 914
67.3676463384553 3.51551583977769 0 915
70.7139270574812 3.11199304911253 0 915
77.301394814334 3.56982274025875 0 915
70.9227185248148 3.97710249301074 0 917
64.4660958047394 3.2342052179082 0 918
109.742116468849 3.41180843446027 0 918
109.616146648731 3.5628812123922 0 918
111.592155304718 3.30665795122089 1 922
68.2082969553698 3.05722677775998 0 923
109.534242876032 3.56578860829871 0 924
67.2748524930844 3.09482947561174 0 925
69.074578123745 2.9972696902549 0 925
64.0279310369913 3.01492525292259 0 926
67.6270380143149 3.19280569161182 0 926
67.3628125093219 3.15847611742674 0 928
110.967291555881 3.14162235163856 0 928
67.2725501294856 3.42229313003892 0 930
67.4765738792284 3.02893452157144 0 930
97.8944895430538 2.99756951724159 0 930
109.513483680566 3.41759351323317 0 930
0.0276898695573155 3.28531782494042 0 931
72.0166862583584 3.13344638184867 0 931
69.5368615869179 3.24029344058362 0 933
111.25455526703 3.00096343274831 1 933
65.0674853289075 3.43019837017942 0 939
111.783505218783 3.1146700927822 1 939
69.360047509339 3.15223317623228 0 940
67.395015014507 3.78453188205383 0 942
71.0031701656062 4.89291369492623 0 942
112.137447009309 2.99140430078007 1 942
73.5496136386466 3.77922849152821 0 943
110.729470074227 3.17347557471049 0 944
67.2676618019079 3.53293630178639 0 945
109.570962927237 3.74019029210107 0 945
67.282340346995 3.10312004972595 0 950
80.6238236884464 3.25021000071873 0 950
96.9143866723109 3.19087080161522 0 950
109.646789638384 3.23589886258515 0 950
111.397001848537 3.6682273684465 1 951
69.6720162298527 2.99611661010344 0 952
68.4326550683394 3.63369776196866 0 954
68.0543912571846 3.03258094844516 0 954
108.336508324018 3.147199161314 0 955
69.4691789570003 3.2784112281199 0 957
7.64060418653567 3.97569417337588 0 958
67.4554052953898 3.19818715217403 0 958
64.4765650133809 3.08814136718181 0 959
0.203674069578603 3.81120388177554 0 962
67.8479845585139 3.61999761434817 0 963
67.3530786645162 3.31262354742986 0 963
111.899187213817 3.61838484778985 0 963
66.5412115404832 3.22229680281152 0 964
68.0504474744327 3.11393779402246 0 964
111.50523081603 3.08962937138857 0 964
2.81639742809138 3.7306358072111 0 965
64.7462358899014 3.49930442932015 0 965
67.559938525942 3.6354518859485 0 968
69.0321722951642 3.03472037451385 0 968
63.8253768216801 3.42714279171381 0 973
67.9719150189718 3.44652653234531 0 973
109.590145995927 3.41918096697766 0 974
66.2949663733872 3.113102195016 0 975
67.635108652721 3.03174327763727 0 975
64.6379894073868 3.16993639640764 0 977
0.0200700247493657 3.69632756186748 0 979
111.924027502285 3.19300142351807 1 979
66.3274152202388 3.33942408007036 0 981
67.3021825554149 3.66800262122259 0 982
67.7305823890787 3.66178031890276 0 982
78.708299394215 3.08088594660876 0 982
67.8063784819279 3.16621858024762 0 983
67.265632263656 3.67200756137162 0 984
109.515718058221 3.05158455819336 0 984
111.676164389336 3.0176521728371 1 985
67.2616184386929 3.202792944091 0 987
111.768426780104 3.57285823898055 1 987
0.00955202719457064 3.18983084172663 0 988
67.2542102800889 3.6003135921895 0 990
68.2108921871576 3.39043730855583 0 990
0.456380095926629 4.76384247175654 0 991
67.6015994118569 2.99466738205785 0 991
85.1462349710136 3.07955253079868 0 991
63.7374367294343 3.18005715746073 0 992
64.0125938202779 3.48536250980506 0 992
63.749187994977 2.9928085103687 0 994
107.292009071959 3.21959345418173 0 994
71.0022573613235 3.54255990025951 0 995
109.543254764267 3.09970227028579 0 995
0.329058524257562 3.56165013244291 0 996
95.8906666737161 3.07898537678936 0 996
67.2759185351054 4.0698069067598 0 997
67.2666814792803 3.02250943350581 0 997
101.204969637149 3.24153508213881 0 998
63.7724383505406 3.13999263312055 0 1000
67.9085572885886 3.17375689532044 0 1000
108.331720392667 3.66985986615715 0 1000
