"ts" "magnitudes" "gen" "cat.idx"
44.4042649803915 3.00296647199147 0 2
0.537647583720537 3.89743302066482 0 4
47.801677453473 4.19040421922538 0 7
47.8444751805568 3.32719672791106 2 7
47.8156909658042 3.00812491236709 2 7
13.8873034690721 3.49133915868934 0 9
46.5288784774136 3.09506275861507 0 11
45.7127021755428 3.63613871510319 0 12
18.799329107568 3.48028210134129 0 13
0.306230774476357 3.00067700459118 0 13
45.965990723831 3.01754501145546 0 15
46.2305975482399 3.35794707143477 2 15
44.280137416876 4.16679660854773 0 16
45.5011613099433 3.23651557820079 0 16
39.9364740041008 3.07003092967696 0 19
46.0837607605128 3.11393715734692 0 20
0.131692244653545 3.14749951917404 0 22
45.7886210388567 3.19370007017672 0 23
1.73706514853811 3.0044100211012 0 24
46.4865366542394 3.20248023308944 0 24
45.3249679767735 3.14586165036079 0 27
47.576040043544 3.55279967770245 0 27
0.0444879566894605 3.08110085134079 0 28
47.7154361362659 3.01139635965133 1 28
45.5519392257611 3.65144280457675 0 29
2.18076044434534 3.10777297275044 0 30
46.173926162291 2.99017155414117 0 30
1.29258058789763 3.09476551812244 0 38
21.5612771380555 3.41907686999628 0 41
47.1054306630416 3.18559614606406 0 42
46.1429749539363 3.67920650385806 0 43
11.7709474685652 3.14509414428076 0 44
0.388251716327095 3.80023183326111 0 44
2.14210875835537 3.01152067909508 0 44
0.0853397991605175 3.37442840657054 0 47
23.6091094594959 3.21482910526472 0 48
46.2697822718297 3.10352699703926 0 49
46.2250903723475 3.15420349723039 0 55
47.2078374309089 3.15985817851811 1 57
7.93147316776393 3.221785015785 0 59
47.5299743240789 3.23297560293868 1 61
28.8255272766299 3.14542720148158 0 62
0.116168563740747 3.13813065694002 0 66
0.0562544316328584 3.1508834810391 0 67
0.293668344351717 3.22167541687386 0 67
11.1008895865754 3.45977208787216 0 67
1.05302682960171 3.14058283100469 0 69
46.1925910767507 3.22049525915244 0 69
46.5987991237709 3.00404088388542 0 69
46.1340057563883 3.14688604131316 0 72
7.57863589747315 3.39654065956251 0 75
0.0211320905912838 3.05891649510872 0 84
46.1347924006481 3.96586636409604 0 86
0.0300200980672421 3.51185561919894 0 88
43.6982512336832 3.15052194556483 0 91
47.3612699852415 3.37013091361329 1 91
0.0299809553769569 3.01730808589934 0 96
46.8837320747523 3.01195401874543 0 99
47.2744115741547 3.32957160012452 1 99
0.353318738453737 3.29861493260477 0 100
45.4886504518635 3.25290239168307 0 101
47.9126192460858 3.13604326671529 1 102
46.2030356888425 3.8274624113736 0 106
47.891235918421 3.24747984389187 1 111
0.387616649592617 3.16457985086959 0 119
0.0237524501603103 3.294531139595 0 119
19.0907371015359 2.99742279945886 0 119
0.412447942666582 3.09913075188146 0 120
8.54328349148798 3.50825615046403 0 122
46.2186947434349 3.15003066543525 0 122
47.9585425261498 3.16076309066464 1 124
46.616756450108 3.05475924777207 0 125
46.0760105698162 3.37699506881423 0 125
47.3827620361269 3.12100076892272 0 128
47.3845506433403 3.22290838034057 2 128
0.156279074592044 3.09873186299661 0 129
3.94310749001957 3.25548954510133 0 133
39.0587459620349 3.33636042189995 0 133
4.11311018404642 3.49007161357629 0 134
46.2013682783655 3.09504525635963 0 142
45.756228524009 3.11502901682017 0 145
0.527484435497526 3.12470328093569 0 148
0.132712742924387 3.07059084174206 0 150
45.7537823602757 3.08830358795946 0 152
47.9212164070081 3.16053459943104 1 152
47.9696553743006 3.79971850584155 2 152
0.267175029482157 4.06785057995422 0 153
42.5806203732798 3.05016425567203 0 155
13.996344460422 3.8893239666001 0 158
47.0566790407485 3.27749445603095 0 158
9.61742135528166 3.51911678515148 0 159
47.9770502233036 4.62499215694644 1 160
47.9836727142275 4.07530544942455 2 160
48.0099737672467 3.11042117945237 2 160
47.9982024270444 3.17640561357443 2 160
47.9920060638719 3.01174945452406 2 160
3.45706583482288 4.07932078741332 0 161
5.28429585411376 3.35297251491701 0 161
45.7362202172071 3.09831534858426 0 161
45.9223741116773 3.10840516672123 0 161
41.6312167171918 3.21903258699526 0 162
46.1704764732958 3.35339959721002 0 163
0.00964326640824753 3.1301317178936 0 164
47.469051895579 3.05085896272378 1 164
0.0603546586212281 3.47482998039755 0 165
1.03892969527708 3.29574150328013 0 165
1.09136367417472 3.70499656954809 0 166
43.7452727749379 3.093126747693 0 167
46.1328908149983 2.99773768752709 0 170
47.4621124432046 3.11655945167238 1 170
47.87971539624 3.10683221714791 1 171
46.2168193452182 3.0562807017769 0 173
0.25385964887706 3.69063359345645 0 179
1.07681582831072 3.02437033035719 0 179
26.9258583263382 2.99009075027458 0 179
0.208184758244783 3.22113471467819 0 182
47.7316099781633 3.02193487947479 1 182
47.1184550706666 3.25417728388619 0 185
45.791366758499 3.09350557226665 0 187
45.5643886613828 3.14730587205065 0 189
45.9470914095366 3.2741010112626 0 192
19.7083064826453 3.09050363915601 0 193
0.0126252313619754 2.993261908755 0 198
37.7542934547805 3.11399904257321 0 198
2.30131092544105 3.33814387627838 0 200
4.8130031562917 3.01872829862728 0 200
0.0196463756189428 3.56708402835159 0 204
0.0201179628642671 3.09064605103827 0 206
0.170663962543323 3.36049743581465 0 208
47.7728038296659 3.29059264136463 1 210
0.149770281613637 3.03936154050831 0 214
46.2086725174426 3.08682721413249 0 214
45.7874550023956 3.61352228688365 0 216
47.9687032891993 3.77424377192956 1 220
44.5915450508906 3.00255622213433 0 222
45.6972000348624 3.20762103393213 0 226
46.5944359450088 3.16574591841441 0 226
0.021452981352325 3.5257084732135 0 228
2.44940674438888 3.24670532027276 0 229
47.8017884973992 3.41753345093181 1 230
0.00919595554984562 3.05750301026743 0 233
47.2404107245706 3.83036266706161 1 234
47.2733342741412 3.12267748789101 2 234
46.2281349579485 3.11869383015785 0 235
47.4302369774409 3.24787463847331 1 236
7.86149527782168 3.11864702609827 0 237
2.14909705933731 3.5776495097978 0 242
8.11958991456589 3.09339976773834 0 242
47.7106899802197 3.06507415279545 1 242
43.8925312057 3.98023032074434 0 243
0.0125984101541289 3.18421614352656 0 244
47.1104813344175 3.15783821946008 0 244
47.3908741331283 3.18786102637281 1 244
22.3935085706007 3.56134389135549 0 245
1.53778657526082 3.07326527696819 0 248
1.03657177701971 3.0240313625251 0 248
47.9333215708934 3.42538833235457 1 248
2.12008527879639 3.26405712450193 0 250
35.1893553794443 3.5819391469393 0 250
3.06024457673919 3.27623042298203 0 250
47.4037615444135 3.43553668783152 1 251
0.153833912840047 3.86774816524094 0 252
0.0438669534916926 3.4888711467685 0 253
46.9389675448945 3.115371423593 0 259
0.706967654746535 3.20891166447924 0 261
27.1663907428233 3.12799308404737 0 263
0.0616044770881336 3.0151149811441 0 266
45.6994779369349 3.13716113839113 0 269
0.162474459835653 3.20194453340938 0 271
47.0639001321137 3.04195159430777 1 271
45.7123456667175 3.31061382404725 0 272
0.0622778327566194 3.25234562710645 0 276
0.114221382297127 3.47880679126027 0 281
0.237896335054607 3.2485298207787 0 282
47.2083319402878 3.50455045817522 0 286
47.5597707712181 3.07943191418498 1 287
3.19265643499309 3.14213573692395 0 288
10.4552084537992 3.79591949635673 0 289
37.7590762186584 3.10372071576018 0 290
0.198013008432957 3.5586736939809 0 293
18.5566198598557 3.28899380532172 0 293
48.0032409610316 3.26835607137587 1 293
37.7986744516255 2.99974145137109 0 297
14.1578885150424 3.05383882261819 0 299
0.01448360350069 3.31961584876972 0 300
47.7597194906879 3.25264162228693 1 302
47.7799210709048 4.17680598643634 2 302
47.7944344535138 3.3764176200027 3 302
47.7967483387397 3.34705089016564 3 302
47.8610222907363 3.17767638387401 4 302
3.7347621919857 3.52278661757375 0 305
46.1840937602594 3.477650798731 0 306
46.1920215981993 3.15862676928111 0 306
5.07933015167734 3.31453717143326 0 315
46.213068183309 3.0678172096497 0 316
43.1773943220634 3.06679193198992 0 322
47.3860539208722 3.53981879821278 1 322
47.9044533099934 3.0340321758913 2 322
22.6238700028947 3.94807150347736 0 323
0.532104880750838 3.17981899778716 0 325
0.000383188301589462 3.1219347727987 0 325
47.7648167334587 3.68858093431733 1 327
0.861456813678662 2.99256182226742 0 329
28.2302558606281 3.78919232592059 0 334
42.4752918677675 3.56497961621008 0 334
46.3795321374856 3.08068455445546 0 336
3.85470764679884 3.91386908534565 0 338
4.30967007271787 3.19230628395249 0 341
45.5877943636638 3.08356901038426 0 343
2.72515978854565 3.14026790902413 0 345
43.8087592784153 3.0945458703236 0 349
0.315423914177984 3.40632435431296 0 350
46.3050506964553 3.12293263596021 0 350
37.7839766324213 3.20508878579657 0 351
47.3026681248188 3.20660092217257 1 357
46.4419106572147 3.14108663211446 0 358
2.20891938430856 3.92192558441398 0 359
46.1708226545362 3.08253734081176 0 360
1.5410125204069 3.89495565336128 0 361
45.7845675514874 3.06754500400404 0 363
46.1887139854372 3.36075917232732 0 363
45.2086156362995 3.08429322946115 0 364
6.19442756191747 4.08577762205123 0 365
46.1057939715558 3.45049767296323 0 365
1.13542520756452 3.13978117716131 0 366
45.701222543668 3.03763101010494 0 367
47.5731796459927 3.06786028605957 0 367
46.7410202940056 3.15513390151205 0 368
0.0737882330403564 3.17337824772752 0 371
47.4233965861235 3.56865899673871 1 372
47.5511445993551 3.0912276727028 2 372
47.17590070717 3.28680032462282 1 373
0.0235660790592837 3.67453003155366 0 378
47.5857301471268 3.1086458179578 0 380
0.0194116365511498 2.99319464397636 0 381
47.4413766075481 3.24801233795401 1 382
46.1545798907229 3.10230788245196 0 383
0.254013162979563 3.16009224021549 0 385
3.05824717940241 3.13139036429224 0 387
47.1339339347646 3.18080004617718 1 388
47.6913852533535 3.48495799194746 2 388
47.9508113036022 3.14849553375652 1 390
47.5603367878679 3.14185265413304 1 392
47.3350818596404 3.28762552741163 1 394
47.5194362694137 3.01900162057639 2 394
47.421785246031 3.93974707778866 1 395
0.024360231142315 3.53638919535445 0 396
0.0372781502647449 3.2300394454406 0 396
42.0754992804022 4.0055784672591 0 407
1.6509040017615 3.01601749917667 0 410
47.1653574860279 3.03650209177951 1 413
47.3387931891807 3.03610588948315 1 420
0.442424603120821 3.51291151898261 0 421
0.142825120267586 3.05415902096217 0 428
46.1321153991994 3.32718951198383 0 428
45.7082741543564 3.33188268932317 0 429
3.31105417613672 3.11177833355614 0 432
11.203577176721 3.06052305305801 0 436
44.292409007241 3.1737280322414 0 436
35.7105072842765 3.19904876580678 0 437
44.7818931962517 3.2678777494471 0 437
46.1460766771408 3.26543496187506 0 438
45.3633684078881 3.55228460097783 0 445
43.3254529439529 3.20153032126934 0 446
0.327410830682836 3.62071550927024 0 449
47.4509454990361 3.28185013287233 1 449
5.10128535143602 3.11488051039424 0 450
0.135222482903049 3.23107016153112 0 451
46.3628052647866 3.21586939309647 0 456
0.396351281779249 3.31363931776901 0 464
47.8877405197449 3.25378736137638 1 466
0.192160479385693 3.24593282133253 0 468
47.3110009519473 3.42828579775861 1 468
0.499461836662051 3.01750503192753 0 471
47.8528884238653 3.47111155224347 1 475
47.8559822803298 3.94654076786735 2 475
47.912532704269 3.25180782092863 3 475
0.0626570958353793 3.14215772517957 0 476
45.7083972471066 3.39684917317111 0 479
0.0815583626954588 3.237854049263 0 483
47.7762482579887 3.43821576670783 1 484
47.8614940721631 3.10970301656003 1 485
47.9282828875304 3.65042378077091 2 485
48.0092224137947 4.04917225212408 1 486
47.496643278198 3.06646108226121 1 487
18.5345957379204 3.30160986000606 0 488
47.4770737967078 3.1088033534215 1 490
25.0510349989923 3.35641157302003 0 493
0.34807522981864 3.11302200694557 0 494
0.348047686201259 3.17846469589878 0 494
0.00807000635337114 3.14553333672928 0 495
47.5419901007876 3.02556552849687 1 496
45.7899303826953 3.02789166962635 0 498
46.1987498321838 3.55490885001688 0 499
0.177276674267038 3.61432404544135 0 502
43.6124161291481 3.29897708172199 0 502
45.9514485759122 3.45797155671352 0 505
0.138735837734277 3.39185761004693 0 507
25.1245254493253 4.15375285142236 0 509
47.133943900149 3.65903959292864 1 510
0.0136748484060321 3.10160566233911 0 511
1.76710874768181 3.14580310196268 0 512
47.763834212124 3.40765624531313 1 515
37.8485585191697 3.17368067724464 0 516
0.177537803023641 3.56775830193398 0 517
0.0433827757514976 3.90049755358502 0 517
0.188090255296679 3.72557160481353 0 522
2.14047256795735 3.0350408424343 0 526
47.957193360347 3.20738484684694 1 528
47.60554038492 3.64598791699576 1 534
45.4689838151993 3.11595890076386 0 544
13.713521102692 3.05612185045684 0 554
47.2142607915771 3.18470323610953 1 555
46.0781369206897 3.21260194514158 0 556
46.3836540691054 3.1238080854326 0 556
42.4806511900686 3.17951602323912 0 557
45.3716488153786 3.0357951003046 0 558
46.3436832578272 3.00223648053706 0 560
47.3912991938737 3.21323674231704 1 561
4.60778933356837 3.373275939918 0 566
45.7041659637167 3.29994920332407 0 566
18.9333021483434 3.19302724818692 0 567
27.0465788080414 3.55027163680613 0 570
46.8602168823457 3.12113219356956 0 570
32.8586299477239 3.02804400352812 0 573
45.7060700829685 3.17854064812504 0 578
36.2242735278806 3.14935784677804 0 580
0.031144758365944 3.37199976007279 0 583
47.8071986936588 3.05665802518198 1 587
47.0759431735236 3.55370188102946 1 587
47.2032085243579 3.37627626924635 2 587
20.6452069851077 3.52054346765666 0 588
28.2334724314771 3.12786859405903 0 588
46.1500177462092 3.07453615298963 0 589
0.0233453170170456 3.00885215971001 0 592
2.64595590540751 3.51591273873616 0 595
0.03014435917113 3.01021800358732 0 602
0.358456184385178 3.67668984101868 0 603
5.2736020890973 3.42526660447468 0 606
43.7835167992284 3.00517346542058 0 608
45.7250982133389 3.48811554391349 0 613
4.24409214976028 3.02038748963326 0 618
46.1949210490785 3.04026243704778 0 623
2.74378693333675 3.14943570388057 0 624
47.1988341365099 3.12340145497931 1 624
3.1720882597266 3.13164569005312 0 625
45.7799989087957 3.32310727928502 0 626
0.248132083876049 3.06625935972738 0 627
7.49376867126805 3.50258361950649 0 629
46.1299275259441 3.06879295225872 0 631
0.793736330804331 3.76187881278499 0 632
47.7129120583736 3.10436384076686 1 636
19.7322520849683 3.76989835516359 0 641
0.168534521052205 3.47037582250975 0 643
2.12484607968316 2.99488939407425 0 644
47.7021088557408 3.14383810674109 1 644
45.7200753762836 3.10259641037422 0 645
0.268086563844616 3.04908200808393 0 647
4.2867534443994 3.72860666464993 0 648
47.67056931229 3.08371511837375 0 648
47.3517650520984 3.00050695559156 1 649
20.7466899299958 3.22445244654276 0 650
45.5581936297363 3.15041298296354 0 652
45.5471819917477 3.39947764944491 0 652
46.191571971057 3.1090612724561 0 655
46.1688525612141 3.46071718159011 0 656
0.0113478962503746 3.09670788477732 0 657
45.8573907121403 3.18020142847192 0 662
45.8536460029834 3.02760343412818 0 665
0.109823427765953 3.12173717954506 0 666
37.8140077380446 3.1347208125403 0 666
46.1330075165482 3.0235057406454 0 669
1.10222332396009 3.22392857310269 0 674
47.7975533429157 4.08660967806358 1 676
24.0692056593637 3.36180643285302 0 677
0.0122069027538267 3.10393878802131 0 678
0.586494896470248 3.57945479746657 0 680
3.40303099424137 4.04643469089548 0 680
10.7259170913356 3.00842081743913 0 682
0.40434694029809 2.99756336643007 0 686
45.8474344089972 3.56549871781841 0 687
14.1474873722741 3.59323753325086 0 694
2.12110114687187 3.49304593206537 0 695
47.5521386460491 3.54638817533265 1 697
47.868496023159 3.78893942379232 2 697
47.5710509133349 2.995501294866 2 697
5.15979676889491 3.21592216036552 0 700
2.15451962181127 3.44085621635975 0 701
46.3346358423163 4.05254391019956 0 702
45.8463149098714 3.29373259276832 0 702
46.8906586282166 3.32182107809837 0 706
3.88036529031814 3.28953029028039 0 707
45.8520193083271 3.45126930251339 0 709
2.12452109156447 3.06533891427517 0 710
0.0736654503148364 3.26625695227401 0 711
3.06349413062831 3.75832173411469 0 712
47.1654929667692 3.8280608191259 0 713
47.2028793226029 3.29703433363742 2 713
46.1648592155953 3.22837171362081 0 714
1.77033091670193 3.05350991316361 0 715
46.4560504117352 3.85380478362918 0 719
47.3574515610557 3.4505167571725 1 719
47.4023181916147 3.17055532577445 2 719
46.4738349291526 3.22843323983662 0 720
3.85522937639671 3.42007181921138 0 723
47.9517911697362 3.34493073728097 1 724
28.160694108194 3.06908135491839 0 725
0.329805190840232 3.31797385633485 0 727
0.191196925502725 3.26206449545305 0 730
45.797543745474 3.12315759086486 0 731
0.125229652120308 4.36186084252112 0 732
0.113695917529194 3.23221585511556 0 734
0.0409488225729344 3.0071588006307 0 734
47.5126621244905 3.10711845635647 0 737
47.048245577756 2.99358112696006 1 738
42.2409153058406 3.84433435990634 0 740
0.00126268439714964 4.00950601885472 0 741
13.1627854671497 3.51291062371054 0 742
0.143185062670079 3.01823265458249 0 745
47.5973502180163 3.05798122706824 1 746
45.4403398701421 3.60046656761421 0 747
46.1387845335638 3.22631815809331 0 747
47.7649948306021 3.23457673679518 0 748
46.8605626582097 3.43078625877326 0 751
46.9091448214662 3.09974909570422 2 751
0.120806331299587 3.78339914987089 0 752
0.560744788179898 3.26049877534256 0 753
0.0577730849587742 3.07351909084986 0 757
0.359352308230129 3.08019001158122 0 759
45.7412201169078 3.05066643226994 0 761
20.4073257781201 3.04866976182362 0 762
25.140081876607 3.31529506951433 0 762
47.0176870978061 3.11278261388694 1 767
47.3029279498473 3.12614268088012 1 767
2.23753167399556 3.24841938424302 0 768
46.2962879689261 3.02779168832437 0 779
2.05789356035757 3.36829617102839 0 781
0.0425367661013931 3.18410888320636 0 782
12.9325520542324 3.33895508999049 0 784
45.6865059681559 3.61332449665066 0 784
45.8276677665921 3.36836805552961 0 784
46.6246145753529 3.41680085324311 0 784
46.8706750656658 3.63196230532178 2 784
0.0429086078743307 3.05082333824145 0 785
2.67407649390721 4.06276094107914 0 787
45.3165962774316 3.37439420150649 0 787
47.9679253285349 3.24014984457272 0 788
0.0860160494034107 3.11158640109531 0 790
4.97302087513934 4.00874301403897 0 790
47.5959322647281 3.0522087398683 1 792
8.02936739276935 3.23340297289585 0 797
17.5672764797099 3.02473148124131 0 802
45.6267294821465 3.22089947211713 0 803
45.4791573089114 3.38713216832809 0 808
46.7815669100671 3.17691438080352 0 808
47.7261983823587 3.15943331767479 1 808
8.99015674606925 3.77172669706128 0 811
35.4203612020942 3.37669111602124 0 817
46.2791119721818 3.20964422399467 0 821
47.6102894988466 3.03313343518715 1 824
27.2020140018814 3.03869030638549 0 825
45.4732724365219 3.32949559500886 0 825
6.58919592221732 3.60337080622584 0 828
46.6168577441804 3.19578686871583 0 831
38.6364450344416 3.45235763141398 0 836
46.8443203849726 3.08799009232846 0 837
0.41721648532176 3.0112073284117 0 839
0.253489301517038 3.13754951516798 0 840
45.7541726345688 3.06194983234509 0 840
46.1463954151945 3.46337633008309 0 840
0.319658250721154 3.36108006407185 0 841
0.00877634464501958 3.82786547016415 0 843
46.7591221381555 3.8268570220654 0 843
37.8060914979863 3.01492105083664 0 844
45.4953665021113 3.2990387442709 0 846
46.1884808115332 3.04533014392605 0 846
47.7875711118426 3.13015239421993 1 848
37.9867762064685 4.17364751344722 0 852
46.2673763040033 3.33338262419034 0 856
45.4588209794362 3.37988386893969 0 858
21.5002975362622 3.35348314788546 0 860
0.629030432049631 3.29418693559866 0 862
46.7115555972913 3.26887505873951 0 864
44.3662223685204 3.27470557261103 0 865
0.0122592275285976 3.03438157952948 0 868
4.57946013300583 3.7998555321122 0 868
45.4737363358817 3.26600945351572 0 869
0.219040245680319 3.45007861267704 0 877
8.10915680784117 4.09219017117428 0 879
5.04759050549888 3.76891514028925 0 881
0.156027129691908 4.12155497165088 0 882
39.9472918701086 3.59102882384256 0 882
47.0163238068667 3.48369325579585 1 882
1.14774642870314 3.13982332741504 0 884
17.6795148365474 3.0197555921112 0 884
46.1293797950286 3.12366460409298 0 884
3.5588363077253 3.02688472506835 0 885
45.61271806977 3.41000330705864 0 885
1.12376259117958 3.06432037246691 0 889
7.01469913169827 3.20050286745747 0 889
45.6925432402377 3.67389431966439 0 891
44.6418272179769 3.28388157118409 0 892
2.95302512122183 3.11424727856444 0 898
0.0376559535088778 3.25618201518674 0 899
47.71139226892 3.82821649091622 1 903
0.12128352441354 3.36676522091205 0 907
29.3385236306078 3.01034228895738 0 907
45.7891364069537 3.97346706505932 0 908
0.446885631038843 3.04500237466863 0 912
46.1343689632613 3.56420772611224 0 915
47.5456734079957 3.25258106629011 1 920
45.7246891928293 3.68917735592697 0 921
0.057120218451549 3.0116773434644 0 934
0.116575463247757 4.19466954314969 0 934
47.5118220293984 3.05178704449547 1 934
44.1776081867433 3.18011680571044 0 935
0.21041154091592 3.37805512404919 0 936
1.42671207632251 3.02527981387134 0 937
43.7765687040354 3.83578708672944 0 939
6.24434914949623 3.0323956572301 0 942
0.0248338935065594 3.22453825427281 0 948
22.6596934233314 3.21854644697191 0 950
3.96640353621663 3.14873163161928 0 952
0.100232594955527 2.9981625697617 0 952
46.582184293361 3.5352631804779 0 955
47.095809621838 3.41086677512441 0 957
0.143559488993393 3.00976136407359 0 960
45.8547851643489 3.46203697918095 0 961
46.9790719890343 2.99358849997414 0 963
0.108142470071747 3.23880020815424 0 964
0.091555908784604 3.00490080144692 0 965
47.036931715123 3.4088467570785 1 965
47.6080905985177 3.84195839281854 1 967
10.1311471251187 3.2008848911122 0 969
47.0934024035555 3.01075344620376 1 970
36.2296417697029 3.0804758773649 0 971
0.198615890450502 3.39825869980828 0 971
47.4158325697385 3.13720486450392 1 975
17.6538295364933 3.58488618911506 0 978
45.7355294937342 3.38395130550665 0 978
6.99958695958047 3.86996927005403 0 979
47.3378486006145 3.02395406772835 1 981
47.3407194162397 2.99495691885737 2 981
45.7244433325353 2.99904363858551 0 989
1.53410190229562 3.67015185850035 0 990
47.9341825686019 3.0497387747487 1 993
3.20349283512269 3.34295920049464 0 996
47.66338654343 2.99472255023105 1 997
0.27982236884678 3.08849384260798 0 998
43.7586884316015 3.32404848387428 0 1000
