"ts" "magnitudes" "gen" "cat.idx"
97.72452026798 3.53865117711708 0 1
107.331142019794 3.00036594354721 0 1
67.3497984560253 3.22044125912927 0 2
67.2761283142385 3.30553602045443 0 2
67.5227624209036 3.09140233967654 0 2
107.434580975939 3.8307998575993 0 2
70.5088309557504 3.0250422054853 0 3
67.3176827670506 3.23074435552538 0 3
71.4318874243401 3.02748946867391 0 4
68.427603002645 3.40750929096372 0 4
70.0805563578101 3.268184059307 0 6
105.626856593667 4.51292582897551 0 6
67.2557931595982 3.10155351055299 0 7
69.5306049327301 3.17526348369697 0 8
67.3326862328643 3.23658342631204 0 9
67.4788448417636 3.20536896181446 0 10
69.5937200253288 4.49243735734686 0 11
72.1707918705025 4.27797773469862 0 11
64.3039810560729 3.12076046291183 0 13
64.8394897548878 3.39856329702158 0 13
67.4442191548946 3.57561875082493 0 15
73.9578081735274 3.37678862385356 0 15
67.3479893744081 3.02654702757895 0 21
107.290138534717 3.55718510792814 1 24
108.194707710742 3.11868267038534 1 24
107.449507122017 3.9280733860192 2 24
107.331584889599 3.21108915406378 2 24
107.625161518988 3.23202124992658 3 24
67.9923431381851 3.29802360674325 0 27
106.334044831296 3.00511084819166 0 27
103.394596061216 3.12494166010553 0 28
67.9278316216479 3.71418788731633 0 28
107.154390511962 4.30767883326085 0 28
107.536551794371 3.1356689071011 2 28
107.156086936194 3.135985763992 2 28
107.413381099996 3.10965254498878 2 28
107.76013434583 3.32063648465428 3 28
107.790264542016 3.63252140612274 4 28
107.974678975588 3.4485288407225 5 28
68.411786107662 3.44580008358205 0 32
106.016569535356 3.08605005359363 0 32
0.0227389564936674 3.04684411780636 0 34
78.7243195897953 3.14969536616098 0 34
108.00735467391 3.21286757987182 1 34
64.3943283541778 3.16125075307655 0 35
71.5308329000642 3.06106664369747 0 36
70.6458535155816 3.12182482203105 0 36
69.2315457291121 3.23125694658444 0 37
105.777829157248 3.03617216508946 0 37
107.026654099655 3.35994820900618 0 37
69.2479885321579 3.08680071270382 0 38
67.3072261399197 3.46849363755282 0 38
67.6129417605462 3.62256212283196 0 38
67.7763480409314 3.5530660743832 0 38
106.08539632611 3.02888553034985 0 38
0.156067984244471 3.36708472436624 0 40
67.3484912408555 3.63919501401346 0 40
67.3776161117046 3.48843128894959 0 40
104.823116663475 3.58737796783245 0 40
76.044674888118 3.20511617844746 0 41
72.2809102874033 3.23246466424537 0 42
15.9128499679565 3.11506873460165 0 43
63.7265978361131 3.16972562787016 0 43
67.4195497094109 3.03352765301434 0 43
68.5054259167052 3.10299969319249 0 43
85.9651696840631 3.64500968524743 0 44
106.332429189492 3.63034987747546 0 44
67.4117218988022 3.3890838956131 0 45
73.0302167730318 3.04843125637993 0 46
39.9387915302439 3.19758354089055 0 48
95.8533298256742 3.26252751264716 0 49
107.482331358808 3.13633012260028 1 49
70.4865578273963 3.75094582306299 0 51
63.9441849602579 4.36407505356794 0 52
87.741823683336 3.20715171786449 0 53
107.690315634691 3.71835139063664 1 53
107.853625884902 3.98177312661285 2 53
68.2788156177619 3.09714149748022 0 54
65.3056975361055 3.34936751206415 0 55
70.5556342035918 3.19607434644771 0 55
69.3506226961505 3.05357949837282 0 55
64.1978737516092 3.38716732872234 0 57
67.3988558056823 3.00700421980808 0 58
106.999856849593 3.43273035988804 0 58
106.756540231831 3.14673130320635 0 61
72.6310673976038 3.31823004348474 0 62
95.9151591814 3.07523925910373 0 62
63.8400107061594 3.12585692141615 0 65
68.3455207605371 3.77660846154394 0 66
67.7799879831657 3.10381770751523 0 66
107.948253045538 3.40728807325209 1 66
108.006736058144 3.37382680407944 2 66
108.047269026733 3.30381526718012 3 66
67.5210095507911 3.38473684860631 0 67
67.7280923931626 3.49469130501326 0 67
101.130300523113 3.136646662441 0 68
63.9376805786334 3.01827141810694 0 69
82.558290494438 3.06214865714754 0 69
107.742808119476 3.15638026515843 0 69
107.507370592541 3.21371534630384 1 69
75.8969040731251 3.21092060576434 0 73
68.461078451031 3.22961768750602 0 74
97.7290929601494 3.74869177290363 0 74
67.4304648468395 3.01051293387546 0 76
71.9162297192626 3.01967173317149 0 77
72.0648206229834 4.39062637290363 0 80
67.7796751883922 3.17812327420828 0 81
0.0859442941203411 3.43685098762127 0 82
102.87726328632 3.34582241054287 0 82
67.2559725592877 2.99503099783907 0 83
101.211230708713 3.01385066473436 0 84
101.431138185286 3.70743946850305 0 86
64.8079027961809 3.86910347251014 0 87
68.811299318293 3.95190760428168 0 87
74.2095574596989 3.36314969494201 0 87
67.4448193113382 3.46854857433582 0 88
99.5349905221193 3.23480034397148 0 88
68.8257379662484 3.10412831171606 0 90
107.332044076388 3.03820379465253 1 90
107.274844002658 3.04001780140083 1 92
77.3444358371041 4.2068404394094 0 93
108.187333420831 3.85558178066641 1 93
73.7842406057437 3.35917917024671 0 94
6.63046984307763 3.12661581018436 0 95
107.876558188795 3.62740400473466 1 95
67.3500997927544 3.298036673318 0 98
69.3477113616234 3.0860088202557 0 98
78.0327238332056 3.7123519580276 0 98
73.6389680214922 3.50414901728326 0 100
75.2487816907473 4.01701687189825 0 100
69.8356972275595 3.14039967616999 0 100
43.1985134714908 3.00038110517693 0 101
80.3527903082328 3.56597746841117 0 101
89.133333938431 3.4608038711359 0 101
88.5851335178037 3.02648248304612 0 102
91.8179243501576 3.33376887008095 0 102
75.8072269494657 3.17257048839301 0 103
70.1139790872042 3.16935814267836 0 104
71.7367911256046 4.03087320998074 0 104
105.489942533984 3.03763433704367 0 106
67.7483475661176 3.27579946014 0 109
106.550603085158 3.70547732187631 0 109
67.43287391677 3.00327060779299 0 110
105.653827385235 3.46060341009696 0 110
106.143066093669 3.1698680302091 0 110
107.871837889058 3.01750824499556 1 110
107.888547092574 3.38726662305365 2 110
68.2446246364153 3.4292250346069 0 111
85.757724913524 3.05578832093759 0 111
78.7094432746531 3.10668080001404 0 111
106.317699459161 3.03607019452631 0 111
9.24472568244869 2.99587897173726 0 112
107.74460140218 3.0697146865131 1 112
107.921193964952 3.01718632408767 2 112
108.228520576643 3.08404348877746 3 112
63.6603521233166 3.49027274435219 0 114
67.3169869570036 3.45138235712643 0 114
0.580189691448651 3.35076289156778 0 115
67.8219199005749 3.31881237695949 0 115
64.6512467194221 3.35013027541885 0 116
71.9298482353801 3.59395122668998 0 116
107.305615195985 4.19170191700524 1 116
107.308539253307 3.07857517188511 2 116
107.550243457883 3.13896795329349 2 116
107.628503530901 3.09765080825039 2 116
107.867711906197 3.04533910438001 2 116
64.013342677355 3.09261510035158 0 117
73.4756238547421 3.31554519105344 0 117
67.5818221360148 3.25308891103697 0 118
63.9357880768475 3.12193564038538 0 119
102.06231305165 3.05156591524887 0 119
105.415576678606 3.05047831766963 0 119
64.0157123838402 3.20873201896902 0 120
67.277284948293 3.88241836583605 0 120
98.2549922824994 3.09351327875684 0 121
53.4722342228748 3.10251163194354 0 122
97.60074593068 3.33292943481274 0 124
98.8482450645855 3.23124363384207 0 124
99.8350120843102 3.53208981627952 0 125
107.750745002627 3.03168273681278 1 125
67.2717757791082 3.81192903082999 0 126
63.8658817619104 3.4412008454998 0 127
67.5302188266484 4.02214912571641 0 128
67.6061881318891 3.16831944169672 0 128
70.2785861066867 3.04365325979998 0 128
106.983742254387 3.00509352817802 0 128
67.3994831319688 3.87071748909144 0 130
67.9377558419757 3.00633383181843 0 131
82.5574692303126 3.03415182105597 0 131
67.2551000850865 3.11012914376237 0 132
64.1462022261668 3.90569929860426 0 133
95.9537733044352 3.01923398957588 0 133
67.3478931250983 3.43984822400619 0 135
87.0262605998546 3.00589409464914 0 135
107.973769389539 3.30468842459026 1 135
3.88509527280717 3.88617943957747 0 136
67.529811655392 3.26924594837354 0 137
72.5919506641723 3.56140605439832 0 138
97.30916434288 3.0738936404215 0 138
0.0168396715473026 3.04435119555729 0 139
67.7310239446954 3.32733580678404 0 139
106.80765065664 3.02101184081568 0 140
67.358138308207 3.03559382405358 0 141
67.4687937424786 3.08994527076672 0 142
77.6111180634821 3.82611968552811 0 143
76.1993751689152 3.55308646799608 0 143
97.7130822530474 3.5624216408081 0 145
63.8144437273329 3.16929108386075 0 146
97.6133529770386 3.03598902960356 0 146
63.7462462708028 3.25535464172842 0 147
70.7833840521256 3.12632901973925 0 147
63.948251303 3.37999686993534 0 148
67.7188122065817 3.21065470185198 0 148
93.546806835483 3.18239182107479 0 148
96.2313589807365 3.00045091823336 0 149
93.8347555632174 3.19268841500741 0 150
67.3505465360768 3.74821826928931 0 151
72.4600968307351 3.39401825407031 0 151
71.0869281096207 3.42581031629911 0 152
67.3346939034762 3.10403292747966 0 153
11.9508833386794 3.35618725400174 0 154
71.6671683585355 3.25802819187664 0 154
108.111119559947 3.14436264058939 1 154
69.0030601442624 3.26361841565704 0 155
63.8433179935562 3.99146649087903 0 156
67.310099476741 3.16457074230419 0 156
104.666894453332 3.03969674878326 0 156
107.055162599365 3.29536643027099 0 157
68.1584859762175 2.99813288974448 0 158
67.7707965531045 3.37593058379156 0 158
99.7922145101638 3.01158938887688 0 158
63.8924717208777 3.72859715970252 0 161
15.6649480334824 3.50156982239281 0 162
97.8797320179283 3.27754747925805 0 162
67.8195032854448 3.08717964294548 0 163
2.21625417783945 3.44093483995722 0 164
67.9612235735964 3.15203022518581 0 164
96.7158217037047 3.50264180968504 0 165
95.8956000197675 3.27500771357255 0 166
107.14700056063 3.35800090862893 0 167
63.7752801373885 3.32327693721511 0 168
67.3144745058047 3.01982053044135 0 168
63.7505047824116 3.20683390679342 0 169
81.1794953236191 3.22627724001764 0 169
67.3051374173795 4.09641691602431 0 173
70.498749837441 3.07770239681354 0 175
70.3828372637892 3.28686912284579 0 176
67.3392745482142 3.1827015909171 0 176
64.1074214683652 3.75568700979328 0 177
107.507638779449 3.05815548893611 1 178
63.9059132374389 3.00538391289201 0 179
69.3050291015366 3.48557565902131 0 180
67.2629288009256 3.97694612561869 0 181
67.3044114099383 3.3964053126126 0 182
69.8229573163555 4.0976533614382 0 182
106.363944623555 3.14208035917913 0 182
64.2604453118442 3.31208374988 0 183
67.252623865048 4.50878460888604 0 183
73.2516267146103 3.33647322268893 0 185
67.3828121508446 3.14034924352941 0 186
74.4562861640088 3.34877081998808 0 186
63.7454754863184 3.00763170998422 0 187
67.7418145141584 3.65626697107009 0 187
67.2626096407876 3.09865403346366 0 187
77.3297341036814 3.06023868449455 0 188
107.60443664736 3.29090255282051 1 190
67.4093265612226 2.99469847433443 0 191
97.6507397074625 3.18087357394661 0 193
107.302836475642 3.00054985921036 1 194
84.471231212033 3.34579243665209 0 195
107.211770161782 3.55658951590864 0 195
67.3545950662908 3.56742959156573 0 196
69.329047760993 3.07715322510522 0 197
67.3963773207042 3.26751451164662 0 197
68.4560307909916 3.05374619878757 0 198
63.7926501838034 3.33700244866783 0 199
67.2895342353465 3.2960533973435 0 200
63.7856129621712 3.40892646134295 0 201
108.046908636791 3.10857281908641 1 201
108.054166872733 3.35278173987576 1 201
67.4910420676391 3.6479962797741 0 202
107.006701424538 3.05172653335527 0 203
67.3210247884533 3.0535455599157 0 204
67.2954806873191 3.73196680105278 0 206
67.2822466770585 3.25473311113139 0 206
67.357974655754 3.02253882297832 0 208
95.9675871810165 2.99138640030319 0 208
107.304482739167 3.03995934605432 1 208
107.797090012561 3.07680534596855 1 208
107.974020371427 3.4497207471849 1 208
108.009660778397 4.17324367269976 2 208
108.07059709916 3.39056247435576 3 208
108.079314802234 3.01451783647488 3 208
94.0477315004098 3.24140458341207 0 209
91.4146266946839 3.05493352274762 0 209
107.98080117952 3.03533895024583 1 209
108.000459981018 3.28087831198282 2 209
106.352472708562 4.61739230435086 0 210
106.464761195795 3.08936892958583 2 210
75.4129070411363 3.14538752112905 0 211
73.9918880052494 3.04599083203177 0 212
67.76313969226 3.18928368885494 0 212
73.9832250672925 3.07625079717807 0 214
68.299529219201 3.19388360723932 0 216
77.9554423542198 3.171098552859 0 217
67.2895160687911 3.05126142134577 0 217
67.3837186908415 3.75720470083857 0 219
96.9168479301831 3.02832950244439 0 219
103.699487002309 3.57794075000357 0 219
64.7033286006123 3.54748579358842 0 220
69.7407381636968 3.48827962061893 0 221
89.7905361551379 3.44011960835739 0 222
64.1845386487659 3.06802561099025 0 223
67.2780509805605 3.0512285711297 0 224
106.349143585093 3.11478465505126 0 224
64.0377844334536 3.1691099356569 0 226
69.3077004830842 3.28519686446436 0 228
73.8234041640206 3.29431529371535 0 228
67.3050943715781 3.50490815629843 0 230
82.3739635688948 3.01892221654599 0 232
69.5787664779693 3.068893150126 0 233
108.097227248344 3.68719582164365 1 233
67.3650671964028 3.01148988621345 0 234
69.7738981317056 3.47719799229791 0 235
106.40379772596 3.21896630819764 0 236
30.3426862494138 3.46602119581362 0 237
101.168495215213 3.43398250723864 0 237
67.4241835888213 3.13619240512085 0 239
63.6886217589942 3.11059468239935 0 240
107.617524773562 3.33674265899172 1 240
63.7395149867056 3.00374675128558 0 241
76.56370468757 3.00959665627737 0 241
71.0276028199714 3.5092351075044 0 241
83.959980010221 3.22703014818117 0 244
80.9416907191267 3.11450277565702 0 244
64.3691530213488 3.08233511057779 0 247
63.9376176135078 3.15807325359251 0 248
71.8540878997887 3.07343761137706 0 250
63.6771709324167 3.44108423164251 0 251
103.681287275669 3.03475535493256 0 251
67.2758523656246 3.55433437736636 0 251
64.7762024414414 3.08857602131806 0 253
106.397953913221 4.36370754555328 0 253
106.412820551777 3.49460684902784 2 253
64.440062198189 3.00321642069051 0 254
86.9028285930529 3.37906291796236 0 255
63.852153329465 3.30040680098334 0 256
69.859221125641 3.28568920953889 0 256
75.9215560526639 3.14745649972111 0 257
95.7754094438691 3.04772502557995 0 258
67.2693466185238 3.13290793036087 0 259
97.7714985148505 3.07778935884592 0 260
67.438156109485 3.04351920240964 0 261
67.8768843168063 3.38366028434272 0 261
99.6894542300162 3.05179292620805 0 261
106.085433044438 3.1297321615497 0 263
63.7621951390353 3.14197462559471 0 264
67.9730700322677 3.53696710479526 0 264
106.985473558432 3.08259898827743 0 264
107.815625195605 3.19892313728564 1 264
63.9234645245461 3.41166991882633 0 265
67.0076327385473 3.65836641829057 0 265
67.3190520720758 3.21313460580553 0 265
106.358177967954 3.54997614058417 0 265
67.4748641205634 3.17354337752598 0 266
67.3735546679107 3.18313234095908 0 266
67.5117023364526 3.36759984188084 0 266
85.0286104020275 3.20912480263735 0 267
99.2124335540256 3.10487649319132 0 267
0.0448772225178056 3.32612698396953 0 268
63.6752209207841 3.02887922333585 0 268
67.3318668569765 3.5279815069986 0 268
71.0192490705718 3.22630184065346 0 268
0.0478832896579261 3.05704874294951 0 270
67.3293012637496 3.34453252285964 0 270
1.03043948381037 3.15270246351849 0 271
68.1812111997698 3.13552002030583 0 271
79.4827600149755 3.09859287807386 0 272
67.6100825691488 3.06183448046098 0 272
71.4945569114407 3.03884490235623 0 272
91.7482610441264 3.39821450277227 0 273
96.6879930418394 3.13645451291398 0 273
107.350286965239 3.60393225965348 1 273
17.6223978088583 3.17149150391407 0 275
67.3505771875345 3.41915925911377 0 275
67.5142503216085 3.43891366156521 0 276
67.5356343096866 3.28548187722252 0 278
67.287264628741 3.02027180883433 0 278
67.3199723228658 3.40450742410105 0 279
0.0279415191341635 3.08217382880043 0 280
106.452684322821 3.12319523652173 0 280
96.1119575974137 3.04786503650635 0 281
85.0562058358403 3.04416357140063 0 281
65.0310645644044 3.54715282886994 0 282
0.335504068383125 3.06828687574618 0 283
67.2601276781482 3.00707465999399 0 283
67.3346784437577 3.20955288809372 0 283
66.2878829962726 3.15678180686462 0 285
67.4041584356301 3.83434026441479 0 285
64.4105038750285 4.36703363674718 0 286
64.3050764608373 3.00706991268432 0 287
68.6856589877735 3.34939566393889 0 287
0.589292769040869 3.33568370613858 0 288
68.9094377115044 3.86034611327642 0 288
99.6912314216155 3.57548022852581 0 288
66.3642070180944 3.0230788794073 0 289
106.983697539996 3.2154579683151 0 290
106.34397368426 3.46663514119875 0 291
74.6668289131799 3.26767584683401 0 292
107.438595149647 3.05588167912688 1 292
88.2768893433261 3.59372302811808 0 294
67.2781705860432 3.13367118481767 0 294
72.6061058294573 3.01459561078656 0 295
67.2682585965481 3.66778360182027 0 295
69.3157764855969 3.50102483325338 0 296
65.6190880286332 3.07088273649256 0 297
83.4042578663866 3.07844182009427 0 297
107.314654659961 3.05946590399013 0 297
107.845864939083 3.72797686324678 0 297
69.665803598838 3.48354487520551 0 299
73.3605593392931 3.02358622651246 0 299
102.209797894089 2.99394479530814 0 299
67.5022715269893 3.22456698503549 0 300
67.4178667095643 3.03554243376903 0 301
64.8472474677985 3.39534550005054 0 305
67.3190477906414 3.62085878444393 0 305
1.48303306422895 4.28382941283811 0 307
67.2939612201193 3.3077009251312 0 308
67.7080133539892 3.28530177459691 0 309
63.7648345888852 3.22669166910499 0 310
67.2575917915171 3.36651487798393 0 310
78.8983714713529 3.51855209469372 0 310
92.7172080134856 4.38056965921406 0 311
68.0871895883249 3.01860686880411 0 312
70.3501468220127 3.28824039510131 0 313
69.2990303308098 3.29101325828041 0 315
74.3321122575042 3.04960193070995 0 315
64.355411973246 3.14953133185024 0 316
67.3215981785881 3.55469336011292 0 317
68.1888806795114 3.00977060897208 0 318
65.0321941955853 3.12985621436326 0 319
67.3712377610839 3.16361830523143 0 319
95.1401697129684 3.38233036909455 0 319
108.247467935817 3.42018591940621 0 319
67.3384500995506 3.02771862082004 0 320
101.25512719172 3.37724533426049 0 320
67.2830168104349 2.9942433161555 0 323
98.2215092739218 3.41382947863993 0 325
69.8554299759508 3.20644037175287 0 326
67.2688802900225 2.99823435447895 0 327
67.3270263228845 3.65146861638534 0 327
84.6278189693403 3.28178003117587 0 327
104.509493614593 3.4100679913548 0 327
106.991175952427 3.32445471384496 0 327
107.366793118165 3.10500861661581 1 328
65.0580950272014 3.2597923281588 0 329
107.41648866478 3.2457268417819 0 329
63.9542932349119 3.00789229796633 0 331
74.7327539993912 3.05422510739414 0 331
100.974057544664 3.39748120278478 0 331
107.965225099799 3.12522166919113 1 332
69.2569145594603 3.78209644536214 0 334
97.6612268292637 3.60807676749121 0 334
107.773540071891 2.99968399173569 1 335
108.095331614585 3.43844925773037 1 336
108.107277118294 3.28506169989783 2 336
107.327005869922 3.70103840363247 1 337
107.413418861312 3.24974319863332 2 337
67.257470053512 3.09290767967665 0 338
107.212035092347 3.3210666670651 0 338
108.026685902829 3.01252372444322 1 338
107.338225719381 3.16881661319036 2 338
71.6630886512238 3.06032544238176 0 339
80.5205240442753 3.03362757911198 0 340
95.8162420236102 3.59845303690277 0 341
76.9287569031869 3.02061803071064 0 343
100.114318845035 3.11276354331098 0 343
64.765085453076 3.03291306388728 0 344
0.00585845470172125 3.05435710093596 0 346
105.043694753304 3.11145285801447 0 346
2.05940063879108 3.76197580768846 0 347
64.1646508057168 3.15390742038094 0 347
67.2646709326788 3.20881629614836 0 347
67.4388126496803 3.15233725261222 0 347
67.2739132232444 3.13755005292629 0 350
67.2784008224954 3.19492413412209 0 350
72.4746898797152 3.57566932738083 0 350
107.526700077183 3.86580362028621 0 351
68.5502424338629 3.43193405586589 0 352
88.6795860715704 3.22510589710493 0 352
63.7900908006164 3.09206354649618 0 353
105.083599640781 3.40294507776185 0 354
70.357566243049 4.32842567124813 0 354
68.7418535254033 3.41554739103556 0 354
96.677547542094 3.36409780980129 0 354
106.105992459248 3.37497916923956 0 355
0.591232095972097 3.02381697670593 0 356
73.399406830237 3.45356180890558 0 359
108.030708683402 3.29719276632435 1 359
67.5209241618802 3.54532449499498 0 360
69.6172810892446 3.17982336196094 0 360
69.314215710647 3.03554312813865 0 360
63.780962202843 4.70615138703601 0 361
73.147618299737 3.12956096549233 0 361
105.932604599707 3.16475106069396 0 362
107.995295870797 3.3368908618493 1 364
108.003317280263 3.14129915798551 2 364
73.8985174445873 3.15283974124796 0 365
0.219917002790088 3.00677044646163 0 368
107.337881117574 2.99926646562926 1 368
67.370328043295 3.40605891620534 0 369
67.3306670273078 3.21518007193799 0 371
80.4216133980695 4.43777538308238 0 371
97.2107356683112 4.21401647170395 0 371
71.274247018973 3.40361915522795 0 372
67.3035382888071 3.67799806559164 0 373
89.1533993243226 3.3467068626953 0 373
65.9487378964339 3.23872664694924 0 374
67.6449653819389 3.65156892360971 0 374
63.741411427466 3.14627440549328 0 375
67.3647038497114 3.17063156869317 0 375
85.1716069089221 3.33836420415156 0 375
106.964877517989 4.09327510112134 0 375
107.014200525464 3.07662224123333 0 375
67.2633586220922 3.42007932904405 0 376
67.7784564328023 3.28697125511583 0 376
68.672505137995 3.15079490512586 0 376
73.8441066975065 3.08857758566456 0 376
107.78796500897 3.16141917564658 1 379
108.217717131898 3.21992249735225 2 379
108.01366570002 3.304841682073 2 379
63.6957973015483 3.11762892433414 0 380
70.4048520835233 3.15012716305857 0 380
107.996371912052 3.16094319849552 1 381
104.795900646228 3.0591252881797 0 382
70.59325267345 3.47728934213514 0 383
67.446849658827 3.0375947613743 0 384
86.7823942614423 4.07968860561425 0 384
69.7442088400595 3.19219325821391 0 385
71.0455536133085 3.81017092168237 0 385
31.7207389301077 3.10368815911471 0 387
108.136456075338 3.13849030681945 1 387
67.3546252171612 3.6287104202297 0 388
63.8203550433936 3.21985150156021 0 389
104.434026530725 3.02953017590251 0 389
106.392888761355 3.07249097043 0 389
67.253719315638 3.76271662474783 0 390
67.2718325665459 3.8572147217363 0 390
69.4286866867536 3.57494575978209 0 390
98.9767110309082 3.33784938074132 0 390
107.00401123835 3.38956722522279 0 390
103.447699246254 3.30408394122943 0 392
63.7750395538774 3.09059210085241 0 393
74.7190691046387 3.08086978174545 0 394
74.1938648447053 3.12441553195432 0 394
67.4257325035854 3.2945967334856 0 395
94.3426766076975 3.56450181961816 0 401
107.369801981821 3.02186377182748 1 407
0.00825066492129366 3.49485274121145 0 408
63.8007349893791 3.1607279533852 0 410
67.6409725856079 3.52087193800635 0 410
88.4197286301694 3.76539037842317 0 410
67.3825411658889 3.40497107087252 0 410
100.03321336541 3.03985889851622 0 410
68.000702737179 3.04418010834042 0 411
2.23041585888169 3.52329217758506 0 413
64.1314718251818 3.50174804387798 0 413
67.7636820148996 3.15707248189398 0 414
81.6226591293194 3.51396854703562 0 414
77.1957112634667 3.22955379954696 0 415
68.487336244623 3.28974133390776 0 415
67.3714355271625 3.1091145949038 0 416
78.5810973112401 3.10841344925957 0 416
106.993983152597 3.527160629088 0 416
65.8975703611226 3.00177335474923 0 417
69.7514850187614 3.23426001553836 0 417
68.0068239538032 2.99188441697756 0 418
69.7262710952334 3.18768634862423 0 419
71.3993106050524 2.99757079696668 0 420
64.5240980036274 3.16054291574969 0 421
67.7878444906119 4.23024390374856 0 421
67.3019226766814 3.1125128153269 0 422
105.520164216991 3.31520082790073 0 424
89.4805654423513 4.27600357334877 0 425
107.872749265264 3.66238198653079 1 425
107.921088894472 3.61825417756088 2 425
67.3374224006998 3.15507565637934 0 426
67.5612204276592 3.06764747010496 0 428
77.7830785092102 3.32264306358985 0 429
107.341793990907 2.99628699194242 1 429
107.345633151779 3.81727879470557 2 429
107.370613895031 3.17038797493401 3 429
77.5970032843909 3.15054675784141 0 430
78.7315477693576 3.59519481898754 0 430
101.113506797461 3.09334584375874 0 430
67.2918076183793 3.41221717712894 0 432
99.8224596208863 3.39364396640969 0 432
78.0990150507496 3.36403988580875 0 433
97.6433071583537 3.00686654368302 0 433
67.4009465403295 3.06879540837512 0 434
68.5053192013561 3.52450961174245 0 436
76.5350693113194 3.00947272010435 0 441
67.2800755767733 3.15172969842422 0 442
67.595932276583 3.0007161760647 0 444
104.342554642966 3.16029219070942 0 444
22.8575565566726 3.79010770629545 0 445
67.3031765005992 3.4982128447853 0 445
106.986163123983 3.01550770061711 0 445
106.400621964806 3.10673003496368 0 447
67.5629751062304 3.62671579528314 0 448
67.5327744491148 3.01272709509266 0 448
73.9152619445712 4.55048909932077 0 449
67.2820507594941 3.26023793499275 0 449
67.3857601814291 3.21178405565237 0 449
69.2597225210022 3.67203513998273 0 449
1.49741021876923 3.09060928124578 0 451
67.2554102202709 3.58732035049635 0 451
97.8278960402642 3.16968046738175 0 451
63.7597974366491 3.24199243509635 0 452
63.7511955607487 3.06191545322912 0 453
67.2679280384023 3.28106720261866 0 453
102.827944829432 2.99235704219485 0 453
67.7406036427546 3.25225487289336 0 454
67.3816493190803 3.53244294879929 0 455
106.671338322176 3.23870239889931 0 455
102.014467298614 3.62539468883652 0 455
69.5169616059904 3.03651474816323 0 456
64.2032123069122 3.03368185513617 0 457
72.0223475841397 3.10469198240229 0 457
107.713884290521 3.16851088350351 1 459
95.7983800454621 3.14683881128841 0 460
68.3300951918718 3.08144665477688 0 461
67.2895351033632 3.72180266737932 0 461
67.2801540189918 3.44485431965052 0 462
102.90007764937 2.9936378616486 0 462
107.288621325259 3.35287063238474 1 462
63.6634517400685 3.48547693083711 0 465
104.815044614951 3.31473785556336 0 466
63.7894918157837 3.37377553980699 0 467
106.245419389021 3.37474536828645 0 467
63.8521895262751 3.29181055320669 0 468
70.1904021597187 3.21714538602764 0 468
104.633190100056 3.28013089003955 0 468
0.708564180597537 3.37425133521058 0 469
68.2541687576054 3.54123948943833 0 469
68.4468698844484 3.04036349721207 0 469
95.8110297488985 3.34464939394884 0 469
105.256046094214 3.98972075912031 0 470
67.3273636292229 3.09199193536822 0 473
106.991338393874 3.69549496008475 0 473
102.064900398787 3.63761407062858 0 474
64.0813140920646 3.48748825234653 0 475
78.9187996954319 3.15344639169904 0 476
67.3766896531167 3.11486487662406 0 477
67.2577592592421 3.11155390628494 0 477
75.627268349315 3.49520965276497 0 479
68.4836064025816 3.59816009950148 0 479
63.7264785609675 3.01694069502692 0 481
67.3108590766726 3.21598984824363 0 482
67.5308446186906 3.37140553421145 0 482
63.7627499499332 3.44442687010428 0 484
0.0172642129512999 3.63012994796008 0 485
67.4567515742367 4.09722306511351 0 485
68.9734270356758 3.15073999651837 0 485
70.6249124648921 3.56098585459951 0 485
67.568139705171 2.99464976166679 0 486
63.8675959149679 3.13246695839763 0 487
106.986733118749 3.48750912169539 0 489
68.3978802316876 3.12942036640356 0 490
63.769431641729 3.67326192778827 0 492
66.9124895782478 3.04032373401794 0 493
67.7657096280818 3.28814028328295 0 495
97.1282406135018 3.80826805102739 0 495
72.5258396147811 3.05499910305516 0 496
106.687507330377 3.14708458355942 0 496
101.847224260414 3.36553260263379 0 497
0.387736593567063 3.34065444953733 0 499
2.77591091136766 2.99896633059809 0 499
67.4558233178944 3.11223439428454 0 500
107.718580852011 3.08395856655459 1 500
84.9795573544008 3.11053909006509 0 501
64.1978552630365 3.64469774422488 0 501
67.3979432694063 3.01471240227875 0 501
63.81376905543 3.15832916550102 0 502
67.2900827994979 3.45300033409104 0 504
67.2715250828378 3.08026240039751 0 506
71.1665889767935 3.36624666261504 0 506
107.797001140406 3.57468715953647 1 506
107.799193126178 3.14155885059571 2 506
107.84120998763 3.26433112314904 3 506
75.1228345427894 3.13959736850622 0 507
107.618194157006 3.30002642674601 1 507
67.6885467794204 3.81718137374248 0 508
69.5911397800289 3.8299469941274 0 508
67.2555560398944 3.40196386113435 0 509
78.142933689154 3.49893064510037 0 509
105.305336665793 3.32559988933131 0 509
63.7567697064306 3.82983582994145 0 510
63.7495268422132 3.48837534269578 0 511
64.1156735404189 3.5208278387807 0 511
108.147370954025 3.36218337022303 1 511
64.0772915418694 3.00305040409661 0 512
67.9417856496654 3.10647141762246 0 514
67.4200955511498 3.72923776769734 0 515
67.2583870385965 3.7360759944648 0 517
67.5659623971252 3.06511184651054 0 518
108.010662089315 3.26464519820581 1 518
67.4030770536178 3.31541978490671 0 520
68.2054325835991 4.82065634626329 0 520
108.14974372995 3.32609327152238 1 521
67.5245617956768 3.05607362030261 0 523
63.6498130203358 3.56004852023945 0 524
106.998602564795 3.77639135866801 0 524
67.4288389435365 2.99806878684339 0 528
68.5445207277099 3.04978630682699 0 529
67.6615888302305 3.10072264759192 0 530
71.6908088904927 3.00621470093248 0 531
8.1889792728878 3.46066460246072 0 532
64.029428588642 3.24612524313105 0 532
70.8688744724514 3.07822092155356 0 534
67.4573622278475 3.45635724807644 0 536
67.4850401094545 2.99323743572524 0 536
107.988142161611 3.29362762686808 1 536
63.786814082209 2.99279571128035 0 537
97.7494835868816 3.86184573003304 0 537
70.0798634696648 3.70009447871021 0 539
69.7837840976873 3.59603101225481 0 539
69.471315903847 3.38234618178151 0 540
95.3308853587146 4.09965739477545 0 540
0.00454746408754798 3.08228204049779 0 541
96.9431179567211 3.04458032781899 0 542
67.4572207314618 3.37373924914959 0 542
69.6520812119302 3.08595429610752 0 543
106.05454799225 3.04426338810825 0 544
67.2558395405477 3.0164108647026 0 545
66.9359875241069 3.19610465797361 0 546
65.8073655999625 3.27032243114023 0 546
102.476263691929 3.7124153950089 0 546
0.52525843125841 3.14612785057039 0 548
63.6732107427391 3.07364329408427 0 549
107.757949662841 3.5651633998841 1 549
107.930974509227 3.54050812331727 2 549
108.071648080944 3.12592066573684 2 549
108.021080537465 3.16879912180606 3 549
64.2908906775963 3.04299884414101 0 550
67.7466776731078 2.99230212666114 0 550
67.2660997622723 3.16474574764185 0 550
67.6167576474015 3.03800917898369 0 550
107.16834447426 3.57986358907826 0 551
107.448267482202 3.39622481820166 1 551
107.215929815271 3.26101382873908 2 551
107.336702914407 3.33833246727391 3 551
67.4434421778183 3.62152198737664 0 552
69.70463137604 3.34911319328356 0 552
107.080870708882 3.20023214144363 0 553
63.918716286154 3.0209058383807 0 554
68.2695330553867 3.1697990050308 0 554
107.711817852488 3.1164695456026 0 554
99.7876813398155 3.13565542769675 0 555
74.5138516636506 3.42993361936049 0 556
67.7210582730959 3.02758625971634 0 556
81.9055465605745 3.12075477403484 0 557
80.4588363580738 3.71076312368332 0 557
67.4993340100207 3.19613229284296 0 557
67.9295964399114 3.1787409593084 0 557
63.7720375460057 4.72785348252477 0 558
83.351626389016 3.91395637345384 0 559
63.8039886528303 3.35531784532896 0 561
63.747244462305 3.26971668382015 0 563
42.4548280010216 3.89865563412316 0 564
91.8518720146745 3.61534191073451 0 564
67.2706894856546 3.10585054253279 0 566
67.9017364744341 3.26268609603177 0 567
67.254177583684 3.00518667382504 0 568
68.8778757284117 3.07912961342689 0 568
67.2886296797684 4.11066940535399 0 570
67.3250290935143 3.59932371032397 0 570
83.0138981833386 3.27946750108791 0 571
67.6115029149517 3.10500322025701 0 572
63.7791339914972 4.4799836044264 0 573
0.702472080652533 3.01348029467382 0 575
67.3201913300606 3.64462586760068 0 575
68.044795536877 3.00572670208234 0 577
64.2844262846797 3.17863740781086 0 579
106.282952701686 3.21267582101484 0 579
67.7916632956198 3.32693036780258 0 580
70.3018250626227 3.06597471071086 0 580
65.7160559869785 3.13459299466117 0 583
96.4882578029119 3.00579463156573 0 583
108.205311578912 3.18249892268605 1 583
54.9374022228397 3.66545160912272 0 584
65.1463013907181 3.08096953121599 0 585
67.2575952391807 3.46513482944631 0 585
67.2589697568258 3.02788839991485 0 585
0.10006085279589 3.21138471330192 0 586
63.7529686027949 3.86529047740098 0 586
67.2566901946165 4.53312387354955 0 587
68.2441950959494 3.2607504868285 0 587
105.628200740293 3.11804108988112 0 589
64.0589650981674 3.0834271510711 0 591
67.3377698466711 3.16794355257671 0 592
68.1083310837983 3.46092787175086 0 592
74.1774709616244 3.16746550558634 0 592
91.010228395969 2.99345368737267 0 592
67.745639462341 3.2478249436978 0 594
107.812632552329 3.49194153306006 1 594
68.39612611753 3.28849195866337 0 595
3.15746283845664 3.33826743980761 0 596
99.950946085417 3.09588503018835 0 596
71.5890831246172 3.27628645618606 0 597
70.1418462807389 3.04851975012886 0 597
68.2875058054976 3.42240440874466 0 597
99.7031077470799 3.24312730054149 0 598
105.708137363514 4.7962263141179 0 599
67.3621929672914 3.01575141091001 0 599
70.65878222848 3.03526789709083 0 600
65.4174594386843 3.03032014306918 0 603
67.3439843765221 3.15237523654762 0 603
63.7505889759264 3.13749045112782 0 604
66.4538753968023 3.06811258180855 0 604
69.9592081518087 3.31293546366883 0 604
68.7968812423305 3.03456856271548 0 604
84.8446006956979 3.40947685833632 0 605
107.670941907657 4.88035109851202 0 606
108.009252728366 2.99812244026737 2 606
107.726794132346 3.17179522935297 2 606
107.67637218553 3.0335489991344 2 606
107.711022021247 3.12416245134432 2 606
107.730333357311 3.2916624816801 2 606
107.755025156893 3.01226060399818 2 606
107.698779720046 3.5043656572326 2 606
107.87009376813 3.30400131428643 2 606
107.890694438002 3.50154284540637 3 606
67.3814497079027 3.00374841530618 0 607
106.096158033914 3.20670183320106 0 607
67.2956869725783 3.38856435443414 0 608
107.974770332202 3.587068049993 1 608
93.6837767932481 3.04799557923457 0 609
97.4092886617968 3.3225216716953 0 609
107.589658926222 3.41744997993549 1 609
8.44643509628338 3.3645968289113 0 610
90.3733055682815 3.29155639889096 0 610
63.8374682337518 3.03984150332249 0 611
67.2657981363511 3.46810250885917 0 612
67.8211904357893 3.46815604227779 0 612
71.8763238355141 3.160384428681 0 612
108.204972693677 3.23306371465687 1 612
67.2850841387624 3.17835920256356 0 616
67.3118740052496 3.87823710259654 0 616
68.4024878355601 3.40731742394916 0 617
91.9205469854461 3.38830617560926 0 617
80.7555386802989 3.15155613883542 0 618
67.2979151266675 3.33109649485429 0 620
82.8393978476938 3.41438946332086 0 623
67.4986682523011 3.25746992985804 0 624
67.2553034774971 3.01653272853997 0 624
95.8825121224967 3.28720092154068 0 625
107.883279391545 3.03882386035913 1 626
107.593569495079 3.19573105091809 0 627
63.7601505826945 3.26916634438965 0 628
99.61828029081 3.33222534861519 0 628
67.3547682969306 3.30012855721834 0 629
99.6747511745221 3.36094843447093 0 631
82.2116521244741 3.17481668141261 0 632
0.293270286747941 2.99288342415587 0 633
95.8070790133614 3.92901454018901 0 633
20.4974960242074 3.20895951497104 0 634
91.3538931541276 3.80608357679555 0 634
99.4605821635026 3.00469570170008 0 634
107.405430736001 3.21433331209864 1 634
64.0896533259854 3.15517359216965 0 636
102.825977305564 3.38822317299285 0 636
106.409324249926 3.09452480174895 0 636
67.2847869480321 3.03905548866181 0 637
68.173536432354 3.14314713866519 0 639
68.4265874226516 3.29944090174823 0 639
67.270145258099 3.07707609455309 0 640
67.3946475293895 3.15414255603503 0 641
84.742206313938 3.90014849329773 0 642
67.3423446142742 2.99403217193633 0 642
68.5113744556415 2.99741518144727 0 642
104.14306752385 3.05768903131898 0 642
40.7011471196397 3.70438191568406 0 643
67.9397900830735 3.29930569146755 0 644
107.307046212702 2.99897369349398 1 645
65.3214144240617 3.29423492922687 0 646
106.674490968792 3.1730702600617 0 646
46.2395493585654 3.32670719211584 0 648
70.592378320365 3.05818877723585 0 648
67.3035839502529 3.43255241490593 0 648
97.6806915969797 2.99205571156437 0 649
95.7453630552452 3.06826843249818 0 650
101.089828186504 4.06786586768629 0 650
104.454803822076 3.27077639423697 0 650
19.4830772847544 3.08685741918299 0 651
107.564989994261 3.12467552851691 1 651
67.3416380015181 3.72269771208705 0 652
68.3407178396901 3.03077880007308 0 652
96.0215261366664 3.24624227539626 0 652
107.021310182843 3.24101386918047 0 652
0.0650351716496615 3.03666336564809 0 653
91.1348714601146 3.1259920983469 0 653
72.9582013194424 3.20182631141071 0 654
105.225399586387 3.10996459371447 0 655
74.2162360482102 3.05196925867263 0 659
70.7077656998008 3.26427684529157 0 661
80.51114081685 3.01305815607404 0 661
101.225876311993 3.08255278256864 0 663
74.6763706760048 3.10083553175491 0 664
67.8500220170705 3.02585872248507 0 664
67.295790463525 3.01950194605868 0 666
108.132535359337 3.24599752265434 1 666
107.435666037704 3.02254148737477 1 668
85.0440057734215 3.08865113873135 0 669
107.395775724597 3.1025033865181 0 670
65.7041312816646 3.99975147555797 0 671
67.2530290947069 3.05910713144677 0 673
67.7377909619125 3.03582499832244 0 673
106.396366759932 3.2738295761144 0 674
10.000081287911 3.2023422794508 0 675
67.2998144075364 4.14555288648998 0 675
63.777619345924 3.2594030709403 0 676
70.7934303335592 3.37949540803798 0 676
64.2196513892148 3.17427955095316 0 677
95.4876845143255 3.05959252850026 0 677
63.7522186454263 3.16657501655135 0 678
107.521071056583 3.14982517844178 1 678
67.6776088036624 3.26040526386842 0 681
69.7692198342243 3.23678595466998 0 681
106.900462188942 3.1513130514658 0 685
75.7332378463077 3.05101334419712 0 686
63.9587001286458 3.1608935458317 0 686
67.7763709070578 3.02200271733829 0 686
71.4536636955181 3.06095963691344 0 686
67.3197541282699 3.27275891315526 0 687
67.5423220331642 3.42850107537955 0 687
0.131767724865061 3.323348660964 0 688
67.6084171627813 3.09894526561051 0 689
100.693186634996 3.73933036251197 0 689
108.222772321877 3.10256441375479 1 689
64.3919246268462 3.71587174885579 0 690
70.085587907438 3.08556208882521 0 691
106.334366000991 3.08702884533029 0 691
67.601254562631 3.38132240508545 0 692
67.3025994677594 2.99125491869942 0 693
100.083824415406 3.12586023243109 0 693
67.5539444270381 3.06804643208312 0 694
67.8610766110185 2.99219216077879 0 695
67.2571945833037 3.04989983927024 0 696
102.879451171607 3.01647870698451 0 696
67.3497088909065 3.01162874220828 0 697
71.684866465148 3.20709214166635 0 699
67.288689224219 3.06467418274553 0 699
67.2948044934252 3.29048350595885 0 700
67.2530708278838 3.32616735361181 0 703
1.92688553283591 3.74077982636323 0 706
67.2751911631129 3.17423553596569 0 706
68.1240049611177 3.02686755466621 0 707
73.0653712597456 3.26892790595072 0 708
73.3681470830346 3.22482646037421 0 708
77.4995073888241 3.06896156175657 0 708
67.6984660447241 4.05819683391413 0 708
97.133941056219 3.26067050292972 0 712
103.007224801844 3.12292724548798 0 712
107.183464880689 3.66623341275713 0 712
67.2911494844888 2.99794140809813 0 713
78.3730223390171 2.9948682798178 0 713
89.713378985243 3.46321798552066 0 713
107.579965428232 3.24133274168041 0 713
0.00637734475744846 3.11361689126812 0 714
67.3349165356732 3.3185759011511 0 714
67.2803571718858 3.23543756060489 0 715
78.0433629850608 3.08765412685111 0 716
77.4868208067192 3.0986477475992 0 716
107.257384112085 3.38480180163015 1 720
101.230310932284 3.02644786143208 0 721
67.7970937929008 3.09024300597676 0 722
101.15566410452 3.66050766947873 0 724
108.219675114359 3.19874819481267 1 724
67.2554859861131 3.52900286544856 0 725
69.2108744480675 3.23245743826457 0 725
63.6691362470534 3.33987295405133 0 726
71.6374329308933 3.32497410952956 0 726
80.9790221915658 3.05917023280737 0 726
96.2119094441079 3.17090929844094 0 726
64.9699736242722 3.02119578612015 0 727
64.2703198260689 3.31265428902743 0 727
69.5028863247586 3.13833666381703 0 729
104.623764323948 3.50210712515095 0 729
68.6843805062355 3.07239662933592 0 730
79.7235835056098 3.04368757090088 0 730
105.695534359484 3.30768336149035 0 730
0.0237195787426742 3.03505663637356 0 731
71.2524633612612 3.13836239699122 0 731
108.176068006064 3.0872228303929 1 731
101.091062541444 2.99762305199765 0 732
104.632184414956 3.3378593554763 0 733
107.907337045743 3.25712139291256 1 734
74.9643523886772 3.06791224941782 0 736
107.910382053563 3.04540820086949 1 736
91.2493067348388 3.17781460002959 0 737
67.3914652279432 3.26908688087061 0 738
67.4187678681529 4.14919075008402 0 738
1.15083685102949 3.11678153631099 0 739
67.306614873116 3.17246751903779 0 739
67.2836058728478 3.07940472069256 0 739
68.0036643139386 3.05828513235589 0 739
99.8218199473326 3.27578980684816 0 739
67.1983492989271 3.02410698450809 0 740
67.3267832833418 3.74302382940317 0 740
67.4244307339592 3.46891321688457 0 740
67.7425318632768 3.21265032778689 0 741
64.0445283053363 3.69060401584053 0 743
107.588384343758 3.01067580754324 1 745
69.4766353842116 3.22152522446202 0 746
101.172716988752 3.24760023419263 0 746
101.417166901026 3.05288320444693 0 747
104.48344613663 3.08142126940355 0 748
106.115112720023 3.15853762849443 0 748
1.10336996942973 3.44132127003532 0 750
69.012059621271 3.30776905862022 0 750
107.832130112433 3.16408333438071 1 752
67.3762550964491 3.37141054329167 0 753
101.146913886679 3.6410252294308 0 756
8.9191857246379 3.34571797848504 0 757
1.50849566688117 3.64890329111485 0 757
88.6109072027693 3.12522429027058 0 757
106.096204028801 4.44804226109673 0 758
68.0296316448398 3.00426713393633 0 759
105.312629557258 3.19461154703217 0 759
63.7386358534248 3.75941269528874 0 760
68.4467111743871 3.20481987331582 0 760
107.627888031207 3.33230880858775 0 761
67.3737599016868 3.14946738784278 0 762
80.6955932465792 3.30464384306305 0 762
95.9998734504506 3.35133463559679 0 764
108.016569478884 3.1024562979768 1 764
91.8637224330002 2.99019358541745 0 766
74.1729291569925 3.24290203726908 0 769
63.982871789284 3.30138492931728 0 770
68.1271806325533 3.36933768344795 0 770
13.6396600327135 4.20883395221562 0 771
98.2704842089715 3.85024692860153 0 773
97.9186386302459 3.28317672856606 0 776
99.6712063132442 3.29939552433872 0 776
67.4420302589384 3.32095906544378 0 777
64.7932791986543 3.01783026267924 0 779
70.9946966525829 3.02890275329915 0 779
104.97022493898 3.76213216622255 0 779
67.3052676657653 3.74498654483249 0 780
69.6807367209925 3.38906552275962 0 780
104.852352916757 3.25134080131619 0 781
78.6911625552086 3.62402647657973 0 782
107.348273023711 2.99695397409479 1 782
65.3074934765824 3.5571383622353 0 783
64.262453699878 4.50752033544713 0 783
69.4572809845984 3.06995364237192 0 783
0.674712481419363 3.28866614782025 0 784
73.0034250773451 4.2954767718308 0 784
108.113164133155 3.18708859851666 0 785
108.14710245233 3.02566389484048 1 787
63.8105815539898 3.8754984155509 0 788
75.3969297204298 3.0060443153174 0 788
66.6550401975905 3.21966039831393 0 789
82.3115580353146 3.67782938395486 0 790
107.443536018468 3.09990929481358 1 790
81.0372656119394 3.45888600032855 0 791
107.029205273115 3.00975763277564 0 791
67.2730875659721 3.34812266641102 0 796
68.1646542152671 3.43396689922028 0 796
69.7859267776534 3.04931554184154 0 796
68.9805174766443 3.84245857883611 0 797
67.4340504608838 3.02286015288622 0 798
95.0337588920421 3.12620911023986 0 800
107.559423601934 3.17636008271445 1 800
0.0138618605211989 3.05764190801416 0 801
63.8053545746099 3.00365895866655 0 801
95.9010391835809 3.51950582405272 0 801
108.178475234173 3.2482769180445 1 802
64.0580327523702 3.69938730721842 0 803
75.4298072890596 3.14758132417997 0 804
88.1817194652108 3.04755150685954 0 805
101.098373477671 3.56218158428677 0 805
67.8015941137988 3.17180325603954 0 806
107.924587472705 4.10642605541818 0 806
108.172664604058 3.66848822030889 2 806
67.7194973350835 3.610801764262 0 807
67.4585534699076 3.25768035963831 0 807
67.61998373821 4.59617282637695 0 807
64.643061440437 3.37807643775897 0 808
71.221687221275 3.0253395471555 0 809
67.8955055293164 3.55085264179064 0 809
68.4620409465061 3.33189906050389 0 809
63.6561322492938 3.07385199293392 0 811
0.561537851648391 4.93773561433977 0 813
106.35726037987 3.08005469753683 0 814
108.08674530683 3.17645113458813 1 814
67.2674430655935 5.15722769453217 0 815
105.316083108108 3.09215910308014 0 816
107.59937436155 3.60049389240152 1 816
107.795649029915 3.25394576164633 2 816
107.678608956778 3.29834267748881 2 816
107.62116064633 3.70003039730928 2 816
63.8279109977099 3.29587897975295 0 817
67.3262247585721 3.00339594627866 0 819
67.2946477346673 3.06481804051504 0 820
70.2328729105571 3.33300671053038 0 822
95.646946576976 3.44752768126416 0 822
67.3051284814732 3.11566230736347 0 825
67.2570700783446 3.2792877337868 0 827
68.0064315382626 3.02325803929197 0 827
75.8875989847617 3.16927728316475 0 828
67.2947199815353 3.50595362752803 0 829
96.3674784776319 3.27557906860692 0 830
107.269028915666 3.85947531806432 0 830
108.084195144788 3.24847492277489 2 830
67.2619286732985 3.59593434348621 0 831
67.2765585075551 3.07187538591988 0 832
64.2909378064612 3.16925005350764 0 833
88.5866153567765 3.08008847750194 0 833
69.2855709788718 3.40154024280084 0 833
6.54072989839522 3.35691034939019 0 836
63.8757059031837 3.46038322428791 0 837
95.7956216524987 3.54828404210222 0 837
97.2351827445015 3.01251035183313 0 837
97.5358973543422 3.12844901038754 0 838
67.2695671965694 3.13314170071478 0 838
107.446724374464 3.09799673617756 0 838
67.3791473699994 3.36284992201125 0 839
67.2538135833488 3.09008963347658 0 840
103.389268304469 3.37799169538752 0 842
67.266674413918 3.09977364944568 0 844
107.503424373902 3.2964454842163 1 848
68.5186471658829 3.5405622593452 0 850
97.1632361963879 4.54656821181431 0 850
63.66581817747 3.3282718788868 0 852
67.3019610158085 3.17138168639612 0 852
107.826238157907 3.26089431532717 1 852
63.7398031638033 3.05464718780652 0 853
67.3424830631814 3.87232984301493 0 853
67.528449600913 3.2442712278758 0 853
83.0087690792842 3.63564916409447 0 856
0.0448578664745013 3.17352195507712 0 860
64.1690643568272 3.67104922709201 0 861
108.017624499723 3.08958304873628 1 861
108.028069367429 3.79464878346854 2 861
105.077620682425 3.17082943769639 0 862
64.5415826394071 3.1360699157449 0 863
70.7617729487009 3.32005894040959 0 863
67.8422220394901 3.05904624937221 0 863
64.0571900011526 3.175465430423 0 864
105.615878131466 3.24598397521391 0 868
67.3532546629939 3.1498168406128 0 869
66.9216120835639 4.11482721081862 0 870
67.317462407463 3.02670852242317 0 870
67.4943259247076 3.16549158569755 0 871
67.261993618564 3.1693950392072 0 871
67.8423489405141 3.10311437605854 0 871
67.4437086014396 3.24245197229889 0 872
84.4996849732751 4.70428302501343 0 872
67.4182645287467 3.14727625086122 0 873
107.600368760507 3.034648501599 1 873
0.0786598377252477 3.55411003443621 0 874
67.279062719031 4.15153506140894 0 875
5.69057181340452 3.00336714995178 0 876
106.375110842791 3.19687199091061 0 876
64.3731056290005 3.28657154799861 0 878
67.8500501860709 3.22072576891387 0 878
105.93767756408 3.08918793059097 0 881
68.179072607228 3.24002400852231 0 883
24.9359691515708 3.9403968958413 0 884
67.6548687215228 3.07569765716287 0 884
1.34479898575024 3.69354618292011 0 885
67.2709378352833 3.17424053030132 0 885
0.0388128442191012 3.0456931918953 0 886
67.2665725548873 3.20335328294792 0 886
64.0932086232676 3.53373879957241 0 888
63.9371433447659 3.67209547527212 0 888
63.8280499998077 3.23734964010583 0 889
67.4986025407646 3.82606052302516 0 889
68.2718532947558 3.25323815320758 0 890
63.7550070507042 3.60227514242532 0 891
67.3011578984611 3.04080392300725 0 891
2.12788761376021 3.28107741495201 0 892
66.4149279408723 3.12124961347519 0 892
96.4983681566905 3.19239426651381 0 892
104.290473827177 3.04822213777188 0 892
74.0580827623804 3.11077874601065 0 893
67.9719287816247 3.44096878643284 0 894
68.0983477212575 3.02485519856958 0 894
70.9323347865196 3.29052682610973 0 894
70.2052823561585 3.42919639223599 0 894
72.3547807124384 4.51121001459469 0 895
106.334469833339 3.81297538307433 0 895
107.041459455921 3.36793121491352 0 895
107.449233016213 3.05063230094769 1 895
0.556379934250454 3.18999479590381 0 896
0.0813125068264108 3.02238339979953 0 896
71.0018523052908 3.57268850367432 0 896
72.5074963783475 2.9998286697072 0 898
67.2677592590707 3.00426343475628 0 898
64.5257370438896 3.48155566645112 0 899
67.2787209503917 4.20058773236869 0 899
106.452817450681 3.60817438217516 0 899
68.1252686142454 4.37031663456532 0 903
67.7206580716943 3.05233195493838 0 903
67.456702074282 3.0144616948103 0 903
67.2726926001263 3.06252378027428 0 904
63.8520139180663 4.07939224534345 0 906
106.394964652054 3.15694293303902 0 907
106.335352071667 3.0139235731531 0 907
68.8664202619441 3.45396407999383 0 910
107.056037349354 3.29907192980418 0 910
63.8793682305696 3.00668599137832 0 911
77.0830957861286 3.58775195192471 0 911
104.288798475811 2.99400241618677 0 912
104.304651155839 3.15271422467143 2 912
65.2579376191731 3.60355201768161 0 913
104.641459307146 3.24317122948685 0 913
67.5612453167252 3.08988009612587 0 916
67.3687943205643 4.54355994517331 0 918
67.3041347207381 3.61648088771831 0 918
76.5501572399026 3.67376272589365 0 918
70.818072208899 3.49897657065163 0 919
64.2102226152855 3.35105718524968 0 920
67.2604968423019 3.33730807110598 0 920
67.2787680019891 3.09465575537556 0 920
69.7907314362958 3.91102434504415 0 920
0.0919710869447811 3.50994904997864 0 921
63.7137232311282 3.09012063405449 0 923
69.3570445889374 3.3590724971758 0 923
67.3780510228203 3.0962043759763 0 923
67.2536779742965 3.24523752958808 0 923
104.45887374102 3.16256797933188 0 923
97.5548106011218 3.00925658879952 0 924
73.4339016264896 3.13166840048651 0 925
67.2565555439115 4.31560935713079 0 925
78.1632407579436 3.41639514231946 0 926
63.861804710174 3.03446262168006 0 927
91.6585673266644 3.28133172057612 0 927
104.735454418625 3.03024049845231 0 927
105.680827940355 3.29947526253497 0 927
101.164758770163 3.05108915887844 0 928
77.0201801883371 3.16790194614054 0 929
69.3238057173882 3.34093406965479 0 929
63.9066620970129 3.12090211526728 0 930
97.7344716130359 3.32607759897302 0 931
67.8114029166999 3.06065213807749 0 932
69.049224438588 3.08989032884167 0 935
69.3485236573234 3.47629796564891 0 935
67.7544725115961 3.00578064572871 0 935
68.2535216736006 3.03983503616546 0 938
67.3405552947878 3.0144263693912 0 939
98.9535735070355 3.23829776626967 0 940
64.1663387058635 3.01856636699609 0 941
67.2594138049771 3.55262741690142 0 942
67.2608474156549 3.18876936170591 0 943
103.580565677363 3.47672059333635 0 943
63.9453859382926 3.23524970844842 0 944
76.9888690026575 3.23864991637072 0 944
99.9662335879294 4.02536232826223 0 944
106.345369777215 3.51027780133698 0 944
70.9100475126785 3.11404660585663 0 945
0.634850080958956 3.14760680374126 0 946
69.0022131380504 3.01128923743217 0 946
67.26054478043 3.98309471604899 0 946
78.7667735439982 3.36749329302452 0 946
76.34508945903 3.05220273030558 0 947
67.3383074902628 3.49876515316862 0 950
68.7009457081157 3.09678835705152 0 950
68.9719929578291 3.18922780788953 0 950
97.6512282572839 4.9972364657256 0 953
102.226986424221 3.43213581611854 0 953
108.124893985902 3.0080509681758 1 954
63.7406407494887 3.23482635006361 0 955
67.3118289976645 3.09770204810788 0 956
80.7772254469175 3.43077776400974 0 958
89.3855138320288 3.56383457940813 0 959
95.6345418892453 3.0044122433478 0 961
106.371225325459 3.2450496598598 0 961
70.2150311877565 2.99225135630646 0 966
67.5461696983234 3.14828321541474 0 966
107.9853240256 3.35589548106831 1 967
67.3395262333752 3.21048030031844 0 969
107.940910292304 3.0486744130543 1 969
108.146787419481 3.77985732761493 2 969
108.222454306944 3.72983576342074 3 969
67.7493603617938 3.51137227172941 0 970
94.2649656338169 3.37681977748003 0 970
64.4207236081465 3.14257250028462 0 972
83.6755398268847 3.44641478274826 0 972
97.6649833495805 3.13833852846354 0 972
64.2267356222808 3.09050933474312 0 973
107.398272223518 3.13828039074604 1 973
67.6166204549283 3.0063618228285 0 974
97.7040122302492 3.00849601256 0 974
106.994434198817 3.16398082219579 0 974
67.3829198217125 3.6906925341909 0 975
67.2690641773957 3.59922400478298 0 975
67.640309158131 3.57787882872476 0 976
102.200180481616 3.18368330430964 0 976
67.2815124303276 3.06969229153042 0 977
84.0592181265357 3.19197757426251 0 977
67.4319860610793 3.11567131882941 0 978
80.5074056367262 2.99868246977937 0 979
67.4518250073992 3.13967699156342 0 980
67.3177245044173 3.87666914963465 0 981
84.0900200729415 3.00247599388177 0 982
64.0774819501621 3.01955145023898 0 983
68.6955092109223 3.00901064544466 0 983
83.9599443364554 3.54166594351218 0 983
107.459883039798 3.02521063149201 1 983
64.4359208665127 3.79330670717449 0 984
99.8738222794094 3.38487302234069 0 984
67.2637743229668 3.58597822991133 0 985
69.3249391223782 3.33763506792101 0 985
69.0415017439948 3.02361044408519 0 987
5.29760504791355 3.0656792866553 0 987
67.278755084734 3.13433980926302 0 987
33.6629860134057 3.90187218379788 0 988
67.6455318534626 3.03287404279747 0 988
70.6241473738858 4.03148707729982 0 988
92.3044248886379 3.08065448240485 0 989
64.8288089209066 4.54780077930911 0 990
107.976738922579 3.79599639416284 0 990
4.68354673909234 3.12692773651323 0 992
67.4309346574095 3.01082894519823 0 992
101.090319665532 3.36959110485382 0 992
63.926395850606 3.62686687840453 0 994
73.3630580835212 3.13939586075943 0 994
95.8779359118659 3.51564819359844 0 994
39.5940739534752 3.07594570142953 0 995
67.8753525440821 3.42454399060983 0 995
0.70140365382096 4.43702188159405 0 996
68.5988269618843 2.99098343997543 0 996
106.556713628549 3.0659835000152 0 996
107.009122791468 3.05370118129718 0 996
63.846566738555 3.34915856267267 0 998
