"ts" "magnitudes" "gen" "cat.idx"
0.449184744364476 3.36442263248332 0 2
0.12356871623674 3.21066155577099 0 4
0.000771590228410712 3.10270884124608 0 5
2.17182363115908 3.76258419138759 0 5
3.11192280938052 3.11866671668684 0 6
0.0328758683722786 3.09993329716343 0 7
45.7861847955823 3.82818937214336 1 7
45.6057172214236 3.06794800989098 1 8
1.16338527355926 3.13274802982098 0 11
45.6315050752923 3.60638443209265 1 12
0.00455705385701529 2.99905236965543 0 13
0.0151996070239395 3.06201876652121 0 15
0.0922173929451015 3.14716536979367 0 15
38.3600885428444 4.37066273937875 0 19
11.5974158646415 2.99252293416164 0 20
3.51248800192392 3.44653448268535 0 21
45.7911963964902 3.34571149599797 1 21
12.3058474347569 3.47090007236015 0 25
3.44544469192455 3.23776033567031 0 26
45.8614922765732 3.23066771880847 1 26
45.8655404712295 3.09160961424358 2 26
7.16379914928871 3.10959278890775 0 27
45.3733904547148 3.2829797678442 1 27
45.4031056301396 3.6358748330106 2 27
2.43511405556705 3.14388464252745 0 28
0.34782388763317 3.10927491913665 0 28
16.1330786539657 3.21328222833858 0 29
0.150027569550503 3.17291719617196 0 31
45.4697524450343 3.09442228487379 1 31
44.2789348786919 3.03035818551871 0 34
1.07963808351741 3.27092330128 0 41
0.576302614526252 3.18161693755667 0 42
25.8208168965016 3.02376465302143 0 48
0.0157499384949214 3.24434091015627 0 50
41.5888861108252 3.37290929175798 0 52
0.0404597184673217 3.58441117856562 0 54
6.38993533415399 2.99172801888514 0 58
41.4790638277293 3.50368147839322 0 60
0.305009324438764 3.14554776507685 0 61
43.8589741008166 3.22412081325537 0 63
45.9244236009285 3.94807999877921 1 63
0.247287452789692 3.08526879059567 0 68
43.1841167673416 3.02108549628377 0 68
43.6945742547887 4.11268932130157 0 69
43.9706940680906 3.1784051821109 0 70
45.1048199226238 3.23485251955491 1 70
0.794316393894389 3.13251440125349 0 72
45.1337820943181 3.09686164123917 0 72
1.13890784679769 3.73036252936807 0 73
0.090631036837411 3.29873830915951 0 74
0.438781244027748 3.01145975357036 0 77
0.954692082116627 3.19322079936961 0 78
8.27104386683143 3.6503516236035 0 82
45.2031140699141 3.12480492982918 1 84
45.334837470818 3.09158674983175 1 84
0.353999950545039 3.06642804723806 0 86
45.937775071859 3.52862640554733 1 86
45.9492625782482 3.76063872316129 2 86
0.0042868030336225 3.0269366511585 0 87
10.3978755241416 3.06662528032314 0 87
28.8844574520011 3.10090541921995 0 91
5.55275782577737 3.42499610689451 0 91
44.2738361776992 3.12912734523316 0 97
0.0100195802646344 3.04422583530755 0 101
5.9705294081814 3.07602147567593 0 101
0.0463456130435574 4.02506189132899 0 111
45.9290971615441 3.36244122154553 1 112
0.704034621573695 3.22683636684939 0 113
0.0814518159158602 3.04690090425379 0 119
0.116772784710338 3.09827668952422 0 121
0.0147884331239385 3.48719277487192 0 121
45.4534418202561 4.13146316207639 1 124
0.644526229684494 3.73670466695181 0 128
0.0399757548708874 3.57175629309364 0 129
45.4901241095826 3.13634606614953 1 133
45.5929998043858 3.92932889549036 2 133
0.0115340237910035 3.18096359938359 0 135
10.5663033042611 3.46638995120135 0 135
0.393672499333353 3.69265029800229 0 136
1.92071848806104 3.18819920166941 0 137
42.7536267302853 3.40190490292142 0 137
43.4412980892486 3.27738546602705 0 137
8.12341799143832 3.26899050802604 0 140
0.14026850013063 3.19668444156509 0 141
0.331398296126131 2.99975154134796 0 145
45.1150494487115 3.9634792348168 1 145
45.1605123325523 3.05291200943064 2 145
0.00014028218967451 3.24598973076365 0 148
1.24762442248523 4.62393593388257 0 150
45.2067782430999 3.0194565563792 1 150
45.2419879151598 2.99757868557376 1 155
2.17120522979699 3.2396832604039 0 158
37.7593299750736 3.38324542940707 0 159
45.4341416777201 4.28869264006229 1 161
45.4508949944413 3.63040594006684 2 161
45.5968747705156 3.07720383451545 3 161
45.6048379296395 3.18316780101392 3 161
45.5610244501472 3.18111328721151 1 162
45.5716976170849 3.03514689963603 2 162
45.0621622404173 3.32376123731924 1 174
0.0724120347614232 3.12670688691466 0 175
45.985414078375 3.31397790279111 1 177
0.217161121677583 3.0892932335143 0 184
45.8936329711318 3.10797177881645 1 184
44.2845012467977 3.26249514020284 0 194
45.9876225468792 3.06405630723353 1 194
2.17660967895353 4.06894743665207 0 196
0.558758053754959 3.52864568469297 0 199
45.3894109098796 3.8301014661865 1 199
45.2416488988415 3.25327811746707 1 201
0.0620796190986513 3.14807258760577 0 202
0.223431688667941 3.51299326189987 0 202
44.6224204520035 3.14400827831322 0 202
28.4833850108014 3.22657682150184 0 204
8.82263879294935 3.61675238625001 0 205
10.3796673925147 3.13596711195864 0 206
43.3685118645091 4.08284412169007 0 209
3.72257248108862 3.30057909982796 0 213
0.012868594868827 3.63809403643149 0 214
1.30797907436191 3.28966307276722 0 215
0.55610657901685 3.13505000378906 0 216
0.0878047059096852 3.27043763689466 0 219
0.0560076445560718 3.03817639909584 0 220
7.78777425256004 3.22671137802278 0 224
7.8596948254226 3.12320200597107 0 225
2.2031724882224 3.17721711510085 0 231
38.0137619586875 3.27871473185779 0 231
45.3985315814238 3.03568320842205 1 231
45.7084421904882 2.99649849801265 2 231
45.7309682448985 3.73845996824365 3 231
43.1303311420068 3.14444368909813 0 233
0.00572160723789298 4.10838470024431 0 234
43.7160213281341 3.17721534004398 0 235
45.9924524365083 3.28365850578133 1 241
24.9551330215993 3.48499353817309 0 244
16.9623558351705 3.0132755578224 0 248
4.18548377062313 3.00533829391613 0 250
7.06235552778824 3.02430907158383 0 250
42.4915863192965 3.02437023893602 0 252
45.5095193804331 3.01851128070053 1 255
43.17429980502 3.2587048596715 0 262
22.5576904593845 3.11510578401537 0 263
0.190738236132947 3.16772539857264 0 264
45.3566294700463 3.15832147653847 1 266
11.0161002982878 3.00925741025745 0 269
0.0670057049598377 3.187697202318 0 271
1.23169144103143 4.28898341931367 0 273
4.11124642241584 3.40995761638598 0 274
28.3091476591716 3.23592167524931 0 274
42.5848951410677 3.79588410065034 0 278
4.31756535042247 3.4308599316617 0 282
2.32971023947015 3.05991292732491 0 287
0.0587482157866947 3.15976509167825 0 289
45.4964287375655 3.24234576745175 1 291
43.7411116698157 3.05349907760222 0 294
0.151852707513611 3.29852989251529 0 296
3.05818371427685 3.56684917432833 0 302
0.00989603309848763 3.56643584407766 0 303
0.00600408667788698 3.58338207418831 0 306
0.00363610351350808 3.73937847640261 0 310
43.921742681768 3.01021131469118 0 311
45.3666212604471 3.50773489618807 1 316
3.61086615096088 3.45315019142644 0 323
44.2974800246886 3.02989586818612 0 325
1.46181040888227 3.06661283977696 0 335
44.3322235400341 3.55308228529679 0 339
45.3637437760096 3.68696074964517 2 339
45.4056976162702 3.4750415942002 3 339
45.4524269427421 3.20307720873834 3 339
45.4200957882473 3.1833734500923 4 339
0.00742694674517364 3.01761793072485 0 343
0.315203162654109 3.17068566111988 0 345
11.1973168680361 2.99001016953982 0 345
0.26862568378883 4.29603798427989 0 346
19.5484305496846 3.05246813554178 0 348
45.6987212844283 3.12957300432813 1 349
45.7550174485713 3.45271835866992 0 350
42.508790614599 3.44113178097286 0 355
43.8623560341549 3.14661583003249 0 356
44.9689742431429 3.08257364228922 0 356
0.241123591439591 3.15974289225782 0 358
0.0445651130573685 3.58851730709519 0 364
45.7046947422527 3.11565591117403 1 366
0.0389725286131949 3.26320453490806 0 376
43.3968600508342 3.04684940114648 0 376
0.441708416089391 3.51897370690337 0 381
5.55059519977709 3.12749818765008 0 385
0.0448799635154575 3.4108333913915 0 385
2.72458189589466 3.02152052775973 0 387
2.39851252083367 3.02546868820281 0 388
0.560923634006449 3.29666015746698 0 389
31.3063580440039 3.06771165218202 0 390
0.0652821364002238 3.40354391965931 0 394
10.5827169889335 3.22843594014074 0 396
0.503226336816803 3.39278104246444 0 398
45.9318788125269 3.53789146800611 1 404
45.0368318053983 4.3345921782031 1 407
45.098070318591 2.99334197202994 2 407
45.0545120577916 3.13322553147899 2 407
45.4222987794124 3.09073092141804 2 407
45.4874274145436 3.35130934247553 1 410
44.3511816841321 3.01794781575757 0 412
0.0735398552922945 2.99614173265686 0 420
45.6183506838601 3.90827979794788 1 424
45.7118134572456 3.06724798354143 2 424
45.6242962243743 3.99083064789879 2 424
45.8134055567177 3.49392726288448 3 424
0.0481874680449171 3.37879254483737 0 426
1.52804126557707 3.60150566027285 0 426
45.7873711536262 4.27838427634525 1 426
45.8467851101841 3.17531834822343 2 426
1.63840434238235 3.16283455794156 0 428
45.4406666247264 3.39080805755533 1 429
45.7333337294076 3.62220789310185 2 429
45.8706678792658 3.27478310935602 3 429
8.02684371283679 3.21456329739145 0 435
41.7479827526299 4.12854253716421 0 436
0.187411249331527 3.49575375207834 0 440
3.45142335215347 3.02214059702267 0 440
10.1815180338752 3.30934817214641 0 442
45.9650471032687 3.3139525488063 1 443
45.2427636889365 3.06069766031414 1 443
45.286761234236 2.99014142543659 2 443
0.0528286575155463 3.50351857361772 0 449
44.2889116082365 3.02870194151179 0 449
41.6657816036332 3.166223819584 0 458
28.1621351400313 3.41533187447091 0 459
45.8780817300171 3.0572971866827 1 461
2.00236210138206 3.17664243672924 0 462
1.60597916201928 3.21675083994796 0 467
0.34817450605983 3.0026730530314 0 468
0.24720105264208 3.8690183824826 0 470
39.9245317630314 3.44869955883884 0 476
0.0784418799955755 3.16346062404281 0 478
0.0215020829333524 3.18293421577006 0 479
43.6186338638739 3.27498897747623 0 481
45.5062051912859 3.08990487466545 1 481
0.211551933935275 2.99501673454731 0 482
45.319654597351 3.3100005478457 1 482
2.48251142538011 3.00071425445184 0 485
44.2602011142967 3.04028013920847 0 485
45.4749480252244 3.12320147126481 1 486
44.2569886305726 3.09501944259743 0 487
3.4654856944878 3.10149145522615 0 490
45.0883820451886 3.01942860046311 1 491
44.2634463748921 3.32877646068995 0 492
31.1874325473431 3.02973657296516 0 495
45.1419727608186 3.12819431108614 1 496
3.62173634002875 3.3177003679096 0 499
44.2989602366905 3.21985507318428 0 500
45.6226292819806 3.75985456604942 1 502
45.6715945942767 3.05143122330373 2 502
0.0160924341864197 3.23570930184582 0 504
43.1904194942529 3.05413736285667 0 504
1.42752020634729 3.22829676616944 0 509
2.00538960070369 3.01850191885213 0 509
45.3337786912694 3.05996421251883 0 515
0.0421817084379023 3.08449073309169 0 522
0.2328363006833 3.0131219566288 0 538
43.6288408874464 3.0580524573221 0 539
45.6104787165854 3.2145255258537 1 539
0.04886965723825 3.87390533610573 0 540
0.0656275372684474 3.02965890748636 0 540
0.00605921191356863 4.01219712261276 0 546
0.20872310384985 3.08842908465268 0 546
0.117947248256376 3.04188165291878 0 551
0.171176233928247 3.38400853480635 0 555
0.0634206238769151 4.24663743489438 0 555
45.5179352047012 3.22977185720863 1 560
0.530691997149226 3.36666089133204 0 565
0.0121638348356879 3.09355395365534 0 566
0.0848160660652967 3.05739034417575 0 571
13.1834174115955 3.74264833776987 0 573
0.672218366545336 3.13662247982852 0 581
43.1744170314723 3.88109320867732 0 582
0.094639031322214 3.006259900806 0 585
1.5140241450499 3.33047096969739 0 587
23.1065052775641 3.18585543888179 0 588
0.0255847163589805 3.01966803218247 0 590
0.11251772104121 3.07990936040086 0 590
8.11451936965408 3.0900184942104 0 590
5.02696918272961 3.1135485094187 0 595
43.8416236486316 3.13235335608138 0 596
10.3004973902981 3.54397646263919 0 598
1.66733521379415 3.2394934110325 0 601
11.2732344021382 3.21682968825411 0 601
0.0506323816357672 3.12600734892685 0 604
43.8372166885942 3.57889402128338 0 608
45.3755155777648 3.28142541880422 1 608
0.0389283772320843 3.31433813476289 0 613
45.1829425633509 3.10537879640886 1 618
45.0995950558313 3.06040632677168 1 618
0.139544208760559 3.70159821274627 0 619
3.08505896069258 3.02088416866147 0 620
45.7861681745012 3.34488908964192 1 620
43.8571835480871 3.01263715690886 0 622
21.1126668953236 3.17967525335854 0 623
45.289724243255 3.43328019428017 1 623
0.0743429017251537 3.37743023495698 0 624
43.6835701937378 3.09495863379665 0 628
45.7662009398077 3.07226817019413 1 629
44.2789125904112 3.42683639641851 0 632
45.9831370510251 3.02047053193774 1 638
0.499556107984838 3.20670239762006 0 642
44.2935367179284 3.11529200411323 0 642
45.1977394236341 3.97164684503856 1 643
45.2092003446206 3.10615921940564 2 643
0.62206230005841 3.29311127673628 0 652
32.458345149111 3.03860089498494 0 653
45.4293803280775 3.07331043592976 1 654
45.6504057097208 3.033890861036 2 654
0.340088416475193 3.10537884897285 0 656
0.483648744208975 3.04614240668275 0 658
45.9265543088872 3.14011043305725 1 660
4.63061418245552 3.37675867753236 0 661
44.2700591880061 3.32054654450124 0 661
0.0146842478852923 3.63616690090972 0 663
45.1247678726536 3.00659561210918 1 670
0.0982661829750242 2.99406955902304 0 673
0.150244622428153 3.21731280608122 0 677
3.83597353285264 3.37831435940987 0 677
32.2232145734137 3.69200917534153 0 678
0.253013968568951 3.24019676769653 0 680
0.538129609111796 4.15724535057388 0 681
13.8856510515888 3.44206526592259 0 690
43.3747199342292 3.07256295863261 0 693
2.16077431533148 3.05695118298844 0 694
43.7586200936315 3.48616227099583 0 695
44.3354320327246 4.01578377846067 0 696
45.6461411357481 3.2960286359213 1 697
45.6715070514057 3.24858554284031 2 697
45.9443842713754 3.27946307904831 3 697
19.1213830062427 3.27605056327738 0 698
0.714358423596336 3.09637411273665 0 699
45.2920159414966 3.45206363759217 1 701
45.94212635342 3.62468018137334 1 701
19.7220072897794 3.62879071951285 0 705
37.8314244471883 3.10699797804512 0 706
0.00350556450534707 3.05973250183793 0 711
7.91128460881122 3.13924710438949 0 719
45.8302135503941 3.16001724745858 1 719
45.933892913777 3.00112983265668 1 719
45.8608666885734 3.28090572372034 1 719
45.0697669479154 3.04613699106351 1 720
1.39255795982457 3.14932910218806 0 721
0.387062261198176 3.61259728199839 0 723
45.9543168515988 3.25174230351458 1 725
45.7199247355197 3.1585062438591 1 727
46.01220867837 3.29918982103007 2 727
45.7654369630689 3.06354232580401 2 727
45.8157464850749 3.12145950140224 3 727
0.619758763235456 3.10554538149147 0 731
0.0450209543130404 3.09724235170326 0 735
45.5927845229484 3.03002161317308 1 736
2.08630336604302 2.99715035002191 0 738
0.755173377753739 3.29357611507533 0 739
44.6678234083071 3.22541064726393 0 744
0.139052693827678 3.26164678299409 0 746
45.4804146796555 3.09125732772562 1 747
44.2877953930373 3.14183559992352 0 751
45.0383930589628 3.05077914030398 1 751
1.0710949562462 3.33342963668807 0 752
45.9764814469122 3.88188129343322 1 755
45.6694602569655 3.53369886851847 1 757
45.1799757826697 3.59179770128201 1 765
13.0861807106105 3.87502485256459 0 768
41.6795003373381 3.13065863080387 0 769
45.0197304735516 3.14740471217632 1 770
45.1353138577162 3.15533677964046 2 770
45.2779141806009 3.38540737414091 2 770
0.8906840512268 3.2887991431758 0 771
45.3447743574247 3.7243940395416 1 773
2.15401580651716 3.5042888077831 0 778
3.08759673527038 3.15643703152624 0 778
45.2485617100351 3.40874087352767 1 784
25.7387353283693 3.01671376911023 0 790
32.0650354041697 3.05111438534798 0 790
0.0700899137603437 3.044548951707 0 796
0.0671821603054168 3.02542116286915 0 800
4.91092310600493 4.06255346513733 0 803
11.0338151678954 3.29188602856687 0 813
1.08779248817741 3.22536973302072 0 813
45.7453923797878 3.32163188225378 0 814
0.0205687168458356 3.12018895625389 0 815
45.6783557203295 3.22758812462881 0 815
2.12147548484876 3.11008158629161 0 821
44.2574238294603 3.34954363442429 0 826
45.2735869301573 3.05613947559905 1 826
45.5496870520614 3.51533427560642 1 826
45.3974855053036 3.36694323231945 2 826
45.6715890157595 3.12929717900218 2 826
27.6584940213798 3.45284371705794 0 832
43.7087034193831 3.12931212307839 0 832
42.4869152806787 3.10523415214796 0 835
0.00952220453148836 3.12999780491437 0 837
45.2943827874583 4.36688649859994 1 838
45.3784994384991 3.22453889564977 2 838
45.3602314026854 3.53598570769549 2 838
17.058588528408 3.1466173531761 0 840
0.131366277153888 3.04503491692396 0 847
37.482505463544 3.04960739985881 0 847
45.2481689861543 3.33570266077838 0 847
45.2536177365537 3.36099806273928 2 847
0.00973477057838458 3.17234004123398 0 850
2.47488606969518 3.59673667234218 0 852
10.1050154746692 3.01302109028726 0 855
5.65439366467172 3.39521126376089 0 857
1.06963694131288 2.99147913965544 0 859
44.2653171826443 3.13885522534224 0 859
45.1026171845474 3.18060628286385 1 863
0.0175704888835685 3.17314002412889 0 864
0.069230394511308 3.07700831625313 0 868
0.774728187998574 3.27035142343275 0 872
45.2428083914887 3.35722060171719 1 872
0.0205087417814514 3.77719198091392 0 873
45.3417226159103 3.30084922623049 1 876
1.44649506268259 3.00838791827752 0 883
26.703021676584 3.3768332220437 0 887
0.00631063000056092 3.22401242565052 0 889
45.1569273948293 3.44025621381323 1 892
45.1716074696124 3.63205374483589 2 892
45.1793261277446 3.23469911483244 3 892
44.389100716853 3.43078507812868 0 895
28.9757724116679 3.31632030827876 0 896
0.31858099125873 3.22122904957392 0 902
45.6083577379208 3.63510908335525 1 911
4.64642768281364 3.23958837369668 0 914
45.0348042092841 3.24369604636365 1 916
0.32068986902772 3.78049380562594 0 921
45.619237014474 3.32314288252067 1 921
22.565866278529 3.71824103622797 0 923
45.0959510264542 3.74175477432538 1 924
0.0733641592480388 3.00431878939686 0 925
0.0943257625362584 3.75809937312554 0 925
0.172109044210977 3.15219732259818 0 925
0.488336047706057 3.99906144731709 0 926
0.410727222045302 3.87606352289361 0 928
1.27205641547283 3.07960337440779 0 935
20.594598081085 3.15725774220687 0 937
0.247037710758932 3.0258934993398 0 940
5.18902501248593 4.41805282973873 0 940
25.1326112427045 3.30214173817427 0 941
44.1423481789373 3.31528058488064 0 943
45.7852079776671 3.05823514816088 1 943
27.293979285912 3.34233807964911 0 946
17.6548590726202 3.43396094631153 0 952
45.6903058596976 3.38059335781345 1 952
45.6981945898862 3.04585155356984 2 952
45.7391865687741 3.0690047226133 3 952
0.343998617795438 3.28365570701442 0 955
4.69228644694691 3.53578915476105 0 955
0.0956607695835378 4.04158579904811 0 961
45.5835394120399 3.14044658626642 1 962
45.8247576275236 3.2615946925431 2 962
13.7254270179747 3.32293446800126 0 968
45.651875972198 3.51310971399203 1 968
0.0147399055757523 4.07902635398356 0 969
0.00175674201791238 3.92547750127018 0 970
44.8081311508688 3.38988832024017 0 973
6.46007092723578 3.07119722800431 0 977
45.6771145972047 3.16032097789637 1 977
0.223881171283027 4.13432145399246 0 978
1.98912440178149 3.56620142005575 0 981
0.573291955460462 3.25849957274416 0 984
45.4117434722461 3.02841764939727 1 985
45.2454449957326 3.29281730568329 1 987
45.2623309574166 3.05660912416795 2 987
1.09344086760325 3.1737463622257 0 990
