"ts" "magnitudes" "gen" "cat.idx"
0.516335730744401 3.01595252611096 0 1
0.00370324193697687 3.25193910303164 0 2
20.3066164510414 3.20256159319504 1 3
20.2318949649666 3.06521220964912 1 4
0.205918393129337 3.7978590835861 0 5
9.96696034037753 3.2936720438867 0 7
17.9236306990527 3.66865418918622 0 7
0.909751745338272 3.15039512575211 0 8
4.39895489677042 3.27798313325118 0 8
4.61319346952483 4.1707538344676 0 8
20.1392094955404 3.00495655836966 1 8
0.0220328290905851 3.43313286849882 0 10
8.07286369067872 3.570801601563 0 10
20.1701180880513 3.13898425873137 1 10
20.9848925423345 3.20404158646928 0 11
0.0421387205252138 3.2286637409317 0 11
0.0849325178509379 3.63786760958388 0 12
0.0327922866151849 3.08456105861599 0 13
0.639447284540307 3.44587228016278 0 14
1.82171460223184 3.57612753169867 0 15
4.29737838634184 3.98457070794611 0 18
1.591175443004 3.2933765955328 0 19
0.158454428649071 3.12895325483425 0 19
1.71836588195723 3.04443108023587 2 19
18.0948483999686 3.00163118385921 0 21
1.18962218237385 3.19207052116618 0 23
0.111376351283962 3.12895114698093 0 24
9.85835516755508 3.57510695293693 0 25
0.0503990061179801 3.06873070832492 0 27
0.494133727821238 3.44339627477426 0 29
18.9400511730998 3.23560193014355 0 29
0.975879417602835 3.04586481902436 0 30
0.176020483653429 3.05363452392647 0 31
17.5391612123259 3.14440275305947 0 31
0.640338007261998 4.42279742015794 0 32
0.0667176951403188 3.07176756871136 0 33
0.0296167721725578 3.02197003016921 0 33
20.9731008374688 3.0546243359565 1 33
11.2767014428913 3.27962901550866 0 36
0.110208103306468 4.34069720075108 0 38
0.17979772136136 3.54458575550623 0 42
0.0721626933608554 3.54146036540833 0 45
4.10729866788928 3.1159328875009 0 49
20.8143085112419 3.39373671108594 1 50
5.93025680188243 3.12516960464343 0 52
0.0124817841812043 2.99396871252554 0 53
0.19731803528729 3.04162885137404 0 55
20.7413022067953 3.12487049590493 1 55
0.104763289138521 3.48905399913602 0 56
0.146854423523007 4.15674625754104 0 56
1.45870855427683 3.88538364937961 0 57
0.00216042598256287 3.20224975487676 0 59
11.7296237536406 3.92846849431324 0 60
20.3050118672286 3.03095422849778 1 61
0.0775593516197417 3.16209572558906 0 63
2.38514466393924 4.69999453125215 0 66
12.503319482702 3.1914496691998 0 68
0.00353966851477709 3.88794112125804 0 72
20.2417233457413 3.08379485005631 1 72
20.5357014656839 3.07232867785025 2 72
3.06573534535314 3.04537645956882 0 73
2.77454958524076 3.22571943268015 0 74
4.88055476416087 2.99847335017383 0 75
0.00437637591108491 3.03004102030692 0 80
20.0577584811576 3.09506923795654 1 81
0.0200182548757469 3.72824610501866 0 82
0.0394891561869587 3.08662098635075 0 82
0.0719848447214766 3.39318784859727 0 85
19.3553756766394 3.04900467869009 0 88
7.83252307920172 2.99469984872349 0 89
4.61970261688406 3.89472457176756 0 89
2.85448307608653 3.12644542541908 0 91
20.7447270896841 3.5677674170922 1 92
0.517462950755877 3.60385163650398 0 93
3.05839804357537 3.75743311027231 0 93
8.72615221009565 3.0463401338237 0 93
20.5964844284203 3.18900030658567 1 93
3.38272365097801 3.96499766555419 2 93
20.6359422131081 3.15840053542056 2 93
15.5060346243711 3.35620553887641 0 102
0.045038487880336 3.28091901422307 0 103
0.120103229223133 3.15935032854021 0 103
0.182114864119311 3.1949502356986 0 105
16.7902274462824 3.07459695921523 0 105
2.24460777621526 3.07759093754687 0 106
0.0595250089290367 3.44943764802451 0 107
20.2253554558005 3.36566208601116 1 109
20.2264238982047 3.04547504346998 2 109
0.0303293317201175 3.36384329470105 0 112
0.317160338498126 3.54558738982885 0 112
0.64043847226792 3.0331468775505 0 113
8.84594137993377 3.10461463518553 0 113
0.00809137335845873 3.62542607271444 0 115
0.738789162022401 3.19244150411263 0 116
1.67822414712677 3.03060915178123 0 117
0.202427445262806 3.73350272370167 0 117
10.0338818429982 3.19124587122186 0 117
0.104547020664629 3.51913358524664 0 120
18.7159510103151 3.07866902944089 0 121
5.66018841326605 3.26700692971169 0 122
17.8697836652978 3.08323964747291 0 123
1.32650177593618 3.01414945839939 0 125
0.109183601438223 3.36070290341853 0 129
0.0123422101047009 3.27221378496143 0 131
20.7924169992652 2.99879978336549 1 131
21.0120975545645 4.85942909070748 2 131
0.0178378355509553 4.17251353719759 0 132
0.148101863912793 3.72092934994205 0 133
2.01660915519298 3.03065030810255 0 134
20.8009951050949 3.4448028906272 1 134
20.8294542763938 3.14177334008419 1 140
20.8299238136672 3.06966827603062 2 140
2.58244505943056 3.14380752101769 0 141
2.59034144609471 3.01870346857089 0 141
0.0274041148167121 3.50876869684645 0 144
19.3799035511153 3.31127096227807 0 144
6.0168680477815 3.07398664617676 0 146
0.924897478618247 3.34759759586479 0 146
20.2685971913483 4.45611740711131 1 147
20.3966839993236 3.38749219524426 2 147
20.5221349231133 3.00933248652196 2 147
20.7769661852583 3.04951156731839 2 147
20.5771334953714 3.12923898552456 3 147
20.5997876070064 4.05023643552509 1 148
20.6422078033658 3.11624557668917 2 148
18.8670583884342 3.36262658577454 0 151
7.86730681808371 3.02476207819697 0 152
0.0628077163769487 3.32677472763842 0 153
18.5826645101614 3.9351684381219 0 153
12.155754773484 3.00472763106185 0 154
1.72162438540002 3.04579435223582 0 156
0.0777712299579303 4.53485466639281 0 157
0.0192330197770099 3.23861911296881 0 159
0.0414673569828568 3.29900325881943 0 160
0.769537577362254 3.51318548121251 0 160
0.0462224617393304 3.29481094751725 0 161
0.0701487039575426 3.55025701099195 0 161
6.6985762485934 3.0305289642157 0 161
20.4856889358811 3.16918934226077 1 161
0.398764279559105 3.17748881354308 0 162
0.419362619552656 3.37109987594842 0 164
0.862207807519652 3.10299218352431 0 165
20.0481516932227 2.99907979081921 1 165
0.00196185152732233 3.24976486701852 0 168
1.52514454829481 3.01895150308543 0 169
1.13537766875088 3.92158014933773 0 170
0.124705179178214 3.09395529358266 0 172
7.74821872359985 3.29877453013148 0 172
15.319975973477 3.35614476037187 0 176
1.11403536949351 3.73933214375257 0 177
12.8773125762212 3.29431401066801 0 177
2.42627680199532 4.23731780163121 0 178
20.0291507713586 3.4530777389269 1 178
0.0422381379423321 3.95825066057017 0 181
9.8698338158442 3.94519376055683 0 181
3.83312902683869 3.24038536786723 0 181
2.12193074902042 3.01590031586975 0 183
0.00585303154727137 3.07444918111097 0 185
0.342183303466061 3.31089086439045 0 185
15.0510819387965 3.33317537122887 0 185
14.1608238296395 3.00314496570845 0 188
3.17429181069809 3.20091926098782 0 190
13.6500279262886 3.60444055547303 0 190
4.61451715375368 3.16365869572789 0 191
8.14583159573452 3.25249967259446 0 193
0.449017404657013 3.22971678500142 0 195
0.0729243878024793 3.08912593160229 0 200
0.185366455231142 3.37938910306642 0 200
20.7080985688694 3.20909173019834 1 200
0.171742850218517 3.49198317198185 0 201
1.7536809085327 3.08575793121581 0 202
0.000915597870417612 3.27704649742334 0 204
0.135587300161167 3.07964779839454 0 205
17.5748349253555 3.12754589176487 0 205
0.0360305638518593 3.66408407307807 0 206
0.017188889163154 3.50790290172626 0 206
12.116451148169 3.17514682089444 0 206
17.8018370150158 3.41110537924386 0 209
0.0749395636740662 3.19421673866593 0 212
20.0907024374787 3.24516241911286 1 213
11.4759573947098 3.30742274624163 0 214
0.394320973080608 3.71442146771279 0 215
0.116275916427449 3.06783886586454 0 216
18.0837268320564 3.36304105044394 0 217
11.3378378085529 3.25892529553302 0 218
20.225909585049 3.459794642819 1 219
1.99714180436331 3.05173956513264 0 220
12.6126603529841 3.35803673498313 0 220
5.07675074613563 3.32343356709335 0 222
2.45294549075932 3.05874486739839 0 226
4.68308480620665 4.05054888887592 0 232
2.12177409947584 3.4765479336931 0 232
2.1246438949482 3.03557647563233 0 233
5.70735636989723 3.08862134389137 0 234
4.88927681519491 3.44207862775187 0 235
6.67031962756232 3.85210961310821 0 235
0.187191968256652 3.22740251348543 0 236
13.2247411586265 3.61177344744118 0 236
12.1949072695025 2.99355274238519 0 236
1.03249271932207 3.1230563043665 0 238
3.07380494676529 3.39880367135049 0 238
2.20021374101387 3.37574467642302 0 239
0.0596887086926865 3.04877935833048 0 242
20.8659198981799 3.27281523235582 1 242
0.0395551378011073 3.26561861163968 0 243
0.147080991688777 3.12297561065436 0 245
0.0566542076799508 3.0381238211783 0 245
0.209062583203872 3.26560603809299 0 248
4.40589607005669 3.02865379967781 0 248
2.14902214429853 3.1257780203051 0 249
0.0521262411385497 3.07260717461485 0 249
15.9821571264017 3.35279202999463 0 250
0.221446829794187 3.90513102910905 0 250
10.9744688521147 3.0051972752378 0 250
0.451058621064002 3.22933258513236 0 250
0.0605114046176724 3.57439706028721 0 251
0.148775921265461 3.19734933820925 0 251
3.19982451265327 3.07937462959464 0 252
20.8353578168057 3.62014245038429 1 253
20.5595745133791 3.03061763158742 1 254
1.43876325548959 3.1340638619947 0 255
0.207530220102931 3.01681125212671 0 255
4.52261242601099 3.60787916509493 0 257
0.0981335741665675 3.05409323963906 0 260
0.246884906299898 3.05770614263691 0 260
1.73915873542441 3.19196586582504 0 261
0.896071251503291 3.05108280077032 0 261
0.0416590147454568 3.6956915572517 0 263
20.7907600497451 3.12810419127638 1 263
0.00546307642571302 3.31991799562289 0 264
2.82147645923218 3.00246186508892 0 264
0.220492576039257 3.66091848653114 0 265
4.67191174292552 3.06184572400261 0 269
17.8421919248269 3.01483098675362 0 269
1.74030275885469 3.0331976612062 0 270
1.1012660833044 3.0563832551318 0 270
0.123795381087602 3.19034525996241 0 272
1.4966863789215 3.05591574420816 0 273
0.0752180306164193 3.28254961792093 0 274
0.291825487809984 3.03523694900704 0 274
0.577887896794997 3.4294444978631 0 276
20.6307104738332 3.27848923025743 0 277
21.014583197571 3.04537126732581 1 277
20.8064824083598 3.13728114096324 2 277
0.0273924446601941 3.22853919337176 0 282
7.85721216218968 3.06411222965767 0 282
4.77459771327596 3.05357909194872 0 283
17.845820414556 4.17809547631957 0 283
20.8250178246849 3.23166865013434 1 284
20.9347666796852 3.25230718450692 1 286
0.836993878101947 3.58803310723278 0 288
13.8585667526965 3.14798477636724 0 292
8.1212308952117 3.68645392622301 0 294
20.2214398401879 3.25555541799236 1 295
0.0447628064309821 3.46056027189531 0 297
20.83195081857 4.48275629717815 1 297
1.08846135829855 3.55654385527835 0 298
1.10639001124772 3.0022809811733 0 300
17.0382309979169 3.39875271216121 0 300
20.9888198291041 4.05884906354769 1 300
20.5954868538861 3.06635975041132 1 301
0.00750553975623424 3.21728968156501 0 302
3.31933878140391 3.4243655830041 0 303
17.6661498728101 3.06439902530026 0 305
20.5117660154678 3.06939221951543 1 305
10.3881724773351 3.13138998786142 0 307
0.204396204679309 3.4174532052735 0 309
0.00625091698445332 3.0262159997365 0 309
1.83565940485507 3.02624064524436 0 311
5.58157309696302 3.2883389296143 0 312
8.48076295927569 3.20588992570499 0 314
18.4547300030215 3.06741065452125 0 316
4.64487801293171 3.15528263066898 0 316
0.228359808604356 3.38632718746201 0 317
12.4100974479601 3.10146965333272 0 318
18.9062464521711 3.3214784187566 0 319
0.213526174471056 3.62378296022748 0 319
1.15677823978794 4.1218878328394 0 319
0.117016308544449 3.08501289250057 0 320
20.8356910486795 3.53363413697535 1 321
20.6390589002144 3.23539568629389 1 322
15.4660512095373 3.10426686870438 0 323
0.00124873665807736 3.19619306241011 0 324
0.043410509623841 3.02645367800277 0 326
10.4041525782522 3.47027849562644 0 326
20.3235510044355 3.0872005277796 1 326
20.0673984511845 3.00576830910747 1 326
0.186809957365639 3.02264257851671 0 329
0.622769924784151 3.49373366283626 0 331
0.220151469508769 3.18557146098838 0 333
8.81459213774788 3.01962967595488 0 333
4.22116909945904 3.45590786148324 0 333
2.05246537555889 3.19714545994627 0 338
0.434571320731532 3.24832148715025 0 339
10.0971747789809 3.21023456340307 0 339
0.170588501893643 3.08226692236967 0 340
0.133846890601781 3.1683899438687 0 342
0.00781915496630948 3.08164541282335 0 343
0.0467679376000413 3.37509254656604 0 343
1.69056645226817 3.52004332666218 0 343
1.41073840484149 3.2935069093679 0 343
0.0309703339616958 3.82487208503762 0 344
0.0132929912958961 3.33093793143818 0 346
20.0734495419633 4.62999921647604 1 346
20.4207034686288 3.06214103119141 2 346
20.0784022196468 3.02736623496237 2 346
20.0944916652408 3.1133933711854 2 346
20.0930129902071 4.59506800011077 2 346
20.0957380660076 3.13613516642932 2 346
20.1052053216122 3.07943404719195 2 346
20.0752954304948 3.08469600325342 2 346
20.3155046647612 3.17308280982583 2 346
20.7021715589524 3.09933863448118 3 346
20.2968258484811 3.09353312755769 3 346
20.1222476692763 3.54721143331609 3 346
20.1902733181525 3.05361340363259 3 346
20.0986932234394 3.07021363437282 3 346
20.4007001483297 3.14837477732567 3 346
14.247335866748 3.5399243362104 0 349
7.54238235717103 3.12238325434542 0 351
6.54405661658296 3.68991256439426 0 353
20.2309968738441 3.5084590789398 1 353
20.2327170048743 3.27888332010091 2 353
20.2465734670813 3.24140047522995 3 353
0.0741966989617925 3.65890164201666 0 355
21.0041944241707 3.1193995864358 1 356
0.0235859340236281 3.41060193082315 0 358
2.11945319738996 3.03748761780274 0 358
7.93498916482504 3.26663008023079 0 359
0.0187166291011996 3.02902471147791 0 362
0.707859528559876 3.08109773234259 0 364
14.0276845784084 3.44546349278406 0 364
0.0286418481871473 3.18861928558509 0 366
0.460183881037079 3.37236782075 0 366
20.2009359369144 3.41172040600015 1 366
10.5248764169487 4.1974552075056 0 370
13.4183558455992 3.1114027559059 0 372
3.28605962218645 3.3498829980555 0 372
2.78273904286361 3.28419182051862 0 373
11.0982037337955 3.31729097175097 0 376
4.87612676342287 3.0640240477942 0 381
20.6722514116295 3.05171919545379 1 381
19.0260675552854 3.05128252919257 0 382
12.799449923017 3.34202429025279 0 383
0.000699523178327951 2.99540138988517 0 392
0.353085086120178 2.99673564509907 0 393
0.162640210803882 3.97328423501733 0 396
19.039047901323 3.24771028954891 0 396
8.12686361774388 3.42992005313899 0 398
3.38149085071146 2.99009870409868 0 399
0.927661297917936 3.43267734479572 0 401
0.0358895582772753 3.04860542546276 0 402
10.6258620666457 3.43365273808905 0 402
3.47124804472573 3.21653898580975 0 403
0.044072239576333 3.40882789948513 0 403
20.549914800245 4.10964375877383 1 404
7.43797132247286 3.05716679559218 0 405
0.579949818438832 3.13779660657379 0 406
5.67197922265871 3.3021921268853 0 409
2.15137591693967 4.11119709319264 0 410
20.7255292352379 3.23365715826996 1 411
2.06340889239343 3.68961696191654 0 416
7.2409014693248 3.24048403409714 0 419
7.34737662577471 3.50417784586744 0 419
2.91044675088993 3.12539328831774 0 420
2.61301921331464 3.09480606706825 0 423
0.464428408955614 3.25617077637514 0 426
0.0026327384137305 3.0773415150535 0 427
0.723369459428057 3.33698676097034 0 428
12.8377800467808 3.01142372982285 0 429
0.985053179320545 3.71190989960966 0 431
11.0045018026675 3.15946612956612 0 432
0.706452055895576 3.56040919894362 0 432
1.13419511349445 3.22503744062358 0 432
10.7780317787407 3.43306595712585 0 432
13.8954434784177 3.16605927412001 0 432
10.9862892729449 3.00658089101332 0 433
10.3803326655068 3.08410655401076 0 433
0.0102945193612199 3.09168652581151 0 434
4.70411406977966 3.15652479141546 0 435
3.03479139101425 3.72725604076975 0 436
15.283223984163 3.08581792726534 0 436
0.361975581803372 3.40272118428606 0 440
0.0106126789183819 3.00648357236182 0 441
4.43371985941383 3.415735154727 0 441
0.815218619209122 3.33201529113052 0 442
2.63197814181122 3.03820819215878 0 443
11.1949290051921 3.71870487463483 0 444
0.809246692943494 3.0657254849327 0 444
20.9012725829702 3.41503011419779 1 444
14.6143507458583 3.08413666196241 0 447
0.925767182415972 3.16931736660879 0 447
20.8299280364622 3.65923190196538 1 447
20.8934920754931 3.22635610095156 2 447
1.98840900091828 3.02458989525729 0 448
0.0657023756243776 3.50434950327593 0 448
0.0236170342920102 3.08455502368817 0 449
0.0134517057032814 3.5333216421223 0 449
2.51132527175705 3.03206702131148 2 449
3.92321530253253 3.18637790364818 0 451
0.202034361079187 3.68224548725371 0 451
10.9706668024315 3.31750704940204 0 453
0.01563357144891 3.28396745777657 0 456
2.13759303647367 3.35983984328652 0 456
10.3879817422153 3.32172447605474 0 457
0.122553643275343 3.66653095497291 0 459
0.00393981952629961 3.30930133542643 0 460
0.293118499019396 3.09463243876978 0 461
0.957373589556044 3.26090972691029 0 461
8.31144796179987 3.14137194363882 0 462
0.907230866979202 3.33237917990876 0 462
0.678966693512513 3.19137777742748 0 463
0.14354549682496 3.05743521197195 0 464
10.4669869802471 3.08881255750891 0 465
0.520303238490884 3.49960113315034 0 466
20.6179088567473 3.09688285475969 1 466
0.890311711565551 3.24381917311095 0 467
0.0515566690087095 3.40287862295326 0 468
4.3887028333376 3.22083434421109 0 469
0.862879520300788 3.30398804144707 0 469
20.8321961168849 3.54740023404792 0 469
0.0199940756952243 3.214481956221 0 471
10.0038258669652 3.52694511611045 0 471
18.8882255265804 3.06836462034242 0 472
3.32044062123927 3.63897392354605 0 475
3.31454757456003 3.80583319046728 0 476
6.6510259839079 3.20461216636516 0 477
19.672527447795 3.14285415713343 0 477
0.0198001617717204 3.94125206667506 0 478
20.3613084740095 3.16009260524373 1 478
20.1776572832927 3.15323867717431 1 480
20.1980296451829 3.64212001264296 2 480
20.5328098848679 3.25581844239832 0 485
10.0174665446586 3.17591208171991 0 486
8.1323316181998 3.92269313851355 0 487
3.64129797262638 3.04139706496959 0 488
1.02285237633992 3.42514984699639 0 489
11.3097765548117 2.99792769090514 0 489
5.82157103053895 3.17862257098336 0 490
0.0257207346233213 4.34271907989519 0 492
0.473182833005723 3.06363223336877 0 495
0.897364769353368 3.32301585502761 0 495
0.789048872360517 3.19026473633607 0 495
0.125735543388601 3.27378870786066 0 496
3.3153608786072 3.23174625185485 0 500
0.168415273651357 3.15655389368334 0 502
0.0475201693365007 3.1702077737907 0 503
0.460142432537339 3.16163963913324 0 504
6.07168192739863 3.59194679878765 0 505
0.0318705408730935 3.38041587636386 0 507
0.682631690577888 3.00896445170142 0 507
1.10891297439828 3.13529365886674 0 507
0.213569996280528 3.3914802263205 0 508
0.978307042634353 3.07652604315905 0 510
0.0296239118441678 3.01873353176805 0 511
19.0476093242056 3.89738031463903 0 511
0.239266606569003 3.00879775692759 0 512
19.1164232612283 3.02231327211426 0 513
1.46761524697615 3.74966442818457 0 514
20.8936487163041 3.32380172582404 1 517
0.0335459845761793 4.54104289454202 0 518
17.0545696173177 3.02695641261071 0 519
0.54458849422405 3.0955098203101 0 520
0.000202730806455086 3.7841833644803 0 521
0.266642202363739 3.29317973418262 0 525
14.5052108314002 3.14189934367282 0 526
0.0366552894203764 3.24484497086936 0 527
10.9001019446371 3.2469623134929 0 527
18.7417771562236 5.14635273017208 0 527
18.7422699451883 3.23962030805733 2 527
20.9406556682126 3.23156616854862 2 527
18.7501553766146 3.57527953045943 3 527
14.0497162120883 3.65356934937837 0 528
0.481106393999623 3.04491342661974 0 528
18.4321321805355 3.51352032567042 0 529
17.8509183683465 3.49814167132713 0 530
0.0342334080295037 3.3893367725955 0 531
0.0544270451268969 3.30161984969465 0 531
3.68961878243974 3.04146465917474 0 532
0.014187663984288 3.16301816271627 0 532
0.611197861687097 3.22972123526825 0 532
0.206722754901334 3.73992386330631 0 535
0.0591669340157148 3.55172600975967 0 536
0.466962277232943 3.31819306116411 0 536
0.23373451913982 3.03900902058756 0 538
20.4208204230849 3.57854111428723 1 540
20.6232631459994 3.37554568421196 2 540
6.22811096424798 4.24712045880004 0 542
1.55332839803767 3.02611876121856 0 542
0.0242750681739639 3.21289615937802 0 542
0.781491591087384 3.56669358676156 0 543
20.1092347436674 3.60641999688978 1 543
0.000259115526674557 3.1584769402727 0 545
0.834718927211877 3.00066517422154 0 546
0.0951031652128203 3.36827946931566 0 547
0.276907605010796 3.15689779239465 0 549
0.174865574319398 3.68556674437911 0 556
0.0117798460573757 3.18756540351256 0 560
18.7306221123546 3.171800028032 0 560
6.60729047334649 2.99561418130279 0 562
0.371405392564599 3.26444386542771 0 562
10.9560622249454 2.99770626926293 0 562
7.43271847561754 3.20010936743448 0 563
10.3630126736257 3.00360845725349 0 563
0.0141394616363361 3.22929315294127 0 564
3.21468924022514 3.1198796853907 0 565
4.90863625721845 3.01597301394515 0 565
20.1875829113737 3.01510030158681 1 565
0.0696765447071791 3.63492406480638 0 567
2.15592749962037 3.26598059872276 0 567
1.13657456747138 3.28708016495834 0 569
7.71291984292192 3.04564315838167 0 569
7.50016943903917 3.30425573577129 0 570
0.0152805327399984 3.58064751873692 0 571
0.694018184392209 3.26718301327599 0 571
6.02026942336038 3.23242874529893 0 573
0.0138278020235381 3.02972125882035 0 574
7.42829004815772 2.99967452254247 0 575
9.2391984560637 3.26082284617753 0 576
0.963274963384017 3.06909910427519 0 576
1.13799878077787 3.72061044599698 0 576
20.4916113646791 3.00148507509231 1 577
0.607395606826619 3.59127775352747 0 578
1.56194305272045 3.53311260592398 0 578
20.4147448219914 3.33019620382612 1 578
4.59612770788108 3.28686415729171 0 580
0.178477904271969 3.59643745452976 0 581
0.0301054629788828 3.11289239026105 0 583
1.17346598754956 3.00181732747344 0 584
0.219567767869555 3.24495882191797 0 585
20.6839375818059 3.02867581773551 0 585
10.3647626256968 3.98236265998971 0 585
0.917948085652054 3.16269598580512 0 586
2.02978670425446 3.1705100221475 0 587
0.894886965835742 3.19804724685143 0 588
3.68560213929602 3.26556548536015 0 588
1.89145307820511 3.23642752760286 0 588
4.8826956759828 3.70185251757774 0 589
11.9008661731619 3.75328965916752 0 590
20.4671094188556 4.22604679948759 1 590
0.00859038840823164 3.11368087597572 0 591
0.921202083342001 3.11790095415559 0 594
0.520617829310111 3.10444781407489 0 595
10.0002368748199 3.1524424696457 0 596
18.2429482247848 3.03388745846497 0 598
20.9242545987103 3.2273051122569 1 599
20.7074710760821 3.10836162056812 1 600
4.87967461397739 3.04384766942672 0 601
11.2549315339367 3.0857896479949 0 601
0.0650617042388187 3.11904132114986 0 603
0.303748213581735 3.16980701584831 0 604
15.5606583493848 3.11746583012461 0 604
0.0705423489009773 3.62056152922211 0 605
3.54981098509384 3.01393653882866 0 609
19.1849932820962 3.62223666180809 0 610
8.92910637770639 3.10606195729448 0 611
0.119650857010593 3.23414820037924 0 611
0.254241456602681 3.11862869086842 0 612
1.09213322551515 3.1032970146246 0 613
20.6375184784733 3.02438083210508 1 615
19.7407895355854 3.65094282024409 0 616
2.61700272729422 3.24865084669568 0 616
0.149742661973551 3.02250714868917 0 623
3.11129551174381 3.30167712347759 0 626
4.94864478225269 3.156989197674 0 628
11.304462706731 3.48150035488069 0 628
0.027446978837412 3.2993848612731 0 629
0.0519240859147526 3.02554257257925 0 629
1.07387123377594 3.15728753538056 0 629
8.69934705894866 3.53183017808462 0 630
0.00231060062792873 3.00237435291374 0 631
0.0637820775781325 3.1209116326968 0 631
2.12819504727646 3.68383236809625 0 635
19.0609124742423 3.18939202564402 0 635
3.66194141385718 3.15251117576809 0 636
20.0588777457919 3.250229084928 1 637
8.85136882226395 3.36969984776404 0 638
0.0616886075349649 3.258611227603 0 639
0.0917498811768528 3.31915129981588 0 639
3.69625161530978 3.67452431043283 0 641
0.106779619599288 3.02247438202678 0 643
0.142536984737308 3.17598752724152 0 644
10.3681319846531 3.16037250441945 0 645
0.42210895382293 3.02505519737572 0 646
20.9666685668376 3.1245630610626 1 646
0.046110581470421 3.65037320785873 0 649
10.5772490634815 3.12885132795455 0 650
1.89893316321878 3.10402265175151 0 652
0.269003403769181 3.27437424610831 0 652
2.27278453000598 3.26197990563479 0 656
14.9955649739846 3.21879590956774 0 657
9.76629089408576 3.59911556665296 0 658
0.129650981793767 3.53833898410928 0 660
0.0128323099736816 4.45368191881305 0 662
8.31739410962984 3.2541732584956 0 663
2.58777071730374 3.00752234259445 0 666
20.1678188537803 3.03613960034499 1 666
0.628785952058807 3.21890573556864 0 667
0.912150378231128 3.10669151382586 0 668
0.0369028590333599 3.19449836966089 0 670
0.840167550514666 3.34038059516908 0 676
18.6519483588038 3.10507644248087 0 678
20.3233384035152 3.54557678689491 1 678
1.69464905951796 3.20287766541326 0 679
8.23509670233919 3.35842879320792 0 679
12.3537483564873 3.13019330896835 0 686
1.05639346132797 3.05098175000041 0 687
0.0562474594472609 4.46878854648053 0 688
17.939329698844 3.10647563930826 0 692
3.01814939402501 2.99319656174906 0 695
17.6669600662887 3.17833325504345 0 695
0.12400115715018 3.11095396008943 0 696
2.78842449602367 3.50914370737542 0 696
4.49233188414754 4.10436929923936 0 697
0.154562592259454 3.04139694681424 0 701
1.73045596212802 3.03401206251867 0 704
0.0956217445356291 3.17889278029477 0 705
0.0953498961738321 4.8850411171068 0 705
0.387837891410849 3.20041960050635 0 705
10.364140219067 3.89862248533847 0 705
20.7131081318107 3.00250225205483 1 705
5.01710996226731 3.37550880270292 0 706
7.60426405827889 3.48397376070951 0 706
10.3859064487658 3.15007336965578 0 706
0.00211820363672252 3.04966198966765 0 707
3.39423959749455 3.0787918850442 0 707
0.0978081875041344 3.10592932261571 0 710
0.692467559299653 3.32205558611603 0 710
10.3712892294162 3.28844096251267 0 712
3.17060212139071 3.45353732045253 0 713
7.28116591731947 3.10676154631776 0 713
17.8652095761692 3.2109723440215 0 716
0.0801427980742065 3.21049332361285 0 717
12.5768170620939 3.23108119175758 0 718
0.95797858473384 3.42748497989925 0 718
20.2750500220895 3.22702152520479 1 718
17.648141718135 3.05944148355214 0 719
0.140433159422554 3.31998110573788 0 720
11.4363252647442 3.3150010123639 0 720
0.201674677290724 3.07548676622857 0 723
0.0546257716441885 3.36118694648979 0 726
0.0552543465537001 3.22341221468754 0 726
20.773833559509 3.03038468624821 1 726
19.8538181560552 3.10202008237219 0 730
2.37977095402506 3.05526495258576 0 733
0.0425243995311879 3.09868469371582 0 733
20.2859786105432 3.02561539656696 1 733
0.748845020321596 3.35901501338766 0 734
0.298990124722684 3.06290279626951 0 736
2.18789666100022 3.08949739249822 0 737
2.86459090954216 3.02713730124773 0 739
0.0063541342699693 3.03649809373583 0 743
2.39143150622302 3.09971844315784 0 752
20.2543422730264 3.06257112003939 1 752
17.7019142798632 3.25370616949629 0 753
0.0566626928706519 3.01014450338747 0 754
3.29301937235843 3.04095107428225 0 754
0.0454083366450345 3.34903813494794 0 755
19.966988533023 3.14479131015732 0 755
1.39287502748084 3.47883118821868 0 756
16.4081765576705 3.05401894492024 0 758
4.93542703085525 3.06435924972653 0 759
0.0582154858869765 3.50253911553766 0 760
0.0442069723801957 3.12403065720694 0 762
12.4150443276558 3.07837672482957 0 762
20.7560504336465 3.04686686485797 1 762
2.12878096786241 3.22697654835329 0 763
0.575156215427047 3.22857714547512 0 764
14.2155874953261 3.33453384990877 0 764
2.00815190419524 3.24292182687758 0 768
19.2494539541235 4.26290107365082 0 768
1.99050997959164 3.76459397724648 0 770
1.30443222455026 3.31733733742392 0 771
10.9586726699177 3.19585285075155 0 772
3.55158855450534 3.47048398376149 0 773
0.221382436799223 3.18612727494996 0 773
3.44481987659008 3.11723415172627 0 774
0.686388708544511 3.46176881293601 0 776
0.525426186111962 3.69603215851995 0 779
20.2328436741695 2.99245258310474 1 779
0.286909529854052 3.23400137892986 0 780
0.14540983123501 3.18280896261936 0 782
20.3385662451942 3.24155563102935 1 782
10.374829024776 3.23933966880988 0 783
12.88089791185 3.16241682546877 0 784
16.1648430788294 2.9981541619484 0 786
0.311667888952616 3.54910905181442 0 787
10.3703266682043 4.42432333745345 0 788
2.9049067590346 3.12044357890579 0 789
0.0352665348604793 3.25047597749355 0 789
0.0478887390212086 3.12533707424514 0 789
2.17637188637506 3.35220119054675 0 789
0.929268540136582 3.10053700763375 0 790
4.33572967820601 3.50742183798751 0 792
20.3482343968094 3.22197267876085 1 793
20.3504062686824 3.28342745494111 2 793
0.319162648982405 3.11175856316137 0 795
0.0682467837728659 3.23736843347117 0 797
1.08075185106792 3.11634926523907 0 797
19.0571729775549 3.04820105753504 0 797
0.886544237551502 3.17239499267861 0 798
1.45021846758951 3.26845104464374 0 799
0.0915756430758561 3.07852079300836 0 799
0.850140509244742 3.24040430120121 0 799
0.238473134394897 3.21573198872871 0 800
14.2017921587531 3.60022112527546 0 801
20.4865375835538 3.15493620353112 1 802
2.21970351803764 3.03095858224917 0 803
0.158262675752522 3.55402034422716 0 804
0.020822448638196 3.07657016350676 0 804
15.2332178248363 3.0900771668231 0 805
3.23304600254802 3.81905271485639 0 806
12.8956626733957 3.13520313732162 0 808
15.203507831776 3.53847227121764 0 809
0.339308930498363 3.04963125820578 0 812
0.387487461329116 3.27566299132022 0 813
20.6567939143805 3.22839042496927 0 814
20.6941669039984 3.27367614735721 1 814
8.87263298399075 3.10579263172447 0 816
5.90927283642076 3.16427141224419 0 819
19.2233969837123 3.27197545889624 0 820
13.1012984627574 3.24934137261868 0 821
4.36213420629551 3.07586735793139 0 823
7.45635471117647 3.51110462805531 0 824
13.6812687064259 3.34419025262056 0 825
10.3568387364814 4.08900243411729 0 826
0.0471241451205339 3.47253355367153 0 827
15.4675683864291 3.61107314891616 0 827
0.00376806730341989 3.04064453457452 0 827
0.470713142590905 3.05704786284183 0 827
0.83104001482659 3.38888568517123 0 827
3.8737148632163 3.13780689897385 0 829
0.177709618539084 3.1318259730572 0 830
10.1076329530634 3.03790021163781 0 831
0.0971320456681621 3.26774366766828 0 832
0.0478796176539622 3.24733573375373 0 832
14.7669992743389 3.14391851584764 0 832
8.35854701900053 3.19951412594252 0 833
2.16899639002487 3.70701096104164 0 834
0.101318413765896 3.05775369811143 0 837
2.05222994962025 2.99588231759379 0 837
5.94501487388318 3.46101584316351 0 837
0.113008633879454 3.09703471579728 0 840
0.0171169476450143 3.04552445959661 0 842
0.0722295381536184 3.3399061357083 0 842
0.522033764487906 3.69945696820325 0 843
0.0107206868581362 3.17689088515834 0 845
6.49289093904831 4.67538151813961 0 847
2.41141082986698 3.15118103892037 0 849
0.210781950610084 3.01922896980699 0 849
10.3811798788664 3.18141343102859 0 849
0.0227656799555254 3.16744473842078 0 850
0.0515893459962516 3.33177059867812 0 850
4.69954698859854 3.30989021350397 0 854
18.7490628821123 3.14507571462182 0 855
20.3744414741263 3.3926581748399 1 855
20.4962453192775 3.2872035485279 2 855
10.6929122241747 4.03770564774212 0 857
2.20185375481654 3.01013836726377 0 858
0.0160612407866912 3.25142776728708 0 858
20.2326662965674 3.19253664052576 1 858
0.112644872803226 3.17925330028229 0 859
20.7038595091176 3.04027211775772 1 860
0.000418130264271108 3.21294323670972 0 861
0.0110428973973436 3.19491540425973 0 861
0.070082195825225 3.18568716693407 0 862
1.89680502589114 3.34527069055475 0 863
0.0264029764815383 3.06409602106341 0 864
2.66201295035144 3.03882152660383 0 864
2.17778294176748 3.12022633348604 0 867
10.0556731930642 3.13162849851696 0 867
8.30158178922045 3.41555095114706 0 868
10.119807351127 3.77479407530754 0 869
19.4269317614225 4.07866090858437 0 871
18.7459198726915 3.12450165080541 0 875
20.5965054774747 3.01082990816431 1 875
2.45452587324362 3.60494879615343 0 876
0.396829442115801 3.01189560955856 0 877
12.0400767156237 3.18524585166441 0 879
0.0326021516653837 3.17817267071736 0 882
0.646710822254333 3.05050991107602 0 882
20.9845831684392 2.99449342254649 1 883
0.273264826970968 3.36815013277557 0 885
2.43379649785891 3.19171915503694 0 889
0.0596051459698142 3.15127197657722 0 891
0.0941617913535287 4.75619690222791 0 891
2.07592090987828 3.7419117137105 0 891
8.25317736188829 4.01481384788287 0 892
6.3831185711808 2.99643601369652 0 893
0.165802809955811 3.03137121247811 0 893
20.4323647838641 3.47053054120966 1 896
0.0391509638039058 3.0556925744406 0 899
0.0778939739460943 3.39337179950654 0 899
0.179304873703124 3.34882833498134 0 901
18.7811806540089 3.16697427821553 0 902
20.1626453198582 3.07457469677861 1 902
20.4448438026935 3.01426295524454 2 902
0.0312976214578563 3.24812024587224 0 903
6.250542972891 3.64524382854809 0 904
2.49029264287274 3.14218663749 0 905
19.1838117127647 3.36413156163355 0 905
0.100438401319115 3.6160235059103 0 906
0.118093316630524 3.06855773480478 0 906
20.139984093988 4.5247358182445 1 908
20.1522363743179 3.14492433868725 2 908
20.2227520301291 3.07999280049501 2 908
20.1410699274731 3.94179908190014 2 908
4.64293244233537 3.67665397735739 0 910
20.388171287635 3.38948626970857 1 910
0.018641649975314 3.14267471859599 0 912
18.727394096428 3.86718467572624 0 912
0.0656569241951748 3.80141089274373 0 914
0.0376174111663448 3.52561279646688 0 915
4.68157500324138 3.47644368121833 0 915
5.28208689169232 3.23147203127546 0 915
15.3041747457872 3.00904440651728 0 917
18.9860668493956 3.09877953107939 0 919
1.35122532948056 3.14712830128023 0 922
1.45421063953147 3.16111744173119 0 922
12.9006446807407 4.36901441094244 0 923
13.9450697230053 3.26077192996088 0 924
4.53552159490838 3.03882251631094 0 924
0.619403766145135 3.91946524172368 0 925
17.850568776728 3.5012579286324 0 930
0.0824616084137888 3.13617390002426 0 931
0.0587425023160846 3.2730190912292 0 931
3.9305424314201 4.45167979766664 0 937
2.1490947294928 3.87547902717601 0 939
19.0458002751045 3.20505940631807 0 939
20.6377355935142 2.99384536243334 1 939
20.1635686158292 3.29297172835952 1 940
20.0369396925994 3.41943953086779 1 940
20.2844310526086 3.25791710205945 2 940
20.8535778712571 3.11295247654584 1 944
2.30552102877229 3.14922209914251 0 945
0.184703900284666 3.86967858002803 0 948
0.216607632477031 3.09962957248192 2 948
10.7572308201373 3.44836870125089 0 949
20.8596333813943 3.34196243865533 1 949
21.0030027266566 3.27766639950722 2 949
2.13016563433791 3.35615875814493 0 950
9.13637332564631 3.06302207697419 0 950
20.4081885329537 3.13008837508119 1 951
17.5385569268638 3.06633970869588 0 952
0.275528980039692 4.38389479981748 0 956
0.0641854228354 3.08660120390308 0 957
12.87624933003 3.42815024903572 0 958
18.7759280883701 3.27961185904592 0 961
0.0413706234756228 3.064358665403 0 962
0.457974790022945 3.14220644199244 0 963
0.000981494911406263 3.18574476034462 0 964
0.533383325527328 3.02995945666718 0 965
15.7676366414609 3.11566717407778 0 966
15.9976008060909 3.18309254408643 0 967
0.315531272558807 3.25580472880086 0 967
2.09972813371478 4.21349585909087 0 967
2.26534984624762 3.41864137271559 0 969
0.2662852136667 3.01983592599636 0 970
0.199613325844509 2.99352168305778 0 971
20.9756721736953 3.04916275623794 1 972
0.343364838619884 3.10592274709386 0 975
0.236426700073293 3.11030238364286 0 975
0.198801672239992 3.37553421320064 0 976
0.24289263506757 3.48717809819638 0 977
10.9132186204372 3.16826503267427 0 977
0.117106257323634 3.18180173509446 0 978
0.369382562726681 3.91734729375994 0 979
0.112451144223328 3.05002753162033 0 983
2.62260706805333 3.39619328714138 0 984
9.66798852049934 3.04385690719683 0 984
13.1103727633828 3.0083194764526 0 984
1.4366146104066 3.45618879255993 0 985
0.0787383565056505 3.46121516467791 0 987
0.0149366108116695 3.02672128244323 0 988
0.739048442450528 3.38329011083026 0 995
0.0318960971134702 3.74399033286999 0 996
1.95761628937056 2.99274135887374 0 996
0.00580860526541846 3.2757579918547 0 998
4.66156056853138 3.15389695075683 0 998
0.00138639499464084 3.32861904107373 0 1000
