"ts" "magnitudes" "gen" "cat.idx"
2.18966386010766 3.09993168116184 0 1
15.4120135069113 3.021897378331 0 1
15.5528911737815 3.13689408512877 1 2
0.329126393027092 3.7752732959057 0 3
2.71112931458762 3.04749942904142 0 3
0.354837433501822 3.70184451209135 0 4
0.524475800781063 3.85089408664405 0 4
15.036314370725 3.40184257355221 1 4
2.15658924911383 3.37779485872207 0 5
1.2208657484164 3.0331468089863 0 6
0.953409198289773 3.22750768812869 0 6
1.65818568965018 3.14985193047862 0 6
0.000996139623959262 3.41109271874695 0 8
0.198759860179411 3.63645322314692 0 8
2.14693605959154 3.50488361640528 0 8
3.78028841505181 3.20789023725681 0 8
15.0813681669574 3.25288985078671 0 8
0.221296835397494 3.50810088767298 0 10
0.00497317424092777 3.00377891855322 0 10
13.6314153537409 3.452180306293 0 10
0.464108410433868 4.54034976498067 0 12
0.523382926170912 3.06157501889318 0 12
0.414708063910862 4.16633849090638 0 13
4.59883929357293 4.21615251678574 0 15
6.35304091756011 3.31677587728481 0 15
12.7137698186099 3.39592171701683 0 16
0.347594098322947 3.66742508412823 0 19
0.311558953700947 3.2461973330408 0 19
0.599303209920349 2.99326017021781 0 19
0.0520639223690725 3.73336171771657 0 20
0.954961198110001 3.49332763319613 0 21
0.0115628811747393 3.33022109534178 0 22
0.341138183574379 3.41102676564414 0 22
0.113834683484651 3.0111278126346 0 22
0.674446794800159 3.47504838460833 0 22
15.4312142433223 3.12780865099282 1 23
15.6111558505745 3.44463216221013 2 23
0.117112548516075 3.42047288723582 0 25
1.01125890280619 3.22055011299587 0 26
10.3651085693548 3.56662021226914 0 27
10.4260565922574 3.4558997257302 0 27
5.05786566859153 3.10960612160149 0 28
10.669521889892 3.58689890728128 0 28
11.6564960609664 3.37126225125368 0 30
0.792478023089364 3.33924127526814 0 30
2.58835626312546 3.3908974980857 0 30
4.60180100983917 3.02690403877165 0 31
10.4236455311037 3.32862760131279 0 32
10.6221422080816 3.01917917744474 0 35
2.90383070420944 3.77617465933804 0 36
15.6576639033478 3.38006435814748 1 38
2.18713168011412 3.11412021382268 0 40
10.4180366672361 3.4852759491979 0 40
15.2588979170282 3.11871917175311 1 40
10.5949942076926 3.02092528614907 0 41
0.819171520406359 3.0465400742569 0 42
15.4027387210258 3.04790947992292 1 42
0.0809065528042523 3.01611127689133 0 43
0.0671702281611611 3.96587110623421 0 43
7.42492895929807 3.10815591907725 0 43
0.0726460539149765 3.12515912441641 0 44
10.002708819547 3.32968672974148 0 44
10.5795226772405 3.27425993045179 0 45
0.188910872006159 3.37139448476817 0 46
7.38987057848766 3.15566785385631 0 46
10.056802252385 3.17720762495427 0 48
15.1964348072888 3.36470307116964 0 48
15.052435557955 3.21280287073274 0 48
15.2524275319344 3.54446157968993 2 48
15.2615344180879 3.08393978152559 3 48
0.0883631047844601 3.14448492879828 0 50
2.15793699770433 3.00178586376492 0 50
0.846114875947107 3.37692896877464 0 52
7.0465976706508 5.35650988400815 0 52
4.94795102648003 3.36536834545647 0 52
4.69134039611762 3.41879776040613 0 54
6.9252452042562 3.06713954647179 0 55
10.3796691749229 3.292710950117 0 55
4.59742564791044 3.08444841787492 0 56
13.9391087771144 3.17203705169081 0 57
0.333350186474216 3.35228499571063 0 58
1.21389278434522 3.23626990806709 0 58
0.0820279795594379 3.81091880988481 0 59
1.88976829513504 3.52269893837178 0 59
1.81438552379943 3.19801770846914 0 59
0.0700506941788236 3.27769648338914 0 60
0.145486303296901 4.23579390546561 0 62
14.6031428332822 3.38803498182143 0 63
0.564447565497532 3.24230484160847 0 64
0.0463703331609043 3.17381505607812 0 65
11.3993924637758 3.00503377777648 0 66
1.20774793665825 3.38867770600882 0 70
15.0544602537152 3.80964763649372 1 72
15.2276755630927 3.12325085119186 2 72
0.00336102415481824 3.39288983172791 0 74
1.94936603715376 3.03904624278011 0 76
0.619023626160103 3.07423001097091 0 77
14.4992223308958 3.75559567101884 0 78
5.31022295558979 3.13380343049268 0 79
0.260848612339736 3.52047993248239 0 79
0.378546112751724 3.00829900518192 0 79
10.0552020711444 3.30179875343481 0 80
0.203977860666934 3.6140564102502 0 83
15.0160781273887 3.49563152370453 0 84
1.87987001129062 3.32252091428923 0 85
0.984062741767729 2.99585085479416 0 86
15.0367934509736 3.07893590924817 1 86
0.869366180830611 3.59455682196157 0 87
14.1520865648521 3.297606742366 0 89
0.0739293914088292 2.99813973708907 0 90
0.100287522181101 3.74351892333197 0 90
0.164020390308533 3.09688589701708 0 92
8.5147339890841 3.21694365114355 0 93
1.67754037281366 4.03727072699894 0 94
0.371588374858583 3.00159230924963 0 95
0.0896173765369564 3.16588911269713 0 95
7.45643998500512 3.05494100616646 0 95
15.9280311483048 3.01361813034756 1 95
15.1766408986036 3.03069923168728 1 95
0.753846874025085 2.99559011018047 0 96
10.7647100922643 3.02738328130372 0 98
2.07825578951142 3.02856175238135 0 99
2.18864004072033 3.19327551438412 0 101
2.20307882603526 3.17298990639728 0 102
8.44989055846207 2.99982156217581 0 102
14.1762103682936 3.41042659616532 0 104
0.0900154447767299 3.29048582317472 0 105
13.8746848882044 3.21030714199121 0 105
0.637056522641049 3.5032749100859 0 106
9.08758692293924 3.3559328805682 0 108
0.0242256860446508 3.09340420335044 0 108
0.210932792889456 3.19827562598892 0 109
14.853183858234 3.14504940809123 0 111
0.269325317309602 3.20277911415912 0 111
15.1455720385161 3.00963096671423 1 111
2.48046034808577 3.72037270186891 0 112
10.0874680949241 3.28612121222413 0 112
1.37096694121838 3.3228765764257 0 114
0.0045655610596779 3.08203453579666 0 117
14.7151341497049 3.08563051167774 0 117
14.3108052398001 3.84857356531613 0 118
12.8677154205504 3.09220472850246 0 119
0.132553123718681 3.13672583137085 0 123
0.178374955760785 2.99533853502764 0 123
15.3025415233031 3.41307136454666 0 123
15.9572282050826 3.11065761919382 1 123
15.513687686594 3.76505795838271 2 123
15.9500308503204 3.14917979984908 3 123
15.5477392742568 3.09316432435336 3 123
15.9843385464519 3.16630960924763 4 123
15.6423068366642 4.22902082366415 4 123
15.8884777311203 3.23238277650676 5 123
0.173839156098532 3.11939805935368 0 124
0.000881404601524144 3.01498961093114 0 125
0.0570051356221471 3.33802922456023 0 125
0.0679815577839267 3.29878708156192 0 126
0.00996570568518378 3.2650111225886 0 127
1.64833862145672 3.24862716048609 0 127
2.53072797788362 3.21713016094001 0 128
1.29057542314115 3.55428136574851 0 129
0.131347529757835 3.0618002046552 0 130
14.5919307120876 3.16377026967052 0 130
0.0433458738727365 3.2912413640272 0 131
0.425113194266029 3.40790039364501 0 131
0.0537364929467399 3.63088590405198 0 134
4.60741842864016 3.28992268600533 0 134
4.48818609758517 3.5578860639295 0 134
4.80130764655579 3.21647660069546 0 136
12.9673019415455 3.34600788868575 0 136
0.349005093536672 3.16441897675993 0 138
7.96575143507022 2.99318291999304 0 138
14.5858813950491 3.0512793537548 0 138
14.7327521922467 3.29264187347156 0 139
14.7557122600502 3.19296717285818 2 139
14.7952940730239 3.57171117960143 3 139
15.9428100780674 3.14370693809751 1 140
0.133941197811538 3.25288648714554 0 141
0.11404734194397 3.31663873605816 0 141
0.446368689162292 3.01306387530154 0 144
15.7672294191174 3.20362043915547 1 144
0.114271757719994 3.13301951378335 0 145
15.3049962699037 3.27347324218692 1 146
0.0329534869297362 3.18034874258922 0 147
0.646914101956332 3.60807424260234 0 149
0.0630665993208183 5.11854521485858 0 150
10.0673428450045 3.40577856905489 0 150
14.2346105053155 3.54485327849377 0 151
0.0358461709934966 3.02282459787162 0 152
12.3621604003279 3.38941355569622 0 152
13.9043392378609 3.00523399019409 0 153
15.9075667497805 3.04324014144496 0 153
14.8031007965533 3.17925212887806 0 153
15.5165387267802 3.15596245474919 1 156
15.8778624372701 3.13797468748912 0 157
15.2673729708508 3.11521245703179 1 158
10.4706573322118 3.07036951571578 0 159
11.5096967298646 3.33461872301521 0 160
15.2597779400271 3.16394978142282 1 160
0.701591182137845 3.0803565133384 0 163
4.87022842330192 3.17987998457837 0 163
15.5258069789592 3.50630278748487 1 163
0.0590989907634998 3.19545075947151 0 165
14.6599837236052 3.64354801332307 0 166
0.495890164952892 3.04665980303921 0 167
10.0680225183339 3.38709154015761 0 167
0.111859650408128 3.22627761969322 0 169
12.1830575575642 3.5498494063442 0 169
0.131286435679951 3.33020355960114 0 170
4.59927757791242 3.35811095714244 0 170
10.0411297284884 3.03567112658339 0 170
14.2494962818508 3.25709427323081 0 170
0.233332201764039 3.35546528350938 0 171
2.93011389020996 3.95918906497954 0 171
5.71429336505752 3.11361768437545 0 174
15.5595446761322 3.6400097472401 1 174
15.5603620692551 3.71856560840526 2 174
10.3903378842982 3.00864005682674 0 175
14.1598829057818 3.10913234895653 0 175
15.7452289775569 3.079858897767 1 175
0.0816558638386582 3.53089271538431 0 176
0.248301247239967 3.09310848496636 0 176
5.50620273829231 3.13561029220274 0 176
0.0128127112299763 3.42942299934625 0 177
7.81970370956644 3.14579390205411 0 178
13.9729405065621 3.25752868517834 0 178
11.0833930642914 3.10353871774672 0 179
0.0151336957401121 3.02321224365565 0 179
0.0208637657960707 3.23342152460466 0 180
13.9483165840182 3.36078298365935 0 180
0.000909832355868254 3.05408764301412 0 181
7.99654300182571 3.020499838562 0 181
14.1547598301941 3.19640545861324 0 181
15.0260649577888 3.32936825022801 0 181
3.47010119468165 3.25289055002606 0 183
0.854650854094574 3.03350153107757 0 183
0.485994984144997 3.19015660768218 0 184
10.0067576227476 3.35135241191726 0 186
0.824071737084955 3.08339961633083 0 187
14.0626103571331 3.45011605240001 0 187
2.66626497486125 3.55936171604349 0 188
7.80570575569956 3.17882194389207 0 188
14.8021903174947 3.24871407586226 0 189
2.73214328949966 3.45115145877969 0 191
0.354950852849178 3.56450661066599 0 193
15.1666269566953 3.33707876875881 1 193
15.6781654068359 3.12214630591564 1 194
13.9741149808103 3.21589704902172 0 195
10.1235134361029 3.48823968945085 0 196
0.166608658336401 3.08519572408654 0 197
0.189803027218485 3.58421510214067 0 197
1.55399947613739 3.15695447106013 0 197
10.0915515115804 3.23906719409691 0 197
1.71381593093691 3.17820528795532 0 200
10.2410545999038 3.63875880022663 0 200
15.6771075436004 2.99358607113042 1 201
15.1757842167111 3.60814901494143 0 202
1.85779222035926 3.17140428360622 0 203
0.346295065415592 3.48992576271821 0 204
0.163976342821271 3.11271988152387 0 205
8.79304267922501 3.18186047920629 0 205
4.16622501275976 3.85902245588614 0 206
7.60412748025643 3.45552809899428 0 207
0.598906117895755 3.34956727912698 0 208
0.139685963815877 3.39801872054238 0 208
0.0401156226018655 3.24771304619122 0 208
0.129477654252289 3.21414849835237 0 208
0.0856703373115146 3.29705447050452 0 209
8.09846605319136 3.15531457297674 0 209
0.175511748832077 3.47973508515965 0 211
1.08406044221924 3.13553224696054 0 211
1.9499850138693 3.15531760392392 0 211
0.0721954093597904 3.04832341533915 0 213
0.100899465854466 3.21547069879632 0 215
2.1605501156289 3.1928298790717 0 215
7.79990348258222 3.16451999488564 0 216
14.7035615770537 3.01808509869952 0 217
14.7741595060227 3.41310250453982 0 217
14.7248936351426 3.41880837045332 2 217
0.074086580255807 3.39820261722138 0 218
8.74946686970928 3.16975465370514 0 218
7.18961340534257 3.08866372348765 0 221
0.0950037172966296 3.30413605318223 0 221
13.0366679581394 2.99851346784382 0 221
15.4017180790283 3.24120086425623 1 221
15.4892131549977 3.54960986518068 2 221
0.0339780945754659 3.33736505288537 0 222
14.8926047784797 3.44583233090289 0 222
0.0230375692737909 3.12379841524336 0 223
0.552330735048711 3.53658607315264 0 223
10.3719503626264 3.00679979151681 0 223
0.00920624515300635 3.09940266710516 0 224
12.799540490715 3.0350625011094 0 224
7.06754215599304 3.26300976646739 0 224
1.41539219304301 3.21427092955953 0 225
0.0479255503620734 3.04018391281734 0 225
15.6352295627907 3.96379951069449 1 226
8.74546534535421 3.16238024351299 0 227
15.5268136466943 3.62389282409868 1 227
10.5757072539421 3.15322776158951 0 228
6.94841958671283 2.9930494176713 0 230
14.7320307256001 3.22364812400405 0 231
14.7831679737894 3.52039769428542 0 232
14.7321301081496 3.24133295697427 0 232
0.0300931817124245 4.29163259549537 0 233
0.0667140566384505 3.1191425785607 0 235
2.08262640959449 3.10055122296719 0 236
0.114119732193114 3.89629474486948 0 237
0.329770058719036 4.29222048318032 0 237
0.473503205952365 4.40489307889008 0 238
0.254481252583132 3.22575859208879 0 239
15.8840985872407 3.81292849054972 1 239
0.148259967029815 3.19549410142795 0 243
11.4420543411953 3.44650478752 0 243
10.3766907588791 3.16445911185907 0 243
14.7595397682375 3.33477043690437 0 244
1.69448551445307 3.7561871522499 0 247
0.0246163277369477 3.03649942070435 0 247
3.20930595310919 3.13558494515975 0 247
0.018682290256203 3.18954117662252 0 248
0.360620436131796 3.96204908008782 0 249
0.0349040375632286 3.27154917569718 0 250
10.6185903221698 3.35857259483682 0 251
0.0549290203485884 3.50544866914258 0 252
7.91621746159026 3.07276414059322 0 253
10.5320024925293 3.30002309919286 0 254
0.666091660274623 3.28778126576414 0 254
7.68265167218761 3.31428678064884 0 255
15.1105113539601 3.09524605739401 0 256
14.9794567451112 3.56284688531137 0 256
0.0466029852685645 3.28069003477007 0 257
6.74458906215588 3.29058695930429 0 257
0.0294664441204682 3.1825340316385 0 258
2.89940965793825 3.30103156554268 0 259
0.141153553825918 3.06316289167322 0 260
0.11282140665519 4.5950709350603 0 261
0.539011734040612 3.6888891115535 0 261
0.975048843880043 3.12126197176708 0 262
0.00246962823309529 3.14460609862137 0 264
12.8574718501555 3.18270100044332 0 265
2.89858171987943 3.11727806749354 0 266
0.279553725430239 3.04173209066879 0 266
0.0329106615169633 3.21927622095859 0 266
2.05358275802951 3.8301012492165 0 270
15.3983695780948 3.31446328950075 1 270
0.163927690738728 3.73595595953897 0 271
1.75428268997242 3.24263059590231 0 271
14.5668715128038 3.05697572899744 0 272
15.5512054128662 3.31373654534912 1 273
15.5547245218329 2.99945279085509 2 273
2.49496211028874 3.24518407521549 0 274
10.5961867597434 3.06093436833213 0 277
0.0746531518726998 3.10450195043116 0 277
13.9555105936172 3.08950964207548 0 277
3.45024572089416 3.06166145604315 0 278
0.00348248230357792 3.00101186913857 0 278
10.4251048267172 4.05210266097913 0 280
15.2725920752323 2.99552458561802 0 280
3.70046380333324 3.48723278715611 0 281
0.675418338241403 3.05496352693464 0 282
1.07364239813502 3.0282625912229 0 283
3.70765930831898 3.08325814211729 0 284
13.0810428010371 3.38630683750002 0 284
7.87450670897276 3.09429189650425 0 285
15.0954367581599 3.12722022583309 0 286
15.3530070042801 3.20988496581701 2 286
0.0534082147068769 3.71513270957994 0 287
8.819690033213 3.26472351853789 0 288
12.8391983999057 3.15846222978052 0 289
0.0292150433951747 3.45585667840472 0 290
10.4942658217454 3.04874425922431 0 290
0.0146332287408521 3.28531725751591 0 291
12.1637658640468 3.12954091712293 0 291
14.0529077986773 3.45054361782137 0 291
0.145962559372677 3.04513365419647 0 292
0.100229883163577 3.0464786689231 0 292
0.489835167796814 3.4402030657204 0 294
3.05967385476554 3.6759074017691 0 294
0.188151093654159 3.42997402650147 0 295
15.8056147548779 3.92654310506691 0 295
15.9267907998844 3.00761765358793 2 295
0.208267734397428 3.17028151966284 0 296
0.159106228726397 3.09740186293643 0 296
5.27824763717123 3.1109848831615 0 296
12.4550365031072 3.00315022052185 0 296
13.957809105838 3.03458179730085 0 296
0.0314101306638104 4.10125672626993 0 300
1.70878995919749 3.04894339268928 0 300
9.03360557160805 3.04990930499308 0 300
1.66629426001232 3.017401311283 0 300
6.35702393153694 3.26012748490338 0 300
7.80655982207329 3.34105081077311 0 300
0.150326826213559 3.22866668935332 0 302
10.1987689224714 3.10376572613071 0 303
1.15111588678796 3.075628243614 0 304
0.0191036906196587 3.18919553920984 0 305
0.313335595011251 3.15691191332194 0 305
0.339621821228279 3.05369519684594 0 306
8.63271597471808 3.01013314824709 0 308
0.0560445173541355 3.17006925391528 0 310
0.579532003088606 3.39423093127109 0 310
0.00988630806359771 3.3142277737803 0 311
12.7942266639718 3.18880854818314 0 311
10.4433045171602 3.1037837345204 0 311
0.00907128078975492 3.30024727260593 0 313
0.109781646154013 3.41185154874045 0 313
2.30069952866359 3.29711308599393 0 313
0.957820837010598 5.07539922037078 0 313
14.0328750899649 4.32652754134922 0 313
13.3875354677594 3.1859784832849 0 315
0.590775322110456 3.67047089369111 0 315
14.1522975210014 3.24982139977722 0 315
0.0497373717706313 3.47658178247334 0 316
10.9207601753152 3.06206736026993 0 316
0.0552128170643349 3.17871199285134 0 317
4.24555532190314 4.08666748571855 0 317
0.150656056513859 3.01012933637151 0 319
13.6843273003137 3.37790676670723 0 320
15.2531459920365 3.63643247474451 0 320
12.5260187632297 3.20511980308995 0 322
1.1430979753997 3.59207955449991 0 326
0.329250133545288 3.48662512996088 0 328
0.279002652253626 3.0610873707205 0 331
9.68745964430597 3.03790404223525 0 333
15.80228530251 3.35625894600211 0 334
15.210067655807 3.14440828408001 1 334
15.9077901308697 3.35204946514501 2 334
15.9295150443859 3.07005324945012 2 334
1.53740326636151 3.65751962194425 0 335
2.57927675148372 4.02628845047293 0 335
8.43133029788988 3.14803513826609 0 337
14.2381728260832 4.30821764103246 0 340
14.2723285577535 3.14334288890067 2 340
0.83766058639796 3.02414825876536 0 341
1.43542684826962 3.5079686360902 0 342
10.2357919718456 3.00522190051501 0 342
13.9514292686776 4.0740061308239 0 343
0.428672001556106 3.24989400564361 0 344
0.196746646982028 3.54088516760764 0 345
15.890809465814 3.14900533499639 1 345
15.894849195224 3.48377660692524 2 345
6.42618186803088 3.46345708471828 0 347
0.0388950849218625 3.32960090780092 0 348
2.60581790713397 3.27831232716312 0 348
0.258158304717602 3.37154958395951 0 351
4.5993676740343 3.10353336937083 0 352
0.391943568514036 2.99479818669208 0 353
0.969831960612409 3.03950986414233 0 353
11.9784395023506 3.36866577068911 0 354
0.00552816864804983 3.46089289192134 0 355
0.171366154522052 3.04850594004103 0 355
2.16807081793605 3.18666227736199 0 356
0.447488364829586 3.64477984280141 0 357
4.7422658363109 3.12063881986143 0 359
0.890955674584376 3.31656660432856 0 360
13.8066714223171 3.29128929754361 0 361
3.55562425738879 4.49159955231948 0 362
5.74511970013058 3.12363080045415 0 362
0.0573040395826194 3.31941421865656 0 364
0.345166562060528 3.33466329663486 0 365
0.0229792365691668 3.04061705140729 0 365
7.46165406723227 3.07639827959099 0 365
3.36757913507601 3.4178545211212 0 367
0.0160417360009814 3.70789845638581 0 368
0.00139277474559045 3.06714980417367 0 369
0.0173304907773414 3.06635492682003 0 370
15.2625774363419 3.23034563222688 0 370
15.2917118626341 3.618134788661 2 370
0.221257812805195 3.04523081980852 0 371
0.092164219944392 3.57948276695792 0 371
0.0470167468122124 3.23692199670212 0 373
1.85496729319907 3.58185840805815 0 374
4.31502257168174 3.56780500958968 0 374
2.12675581063505 3.14280004415471 0 374
14.7799638342519 3.24583556275092 0 374
14.8056506957929 3.112572647291 2 374
0.0171028105249282 3.67369780573946 0 375
2.37244168689137 3.50006500709865 0 375
2.14118738639847 3.41075333750841 0 376
14.1723780349896 3.03958805313518 0 376
10.1191745165327 3.65998024097592 0 377
0.15452520900488 3.10273129878521 0 379
0.182372852673621 3.0549053505744 0 379
0.184041378432461 3.08917266335994 0 379
2.4198542984506 3.60220582583363 0 380
15.3725808821292 3.08091794580337 0 380
1.09496753671416 3.00720988298318 0 381
0.374686948324311 3.42665492101523 0 382
0.0152228865676191 3.18833720772055 0 383
0.0136247946114991 3.07259817701774 0 383
0.0510379200865703 3.00610641220241 0 383
3.11722082160415 3.57360543279311 0 383
15.0494394228509 3.20141394561437 0 383
4.80904672862398 3.16830987899064 0 384
5.6163997302726 4.42153077036642 0 388
0.00774613434436858 3.059787881552 0 389
1.504594268189 3.19786487168194 0 390
4.87252219170364 3.18008660283355 0 390
10.3764233712181 4.17269271160123 0 390
0.0713669043400823 3.65972099542032 0 391
8.25243682672119 3.45545471330853 0 392
0.0723468072707963 3.11961706983254 0 393
3.57197941254375 3.03003983376825 0 393
15.9085502467674 3.12103762907601 1 393
0.304313399021715 3.15312567597568 0 394
7.34683714570729 3.2993299317612 0 395
15.9885507090107 3.18693250606301 1 395
15.8400976643056 3.85478003665091 1 395
15.9743188151522 3.10072112566016 2 395
0.0556714886630304 3.40242550719554 0 396
15.7670658961028 3.03216390373303 1 396
0.0451326088092533 3.33783910425576 0 397
10.0866950117501 2.99566412178091 0 399
0.0480210933610377 3.69017041843723 0 401
7.41336501245544 3.32366640068743 0 401
15.4332690897022 3.26589247967686 1 401
14.7937234623913 2.99897331644251 0 403
0.0100834965297843 3.67334595865916 0 406
0.173157652024671 3.37860856339126 0 406
11.1255051474319 3.309182042699 0 407
0.164455395851663 3.33760889855778 0 408
14.4008019202616 3.52459446279381 0 408
0.77959618544469 3.04308617711848 0 409
12.4135808047076 3.04906548483343 0 411
3.10546446589356 3.1265013320439 0 412
11.3760534279093 3.16891449959083 0 413
15.5195155168508 3.45355674465734 1 413
15.6683854370947 3.08811851701437 2 413
2.74871345687526 3.11819798882075 0 414
0.0771325727768547 3.28266373804072 0 415
14.996209258384 3.1432328022006 0 415
0.114083450476384 3.66947520922973 0 416
5.58805716548595 3.52588141446815 0 416
1.82739796704861 3.00454301181746 0 417
0.0328596406335189 3.16429368392116 0 420
15.7409618554261 3.84658770598102 1 421
15.7930603527433 3.09867555379381 2 421
0.445821102493795 3.14298005503761 0 422
0.00446027427225872 3.33792213110916 0 422
0.48164805412138 3.41059770540617 0 422
0.0584740377800454 3.19245967170907 0 424
0.198229520260884 3.29307586705393 0 424
0.0165470415536434 3.01314708690776 0 424
0.31487819163917 3.03899905706219 0 424
0.447082033591197 3.06968737761802 0 424
4.59989707410981 3.09150806018847 0 424
1.69455340515616 3.19961189843174 0 425
11.9541099719582 3.15803717243362 0 425
0.0189337319918639 3.25707595157798 0 426
0.0509270354594707 3.44299170427997 0 427
0.410578402861455 3.56526448451006 0 428
0.108753865504126 3.07791569897228 0 430
15.5830474468221 3.05699976615732 0 431
14.6939164689084 3.20352248761546 0 431
14.7496747741722 3.88685400360123 2 431
14.9621696124473 3.39387036871735 3 431
0.877896889479301 3.30733385555043 0 432
0.884740386845862 3.19587851301985 0 433
0.0517505305568867 3.09116900720971 0 434
12.1053662442724 3.11787013621148 0 435
14.8694702839111 3.84999116650794 0 435
15.0053823836706 3.03078834027807 2 435
7.52972784418774 3.48511454596437 0 436
0.0481938473881632 3.06269228949156 0 437
0.132643534695183 3.9034431845618 0 437
0.549420047055983 4.01670519129388 0 437
13.2717642060496 3.65545238144764 0 439
14.7229315967405 3.01019586021493 0 439
0.395326431049662 3.18436544996817 0 441
0.00328971627364256 3.113653929219 0 441
0.0844437156327289 4.00897115444208 0 441
3.71737433818962 3.40964061649681 0 441
0.86684508431556 3.11199318605154 0 442
10.0445353745453 3.8585473841383 0 442
15.955092471513 3.02338439790987 0 442
1.43092178720445 3.14002752409153 0 443
13.9492454370272 3.87901008093542 0 444
15.1113107862506 3.75075096490038 1 444
0.2020487922527 3.07077949174449 0 445
15.215162419691 3.44630436151389 0 446
4.26870958609035 3.06219185069961 0 446
0.0802474974583861 3.37813252731401 0 447
13.4095353436434 3.54895505904187 0 448
15.3431807750926 3.31642205645054 1 448
0.0447625748931684 3.82322146631213 0 449
0.0209319004692858 3.47925274225954 0 450
0.107917934550708 3.06817518096579 0 450
5.64608482586061 3.0632494939815 0 450
4.41200576092508 3.35969908800797 0 451
6.36182873237418 2.9903166658731 0 452
11.3382468103125 3.29566330716264 0 455
0.062170747513479 3.27032802503851 0 459
3.62078162818417 4.24714272290295 0 459
14.7161505955984 4.46143732057022 0 459
5.1114033185443 3.59715466051526 0 462
12.1352843389388 2.99156911709502 0 462
1.01270413558408 3.06890027291182 0 463
0.0407397119277011 3.13410989153083 0 464
12.6968659616448 3.14218136306561 0 464
0.120579113802175 3.10859963103269 0 464
13.0534122242713 3.03831989406877 0 465
15.4763066080954 3.02105454397583 1 465
0.165717925072475 3.09675886714322 0 466
0.0232116083805767 3.46182810724636 0 467
1.27877614240889 3.34348979811827 0 467
0.0916449028460706 3.17757074860089 0 468
13.905725931247 3.62375711571459 0 468
0.0608881626441335 3.18341921142356 0 469
7.34523344956943 3.07255823101021 0 469
14.2957444120404 3.54591271583268 0 472
0.160647910236949 3.29839911878322 0 473
10.3635439520781 3.04525040297281 0 473
6.36452090959733 3.19751060677599 0 475
8.22501866459828 3.25961638015451 0 475
0.04182066410037 3.09935353902079 0 476
12.7534089484238 3.07544733354782 0 476
15.3230922890634 3.26035991433145 0 476
15.3237940087655 3.04496838576178 2 476
14.1809682860279 3.067209378857 0 477
0.076511794766072 3.08448518054779 0 478
0.328044795574146 3.45547594562955 0 478
0.223126762042693 3.37847452590838 0 478
3.47991105833112 3.52592783012989 0 478
15.3136418714743 4.02044636484384 1 479
15.3997198622217 3.25859676181657 2 479
4.60299301283598 3.54426667027977 0 480
3.48764874806764 3.01604706947514 0 481
0.120977997758217 3.2335328700546 0 482
0.0326742582706958 3.68543529959979 0 482
0.717429894063403 3.46101100364169 0 483
0.000852208876332228 3.00746713660029 0 483
10.4139919984125 3.18431191105381 0 483
13.9369407058686 3.11086185648169 0 483
0.0249229063329435 3.71258371216654 0 484
2.13583653636219 3.3381379727525 0 484
12.4589860273397 3.32564720418555 0 485
15.2844485842247 3.079600505191 1 485
15.2878921296938 3.37865347030012 2 485
14.6962174174241 3.19394821125043 0 486
0.0339829282409008 3.25288391953897 0 487
0.139438207623836 3.21095252709761 0 488
0.868439895250699 3.15065678546381 0 488
0.00221029951864663 3.10112326845929 0 489
15.3064441747587 3.47643297486059 1 489
12.8752068259336 4.00770727032701 0 491
15.4698266134687 3.54134059345388 1 492
0.183854860011234 4.12061140038312 0 493
0.264262144403599 3.20054634801922 0 494
0.0511414397194778 3.05274628913399 0 494
2.2342497141795 3.0380647857681 0 495
7.45660965871871 3.44660089696439 0 496
16.0134127579253 3.36872613591218 1 496
15.7040967959069 3.19894860551919 1 496
0.0901923496190991 4.54299409861092 0 497
5.96672651047876 3.06043531847143 0 497
7.90393284651467 3.55631003064508 0 497
0.000234653142407354 3.42622965871425 0 498
3.3836405161516 3.23294775122575 0 498
0.688293190809636 3.04162094985342 0 498
0.154315538793554 3.59131243060699 0 499
14.0877004229364 3.50071825252359 0 500
10.3952183933319 3.24415409617579 0 500
1.23947646101067 3.02089622868685 0 503
7.33470646699494 3.80641290786147 0 505
0.385953390917885 3.28652275196107 0 506
14.1250872616891 3.44036347796383 0 507
15.2240880575586 3.04534056359854 1 507
0.162061226754889 3.15144574582818 0 508
0.106667884227314 3.63440937829737 0 511
0.0226898353251163 3.10562286839421 0 512
0.0429163584806231 3.82951498182352 0 515
13.5237706578046 3.86164371105048 0 515
12.9460571631687 3.36826323761501 0 516
0.00116410890790522 3.226634742844 0 518
1.02443594464765 3.11921164066394 0 519
0.00517847935531373 3.00470386456826 0 520
10.822533291805 3.83768583142003 0 521
3.70153887012038 3.36171941593553 0 523
0.104173937882554 3.26091627755374 0 524
15.6748640764341 3.14146605183713 0 524
0.119586036093574 3.12691926568374 0 525
0.0899917710267496 3.18729963669071 0 525
0.0574236732552153 3.58789004280534 0 526
0.101745677608696 3.10261001929501 0 526
2.68602745110635 3.39116427876662 0 526
0.109443879561434 3.03886338685137 0 528
3.57840875548885 3.22732732972336 0 528
0.0258415142959727 3.0271200029633 0 529
0.00752688352211849 3.04832001699782 0 529
13.803247056961 3.17614939991533 0 529
12.8622560028957 3.1582540349844 0 531
1.45886445000049 3.03825828560502 0 533
0.721136099140089 3.32302466809607 0 534
12.9923888479703 3.19548247024589 0 535
0.179368316734051 3.04565364118464 0 537
0.0703953014658703 3.35365173617594 0 538
0.0812104576041176 3.28679238397758 0 538
14.2379926548747 3.00444638222997 0 538
0.101267877879343 3.13426062139803 0 540
7.72288045531057 3.11661079262138 0 540
0.687072813566457 3.04537666369258 0 541
0.0373944022761104 3.63291040988034 0 543
0.543063211339098 3.07855281049524 0 543
10.1277882592228 3.08626268726616 0 543
2.64615353490729 3.30535217618793 0 544
0.145688147044398 4.62916109099653 0 547
0.7207334007754 3.4887949388637 0 548
4.30709515702066 3.00857251011639 0 550
15.2839949484073 3.13548498532713 1 553
11.5530842285561 3.32078881150283 0 555
15.5121662348133 3.13745207002966 1 555
0.789037879167603 3.09432645330768 0 557
1.82874229529648 3.05133822383609 0 558
2.26396337371854 3.13781036324333 0 558
13.3482212266632 3.38644541036957 0 558
0.140884053278643 3.05335859333701 0 559
15.4379347792451 2.99350533910575 1 559
0.445479970511519 3.70703419546736 0 560
0.204134318681312 3.73423179465282 0 562
0.076359122416985 3.23589335172437 0 562
3.42492042277737 3.38531513632081 0 562
13.3706466336278 3.29335695993192 0 563
14.7323743492575 3.3549347720609 0 563
0.224259572553981 3.09331518675279 0 564
2.12618782475716 3.36323464651572 0 566
14.6967045617187 3.64527504337297 0 566
0.381065418133224 3.0084588178088 0 570
0.00830421902859919 4.00189014933884 0 572
0.0428086838967497 3.0200368509724 0 574
5.59824584947158 3.22425710487666 0 575
13.9838784930229 3.15417894182264 0 575
2.14399010020019 3.27891848665859 0 579
0.0644116944865063 3.19692007195682 0 580
0.0734092929323041 3.84858668722482 0 580
0.0903562617628445 3.50065395227041 0 580
0.160191436786284 3.01128709529964 0 581
12.9399300818916 3.62425492358081 0 582
14.3325415255905 2.99947975769229 0 583
0.0115964821366206 3.02957853923141 0 584
14.7006011531099 3.48065264578942 0 586
10.5400578273816 3.16125588889563 0 587
7.99433903239302 3.20300549192682 0 588
0.0933036044534363 3.30865747810002 0 589
0.0042370722417172 3.72133086883754 0 590
0.0642138281885112 3.17799506141762 0 591
15.0000380027482 4.2442870475303 0 591
15.0795408598689 3.07488718101279 2 591
15.3166681264077 3.35462910811689 2 591
0.0844151572436105 3.03280793804549 0 595
5.09880309650276 2.9911113800999 0 595
15.8994903451853 3.21785679604977 1 595
13.9373268963656 3.13243758573579 0 596
0.430776827526167 3.48441972810245 0 597
14.6998148315036 3.07389401021879 0 597
0.307775658974494 3.05562986325626 0 598
8.13759428136453 3.45313898121068 0 602
0.71063894222538 3.85985500996872 0 604
11.0464641683429 3.0096090270099 0 604
0.124902957799751 3.11107698918922 0 605
0.000364907603987588 3.01511182561588 0 606
0.0582329550655889 3.48175340051434 0 606
0.967266972246315 3.49106445460354 0 606
9.33177462995197 3.09282614791746 0 608
10.5468818362013 3.92725047870978 0 608
0.774177770611846 3.37082781729383 0 610
0.0107235346076362 3.10575849546046 0 610
1.71279151256418 3.22780363361941 0 610
0.0632508775886068 3.38155564283141 0 612
9.67024693712185 3.31633314088662 0 612
5.20273531033104 3.34626389496706 0 612
2.48922841187573 3.42329719387867 0 615
0.0514559320203394 3.02389566018604 0 615
10.4416379228735 3.20358159526745 0 615
0.0213197141309272 3.01028057303908 0 616
0.624872103711082 3.21086717803719 0 616
7.49515196234306 3.19856964693534 0 616
0.0762865458058858 3.39885156546889 0 617
10.4122477607684 3.93383997695937 0 617
10.3695073188877 3.26559972708266 0 617
12.9706198306045 4.46347538046625 0 618
0.594846311764745 3.06759205122578 0 621
0.0801219450651384 3.08624368915137 0 621
14.6037454083651 3.05690372351405 0 621
0.0217059520468146 3.00949896535 0 622
1.30556280298626 3.29315558721741 0 622
0.077038399117866 3.10408467694644 0 623
2.20902628863444 3.23561905045343 0 623
0.139028841203862 3.34261530935739 0 624
10.3192601956077 2.99075356071946 0 624
10.1589356581856 3.11199305820636 0 624
0.133485325278498 3.01447654836904 0 625
0.0611035878063064 3.28809051011812 0 626
3.10703000090634 3.15625029336791 0 626
0.0364970052140254 3.31144159980641 0 627
3.82813865691708 3.73603954808471 0 629
15.4823893491734 3.13898251957555 1 630
15.8844020931386 3.21913322126994 0 631
2.24705101582075 3.00179093641633 0 631
0.267844079604287 3.5276230490052 0 634
0.01677062234755 3.76226453529249 0 635
13.17308631439 3.0549021420508 0 635
14.7013307123751 3.0404780070853 0 636
3.55452881049117 3.14177511892809 0 637
0.0100096540387568 3.65141767385899 0 638
0.0101161172962664 3.50860333881022 0 639
9.40667869379623 3.01670096340696 0 640
0.576283328315917 3.34554383668165 0 640
11.016870130953 3.32194101299685 0 640
3.22517688861803 3.14768975306963 0 641
0.691854940002748 3.01940542245571 0 643
10.8210392144948 3.06702242786228 0 644
2.18845995583573 3.18859159996953 0 645
0.428020206228239 3.18937391288378 0 646
0.065376086552964 3.05554752897497 0 646
15.7251791576013 3.26611881866537 1 646
15.5020832227633 3.55937830081273 1 649
0.0497840026335814 3.10443214485811 0 653
0.0382071850159288 3.38560335477932 0 654
4.03849506548953 3.42992325121038 0 654
3.38237000789638 3.09679466812487 0 654
0.43399784520655 3.35136609794198 0 657
0.0509181403111833 3.61299771228692 0 657
4.70216142572053 3.56006395507913 0 657
13.3512907442598 3.26057980506764 0 657
0.388540027460576 3.30514687884894 0 659
0.295469219346445 3.08192444031068 0 659
8.72011919219264 3.10004806109165 0 659
0.350442478980346 3.70522855084785 0 660
2.2542531142016 3.23574371418816 0 661
0.0129206319753971 3.01918577010791 0 663
0.301616030019747 3.14257998845547 0 664
9.02647223976743 3.20957679137484 0 665
0.0402233821957408 3.09401243700743 0 665
0.38252495306223 3.39593529700471 0 666
0.401538446078023 3.56046700114526 0 666
7.86007594975792 3.38749284418978 0 667
0.133987435502228 3.32554692271298 0 667
15.9128955247902 3.23242550511576 1 668
10.4305033072891 3.44232142232717 0 669
8.88905452300249 3.16005301383951 0 671
15.5179530127529 3.53951699020238 1 671
14.2324946506728 3.22929556030633 0 672
0.0450884256247795 3.31362242849135 0 673
0.0634957328966778 3.36365223386951 0 674
10.6823961782309 3.34483301887055 0 679
0.0428751859949748 3.94105390301154 0 680
0.6552606278692 3.69425747392612 0 680
3.00209495942444 3.15551738499124 0 680
14.35091980355 3.62698920009077 0 683
0.145777792276701 3.15415319237832 0 686
0.154025372270728 3.75775480288138 0 686
2.2034039656062 3.13091269085454 0 686
2.50760908172067 4.03108547515262 0 687
0.0585959817365349 3.09088191150882 0 688
0.0396776252175145 3.27145449014232 0 689
1.08128189551828 3.12825613551308 0 690
12.8616704896657 3.52778231344365 0 690
14.9598711728737 3.37115870849531 0 690
15.141158814674 3.41515751898765 2 690
0.238334985231249 3.19119028200927 0 692
2.52435382346447 3.53636173612694 0 693
10.2134952994479 4.05274592906157 0 693
14.7155806472782 3.24889600055882 0 693
0.0154103507408767 3.43733980325967 0 694
10.4286903126457 4.06316499312492 0 695
3.96241903352096 3.01591183734798 0 696
0.0312279039882696 3.22962878411087 0 697
14.2052593841496 3.17235530660184 0 697
0.88936364453183 3.76882669101431 0 698
14.1835732372507 3.26674457513901 0 699
0.371933005700901 3.45622544458781 0 700
0.081316486848994 3.04568947147365 0 700
8.18640920455434 3.11336747437131 0 700
15.3136773194742 3.16183051788436 1 700
0.0311807089640316 3.06372350633893 0 702
1.27151510387363 3.41881450544249 0 702
2.4401104518605 3.04833693051915 0 703
15.4391732883264 3.01649266343318 1 703
8.41086749955827 4.47168554407318 0 704
14.2817821690073 3.05979779470817 0 704
0.914815443354838 3.66300074002791 0 706
0.779904758087106 3.2998405955351 0 710
0.533778305904738 3.80788279794465 0 713
10.162637828867 3.68203411497529 0 713
0.0491266562645199 3.76499397877716 0 714
3.75540977127439 4.52845286185033 0 714
6.53374455063682 3.197479154883 0 714
0.109468962358538 3.07037134368996 0 715
2.19028518282596 3.33774291519967 0 715
7.77084534112458 3.03284224641973 0 717
0.0697883052835161 3.00611383467091 0 717
15.2858407908778 3.16347795849257 0 718
0.501092397349821 3.11343620233877 0 719
0.885770780832249 3.08142687738958 0 721
0.0224410535543825 3.45550885632997 0 722
0.00346494902675173 3.69306053522957 0 722
2.19964110317781 3.0172420619488 0 722
15.3766253973913 3.38959662468187 1 723
10.0264370064479 3.20396800795364 0 727
11.6557093944368 3.5105885545843 0 728
0.174845918935363 3.28961236068141 0 729
15.7612452527132 3.84055620877877 1 729
10.7014754797651 3.28858274513425 0 730
0.274139884532761 3.33014325599146 0 733
0.00101667592678718 3.01899109434406 0 734
1.61313717403088 3.74425499236417 0 735
8.42297491388038 3.04752637646987 0 735
0.0385706128201229 3.03800593884323 0 737
15.5963266751819 3.15759545397096 1 737
15.6918538052993 3.07433402857614 2 737
13.0463970392404 3.35836495781248 0 739
10.5375792724389 3.4398506461908 0 740
10.4158046631129 3.18289888368578 0 741
0.0260651209109369 3.70156477593842 0 742
1.63767779261913 3.05952476465741 0 744
0.148184510128369 3.00411692452428 0 744
4.7654969161613 3.24907869014484 0 746
6.32464557617959 3.0408293041391 0 746
2.36903666898635 3.9133835999585 0 747
5.40759286631243 3.35086190490287 0 748
15.303311291351 3.15494937118713 0 748
2.90769360530579 3.23046167932915 0 749
10.0019804372579 3.42791756540804 0 749
1.04139202832881 3.23123948444793 0 750
8.28267704549124 3.19665999764751 0 750
14.160912519607 3.53480750150412 0 750
2.56293668539267 3.1405265507756 0 751
14.2821920446171 3.12660842502073 0 751
0.0135236389114094 3.01588655255819 0 752
0.001971531853047 3.09118160605377 0 754
2.09325490551459 3.16136776231662 0 754
14.512542938822 3.35278534766815 0 754
13.3576087444147 3.01426299720484 0 755
0.389729625006615 3.42609602744057 0 756
0.707080374486671 3.62022240701644 0 756
14.8496942045117 3.11817647000541 0 757
0.975676788658463 3.32695775458093 0 758
3.02603231510989 3.06728395441867 0 758
0.0813910001120461 3.02376230652053 0 758
2.12623649511029 3.35573451379771 0 758
0.0237843846928305 3.0136407564587 0 761
12.027057757611 3.85233322725264 0 762
8.1142152613395 3.46749751163164 0 763
0.0732887374939582 3.34387965458128 0 764
3.13969290182438 3.1866676653973 0 764
0.0322182837692861 3.19453913840594 0 765
1.3251855800324 3.07849891048569 0 766
0.60471380655523 3.12053537855895 0 767
0.16484976590417 3.20494037010788 0 768
11.1338415863262 3.24318975594229 0 769
12.3038208686144 3.99439333920978 0 770
14.7117445448268 3.06414476559735 0 771
0.0036713923155516 3.32196420754792 0 771
0.0104940100999189 2.99154416980536 0 772
0.125308305762489 3.00578647702228 0 773
2.5351165887637 3.50161775231383 0 773
3.44625701994546 3.2403878856676 0 773
4.87068113527267 3.01211118265869 0 773
0.0116559195140275 2.995111221409 0 774
0.100040403730851 3.33922922372572 0 774
0.000690804928369905 3.56080227936364 0 775
1.27142623632622 3.10173050704287 0 775
4.80483972541875 3.00195367616862 0 776
15.3012489650023 3.31016844262165 1 776
0.0643490107165839 3.00145926466269 0 777
10.6618281263858 3.25200777461632 0 777
15.1201312205844 3.37290838741513 1 779
0.120065955379837 3.04152184392334 0 783
13.1171099292311 3.05101344553805 0 783
8.98374984228919 3.51402087121734 0 785
5.30105893384681 3.12819211839557 0 786
4.97982965128857 3.25599422660256 0 786
15.8635868718006 4.07289921033094 1 786
4.2518648977298 3.59402620686129 0 787
0.264980751716497 3.27221687004788 0 789
0.058460735283638 3.03973899714464 0 789
0.448122878246969 3.35475427779334 0 790
0.0464836524675195 3.44200666011849 0 791
1.53093232884391 3.73403223823084 0 792
10.0336699902122 3.04723374475767 0 794
1.62944565849384 3.28073761380754 0 794
10.4113280982779 3.11440124322268 0 794
10.2723466704071 4.35650041348855 0 795
10.3752270824154 3.36834374764216 0 796
2.41319657248187 3.47019489140072 0 800
0.273627186098873 3.18140714819376 0 800
15.0680523316 3.19348516120321 1 800
10.594402562133 3.01596094710313 0 801
2.89696601838 3.03062678049483 0 803
5.05759008419342 4.09333270518555 0 805
15.6451720515356 3.09089337411343 1 805
15.6492975769159 3.00802484857303 2 805
0.645309307012852 3.16274048553248 0 806
11.0104699624958 3.36017107953681 0 806
0.25291483235346 3.32410813444969 0 807
6.35249655479621 3.18820737756498 0 807
5.99961886425907 3.60255547961922 0 807
15.0262382509277 3.2444855510899 1 808
0.121850081107058 3.79176710664847 0 809
8.16670118251664 3.11836943737951 0 809
2.16985656760735 2.99011122083992 0 810
10.7584287854159 3.32979679845949 0 813
1.23972543230789 3.72841971824397 0 816
0.765001231179555 3.11642417485827 0 818
15.2055879450958 4.36559313523136 1 818
15.4477551741372 3.52969125546568 2 818
15.6568716449114 3.12532290297783 2 818
15.3362118245582 3.37756205057683 2 818
14.2299127775925 3.06764965791196 0 820
15.1610251398847 4.06138644174605 1 820
7.8048199559281 3.16222039473767 0 823
10.9910736226799 3.36856742516018 0 823
4.58596915578167 3.37132205120681 0 826
2.16719202559505 3.95985868354644 0 826
10.0103560125908 3.34823816901893 0 826
0.129492859703423 3.02328233986562 0 827
0.0396303432765076 3.43608508860545 0 827
10.3845559361668 3.21300491440674 0 827
12.7425197172774 3.80545791696692 0 827
12.7952454441421 3.02332272718098 2 827
0.271627613333112 3.55945294019501 0 828
10.493655554451 3.08658367237625 0 828
0.0180146176625062 3.00612288273047 0 829
15.8138955423232 3.13052203136761 1 830
0.641182959176174 3.32682481005444 0 831
0.000610412406408477 2.99949620677904 0 831
1.30678896243187 4.08603740627402 0 834
10.4234484212924 3.05910780921685 0 834
14.7391883440256 3.84994674858044 0 837
4.72668191332106 3.15750428045787 0 838
14.316440179136 3.18062534955823 0 839
2.21806267114794 3.16370395226912 0 839
10.6102911188792 3.61409525124532 0 839
10.505925741279 3.60490884609989 0 840
12.1723059047749 3.29750265871496 0 840
0.100658001326172 3.00380398454361 0 841
0.197339739178481 3.70219818679428 0 842
0.151767110906927 3.04696034794607 0 843
1.12513138610746 3.51372388868821 0 843
2.06159022814054 4.39903871367691 0 843
2.65388323782034 4.04518601307059 0 844
0.0302500446068567 3.46231968075174 0 844
0.207355828376536 3.05364992577624 0 845
15.371233132118 4.0634237235 1 845
0.0897153340810685 3.01179048374093 0 847
0.935322614981924 3.425986577719 0 848
14.4002045272349 3.12202789910989 0 848
0.0126927082884675 3.32618928395138 0 849
0.0555600630984803 3.0507600142859 0 849
4.78906189957651 3.2477694828716 0 849
0.0933028679780899 3.2805340133611 0 850
2.1365800884538 3.66680699211886 0 850
12.859122535232 3.11048360944663 0 850
0.0411537387445139 3.36309802409399 0 851
0.050390145604825 3.26603928293311 0 852
5.0431085558232 2.9915440245418 0 852
8.44070043026752 3.19361791782436 0 852
15.8750309361235 3.14368497029185 1 852
12.8553559317627 4.5869525114688 0 855
0.878732331340419 3.19635139224129 0 856
0.215908975037161 3.26223470976119 0 856
0.423835634365163 2.99908218521131 0 858
0.45291758433529 3.12558581214403 0 858
5.20415085656422 3.35548590828259 0 858
14.2235550547368 3.30926650195876 0 859
0.0215190296596076 3.87028151525085 0 861
0.475339955996737 3.06623828499181 0 863
0.655464317007572 3.01031118922538 0 866
2.48421437047648 3.60025081231516 0 867
0.734595501278271 3.13044384301533 0 867
10.7827333279052 3.86441623050773 0 868
4.88143834840298 3.68603007551111 0 868
3.39108156287382 3.58249233209589 0 869
7.46471589167043 3.33587178319162 0 869
8.14067854324736 3.39430714904392 0 872
7.57214647519466 3.19094566438859 0 872
12.7161470531074 3.87090307660375 0 872
0.0834654034745465 3.76460018813411 0 873
0.230511602362846 3.09641790822784 0 874
0.0404749257725213 3.00179908451509 0 874
1.54248373713601 3.53681728866275 0 874
2.14418497422227 3.19970277640498 0 875
15.1548892021209 3.21040343208527 0 875
0.189321885464937 3.24151862988054 0 876
6.22963923103814 3.38635585679658 0 877
10.0626716069871 3.60498714331979 0 880
4.14360260733122 3.1390134677935 0 881
0.0393766442047185 3.32603295564147 0 883
0.0945742689360092 3.34382344990052 0 884
10.3870452403394 4.10630451416315 0 884
10.4142481323495 3.05257920611233 0 884
14.7416416957218 3.80219706933782 0 884
12.939977755277 3.82721869021874 0 886
0.388664656813202 3.12706862934187 0 888
6.21001546230951 3.14496682129075 0 889
2.0741316780339 3.13484636759672 0 890
0.246640306436463 3.546190108192 0 894
1.06589105232074 3.03559209698279 0 894
10.0012483299171 3.88041991538242 0 894
3.20974620433785 3.09278841167153 0 895
0.096929084098263 3.36813060327332 0 896
0.0836991641326521 3.39194456653323 0 896
0.54172631776962 3.02734957456091 0 897
15.4440103414563 3.38744379578453 0 898
4.50462127025724 3.11428447159852 0 899
8.11217044718995 3.2730958261589 0 899
0.00484372778930043 3.10108992727713 0 901
8.95006164057103 3.00423920420931 0 901
1.83246469150707 3.26823737010533 0 902
0.328205209816549 3.04261363741153 0 902
0.0621327007155568 3.02805205475464 0 902
11.4119356972893 4.01328193896697 0 903
11.9379087054536 3.087203138441 0 903
14.9142995075278 3.23282699274317 0 903
15.1070502334364 3.01598158338891 1 903
0.0514542932549666 3.00552368165592 0 904
0.584165297862422 3.04934549474341 0 904
6.46614274714782 3.00886494430853 0 904
0.0856486852806824 3.12861950809872 0 906
0.0660274082622213 3.13542844448352 0 907
2.9715762974887 3.19314308738609 0 907
0.131449394984919 3.87683964961805 0 909
0.0114671331719199 3.12257181255582 0 909
0.201453807193981 3.1988914293894 0 911
13.4166824278214 3.21436055417721 0 911
3.34231615574292 3.11918257051009 0 912
0.204555197683391 4.29129660289158 0 913
0.0254913768112845 3.00387697664049 0 913
14.2670372321059 2.99933101768232 0 913
0.345113504281687 3.1675699390075 0 915
0.808287958155003 3.19976767413817 0 916
0.391510664436628 3.181590430162 0 918
15.3410721746363 3.80649773491762 1 918
0.03565857018209 3.12549996845191 0 926
5.70827866246481 3.11726585326517 0 928
7.29153349887427 4.5754201663931 0 930
0.0658687367974562 3.09133965367545 0 931
0.450924951051188 3.20328862182839 0 931
1.29459330088075 3.10867539087781 0 931
7.35400161318396 3.11207252873526 0 932
0.726795518394661 3.17399717662016 0 932
15.3224333721768 3.19012618934551 1 932
1.11830204847713 3.06540414193445 0 933
0.160718727028531 3.31795002709943 0 934
0.1999667707276 3.15508381438337 0 935
0.784716918760057 3.24861162517871 0 935
0.944276387522873 3.19014901822316 0 935
3.15546015901749 3.07245003423357 0 936
0.0703655834158506 3.38929660523086 0 937
14.1713652314638 3.03200921350503 0 937
15.6540525808554 3.36441626540796 1 939
0.454805571419957 3.16695451824857 0 940
13.8323216373241 3.36638272213727 0 940
8.9324791296259 3.47274519024846 0 941
15.3393094394446 3.05757887463459 1 941
1.22086820891399 3.10949200247226 0 942
0.1129746408248 3.04850866646534 0 943
0.0932605252485973 3.06694465029523 0 943
1.72917826634798 3.01926625933494 0 943
1.79571243662341 3.12319796712209 0 945
0.297232510881865 3.33551679394118 0 945
0.0388720136212654 3.4231858815441 0 946
6.47238335864692 3.88776879622897 0 946
12.4138098303629 3.01688682239945 0 946
0.0446209408165063 3.22847689823731 0 948
2.14010352952091 3.24360163518097 0 948
0.618856046680756 3.14804935129396 0 950
10.183666503853 3.00686708992428 0 951
0.122670716136455 3.79172045528195 0 952
1.59571654954084 4.63363996925469 0 953
0.0784294710497685 3.44248454396359 0 953
0.833309481727702 3.0200533723669 0 953
0.0129240760133002 3.58561217313396 0 955
0.0672070004246709 3.0095320200673 0 956
2.13227085143414 3.11903953816078 0 956
0.0538531934705166 3.04791932843382 0 957
0.0703684456601995 3.15243008045165 0 957
0.0694865580477038 3.3031614639597 0 958
14.3241087611817 3.16395600275628 0 958
10.0361004104451 3.69045132702832 0 959
0.380588846564287 3.1049660808424 0 960
15.9760418500841 3.03327624994416 1 960
11.7662910031211 3.24057430002273 0 961
0.668572090212492 3.45768201648874 0 961
14.6926363228168 3.54830776103071 0 961
5.53638147397527 3.80990197102836 0 963
0.0379806556108356 3.02147028462214 0 965
5.3043213503724 3.69710481638599 0 965
8.6988518127224 3.10909408237817 0 967
0.0130707611788348 3.14378160106716 0 968
2.13171508239341 4.24137801683853 0 968
0.0645052694237278 3.25808076743218 0 969
2.1417131264344 3.13161333009708 0 969
0.0185697862500042 3.08255478318104 0 970
11.2276160333188 3.27023219408401 0 970
1.0926598999247 3.1207234645342 0 970
7.86288133265434 3.14376135787513 0 970
6.45158769392983 3.20899755357018 0 970
13.8945045152678 3.00283239339376 0 970
14.1547968353707 2.99721376293624 0 970
0.00363525364232014 3.28578731975589 0 971
0.266160335518636 3.02559004799355 0 971
2.20019502241751 3.45638719530653 0 971
12.9472130568692 3.67333174992277 0 971
14.7839385384531 3.0570534951337 0 971
3.05455790375109 3.43552696637313 0 972
10.4768011989534 3.22294514374802 0 972
1.56612997903173 3.15996931516692 0 973
0.0330626815723303 3.07143827415241 0 973
10.9375448122751 3.0444951847312 0 973
0.432960368309749 3.03976981362611 0 974
2.32076732312339 3.09605176319477 0 974
9.51175618866256 3.0766111750762 0 977
10.4008795337587 3.2805418008689 0 977
0.0388993330675897 3.37583876968698 0 978
12.4219302174809 3.35671616296222 0 978
13.9580673337309 3.2915515477456 0 978
0.444933181669161 3.36256703275302 0 979
4.5485928474617 4.0379292897591 0 979
10.9434266057759 2.99773640023973 0 979
15.4914622413084 3.86660885927628 1 979
15.5190381253862 3.46644575029611 2 979
9.9256501138869 3.27420719716992 0 980
0.47347946472582 3.2273842389148 0 980
15.6585483401172 3.35701953438953 1 981
0.624575298700826 3.56569927073793 0 982
0.798219193240116 3.34300138043868 0 982
7.09683969552096 3.24684516820435 0 982
0.178497152221925 3.15714956977491 0 984
2.54358242496059 3.0037954841403 0 986
15.1980758706663 3.44752547161741 1 986
0.427360749770745 3.58095246733908 0 987
0.911867497118137 3.32195062781246 0 987
12.860622955454 3.22963534385337 0 989
11.7861099324179 3.02627243784981 0 990
0.0686429654957783 3.27390228624458 0 991
0.246091780727932 3.28231792006243 0 991
0.499803697777479 3.29243584871977 0 991
4.25537882272794 3.0330291712082 0 991
15.2741196729798 3.07347333818606 1 993
0.0179371894446141 3.34769656763078 0 995
8.79200387009963 3.4784757362404 0 995
10.6282196195202 3.43957974688246 0 996
0.0358465252676365 3.22523706862666 0 997
4.2478136843901 3.24483641460694 0 997
5.62195005038212 3.72275663910826 0 997
1.64647561340458 3.26621210572163 0 998
8.56052495670586 3.17679646222173 0 998
3.89122611416191 3.39619285596846 0 999
10.5240337228345 3.36715984015477 0 999
0.605268628011231 3.26977507891927 0 1000
1.97614344049891 3.19572398113835 0 1000
