"ts" "magnitudes" "gen" "cat.idx"
109.140749313543 3.14173672177292 0 1
68.0343801289281 3.05851035700805 0 1
83.8791234838777 3.10894256162756 0 1
87.8278194778722 3.08123383063932 0 1
67.4775447853617 3.20943130200025 0 2
67.5942545704021 3.24071763479738 0 2
67.252955494723 3.12549902432586 0 3
80.4378376102741 3.20933301159676 0 3
68.6873949606946 3.29563538614528 0 3
114.100483481287 3.0020423424253 1 3
113.99047765227 2.99919729941233 1 3
67.3001319691986 3.91154246819895 0 4
73.4490912167014 3.00375812614627 0 4
113.83505260826 3.08673647344609 1 4
67.7739388554981 3.11473693755996 0 5
112.52257142703 3.03357875732263 0 5
67.3108633783382 3.18706147292715 0 6
63.8749395674306 3.01596462667531 0 7
63.756207005793 3.03604176217014 0 7
67.3541250713467 3.04284745957201 0 7
95.4602984946483 3.24609050067252 0 7
112.378415197803 3.32781071644699 0 7
0.164432434247421 3.48186530240219 0 8
112.734708339958 3.14065060083744 0 8
112.684172025807 3.1072518251132 0 9
113.011346622708 3.9619227417753 0 9
67.5338884500144 3.13287539189314 0 10
68.0678686126985 3.06949481380317 0 11
112.280683707221 3.01153628263709 0 13
3.14916218655394 3.06379499653455 0 14
63.8544516523321 3.18001455352076 0 14
70.4255519840681 3.1264817476983 0 16
114.06327788134 4.22987238120104 1 16
114.071398707546 3.36867532487152 2 16
114.082185798997 3.36229871347271 2 16
113.074224605775 2.99115348274796 0 19
78.0329957062434 3.20534400164891 0 21
22.5565059937651 3.80762160676435 0 22
114.07711502931 3.80575606229235 1 22
114.090513506769 3.29427502394796 2 22
73.5815637999103 3.74448905303799 0 23
110.314732438418 3.00130564953781 0 24
112.589574049782 3.09954468649958 0 24
63.7425589523095 3.74871722295943 0 25
113.447183409454 3.09373763522512 1 25
107.314637524002 3.52471017929319 0 26
66.9070451896137 3.01724618288828 0 27
67.4242171144242 3.11396444229467 0 27
112.185683168784 3.16262837474043 0 27
112.635369623124 2.99688662504464 0 28
110.746758360935 4.74014805656185 0 30
110.814354712632 3.53551388128117 2 30
114.018725314841 3.08274948895355 2 30
112.63408177949 3.39907915872185 0 31
112.705083348824 3.46168568241226 2 31
64.6424015789016 3.088776637585 0 33
68.1120958836391 3.04463711210226 0 33
112.82049899493 2.99177849352015 0 33
112.598121029096 3.30101905909062 0 33
114.225858356784 3.04795170691333 1 33
97.656301712644 3.21355700465712 0 34
112.58658452886 3.29454443359005 0 34
1.00226638238016 3.16647174428691 0 35
67.4486825915705 3.18179428418798 0 35
67.2667326904473 3.32107096001483 0 36
113.051500508828 3.48738916363704 0 36
79.0302839928627 3.11602744162025 0 37
113.81970933753 3.04945330386456 1 39
113.859748804781 3.05283584664549 2 39
78.5869357802118 3.04013265612359 0 40
63.7918974158196 3.68691075332568 0 40
114.20919438403 3.5681937601044 1 43
22.5592048214575 3.12028411099625 0 44
65.4819083408454 3.67180924241271 0 44
112.551887622374 3.14878506313346 0 45
114.194565974389 3.47785216573841 1 46
86.5439485121527 3.08206265709346 0 47
112.254822073829 3.1625977311512 0 47
112.649217071286 3.02228803949081 0 47
97.4157556351906 3.03798210732149 0 48
67.2571861875034 3.23356882109112 0 49
107.836445064169 3.32874972364976 0 52
67.306670857078 3.17669165752011 0 53
68.6606064197677 3.04123624646404 0 54
72.4401764044566 3.427521283887 0 55
67.3888286390489 3.1453504878701 0 57
67.3003018750306 3.14383174316677 0 57
113.280866540483 3.61852472433102 1 57
113.296488719043 3.21876614138845 2 57
113.301711206272 3.64071434635305 2 57
113.795407994605 3.14093500941699 3 57
67.4041917260928 3.55509542882226 0 58
113.9958052479 3.46098203437432 1 58
67.4850786373755 2.99159728532863 0 59
111.986826214104 3.5325965761315 0 59
68.5407452044909 3.37026522897614 0 60
84.7893363757438 3.21913555593532 0 61
113.109904039473 3.05531913408342 0 61
72.1272801959874 3.45563104228905 0 62
112.990916774626 3.01881898003478 0 62
65.3331194661952 3.27217546560548 0 63
65.1291068255119 3.71293112524202 0 63
109.576698171499 3.18014471708649 0 63
112.274719999902 3.41020872649149 0 63
5.28602790041188 3.33499534560726 0 65
67.4436632852332 3.13347190605142 0 65
99.8718305115669 3.04403791907635 0 65
72.5431009349669 3.22131543406224 0 66
69.7991529269762 2.99560685036944 0 66
113.003078045848 4.26503497133492 0 67
64.2114299748969 3.45713992242487 0 68
67.5479290258075 4.21333103981197 0 68
109.592023006668 3.41426052691737 0 71
67.2642127044075 3.03226463499166 0 75
69.6817687758373 3.56615556063302 0 75
8.65846461503076 3.13911465088225 0 76
98.9390994461498 3.0535341653473 0 77
71.2618293995826 3.19784247303151 0 77
114.024312621429 3.03173759484099 1 77
112.754682869919 3.09208263979432 0 78
112.682857074919 3.64800707856689 0 78
12.2557382119618 3.04075698912827 0 79
101.435115877974 3.22413621432545 0 79
85.3848209847988 3.06277941209403 0 80
67.3374949155144 3.09791652429956 0 80
113.586523120155 3.66335962204906 0 80
113.619268297664 3.56156167141354 1 80
113.633938468487 3.02912472125511 2 80
108.358534818415 3.19443671847308 0 81
67.3464894120711 3.47988139838658 0 82
108.204534322754 3.11298375246068 0 82
112.597408718464 3.11017734074809 0 82
67.3160577242251 3.13163132475052 0 84
113.009978678308 3.16144752020542 0 84
67.6245800859263 3.15929850123028 0 85
113.724108699001 3.05185515097978 0 85
113.021283656286 3.15188956018492 0 87
82.8429635324439 3.1529235539859 0 89
64.9665497294342 3.11771801195971 0 90
100.583772949771 3.39970778546153 0 90
113.454282713802 3.14987844877994 1 91
113.580541714494 3.20586236248625 0 92
3.02753249258636 3.00477468836157 0 93
112.146886861413 3.29242345058833 0 93
112.65375108459 3.17631675605762 0 94
112.547617370011 3.05422910359435 0 95
63.6680188438693 3.16612800872087 0 96
64.0053974113911 3.23573470797208 0 96
112.21681469066 3.18419219393556 0 96
112.555732432696 3.11441236391305 0 96
63.7874270346456 3.16993275464778 0 98
112.206148964598 3.26141305752954 0 98
110.718188070632 3.59535848716819 0 98
91.320060098664 3.49825543062394 0 99
67.5393660418585 3.27105502458746 0 100
71.6146388179702 3.63522924128384 0 101
63.8931745641116 3.39282492960176 0 104
73.4168925418313 3.07537951843793 0 104
67.9008926966456 3.25310574893173 0 104
67.4265881857523 3.39011750646957 0 105
67.635257042421 3.15488100588679 0 106
67.2677724152878 3.80471742710697 0 106
67.9149118127986 3.0595419408944 0 107
112.182797814662 3.07313818655423 0 107
80.7857007687745 3.68517035986225 0 109
113.02189204362 3.09524249200306 0 109
67.8652631957565 3.30712222629669 0 110
69.4338543174881 3.09000938458463 0 110
110.700014418813 3.12973574665559 0 111
67.4661684984594 3.21998162937638 0 113
67.803098715537 3.18040021923833 0 113
113.721753778872 3.04407718982368 0 113
100.218083484045 4.56964312683798 0 114
67.4676165370313 3.2089792217681 0 114
68.1279073559159 2.99304567129125 0 114
67.4078027540253 3.1760311099016 0 115
109.615235822958 2.99855354508929 0 116
67.3015955957669 3.22632895753245 0 117
90.958244341572 3.02047188315017 0 117
67.6850981596635 3.28188358827821 0 118
67.5766198118544 3.14596951165034 0 118
106.441948781573 3.03127644955992 0 118
96.2857128336595 3.12484354371651 0 119
18.6265320553155 3.03996950857089 0 120
70.2006254664711 3.39147885995995 0 120
99.9570707733044 3.01941602000633 0 121
67.4150972584988 3.30308354232617 0 123
67.2840227630086 3.35849367665399 0 123
69.7635886755136 3.15713180133146 0 123
113.044525983806 3.05570450461158 0 124
1.07922587685035 3.17133566064701 0 126
67.3326236990057 3.39579686498839 0 126
67.5808481047062 3.74379214817991 0 127
112.722243055082 3.12515611190874 0 127
0.0527359246401189 3.56782726004876 0 128
67.3033631175599 3.41367704339723 0 128
69.3303570427525 3.016595625957 0 128
108.347502694541 3.45669616123803 0 128
111.883653794134 3.28746491970826 0 128
67.3771337824743 2.99477745183376 0 132
112.665682033379 3.35286339067382 0 132
102.923742896276 3.64281374388769 0 133
112.555806386188 3.02351710938962 0 135
67.3882899975869 3.85814582804138 0 137
67.2855542775145 3.49033203099055 0 137
76.2690067846284 3.00686641295474 0 137
67.363360696562 3.12309123982091 0 139
73.3077862178409 3.49613196959956 0 139
111.074506175824 3.00516710184626 0 140
64.4782694699372 3.22112747937506 0 141
97.6811861711331 3.06846705239378 0 142
73.7287154899878 3.08175984627685 0 143
67.4705888282509 3.4039873540312 0 144
68.1725265278091 3.38566982049455 0 145
67.4828529764794 3.17412915585945 0 147
113.586175246271 2.99844396043882 0 147
112.550299492137 3.35963424526246 0 149
63.7877966929693 3.12392514405555 0 150
67.3179039856517 2.99645344818264 0 150
88.6738885710703 3.15598222827308 0 150
65.8798868988026 3.72777468868031 0 151
72.5835894066752 3.0789517706946 0 151
69.8296049923852 3.35429348270357 0 151
67.2527316958106 3.54932104068898 0 152
112.187920536892 2.99337858049493 0 153
112.551642738051 3.21892972655739 0 153
67.0646783339192 3.14812626027557 0 155
67.308939413255 3.18657775811567 0 156
88.0575978252007 3.12254130984412 0 158
113.527712330112 3.58296647677871 0 158
113.101409290286 3.09320196783218 0 158
65.1919614483385 3.34208712628922 0 159
113.29289395011 3.12481431166668 1 159
112.654147023639 3.1820181831171 0 164
65.8710495934527 3.00500285652219 0 166
112.947401589651 3.5794244101712 0 168
113.326898774387 3.17105298549205 0 169
113.329931273804 3.52468258486932 1 170
113.366118879248 2.99509934542759 2 170
113.431697817981 3.05350226279771 3 170
68.4767820252998 3.12009889279513 0 172
67.4477270346526 3.21654398537603 0 172
65.2798090802599 3.07361628483233 0 173
68.6820463594909 3.03805922986971 0 173
112.664035545667 3.05698050232889 0 173
78.1590839548445 3.28809927573005 0 174
73.06860036129 3.42249341092603 0 175
92.2919333676117 3.57680438519816 0 175
111.891815941383 3.14902846920739 0 177
68.2144124792078 3.17938167652118 0 178
69.2441592122727 3.68999725094737 0 179
63.7385835663137 4.06600625308447 0 180
67.3094296611633 3.42803164560736 0 180
71.6682609107314 3.02180618164128 0 181
63.9820189248519 3.40665623420178 0 182
67.588832447692 3.19011922302744 0 182
67.3368509690465 3.01250591116134 0 184
67.4345129750714 2.99799125117383 0 184
72.0227548810001 3.30444178006196 0 184
98.4400831668994 3.56619088968768 0 184
109.721199695724 3.07266968757885 0 184
112.999148046355 3.00578400122711 0 184
113.621674590725 3.15324046694221 1 184
114.004322989288 3.46823212979614 2 184
63.7465803547677 3.15791621895612 0 185
67.2713676745117 3.02291923242749 0 185
90.3649161153406 3.76338558517853 0 186
78.8070260171016 3.03587663316696 0 186
112.188872147548 3.11639264268024 0 186
64.9800435042228 3.18326370604274 0 187
83.3291015823236 3.91649429173796 0 187
108.33633426622 3.97467738541712 0 187
109.535349342356 3.1500710252746 0 187
67.844314048121 3.75737250842643 0 190
99.8186677567311 3.02441863726189 0 192
108.360318843361 3.04011202801779 0 192
67.6148481283638 2.99805798470785 0 195
78.8313464455893 3.36092526299554 0 196
113.594830346187 3.1804276765717 0 197
97.9292249566956 3.2513824759189 0 198
71.6044625356806 3.62977186697159 0 199
72.777595754399 3.58464740927741 0 199
99.6015920009975 3.00317046214133 0 199
109.516957765563 3.01281039855076 0 199
112.169932232683 3.93468673997983 0 199
67.292059443492 3.06357078236239 0 200
113.008610794876 3.7756481663832 0 200
68.4208841875781 3.07173503194081 0 201
67.6958884762811 3.15160730872291 0 201
113.887952329999 3.27155140621792 0 201
68.610575374234 4.17162108523849 0 202
67.561120517912 4.69821795957416 0 202
67.5777105379855 3.99197103583638 0 202
68.1269241344397 3.10598059355333 0 203
75.0374262092959 3.38404788932279 0 203
113.241150720464 3.23580664840726 0 203
106.943877919477 3.08169037653766 0 204
67.3020005608608 3.22753121047957 0 207
112.791629655654 3.24665332512382 0 207
68.0920244968278 3.24655562351724 0 210
71.5624354065397 2.99224261635733 0 211
109.551272084002 3.34145971340594 0 212
91.7307175985161 3.7002105072609 0 213
67.3280597388024 3.11819674197888 0 214
114.125188713874 3.37485334530765 1 215
71.3996890729234 3.46592199248608 0 216
97.9385215338325 3.13799943891356 0 216
67.3091701303209 3.10068776040796 0 217
112.99887479953 3.08541490383576 0 217
67.9001310360012 3.14708502809626 0 218
113.043933727946 3.02030869437949 0 218
67.2580310135948 2.99767967658433 0 219
109.563437590197 3.75532588903592 0 219
112.677856168261 3.18706924148973 0 219
113.818623914772 3.16076413891464 0 219
67.2703360418497 4.08508747606387 0 221
66.6349725257853 3.66263970818537 0 222
67.457026950987 3.18799570044317 0 222
111.883354406277 3.21709324935771 0 222
90.2250498609568 3.37055119097048 0 223
64.6666395342734 3.12249768268386 0 224
67.2824280280377 3.02871838589516 0 224
64.7051746797918 3.2398715056752 2 224
89.2733749748956 3.00308085413807 0 226
113.477979805507 3.55052293626316 0 226
113.575469246115 3.14568658912655 1 226
113.743218147875 3.29802516177513 1 226
113.489580919295 3.93790785780128 2 226
113.860231474817 3.15903894951297 2 226
113.606165806223 3.02934844412531 3 226
113.499927031519 4.29236000351489 3 226
113.590411859866 3.43412569031176 4 226
113.528396506807 3.11935396246151 4 226
113.684169050958 3.70138148083444 5 226
67.9967649144201 3.73097432894523 0 227
112.713539517878 3.8423237570238 0 227
112.552466758692 3.06353882845226 0 228
63.75737106752 3.22529534674257 0 229
112.319191720396 3.34732560680058 0 229
109.542585581572 3.28603815108002 0 230
112.57545330324 3.17175520301735 0 230
113.9337547696 3.28469062818339 1 230
114.137024078572 3.36880728500445 2 230
111.92164655553 3.40029106114944 0 232
63.974027760636 3.03648268749044 0 233
67.2570023374036 3.19335196952801 0 235
84.8849782473921 3.0094646981137 0 235
67.2724795532633 3.19425228736835 0 236
0.00195805981783858 3.10657314564782 0 241
80.052443522442 3.25903524747037 0 241
109.696806434076 3.08458413445958 0 242
112.765354433552 3.17218954040638 0 242
63.7439070530852 3.16743221327956 0 244
67.2816782038418 3.72583478948661 0 245
68.4753637820059 3.1276455547858 0 245
67.3463138916525 3.00941693027849 0 245
112.684215405902 4.06135303832059 0 245
112.074067118067 3.36606059248827 0 246
113.092270220056 3.86158290043192 0 246
113.560210653561 3.11207858388891 1 246
113.12690015203 2.99492655202432 2 246
0.0493075880937979 3.30208720554315 0 248
0.109322089340993 3.04824267264508 0 248
68.2040178920909 3.01963124542409 0 248
113.18073928067 3.09563370301026 0 248
67.3851367149412 3.01523895219052 0 250
67.36141785061 4.92864076950342 0 251
113.419701263672 3.09129267889654 0 252
0.338675580705983 3.07168058986456 0 254
0.547301157867069 3.45358463054737 0 254
68.3491921355969 3.25476977008919 0 256
83.3657390154551 3.21120711733253 0 257
111.931508673782 3.30449049760423 0 257
113.417454256938 3.4296024203613 2 257
67.3653955709506 3.18923549086523 0 259
67.2986336981566 3.14780218272964 0 259
111.03311816786 4.23919249920409 0 259
67.270031630699 3.28192264145736 0 260
67.2827320078736 3.10988813818092 0 260
110.004796037824 3.39934174807376 0 265
79.226484823979 3.18963628895014 0 266
109.577632485975 3.4818296558429 0 266
112.670810100469 3.27372067435118 0 266
105.364732586594 3.01610128715025 0 267
107.708373075213 3.0804144655716 0 268
63.6885186571325 3.09254893350878 0 269
93.3657677587607 3.31681273162205 0 269
67.2935785784082 3.08543678174721 0 269
109.540634784272 3.69877596562197 0 269
112.886187050117 3.4836681258612 0 269
107.474397760198 3.81449316509185 0 270
67.2890847743782 3.27178982090207 0 270
107.280015211311 3.18338823844582 0 271
112.15617636298 3.01818776718558 0 272
6.93007521022133 3.38045000205175 0 274
67.2634722902146 3.55843407254582 0 274
68.7404695804531 3.60533710077675 0 274
63.8009245473061 3.0128056721854 0 276
67.4594001954528 3.47681866637212 0 277
113.503734930588 3.18309084810276 0 277
114.003080406338 3.08220984955007 2 277
68.2105099992297 3.01374941438795 0 278
1.46229263683684 3.21573385194764 0 279
67.5036906699225 3.32181299760254 0 279
112.378555837673 2.99436032206298 0 279
67.2538504672569 3.08103706366193 0 280
67.4415841569124 3.05717268423223 0 280
67.2659040598148 3.37678084983765 0 281
67.2812694833031 3.75184684301875 0 281
67.2540550045135 3.61517853917515 0 282
67.4718424553642 3.03382153521842 0 282
67.2655395145608 3.14769767811231 0 282
67.7184177017609 3.47493916167865 0 282
106.322382848142 3.55113222400217 0 282
66.091520004135 3.03737442482889 0 284
68.6215306579224 3.16734299500302 0 284
112.553182566801 3.35981603726147 0 284
113.453180010411 3.05387775503694 1 286
63.6920646436413 3.23157326877608 0 287
96.5141335829779 3.30692026132163 0 287
111.965719557599 3.17159458990983 0 287
114.220824111932 3.86440828683286 1 287
67.2561533906259 3.16017610000823 0 288
67.2836832085979 3.96782527448751 0 288
111.487347194048 3.06704473983326 0 288
2.61664582376153 3.04599520365582 0 289
67.5814319364647 3.18778293371699 0 289
112.692360221561 3.6327445894546 0 289
67.5784805972262 3.73292932368003 0 290
67.5634734362047 3.81680687982622 0 290
112.651061579863 3.70777804215101 0 290
70.7165527675933 3.07224813030145 0 291
71.8303568866707 3.21505964119174 0 294
112.568767017497 3.05451212217943 0 297
79.8453255360781 3.33985372108751 0 298
113.161947734576 3.53033734223306 0 299
67.5869466801169 3.17059144374327 0 300
74.2921059517843 3.13231449952386 0 300
69.9189121876618 3.34822524282398 0 300
113.493092827014 3.10262631109957 1 302
67.2646055445773 3.49295197308746 0 303
67.3060336093842 3.64113195703495 0 303
73.0433555050598 3.71454337131089 0 304
67.5878391262524 3.19725451112076 0 304
96.3062680209362 3.26068622243826 0 304
67.3395319610521 3.30622319347149 0 305
113.803729058224 3.22175555297084 1 305
67.7920691519357 3.42410715302337 0 306
67.3898545140901 3.59942128482724 0 306
70.1124529939278 2.99387250362542 0 312
74.7078792917742 3.83680749105701 0 312
67.3180067891858 3.53655950278014 0 313
67.4878594129734 3.20698264139857 0 313
113.251719239912 3.34536128021708 0 313
112.764254336969 3.16291944918628 0 313
113.261991427739 3.13360998731609 2 313
69.8831722868001 3.11048657083212 0 316
71.0025483995487 3.40256378742768 0 316
109.517910528895 3.52655114579155 0 317
71.2294717875966 3.19445082713039 0 318
112.275078049522 3.28438467024876 0 318
67.2545793522874 3.09786463940858 0 319
72.7961786175794 3.2481328906151 0 319
67.2981431470466 3.07308131659196 0 321
80.5731837429727 3.01458244666996 0 321
114.102363240499 3.52591482516471 0 321
114.122460072305 3.40339849981459 2 321
67.4026450266656 3.26292861672413 0 322
108.146964119356 3.25550400284463 0 322
74.5514926207415 3.12458298000884 0 322
63.9117423055202 3.07356622301776 0 323
113.890296043576 3.09505857898092 1 324
67.2864800599576 3.83485988618176 0 326
67.3293856974511 3.54061159495883 0 328
68.6233248227672 3.12899978396321 0 329
113.017743935325 3.02814036705357 0 329
67.305189198957 3.09157440122393 0 330
67.2563394012891 3.15853051963254 0 330
75.7380987820933 3.23530915690725 0 330
112.9815254978 3.09448700233865 0 330
112.746508479004 3.04968161750892 0 330
113.495956127443 3.00626078560343 0 330
114.125816632974 3.14859175795625 1 330
63.7408405120287 3.01052621665719 0 331
68.4960223969474 3.5527885219609 0 332
97.5732100913821 3.1864885212899 0 332
67.3493045890108 3.22086501085958 0 334
100.589892242166 5.15989341533634 0 335
106.35765469309 3.7336684780816 0 335
112.558579829043 3.94407305720051 0 335
112.568686176526 3.07606174862297 2 335
72.042871160884 3.65425175184536 0 336
114.008067228114 3.25598445641705 1 336
67.2949263957189 3.19473997962207 0 337
96.2280999309146 3.81978961333002 0 337
113.062773963578 3.36606210790633 0 338
113.259942549655 4.06142919822759 2 338
113.723864802394 3.4200023138741 3 338
113.737991382471 3.03410628837822 4 338
113.930958309706 4.00356442789896 0 339
68.0148144929154 3.27548533081983 0 340
99.9669853946309 3.56688535565181 0 340
0.0762094541657972 3.3205975167179 0 342
71.6326110371244 3.05125160808976 0 342
112.221086299668 3.03207205018482 0 345
81.722220998411 3.18870203250121 0 346
68.0848424631473 3.27667810329083 0 347
106.361131066129 3.20378667191307 0 347
109.850900181019 3.00981339295334 0 350
67.2537649562883 3.20424564029899 0 350
112.730811614532 3.29844996871216 0 351
64.2820313515494 3.14721827884914 0 354
67.5516562798204 3.20211754601167 0 354
91.4970319535554 3.20338020282595 0 354
78.9621173190875 3.86902639886845 0 355
0.905783275222855 3.03265721843422 0 356
67.6338784183526 3.01832018854416 0 356
67.2951832265812 3.07178235095188 0 356
68.1074948085134 3.39709810679454 0 357
96.958855651153 3.05718288811832 0 357
67.4996279227776 3.37192433575856 0 358
113.397416108959 3.24792410193709 0 358
77.1703618372931 3.0446899513299 0 359
67.2593079426801 3.05258438548919 0 359
70.3025999975571 3.06223942900973 0 360
67.2586463762961 3.01411280297522 0 360
63.7558142166714 3.6108249324048 0 361
73.5975766400324 3.57652496461471 0 362
68.4328574506945 3.22085850595329 0 363
112.566021501963 3.57028709258997 0 363
69.3359043219004 3.0386193972718 0 364
112.077813284145 3.9621905829313 0 364
113.519133015953 3.50728128402235 0 364
111.889944526806 3.79852401466469 0 365
0.732939569883905 4.01893719233589 0 368
96.3547399251441 3.09795429456123 0 369
0.524493774387291 3.25514585581033 0 371
67.278849422339 3.52473458689821 0 372
113.500292509884 3.27377872006205 0 372
63.8145401297407 3.4693002835004 0 373
71.0477872756368 3.10223112393646 0 375
112.700655555901 3.06320518216004 0 375
63.6932765525789 3.05179668127586 0 377
67.2597681692193 3.31223569596353 0 377
69.4757719893257 3.27629633557317 0 377
67.4067030480196 4.73347757039599 0 380
109.63444085088 3.00422111393471 0 380
113.830522280633 3.5432208053977 1 380
79.6032083126417 4.06193380032923 0 381
67.3834991197855 3.02951892806609 0 381
108.347290009078 3.26213214031637 0 382
71.5967948686273 4.26329159949165 0 383
113.582051072766 4.10168469826687 0 383
68.7651448861787 3.37412330159222 0 384
106.122376319107 3.27555254597588 0 384
112.191761883135 3.09967725072037 0 384
113.552824895344 3.07993526293105 1 387
113.297531502302 3.05080363732103 1 387
3.8127180067161 3.12194232100988 0 388
64.2555432316816 3.26883928409597 0 388
67.3742166352876 2.9923994034262 0 389
113.092665937506 3.70079995459643 0 390
67.5482463559932 3.48887435694571 0 392
82.0632831458747 3.08542082833922 0 393
92.1528520772907 3.20127586170188 0 393
109.408417602422 3.37751239927635 0 393
112.586100034002 3.3170867256916 0 393
114.149065651213 3.10686249900359 1 394
63.8127618292695 3.3163611658201 0 395
80.7093538870217 3.27392105491293 0 397
68.2150556579687 3.13437026653036 0 398
111.277660638805 3.22480225106884 0 399
112.651583481315 3.05880741454688 0 399
0.0870085743621755 3.36021402758348 0 400
63.6514640407551 3.66705484325753 0 400
65.3613266666192 2.99902171862095 0 400
70.3047998851042 3.10474389433155 0 400
109.541589442003 3.24633714946571 0 400
67.2782620876329 3.09856298810367 0 401
63.8048003869411 4.60250119287352 0 402
74.3247847197026 3.4912454172667 0 402
0.457520386038302 3.22941743721812 0 403
68.5225211189122 3.74776028450939 0 404
80.5558682858848 3.17963896315645 0 404
67.3435806671832 3.10186093689042 0 405
67.3329929977231 3.10973574559113 0 406
112.563834978335 3.05607833742514 0 406
94.5101445335272 4.44840192628239 0 407
97.6534348304651 3.01885030242977 0 407
112.671285268543 3.28467618444964 0 407
113.7092791274 3.85798401580857 1 407
113.289237694097 3.33936812927231 1 407
8.27902575751528 3.02034238202941 0 408
110.152817447964 3.59519735720676 0 408
78.8956668637293 3.79123716518172 0 408
67.2864730754877 3.35181836207232 0 409
109.604855049565 3.08813101843971 0 409
96.5437799722422 3.72651665303325 0 411
63.7858027827461 3.0091767626221 0 412
112.14557872209 3.28601426042778 0 413
63.6773902386427 3.07443134086543 0 414
73.6240612840904 3.04473686506188 0 415
113.694312027869 3.3204941199945 1 415
95.1440108201275 3.44762665254361 0 416
0.0404983167073596 3.11014125761995 0 417
68.9069791943371 3.27054286262592 0 417
112.45686658458 3.67004553040102 0 417
112.378624670092 3.13869897109814 0 417
113.772471036462 3.26107723553302 0 417
108.353059892046 3.04808125942791 0 418
112.770414771434 3.12420812111257 0 418
67.3166837104072 3.46280034265014 0 419
67.54327504238 3.19446709954536 0 419
113.909030673358 3.00858814055622 0 420
76.0931615813262 4.018963827218 0 421
113.912180711962 3.60448741103623 1 421
64.0591586860524 3.77449383954136 0 422
113.651306490153 3.63824353505938 0 422
67.8988800787286 3.3407824293855 0 423
67.2998298411526 3.121291109936 0 424
68.1146447543051 3.04889188857401 0 424
112.208617890385 3.29302797424317 0 424
113.051137383048 3.37449337534498 0 424
67.5394338183171 3.37181775552265 0 425
73.6360799264422 3.25817682615272 0 426
112.912693974181 4.36647757223567 0 426
112.923623710748 3.37132549689072 2 426
63.7376670744256 3.10148014379332 0 427
64.0514568042795 4.84171760825216 0 427
0.0331783255536559 3.22124545957019 0 428
108.109484742905 3.23576150075736 0 428
112.828479940915 3.24131224899882 0 428
96.7266999923113 3.163056555327 0 429
67.9297162720205 3.26881724579779 0 430
112.663035208851 3.09805090313303 0 431
112.936189196674 3.1406715966132 0 432
113.151456470993 3.20362811319378 0 432
113.23412493679 3.03700331072479 2 432
114.11502746351 3.33627196565688 1 433
70.3771568678537 3.90559303261181 0 435
112.692299324789 3.06451176863916 0 435
7.7791488425522 3.17207320798438 0 436
67.6587194989077 3.69914723108614 0 437
67.4893582922791 2.99414611914341 0 437
67.2546032257095 3.10806176683756 0 438
112.261712864469 3.08504096497053 0 438
63.7950206765014 3.33998314348285 0 439
70.0229081235739 3.4757787296373 0 439
112.54829847013 3.56912982095332 0 439
65.1913930883954 3.72043611593242 0 440
113.861338758589 3.64907041246125 1 440
114.064430906259 3.26561209491785 2 440
114.030686338998 3.0166898389441 2 440
109.61119068192 3.029483395747 0 442
112.14213015252 3.00202441865297 0 442
67.6092249659389 3.39057834140701 0 444
113.510609530824 3.11850005887295 1 447
67.6825609016408 3.15568493502948 0 449
67.8654741377304 4.12111015894545 0 449
67.6680664524958 3.55066452633525 0 451
97.6682539176845 3.48687258543063 0 456
109.905528302225 3.36070217691462 0 458
68.8149883963356 3.18544802229843 0 459
113.322910667843 3.04478805503575 1 459
63.7410725990636 3.567068332137 0 461
112.887822822329 3.10258755856948 0 461
64.7178469631409 3.1202532862213 0 463
84.5276027092201 3.02870627818394 0 464
67.2784323497309 3.10888549336768 0 467
80.8592078804581 3.2455942201234 0 468
99.4837280396791 3.25373373581477 0 468
112.594772636105 3.12536524990243 0 468
106.780415957912 3.06706873748718 0 469
112.645018456663 3.25454605624863 0 469
67.2576481371119 3.02841202130536 0 470
67.4872433136972 3.05226020848891 0 470
67.3106192326056 3.12420824415744 0 470
77.0314923720338 3.25403940884765 0 470
109.568509768075 3.07150279984774 0 470
112.551813364473 3.74018804617201 0 470
2.47757438779738 3.06384891778749 0 471
68.9542277299965 3.68669904387282 0 471
112.586906849872 3.04139772103473 0 471
67.2989182614663 3.27370098988787 0 472
67.2792879713516 3.18205584801208 0 472
108.431929618269 3.021003915773 0 472
68.7544142064594 2.9913213526036 0 473
67.2605201149187 3.10880564063635 0 474
109.604171297511 3.24400792658063 0 475
110.256748019782 3.3926334415932 2 475
67.4106194236475 2.99968789034026 0 476
70.8977702971979 3.08618074643472 0 477
112.640599481625 3.53669139444356 0 477
112.910666805947 3.09295418574732 0 477
67.2690000603675 3.1077515805734 0 478
68.9606017376777 3.4279477459192 0 479
67.4531892973805 3.56338023453184 0 479
82.8163737431358 3.19005635890296 0 479
67.2872037320073 3.05232180075053 0 480
69.2946099954582 3.09606671857422 0 481
73.1864248319539 3.37437337193068 0 481
113.293692968999 3.31950488845994 1 481
113.840446841884 3.06748596931456 1 481
69.5440878247402 3.68343578785426 0 482
112.662871207241 3.32911988405321 0 482
67.9433598742247 3.12221400408203 0 483
85.6070275689085 3.40407672816892 0 483
75.7642612767033 3.1037430483326 0 484
63.9133801917654 3.40760971089011 0 485
72.1063083471655 3.51760651987144 0 485
82.9586011331994 3.58431239054192 0 486
113.058631049282 3.06219659675388 0 488
14.2116326165407 3.48704730631213 0 489
68.6579097458631 3.08085451072252 0 489
67.7072229480436 2.9997460333077 0 489
112.628593550514 3.01521765620405 0 490
67.2734257702702 3.35734653143291 0 491
67.3168133979423 3.24143283212538 0 492
67.6983425639104 2.9989110181485 0 492
103.521306835013 3.15939675207899 0 492
68.2477071153885 3.2827792812456 0 493
112.633404939313 3.04010802861078 0 493
64.4719537539331 3.16524446803091 0 494
67.3203695385524 3.09830332658067 0 495
69.9981141520996 3.01631274162123 0 495
67.6365045788227 3.44157880554152 0 495
109.562365687703 3.09962381619579 0 495
63.9016367031323 3.82507318907365 0 496
68.9739600189075 3.12691422802449 0 496
72.4226830533124 3.33578018946964 0 496
67.6372968910249 3.33749096831193 0 498
73.9574149419613 3.04044180095442 0 499
67.3301827218082 3.53100992851809 0 500
67.4195207162678 3.01621854889125 0 501
67.7016319142162 3.08509647572654 0 502
67.345711515951 3.11542211117647 0 503
112.13921642567 3.00489374841661 0 503
112.163486645328 3.11943837138287 0 503
64.3513707499987 3.20426336466139 0 504
95.8980973269386 3.1625455392078 0 505
100.378469246308 3.01656560542476 0 505
109.553192387573 3.14550478152497 0 506
76.7004327354744 3.33605861466766 0 507
101.952465218135 3.16307094801158 0 507
109.717644508587 3.43897023979864 0 507
67.5172298286841 3.31482649856178 0 509
67.4019866950538 2.99371677624149 0 509
67.2655737839766 3.37948029324245 0 509
67.2643278585663 3.04996800112063 0 509
67.8001246670788 3.26423078529234 0 510
69.2263425434121 3.38949359109861 0 510
67.4339274362131 3.1050884447919 0 511
87.1854081421173 3.10654463021817 0 513
70.7804355589993 3.84656244739747 0 513
68.4895833827007 3.17942225288509 0 513
69.0916973761924 3.99984550196234 0 513
67.3232660753779 3.07915437762242 0 514
67.5143753632213 3.28630676489576 0 514
113.437590371798 3.09848331398398 1 515
67.2931325256314 3.07371013623032 0 516
67.290795954832 3.12926948542407 0 517
113.425686052417 3.10811672597896 0 517
65.7839918573514 3.42664538799947 0 519
103.809725210138 3.16954850543105 0 519
110.74140845585 4.37130182960209 0 519
113.925930556123 3.14697461404529 1 519
110.748883396495 3.04393147413615 2 519
82.1280617305361 3.02548564169755 0 520
67.3022426765822 3.13447391084462 0 520
67.5987320340241 3.94232718558342 0 521
112.544811683199 3.00332711664803 0 521
77.5458533935876 3.08194305129263 0 522
80.2935980641163 2.99362227559501 0 522
102.916135193164 3.15837838901856 0 522
109.532607797016 3.26100073757199 0 523
68.3561843940379 3.24323423549533 0 524
98.8681447201663 3.08313601099441 0 524
112.610307393276 3.30205337247512 0 524
64.4506731145284 3.33244914527984 0 525
112.138314776407 3.01208913821808 0 528
70.2084292867918 3.09038045399502 0 530
73.0608788920666 2.99968240882664 0 531
112.141224140352 3.95857583398337 0 532
63.6623558865813 4.02566117524864 0 533
69.1780006736601 3.5856291602373 0 533
67.4435955625937 3.57894517830712 0 533
75.9160073731141 3.13080973032492 0 533
90.9815046630918 3.8771627408698 0 533
1.07483928899333 3.01702151254396 0 535
95.2350558273147 3.0878902900465 0 537
71.9808269986483 3.13749880046938 0 538
63.9227365207968 3.25045837174093 0 539
69.2833336216839 3.03811570223968 0 539
67.585022306885 3.53443064942046 0 539
69.1240258755912 3.85481426171048 0 539
100.802172045076 3.47556410562281 0 539
67.2847144724024 3.01450025809024 0 540
82.0680800103633 3.1175204875828 0 541
82.8939545020454 3.14922177059757 0 541
112.751897683778 3.25475459844849 0 541
112.723437646632 3.10502921202162 0 541
67.3172355537155 3.3369237335757 0 542
96.5153675539289 3.04644331881256 0 543
106.359365496335 3.22973294856425 0 546
112.439882173982 3.0298456547536 0 546
112.654218483223 3.09906615138428 0 546
67.3022826780167 3.27049320803129 0 547
8.23850410241472 3.75469389002145 0 550
67.2577155012912 3.22480070133939 0 550
67.4299903834245 3.16707287930699 0 550
113.793847145367 3.43976267529354 0 550
67.3711103481512 3.03421029310755 0 551
63.7520235100097 3.3702884255974 0 553
67.3407720886219 3.77666020752665 0 553
109.568778091844 3.29134407937784 0 553
112.781018326169 3.26853078335856 0 556
67.3693714639595 3.15330060587571 0 557
110.86959162295 3.13398845449488 0 557
68.6383338289845 4.36256422836607 0 559
112.593057438433 3.0879700940515 0 559
112.313899897807 3.05067601961902 0 560
78.8908564748816 3.05195120377821 0 561
66.8779516724081 3.31437696883983 0 562
67.6270905611354 3.12200880838693 0 563
106.341414459187 4.11026278372528 0 563
78.8208814285925 3.1860309889459 0 564
113.327230150668 3.27364156871784 0 565
114.212144315922 3.09398277757672 1 565
67.2891639702043 3.34036423671278 0 566
0.00657207879539741 4.08228255295717 0 568
67.2857497153901 3.00608788039087 0 568
67.6200733876318 3.28055331630924 0 568
67.7108133119617 3.00499397683611 0 570
63.8262440867721 3.17200674888799 0 571
105.239571365544 3.42699479729438 0 572
109.520000833605 3.34455579734225 0 572
113.590070307701 3.10844214301673 1 572
67.915225630847 2.99935087792012 0 573
99.5076011785964 3.23814826874933 0 573
107.601747433298 3.01061468062581 0 574
114.231113387951 3.62542162704377 1 574
10.6585352971375 2.99260785392429 0 576
114.249808688727 3.14170509810024 0 576
67.25681370333 3.00857801403707 0 577
76.6490827518022 3.96790161024092 0 577
63.7517300512393 3.76588298354263 0 578
86.1887841437098 3.14242961668987 0 578
109.551700756783 3.38227652617487 0 578
71.1226086018066 3.40116895022679 0 579
73.8370905333032 3.0994581558857 0 579
114.109966625873 3.05153804285698 0 579
67.3726992736342 3.10844263226693 0 581
67.9984050688352 3.4763905575599 0 583
109.535457763107 3.19016508154129 0 583
114.046281250174 3.28761507614842 1 583
64.7778252808858 3.26936982880147 0 584
67.2794173816277 3.5180479537009 0 584
67.7032698014525 3.69848069238036 0 585
96.929370613084 3.15733757719962 0 585
112.627976016401 4.03736515688423 0 585
112.661721998783 3.86922759258136 0 585
113.737105865943 4.08825500157034 1 585
113.258647270008 3.05249759045792 2 585
112.806865391528 3.6241839316069 2 585
113.738432191237 3.02397957602609 2 585
114.232332633665 3.16340455009033 2 585
113.739787473262 3.48955152948866 2 585
113.828790108887 4.17759012676363 1 586
113.829675489703 3.12812942607737 2 586
67.296220795629 3.01392998105543 0 588
0.056545065053778 3.43081671255653 0 589
108.297440541416 3.48713068154677 0 589
109.634650151469 4.42717881104217 0 589
112.679703584752 2.99674719543697 0 589
72.5991962592532 3.57979781455721 0 591
74.4094109024381 3.08793280012081 0 591
113.02979292023 3.46229016441047 0 591
112.553742776076 3.21004215529761 0 592
113.642088062111 3.03454713850265 1 592
67.4829937147364 3.26920824015493 0 593
80.7284238851003 3.22856713953501 0 593
112.160861752769 3.03570206272631 0 593
113.048691418612 3.59810898671024 0 593
67.2549687488312 4.41309748883011 0 595
67.3007954194451 3.03112181110448 0 595
114.081948321526 3.21559154988927 1 595
67.4607257388121 3.34809168517017 0 597
67.4756278595181 3.09187727746989 0 598
113.464121248554 3.21609503315066 1 598
70.797601639965 3.40240459763764 0 600
101.110355129818 3.21752101549507 0 601
109.532859167108 3.51957915974397 0 601
112.163288717679 3.16746134545776 0 601
113.131565986754 4.07943606098164 0 601
112.592374747357 3.30702827797286 0 601
67.3954366235135 3.21464723252621 0 605
69.110861466105 3.05250784058575 0 605
71.1940337497772 3.41870342911565 0 608
79.1064194104565 3.06474059619975 0 609
108.486296979011 3.18854703268155 0 609
112.607145507329 3.175923547333 0 609
113.492538984147 3.01651528124473 1 609
70.4656681578601 3.69821220465293 0 610
73.5121435008871 3.26526138439931 0 611
67.4948598270121 4.19221029824335 0 611
113.227765263987 3.12876530467722 0 611
72.2022728080041 3.78484758276733 0 612
85.6236921824027 3.05489791208938 0 612
112.291093992197 3.13665293012772 0 612
113.26906063592 3.47871675940915 1 612
112.659334524916 3.37234861373461 2 612
97.8933433540085 3.0956808065482 0 615
111.024870702647 3.79800993347461 0 615
67.5986254924804 3.42109619213749 0 616
107.898117406417 3.27463693501589 0 616
0.0991078406592397 3.34138539732827 0 617
76.2718237029659 3.27687970362993 0 617
67.2591238121702 3.21028370936222 0 618
70.7493504459271 3.1879248363194 0 619
109.607576686705 3.12990510810619 0 619
69.6737619304107 3.07706461803335 0 620
67.2527884666541 3.48297281973112 0 622
101.126045529531 3.22614079930514 0 622
64.8863416265917 3.38408465138973 0 623
90.913166675619 3.32447592174845 0 623
99.5355795016148 3.4944810147952 0 623
67.2954076065085 3.00136506591828 0 624
69.0922047926072 3.42757774184436 0 624
68.1861388234762 3.2521136657412 0 625
68.0181636206285 3.61209958683419 0 626
64.0356626702189 3.27106980812019 0 628
114.058773719453 3.45464240559909 1 629
0.110095424076494 3.06497115429824 0 631
67.3411979533831 3.10639828012732 0 634
64.1838196536887 3.88169947840906 0 635
114.107756077525 3.36337570317409 1 636
75.8563635930281 3.02031746895689 0 637
67.3281757219303 3.05813683008609 0 637
67.2935715479975 3.16492149841857 0 637
113.373825487663 3.39323771045663 0 638
5.26983003454981 3.96094177665035 0 640
86.9818532905586 3.33455670509138 0 640
63.7452099385937 2.99489167853262 0 643
80.5022034078948 3.11249148430048 0 643
99.4231652229405 3.77284055820296 0 643
111.922155909759 3.10047586378988 0 643
63.7488763761647 3.4890318447055 0 646
99.594603235672 3.26163995876539 0 646
64.1010865508098 3.18580564062345 0 647
109.51457516326 3.3853666211499 0 647
113.054944974472 3.12367169663006 0 647
98.1217519191373 3.21276889849532 0 648
79.5707571816363 3.88010307485148 0 648
92.1760951667666 2.99879991227576 0 648
113.979791968576 3.04469733119168 1 650
6.44970137457744 3.19763616091986 0 651
109.757823276108 3.01927108262927 0 651
113.112750548433 3.08396206123107 0 652
95.7536028995285 3.30332911417084 0 653
99.7216463800006 2.99599117578122 0 653
109.893343162972 3.6875051765986 0 654
67.623965217201 3.18066071451393 0 657
77.2546539966959 3.12208119368505 0 657
113.552744620471 3.06523576405138 0 658
85.7609044321064 3.46090769187853 0 660
87.1492297377086 3.56039473006398 0 660
67.2683883050659 3.05803891589516 0 661
112.596438734258 3.07619532006158 0 661
67.6832497528357 3.07094422650436 0 662
67.5000910613042 3.45646826562857 0 662
68.1189412394784 3.18877790959279 0 663
67.4972955473938 3.68901192211234 0 663
109.935310363773 3.6677221577438 0 664
114.150562773672 3.43939870653322 1 665
63.8266324342778 3.19858993557174 0 666
113.723656664345 3.02008451464195 0 666
68.1379213419168 3.33813817694918 0 667
66.4108950608153 3.00543928089929 0 668
113.525447705508 3.00011466033442 1 668
67.272462131375 3.51901201425086 0 669
104.304966024578 3.0412223738157 0 669
67.2633648371216 3.76656820669686 0 670
69.8621752138188 3.26199278547649 0 670
67.3830619926589 3.11522299124138 0 671
63.8639443765534 3.03481016295652 0 672
64.6787278109349 3.21884210921728 0 673
0.0597613547572052 3.0918093729457 0 676
110.161407981174 3.00040573357214 0 677
109.713434624015 3.77498961452969 0 677
111.923509323872 3.29757052866105 0 678
113.088385707448 3.41153339244368 0 678
69.4706272232693 3.11664959056175 0 679
113.011687603901 3.18234108910732 0 679
112.763364578201 3.78528980595641 0 679
67.3067336121321 3.0633623461918 0 680
73.3333886132845 3.12287545862147 0 681
0.199295792740943 3.220060503754 0 682
112.70279788004 3.35833552895111 0 682
113.664781395094 3.14582933684265 1 682
65.3755272293463 3.53114752492543 0 683
69.7403020868728 3.58892831687801 0 683
89.786457697779 3.15867325189756 0 685
77.506700899646 3.13212987876465 0 685
82.6004482254365 3.21993406821369 0 685
112.836074821167 3.10368700558526 0 686
114.183188102422 3.19739676273589 1 686
112.559982113669 3.04057383433092 0 687
113.522221875358 3.44482599454197 1 687
113.562235136628 2.9977081789866 2 687
113.525784787762 3.1981002808789 2 687
109.666354677276 3.89338411817096 0 689
70.5258452936506 3.09847083257679 0 691
95.8019219930793 3.32778701811994 0 691
67.3324984607587 3.03609669637497 0 693
67.8870101789214 3.2179799257122 0 693
113.15421624352 3.33366069340751 0 695
102.915058799919 3.00124120457697 0 696
112.800677332383 3.49682563860205 0 696
2.16838276093391 3.00955421344867 0 700
68.8912024525527 3.09244821311602 0 700
0.044732986577328 3.21498093397664 0 701
112.295001048233 3.98386185381079 0 701
112.266291435687 3.17070317416599 0 702
112.699208415541 3.32049578910754 0 703
112.13981051602 3.15238467244294 0 704
113.016237971546 3.27826170434987 0 704
67.2708436470877 3.05518121827216 0 705
109.513254143331 3.80780404831481 0 705
110.700423418967 3.23521058751602 0 705
80.5889340567518 3.17955263367488 0 707
97.7696977159226 3.58434612647308 0 707
113.338283436809 5.26261852030163 0 707
113.340267554104 2.99433753171433 2 707
113.367791664241 3.04242497782623 2 707
113.411969177674 3.3536873797056 2 707
113.403135930639 3.04578295718672 2 707
113.339084758435 3.20932414600723 2 707
113.5466407981 3.30216587425409 2 707
113.554180881658 3.01459188805494 2 707
113.572942593624 3.10455925015079 2 707
113.734322458356 2.99280491762556 2 707
113.3556007143 3.16170297676141 2 707
113.359007355912 3.28506610800267 2 707
113.423284713288 4.09964678392737 2 707
113.33841635766 3.00378065087553 2 707
113.419705668725 3.2832541165036 2 707
113.387850890596 3.52646493397372 2 707
113.38454113591 4.28152903604302 3 707
113.591180474214 3.0699616848214 3 707
113.51261296215 3.46208733412664 3 707
113.444386959964 3.03466805719353 3 707
113.554798971798 3.08747119399252 4 707
71.7388060265626 3.18377373117183 0 710
71.23063255116 3.16909428779897 0 711
69.3625631374759 3.38151058989466 0 711
22.5234176988095 3.00702632800723 0 712
72.1188772059165 3.40289673859165 0 712
0.00181847289693863 3.1695332391543 0 713
1.45510925257144 3.07121306947846 0 713
65.0710002879947 3.18793941123589 0 714
85.296328429935 3.38829007042955 0 716
71.2999641711588 3.38985899680972 0 716
70.4237805008372 3.02377747287657 0 716
70.1167278564121 3.89344578314424 0 717
106.316920374078 3.20471188932649 0 717
113.017330998431 3.68296130409784 0 717
9.18129357422624 3.72782939062784 0 718
67.2747647627885 3.13282203445328 0 719
112.447192595381 3.304459575861 0 719
76.9103754203498 3.21268382149516 0 720
67.4927065588663 3.22400046849486 0 721
67.830024826514 3.01745835011329 0 721
112.164029177254 2.99999154727412 0 721
70.4029896293434 3.09879544208583 0 722
112.747026226994 3.08722450653253 0 722
73.0097898194781 3.4302981887254 0 723
114.206708361841 4.35038583678459 1 723
114.224992123378 3.10114024191385 2 723
26.9513221865268 3.12869835161475 0 724
67.2573124857241 3.04534665223446 0 724
67.2824502970209 3.08112341386169 0 726
111.983472270655 3.84441382089196 0 726
1.29170935710158 3.05797359453579 0 727
67.3819487867431 3.16556193653972 0 727
68.4982728894366 3.7021875879567 0 727
113.050168998591 3.58979553832679 0 727
11.04755945069 3.06825771154855 0 729
113.252378524019 3.68236922074487 0 729
113.607138578036 3.93412994108739 2 729
113.618604139737 3.147414994129 3 729
70.5560219081562 3.21114123981885 0 730
0.524083983928105 3.19645499387911 0 731
63.7405511834632 3.04377966708604 0 731
67.3083720555709 3.03578986202064 0 731
71.6591010800195 3.57777373045255 0 734
112.439381837579 3.18357011179024 0 734
97.1828475931052 3.43343150977374 0 734
79.247564432513 3.27733491371631 0 735
112.555470523426 3.12366748632604 0 735
112.686329990638 3.13883615569991 0 735
69.4190084579023 3.36989848689775 0 736
82.927465059901 3.03856625099675 0 736
112.156461216385 3.03559384920237 0 739
112.59944293307 3.52165031996847 0 740
63.6940027669464 3.41753088211338 0 743
113.964999040337 2.99833168960467 1 743
78.9814423584913 3.02387620287854 0 744
0.18357041805797 3.22221754329591 0 747
93.9431016776701 3.07010482441054 0 747
67.2571773433224 3.0667728060597 0 748
67.6847242048953 3.02112492226512 0 748
101.128242905743 3.35712723632085 0 748
113.84881058636 3.14484653808721 1 748
67.2596892247535 3.1722014266828 0 749
112.043632865151 3.60462087568057 0 750
112.549515890663 3.0274288487702 0 750
112.405048909453 3.01690462916605 0 751
112.151684013542 3.78933614097333 0 751
112.623355333789 3.02633401944873 0 752
67.2577441076874 3.23126648283581 0 754
65.5473909422592 3.02411615444448 0 755
0.0122417159907049 3.54447152594644 0 756
65.6803396258794 3.16122558916876 0 756
67.3525974055485 3.05427818835509 0 758
92.1745111363815 3.85991685065953 0 758
83.8215327088034 3.24449471162895 0 758
67.2617879495756 3.10297153981594 0 759
86.4891536442888 3.71936851211574 0 760
67.2552920500586 3.21262501133752 0 761
67.2573623945096 3.4369104970162 0 763
67.9849096204809 3.05462283189953 0 764
64.403033364874 3.06363096373862 0 765
96.3275980773144 3.12276772268447 0 766
112.601518985581 3.78892206404519 0 766
112.139146372285 3.08612173298929 0 767
75.9159044125071 3.21210561482312 0 771
112.254762166187 3.43931065898646 0 771
112.960143422771 3.22462072934169 0 771
74.1979470483272 3.32840138562999 0 772
97.0483328629953 3.34682326964606 0 773
67.2720134159509 3.50352091225547 0 774
67.2572186401094 3.12615948696341 0 774
112.016498193125 3.26596990445201 0 774
113.556903812986 3.15545210158688 0 774
113.62820445558 3.24583621636878 1 776
67.3709316249472 3.2316217594275 0 777
67.6471544873804 3.07123136457026 0 777
112.203200494245 3.20747569543282 0 777
69.1853199739098 3.32145956873729 0 778
0.0653944207487939 3.02678544604306 0 779
76.4289787292629 3.00021798049539 0 780
96.3066499702345 3.09081033029413 0 780
67.2717734197101 2.99554668520704 0 782
67.3561569864279 3.15394784390031 0 782
107.068167573498 3.08699910430385 0 782
72.8023607020879 3.08677043257919 0 783
109.710432528237 3.56197273713701 0 783
64.5731633790981 3.76332001381004 0 784
78.7864851483484 3.1486819924373 0 784
109.529925121601 3.52150429061727 0 785
112.996710645567 2.99609791271835 0 785
7.41253837793142 3.24957006683111 0 786
65.8798064879507 3.03721111837062 0 787
76.7923363860102 3.02794259442939 0 787
113.053365572502 3.49807825796812 0 787
63.9320884263888 3.13261011556746 0 788
109.519751498557 3.05725485692373 0 788
113.919714189115 3.77723809144157 1 788
0.583369279655425 3.15157649683818 0 789
112.548449453318 3.20497025295845 0 789
13.6475825626218 3.83076951651806 0 790
64.8736504171066 3.06027832849159 0 790
68.4915511545907 3.41925298387347 0 792
97.2570231147387 3.63294167560291 0 793
67.5423324396888 3.24249864865514 0 796
112.883128924255 3.14183403027518 0 797
67.4171639202464 3.69427549507611 0 798
113.182586374081 3.24555542473123 0 798
112.150962233604 3.64476818965457 0 799
64.3282573227742 3.02448293119096 0 801
113.032943349631 3.24645695957951 0 801
64.2834336887806 3.34492828208998 0 802
71.3733190410015 3.17347502594751 0 802
71.0807206359555 3.27956755066477 0 802
96.6246056052155 3.08093153881863 0 802
106.041697147568 3.03825021361921 0 802
112.65478734116 4.10924680770582 0 802
74.4910646074441 3.04268595060459 0 803
67.3122357598908 3.08753441740385 0 804
67.5222015847833 3.54590665654433 0 804
71.0169090515009 3.06215143347269 0 805
109.245663739778 3.99039002277015 0 806
63.7603521262367 3.07177472029095 0 807
72.828554899132 3.34163073933211 0 808
97.6686173194292 3.39983272947686 0 808
107.438008628234 3.39248243936278 0 808
71.2422108103085 3.05972477346662 0 810
113.214711537533 3.34470717766978 0 810
67.4372342843691 4.09764827894051 0 811
67.26747991893 3.14882945424878 0 811
113.793288736818 3.13583462603442 1 811
113.387170936392 3.05298619402262 0 812
113.524767355974 3.01171804099014 1 812
67.2722337267098 3.3249860029256 0 814
67.5245391525566 3.19718281915216 0 814
67.2781946293252 3.05820120672891 0 815
67.2984785088505 3.11782737715476 0 816
68.3088869503777 4.276748164319 0 816
68.2076041048706 3.05543872956226 0 816
67.522564519141 3.17854451847006 0 817
113.94457231949 3.26939701491648 1 817
80.977762065968 3.50629065868702 0 818
113.879201815211 3.17884526715163 1 818
71.2620384695075 3.66369807107221 0 819
104.291287564551 3.47406186884711 0 819
69.1956473788844 3.43017821590686 0 820
64.3156196047755 3.99883795286615 0 821
69.0087250666416 3.30274222477012 0 821
84.1414558682654 3.21028462976207 0 823
67.2950080184885 3.12499294588831 0 824
67.318195073538 3.28946324124844 0 824
67.3448507658101 3.70055579980397 0 827
111.897425691545 3.33508718503177 0 827
114.208583059469 3.02089037105978 1 827
112.471271046026 3.15172760586273 0 828
111.926852466827 3.2515681982495 0 828
73.7268375853431 3.52019307576743 0 830
113.092055144325 3.51921066593683 0 830
109.734381124722 3.04596556539277 0 831
66.6229886350916 3.33067951494017 0 832
68.2409931896319 3.56608954330218 0 832
109.733367278987 3.21253942778419 0 833
68.3672969360313 3.00125772678447 0 834
63.7623957844275 3.02493702301354 0 835
113.62064555332 3.37660003216581 1 836
113.692566467908 3.13542332696878 2 836
1.14843418355813 3.01953440720509 0 837
70.9777946950583 4.05931605225796 0 839
77.5007886478852 3.21026735242073 0 840
112.140317603281 3.74535615508827 0 840
3.04367754038824 3.08491159367105 0 841
64.2209868564902 3.07785417068927 0 842
67.2764108860614 3.07769832696777 0 842
109.787577747107 3.14612869583557 0 843
97.8963836151253 3.25356598342494 0 844
67.2783908927225 3.43558498246624 0 845
66.4514358323693 3.05471144553158 0 846
67.2822956675392 3.45619324445555 0 849
113.002777363316 3.74922915166204 0 849
67.312832851521 3.12340067564714 0 851
113.859460543356 3.30414212179651 1 851
69.1331727497454 3.49276607144135 0 852
109.634550526675 4.31763827954543 0 853
113.904439756395 3.10302565072336 1 853
45.7858445877504 4.13611146233075 0 854
53.4173682823196 2.99448416992245 0 854
112.376000786577 3.50290380845935 0 854
114.078003201877 3.42512049417859 0 854
68.9570741807117 3.00569947439294 0 855
109.692296085903 3.06849356809501 0 855
67.2947021520465 3.3800184596426 0 856
69.0177097812774 3.93687494688075 0 856
113.369437179742 3.19507908925479 1 856
0.877740385808775 3.16051951341693 0 857
67.3772041957051 3.1814829554525 0 857
113.210488778916 3.48353839726287 0 857
69.3189415891268 4.97457603948449 0 857
113.045779569996 3.64287428450947 0 857
113.586952887922 3.27809513513097 1 857
111.951554665973 3.0624401871841 0 858
113.449558263725 3.37406631223877 0 858
67.5053588072218 3.88070670567604 0 859
109.892078361837 3.62697351814957 0 859
112.54810256491 3.78388339168551 0 860
112.77048565462 3.10657736182445 0 860
101.793200477294 3.14380270467249 0 861
110.778212925006 3.02345755515625 0 861
113.71713843218 3.31346068025326 1 861
113.396018903217 3.65877973660079 1 862
114.130251119127 3.42911515104314 1 862
113.457440569238 2.99594890494844 2 862
113.138841792583 3.1878095021586 0 864
67.2975893976961 3.0090432419297 0 865
71.0244304046916 3.23593944986217 0 865
112.548664304692 3.0676918259222 0 865
71.1242018362407 3.01597378316676 0 866
114.20716630293 3.22562104496707 1 866
67.2531989424354 3.00285142099675 0 869
112.593191340351 3.57258779048029 0 871
66.7330739867319 3.12481450495671 0 872
67.9020547531352 4.03027773375458 0 872
74.8092312947441 3.06096532154896 0 873
112.881614069301 3.0998371229525 0 874
113.676012474391 3.18774609893907 0 874
67.3789129428083 3.28610200713285 0 875
84.2476168901029 3.23840179165492 0 876
108.42789065808 3.4675607235304 0 877
114.110084932278 3.24704685262773 1 877
114.14298958755 3.552460392503 2 877
1.31698337517068 3.25416846417682 0 879
67.4471777741645 3.02209476335174 0 879
67.5925193320293 3.39965531782232 0 879
74.9395818816253 3.12509181201084 0 879
112.681194231179 3.04935005604775 0 879
67.2906902346128 3.21892255422487 0 880
67.7918358655388 3.29016625063347 0 880
67.6024585498967 3.18626276671592 0 881
0.000699039050078799 3.16260525840421 0 882
84.9593336693802 3.32998808136249 0 882
75.7767782683547 4.18787562763179 0 882
113.384468929124 3.01426220958933 1 882
68.4079575450357 4.69076710329463 0 884
112.168424339052 3.16727824459632 0 884
112.470044530808 3.3806909776816 2 884
112.453960286193 3.18193166507616 2 884
112.179899324342 3.34950627218878 0 885
67.7146547334829 3.10991147741394 0 886
64.2662777971254 3.5214051967035 0 887
67.2698559609773 3.10675902097444 0 888
83.3523375053059 3.54249862832854 0 890
68.07002114756 4.17830127644129 0 890
107.014356672919 3.06231701082064 0 890
67.7260630968837 3.22060612704113 0 891
112.552411987812 3.6658626618799 0 891
10.2423718152879 3.05620449194203 0 893
67.5253243206896 3.70261354718663 0 894
97.6601114433632 3.12998800332241 0 895
111.553416509559 3.4741914725318 0 896
114.140904531795 3.23071311817941 1 896
67.4099157562225 3.03623197790097 0 897
111.060823944002 2.9996686746102 0 897
112.364433620594 3.03711501370434 0 898
113.072484308079 3.03502285984986 2 898
67.2607428469834 3.3060497695977 0 900
87.137171449257 3.0453305514477 0 900
113.766658566873 3.14913065373845 1 900
69.6832151145247 3.411416226875 0 902
112.552192247383 3.95933959731532 0 902
112.804950536899 3.26967251033851 2 902
10.4072817278583 3.19208300624784 0 903
67.2629378956159 3.3069623942263 0 903
107.466143582656 3.16038838082588 0 904
71.1430446555905 3.31848671234488 0 904
97.6647107248627 3.03575280684997 0 904
67.590571789442 3.37661983954639 0 905
113.798622185111 3.3929625260477 0 905
112.583409432696 3.52990410222058 0 906
112.559683860184 3.60902740845122 0 907
114.207779664527 3.00540986512458 1 907
112.563004889874 3.10093162327512 2 907
96.3723482736429 3.24162617603225 0 910
112.561945110434 2.99301574435965 0 910
67.301395068144 3.01052723437963 0 911
67.9965656074346 3.54992878695074 0 911
67.7587245111638 4.08808326550023 0 911
67.6418726228899 3.28954613218575 0 912
112.853175002749 3.45293279063605 0 912
76.3034915318891 3.27485618752921 0 913
102.870506456856 3.03209307077845 0 913
106.346272726706 3.16441935985592 0 914
113.557420164708 3.66351809624184 0 915
112.945709434517 3.13253999021757 0 916
113.495381288677 3.05071734263384 1 916
67.2711818395189 3.15006208597163 0 917
67.2761363816508 3.15854872570521 0 917
67.4577435954411 3.08983912803154 0 918
82.4015869042132 3.72098819409445 0 918
67.3149634660153 3.13964903888648 0 919
67.5020880598808 3.08470692192997 0 919
67.5460448645647 3.55427965825226 0 921
0.46631966612488 3.63855186961718 0 922
69.7642631483047 3.11496520929728 0 922
63.7501446045933 3.68391757446136 0 923
67.4415189424916 2.99001988309329 0 923
67.3514328577257 3.0832690036233 0 925
112.550928643915 3.39291291595011 0 925
111.923461790847 3.67408824993694 0 926
113.302254140125 3.00303199332496 1 928
67.7534532670222 3.93636343100453 0 929
112.909763478269 3.16149652180298 0 929
113.023683226335 3.66475911578246 0 929
64.6648825472703 3.14714025763812 0 930
68.0377113948552 3.96530715232028 0 930
102.402944011132 3.02558689280137 0 930
112.709235598011 3.22730248589538 0 930
67.5313898566017 3.09753402968973 0 931
67.8641711374389 3.4955791166578 0 931
83.0653630516451 3.2667901921918 0 931
72.007546044377 3.11282320829976 0 932
112.761198640439 3.27884168371882 0 932
46.146595980588 3.16792091204298 0 933
83.0626347491251 3.54855043104423 0 934
110.616292323427 3.72982691934154 0 934
69.7140036450141 3.46461003671663 0 935
112.589530573525 3.45559345396017 0 935
108.351700113224 3.03399686123027 0 937
112.975643130332 3.04754249250458 0 937
67.2575926037002 3.13405453120636 0 939
112.316282551546 3.06930527126784 0 939
77.8738619776424 3.16258560735224 0 941
112.82183462965 3.21360270335828 0 941
67.7826407775842 3.30832080671546 0 942
91.4447345262075 3.01496306218209 0 943
72.2265203204907 3.03286888347259 0 944
76.1176736689264 3.20848736877988 0 944
80.9661161815412 3.12430921437296 0 945
112.142796309489 3.42098067347257 0 945
113.450545878829 3.81014238586589 1 945
67.2580083181169 2.99633378826554 0 946
112.773524592384 3.73802376094087 0 946
112.55126686561 3.16174788033768 0 947
113.963359822034 3.30999911571489 1 948
110.836297184298 3.20621112662267 0 949
69.2617210516337 3.12362328213853 0 950
112.543772713859 3.57580925784115 0 951
66.5509926681922 4.0989613253747 0 954
98.5942327386406 3.06113938197657 0 957
102.853099119169 3.02568458333925 0 957
67.7096016350181 3.59060616641253 0 960
90.8119509913756 3.77266469811483 0 960
68.2029646896106 3.25727902055779 0 961
78.1447853363797 3.01869242999654 0 961
109.541988468466 3.09888332512399 0 964
0.91577063622687 3.03557548558633 0 965
113.720702334986 3.27930301793833 1 965
67.4840062926556 3.35150959639898 0 966
110.698868928012 3.35280077803474 0 967
112.648109241592 2.99160109988168 0 968
113.486277931351 3.1971177349456 1 968
67.5015694516709 3.27506313397421 0 970
63.8510688360582 3.32212102297086 0 971
67.6941920332282 3.18814123995805 0 971
97.7009967574241 3.621797555336 0 972
111.902544464158 3.35847148939994 0 972
0.104304763426297 3.17249423805172 0 974
68.166954189434 3.27997826271867 0 974
69.3270473919471 3.20706678977037 0 974
112.568936954317 2.99206840114567 0 974
113.029371052433 3.020649080421 0 974
81.0951065131601 3.96117956043592 0 976
0.74419401889255 3.03438806373477 0 977
67.4038618858088 3.02868470180575 0 977
67.2685098476792 3.14250686202562 0 977
113.66722464443 3.0904653157722 0 977
113.01128856869 3.61148065701293 0 977
67.5892800113531 3.34112166459615 0 978
91.2462447248443 3.14224273992094 0 978
112.553806113332 3.05243042035504 0 980
112.581603264052 4.434705554476 0 980
67.6478955325874 3.03457334919355 0 982
63.7445471891658 3.17856667153724 0 984
67.2539760091218 3.07161731631295 0 984
108.202462563505 3.3706002508883 0 984
112.25556173501 3.09577605566335 0 984
109.936077060956 3.00915968144892 0 985
110.811924136244 3.03906211460159 0 985
113.22313782742 3.70603087274804 0 985
67.3127052712481 3.47343005930989 0 986
113.510575280505 3.34743711515184 1 986
113.512821842848 3.82213786609052 2 986
113.563393743088 3.28900545392411 3 986
67.7362952408804 4.45369450266046 0 988
106.024032678613 3.50326479304514 0 988
109.542449229183 2.99519054182005 0 988
113.858915581581 3.20362440508514 1 988
114.053947728108 3.21777750166887 1 989
72.041580499731 3.02705255428646 0 990
78.9306565586889 3.40843947438577 0 990
109.530014719889 3.00300722225581 0 990
67.5689457274448 3.7103226490329 0 992
79.6945936363186 3.22017638725843 0 992
112.580188550498 3.1229004187206 0 993
112.583343716418 3.11439538832228 0 993
113.021407323143 3.25787068708784 0 994
113.006626085436 3.7885267586691 0 995
112.546111288933 3.46221111702664 0 996
67.3660917392714 3.22676422686257 0 997
67.332659647038 3.35223576613385 0 997
111.920903266445 3.12799280774563 0 997
64.7348004116334 3.67167004238487 0 999
67.8479020514155 3.43264896994063 0 999
72.8085091522407 3.24166677381433 0 999
67.31552889146 3.16221503931283 0 1000
68.473521328569 3.24811762706502 0 1000
