"ts" "magnitudes" "gen" "cat.idx"
43.3474649190061 3.00342904966289 1 2
43.4677639126288 2.99704524102621 2 2
0.0578763818757157 3.19246201936492 0 4
10.0968805475444 3.15075859371553 0 6
14.1976977648835 3.12038636066423 0 7
0.409549928312074 3.15451452679048 0 11
0.514249238651331 3.25886807198738 0 11
11.1712930457329 3.04093445527826 0 11
0.0572095647311639 3.453410208155 0 12
5.09651506710404 3.05381262478008 0 14
28.5816339994808 3.70634183344928 0 15
0.506510708972989 3.17459782585971 0 17
43.8106171993163 3.71562415705295 1 17
0.105279428145281 3.53007309633372 0 19
42.8374476653791 3.24968478429426 0 36
1.96863005415633 3.6057559268409 0 40
0.0414541584589517 3.16173659150317 0 41
43.9284905287527 3.82781643266555 1 41
43.133555891141 3.46928542617661 1 41
43.9365971123635 3.09613241537081 2 41
12.1403683778161 3.54011470991616 0 42
26.8183262201341 3.35194360764896 0 49
1.38138814696232 3.089351660864 0 50
0.080858404555242 3.31204052350373 0 51
7.61587032640663 3.64522848713666 0 51
7.86845919679077 3.17536735072988 0 51
0.134496375831481 3.07458126924552 0 54
0.239310567709306 3.10071322864151 0 57
43.1644054496751 3.10772822746131 1 57
0.085071016080393 3.45905663058579 0 59
3.43581692679142 3.01607733467188 0 64
22.5601280675149 3.49634889995492 0 67
1.13078506549559 3.04966542012229 0 68
1.10789133371401 3.16433593975729 0 70
6.99095944335817 3.41283327122187 0 70
0.885177156909749 3.01037843325109 0 71
43.0763895729646 3.19450393750439 1 72
1.6843146499433 3.05883207538556 0 74
0.00264646439127836 3.2061806228506 0 76
0.181377775239711 3.07322297374867 0 76
0.0287862242628088 3.21750151531839 0 78
0.521580029520686 3.02473172116351 0 84
1.19099788372352 3.25206007926174 0 84
42.4538884605135 3.19850312592946 0 85
0.29982702467542 3.01165621682791 0 87
43.7365889564712 3.5091719111744 1 92
2.79248834784042 2.99365085507248 0 94
6.05075050884613 3.3065933687201 0 95
0.488534894295461 3.24674197954555 0 96
0.333956192341396 3.01798596251429 0 99
43.7156745934949 3.31693220376807 1 99
0.290936366470852 3.70636256656016 0 101
0.08546122835661 3.02621762331215 0 103
0.00405107163534709 3.05146613517913 0 104
28.6043526595383 4.35094754366836 0 109
4.60025706684835 3.07135195864185 0 111
43.3867640021812 3.16245479620432 1 111
0.108975929590292 3.07447517483285 0 112
37.754910573271 3.08940675828943 0 113
42.3111748807132 3.32402510373889 0 113
43.9212214609738 3.330630441692 0 115
43.8560130536708 3.14023227155372 0 116
42.5956255368383 3.19815472186388 0 118
0.0739915616801139 3.69811444558664 0 120
0.101514935438415 3.03086136251711 0 130
2.20212055879399 3.48221829745419 0 130
1.0267131679609 3.01057642419669 0 132
0.0809563005669802 2.99492584188039 0 135
43.0844994200483 3.08700922704391 1 135
0.0824774813539549 3.27827108509805 0 140
2.12509206681926 3.35523832997497 0 145
0.0579815932473651 3.19746610159531 0 152
42.6904477396165 3.25917386277895 0 153
42.6023672984448 3.24916489183219 0 154
0.175123877858001 3.17329956690221 0 155
4.15903702418079 3.15504423205593 0 157
31.5381476620454 3.06998826347667 0 160
44.0150049870458 3.12154441701019 1 160
0.0460588479626342 3.50042898707381 0 163
44.0058668923188 3.06418563765259 1 164
43.7529522647705 2.99503630334498 1 166
0.0154830200105335 3.3784568189029 0 168
3.68005250874399 3.04153937384462 0 170
42.0817637423227 3.16609686418327 0 171
0.0346258468434073 3.00811808906196 0 175
42.4597513831099 3.34201427067937 0 176
0.25340153704971 3.74832024970387 0 178
11.7854299170237 3.72840319588499 0 183
5.51072307411997 3.11312416797202 0 184
43.6393464870375 3.22912580497897 1 185
0.928531278817985 3.61749688551473 0 187
43.4265078077182 3.02989426324266 1 187
43.5136361084037 3.10296989459225 1 187
43.5241219580373 4.63738118445528 2 187
43.7604415687038 3.27016233034218 3 187
43.5241690064503 3.1583596474598 3 187
43.5328166617517 3.18166457809552 3 187
43.544797177858 3.17545464844463 3 187
43.5521672913748 3.20547414915763 4 187
3.78338151930853 3.30136306898914 0 188
30.8991212636584 3.66734787094163 0 190
43.0808472851381 4.05198461114062 1 192
43.9101301523947 3.00431835275561 1 193
0.00324944171100275 3.36436632294996 0 198
0.539880064793366 3.05989787751482 0 198
3.00725833885786 4.02388814701921 0 203
0.0571931434709892 4.23001218018383 0 203
3.2142720302939 3.16430692201593 0 205
2.65982309726216 3.03372674164059 0 208
43.3755254991442 3.23931079770234 1 208
43.6983483141844 3.05316881780498 1 208
3.28015115615492 3.16104283844514 0 209
2.15628597074266 3.14409443128444 0 209
43.218681321628 3.1099787070677 1 214
0.183409303023159 3.0176711624958 0 218
42.8285766423131 3.53850550968961 0 218
42.9949773268128 3.16209093363233 2 218
0.149216251869305 3.18523764380631 0 222
3.47550719005638 3.29898348340238 0 226
1.07948134764238 3.45153279802592 0 230
4.45012437989606 3.32294223474606 0 232
1.83277175844971 3.36041805511407 0 236
2.12546602182162 3.41677769630992 0 236
43.3799498657786 3.27662975462019 1 239
1.5534678204746 3.55456997442263 0 247
43.8646861488555 3.36143621791633 1 248
43.8930803850665 3.56296835771685 2 248
0.00796410169142081 3.58831151190841 0 250
3.00196224069203 3.9436175697785 0 255
13.8424576209412 3.03936190895151 0 256
0.14847295426317 3.21631974250427 0 260
43.9462035504725 3.49137985139082 1 260
2.95510493030246 3.50431203833616 0 263
0.024352009269297 3.24920633951978 0 271
0.958682276823803 3.01719933411422 0 273
2.88097124729054 4.07055895403046 0 277
0.00235034263759079 3.12363712706705 0 277
0.0764468407773583 3.38917078916513 0 279
2.30022936729349 3.00331675457558 0 282
3.25219518347449 3.08770604927103 0 287
0.0158124482073687 3.31684102960306 0 290
41.4624036871286 4.26919485390996 0 290
0.0623250589159425 3.61175996171089 0 291
0.0734274950927143 3.04331459188647 0 292
0.293651190769713 3.81017002370173 0 295
0.0185212943553056 3.05393154362517 0 296
43.6114756345373 4.22437783521665 1 296
43.6117898525805 3.01774377798487 2 296
27.9707096054474 3.39360415654072 0 300
0.0331280207059343 3.25798351824885 0 301
0.0884326992266131 3.10120506314902 0 303
0.576889014013032 3.85470271700373 0 308
42.5451571573538 3.69244980144672 0 309
0.709294890902468 3.04836412772142 0 311
0.240014413058754 3.07508151641374 0 311
20.4056848854452 3.25332518370947 0 315
43.873559324918 3.95287105498108 1 317
43.9311290207681 3.26856165987624 2 317
43.8811659733818 3.07542480980611 2 317
10.1724816903125 2.99445366872557 0 318
43.1238903588705 3.18516459017308 1 319
43.9669917067731 3.58112441328282 2 319
0.180455891666556 3.28755064018432 0 320
1.55043712905975 3.61182731025864 0 328
0.447492402037295 3.09731787417731 0 334
7.61174498458189 3.0768337347599 0 334
42.7817440071291 3.36264767336814 0 336
43.9153157504365 3.1228252427476 1 337
4.65233731863123 3.28044257293025 0 338
40.9145984689114 3.66093804396772 0 338
4.22562839614007 3.10232424180478 0 340
43.4202061432038 3.17020027622802 1 340
43.2406697158326 3.08591901976833 1 348
0.00475455264366824 3.55223872248545 0 349
0.826986400882051 3.06907407791235 0 349
0.0454725543413 3.00902865716694 0 351
0.0356170804743972 3.94477436245539 0 352
1.88933633134172 3.05648962291044 0 352
27.0222181572161 3.22367557030854 0 352
9.82872985159148 3.27952131297142 0 355
1.45494540714548 3.64612916110933 0 356
2.14018325297899 3.04235795416729 0 356
9.4324589637044 3.28606511009336 0 357
40.6477715695108 3.28429604319657 0 357
0.0557386002622821 3.11448615744818 0 361
20.6174309284636 3.23861514355114 0 361
42.4634273868033 3.09618268441168 0 362
25.1333510310051 3.43114175428039 0 363
2.06955877812219 3.12028520070439 0 368
42.730563611953 3.03925192631904 0 369
0.022766124829459 3.93434588301129 0 371
6.02891543755208 3.00539092056285 0 374
43.2843079195913 3.0657604259013 1 375
39.4711242734301 3.18096158135085 0 377
10.627467097736 3.07272913025504 0 380
43.0501149326187 3.19803095398649 1 380
0.0499270347267365 3.37663252640102 0 382
0.0105539995219962 3.79582067728381 0 383
35.455603818462 3.09170617216756 0 383
0.0470693193841694 3.32603502638967 0 387
43.4045646071058 3.31158404310753 1 387
43.4199712839971 3.67030044265042 2 387
0.0739730672104723 3.00471127639258 0 389
1.41373388342224 3.05874572367099 0 392
43.121362609239 3.04744875567803 1 393
43.1591237098068 3.87905180249731 1 398
42.468413948 3.04514272032268 0 402
0.00568019859004227 3.02023962754935 0 408
4.68102778758327 3.58481971855243 0 410
0.225130360210198 3.66363764885149 0 411
43.9003001075793 4.11167813451217 1 411
0.160529593881998 4.38865647726477 0 413
0.10679598365793 3.77933725261618 0 415
43.2756578427829 3.8148767385894 1 419
43.1628373688177 3.07253223603343 1 425
41.4627714352956 3.46390223832043 0 426
1.30100800027509 3.21335149857701 0 427
0.00445770167370581 3.12755913445024 0 428
19.0594018008762 3.51248841197497 0 430
42.4773263653438 3.01883991074317 0 430
0.771061357424923 3.03201306112786 0 438
43.8001179345042 3.03944773199665 1 439
43.9094947871376 3.47561759316009 1 445
43.9579739531658 3.09970288742025 2 445
0.694749377527684 3.88088471185656 0 447
0.156110038720995 3.08365817335021 0 448
0.0267418535290528 3.10921082364797 0 452
0.276520447430989 3.29776689959227 0 457
0.671537896664628 3.08385495855944 0 458
1.46761756668215 3.20872058577291 0 462
4.28574605963896 2.99862340886013 0 465
16.8683015419323 4.53426544567318 0 467
22.3090793847734 3.73405346326099 0 470
42.4539319439465 3.17898238567434 0 471
42.4610288806357 3.35670862071258 0 475
43.2431858450972 3.38491383410641 2 475
43.2643705201645 3.202472132783 3 475
0.548059161873058 3.09306476005113 0 476
0.981509777513121 3.44208383380121 0 476
0.234958939937432 3.09834889803761 0 479
6.37631813423639 3.52913295690923 0 479
2.42821395236143 3.06039069612883 0 480
42.4728570100185 3.07139099898625 0 480
43.8149835361723 3.17058007598705 1 482
0.201030114286263 3.23309201534457 0 485
2.72610015496415 3.27275095281746 0 486
43.3916201294955 3.05449983979006 1 490
3.38009256456357 3.14761229481714 0 495
0.18336825708152 3.08679417458751 0 501
1.93035317660338 3.38315681774427 0 502
0.00410655900700073 3.15899367889772 0 507
43.2013805705678 3.75190453918355 1 509
1.38965240820901 3.50788989857885 0 511
0.140955216124904 3.26466750300406 0 513
0.408116091148182 3.00738596808368 0 515
40.4105155894996 3.09008044697614 0 519
43.3847728577998 3.04235474086865 1 522
4.41682407562682 3.00174665542785 0 525
43.5009330007337 3.07071656084338 1 525
0.244326892939826 3.03383404028114 0 527
43.220665415432 3.56728935897128 1 531
0.857689801712789 3.2716060314442 0 533
1.00378905035845 3.96230756278402 0 535
43.0915290501774 3.24014758646541 0 535
43.1652189513292 3.03316929648152 1 535
31.9789806022622 3.25570222185542 0 543
43.1441225834746 3.14799850101967 1 543
30.5155510113365 3.43561149107277 0 544
0.120424218103044 3.4213827955033 0 545
1.07095789653067 3.26538472918968 0 546
0.0420485429709916 3.29305420897166 0 547
26.1082949706005 3.00939973130508 0 547
41.0733384124575 4.64750119597931 0 547
4.21171337896463 2.99242986622448 0 550
24.4160436773762 3.44232508255983 0 550
43.9382997554817 3.56373537557292 1 551
32.1684439174288 3.21021716487675 0 554
0.0604743416483558 3.08496972274965 0 558
42.4629626770791 3.04775143828465 0 558
32.2124267555841 3.26486599964706 0 559
31.9981963656048 3.25181870802671 0 559
43.7033513990786 3.2053450112712 1 560
20.4200558546819 3.05838298312036 0 563
3.33529399390233 3.55974669585412 0 571
0.0371796067328843 3.13026318742838 0 572
42.5474689965395 3.12346642045224 0 572
1.916304267395e-05 3.3517819914882 0 573
22.5511621444183 3.54948483732128 0 576
42.6296518420471 3.19164117568907 0 578
10.5158840152178 3.53571158729061 0 580
0.0995676716740962 3.93003344836773 0 585
0.0554966334517851 3.29549280384666 0 590
0.0637660890956947 3.67357269452845 0 592
21.4064855983472 3.03972119601958 0 592
43.7686256504707 3.15237481601479 1 596
43.661633791085 4.06415803171457 1 601
43.7109531648748 3.29318372148205 2 601
0.000216179097422876 3.44625625471586 0 607
7.35822604357017 3.24275038202389 0 607
41.6100868618646 3.10393085457626 0 607
41.757467609352 3.1654203521111 0 608
1.5160088486505 3.23864863332484 0 610
43.941386744063 3.1643737986997 1 611
0.00344477057370358 3.71968656841222 0 612
23.2665445925542 3.12985762404774 0 612
6.30225926474861 3.73101050742439 0 613
42.6471587135956 3.79089668176453 0 613
43.03414099039 3.27387143966498 2 613
43.3464428852192 3.03100147518547 3 613
43.1666116686463 3.68851794471137 3 613
43.0810732158456 3.02700541643214 1 615
41.8863704617756 3.92679233280287 0 616
0.672954756382828 3.1262572411234 0 621
2.7699338113873 3.841765969262 0 627
0.380966317990943 4.41847825666873 0 627
11.0394460494282 3.63747272956703 0 627
22.5853477073524 3.05315270035529 0 628
14.3631751703124 3.31051536216702 0 630
32.3546138061346 3.89900307628303 0 632
43.1647609979004 3.16156607924979 1 632
43.2106594196124 3.28042921078596 2 632
42.4723109162205 3.33048855529808 0 638
41.7391505192559 3.07114401944813 0 643
10.861438351461 3.51999558152142 0 645
0.0508546600393175 3.00811486007373 0 648
41.5058181412335 3.27659534610117 0 650
43.9079862529502 3.17159366890405 1 650
0.664685180900447 4.82884519777423 0 652
22.5785734069416 3.15590278379891 0 669
43.8526184925899 3.48858729396598 1 675
4.40150395363426 3.61835027250571 0 676
43.6770106404178 3.97414337657037 1 676
43.7623290534822 3.15098007500447 2 676
32.9357736930282 3.15465243399794 0 683
35.5966551264123 3.42174764073392 0 684
4.13651956790684 3.09497652978727 0 686
43.664420289369 3.082239193279 1 686
23.5324497404704 3.00775966397884 0 687
43.0278975047726 3.30658930985085 1 687
43.0350785828358 3.27094778255311 2 687
0.053713528588421 3.6476899223491 0 692
43.2905571513433 2.99947021346692 1 692
22.639105167919 3.44363955053426 0 696
1.79303227273117 3.09460439452323 0 702
8.6153662346824 3.31530480551491 0 707
1.15608990356006 3.6061001788064 0 707
43.5234966849998 3.1344883976403 1 712
6.72285277570562 3.45736606024633 0 713
0.032145081983103 3.14515878707107 0 715
0.0502498663374819 3.1981102634909 0 718
0.0539362208122997 3.53598116871239 0 718
8.4699503445694 3.12063211146418 0 720
1.94687860074763 3.17664945046093 0 725
0.619719200281281 3.1946327957565 0 726
43.2078756430742 3.02852587357859 1 730
41.959071510625 3.4306346851557 0 731
0.0448707830447823 3.03358226668791 0 737
43.7517497650437 3.10527283954113 1 737
7.49605922998945 3.18925715949549 0 738
43.3277929443024 3.54672143703311 1 738
43.3382948115548 3.0017967423883 2 738
0.506432161796653 3.89036393966756 0 739
8.22205503163071 3.16058890453738 0 742
42.0737312095219 3.01466925785382 0 743
0.602246738526682 3.12814000298143 0 748
4.04347444886491 3.15679905057714 0 748
1.36228991686468 3.39835368505532 0 748
0.0465986713667259 3.21397066743562 0 754
1.69759080601552 3.47248241800067 0 756
8.75663998082514 3.25176140132837 0 757
0.146510355927271 3.20342023870489 0 763
0.375228692242711 3.2016389402071 0 764
43.1261667317335 3.12877779490924 1 771
28.0863212744899 3.01270814267205 0 777
0.0432166471227169 4.39205785862704 0 782
1.59588531877755 3.21915003505659 0 783
0.0255365673482242 3.28947032966334 0 784
43.9034944436603 4.27555670134373 1 785
43.9455869035514 3.08149739295507 2 785
42.4819219019341 3.09444005087676 0 787
7.61050147478358 3.36834879317844 0 793
43.0920984187719 4.04838722315166 1 793
4.64626879102726 3.20111171561254 0 796
22.7306747270407 3.0074384487821 0 800
5.35091920884718 3.43954583811566 0 806
3.39359309641641 4.53815792633813 0 807
23.3836049645603 3.61403775988313 0 815
14.5572452962348 3.21782131730706 0 817
9.8404138985785 3.35291490387337 0 819
9.51237637735773 3.6953364961927 0 824
1.73951757027104 3.05161827946265 0 828
41.5170073652182 3.47638508169324 0 828
43.7902244349566 3.03314461109941 1 828
44.0038000310326 3.48140628007198 2 828
2.13614488966438 3.05188879731269 0 832
0.127362884145538 3.05002574363867 0 834
43.8691893193495 3.86239617762113 1 834
0.112257452252772 3.38729700630615 0 835
0.363253711450823 3.21954177068652 0 837
8.37858385164192 3.02452523338035 0 840
42.4582585052682 3.09746345338027 0 841
42.4760788343812 3.23253276965421 0 841
2.1710859012864 3.82904613871966 0 842
43.5315569279805 2.9907567724335 1 844
43.3020054822877 3.4201469451739 1 845
43.6490000047811 3.99571628887982 1 845
43.6588237581295 3.08449221336611 2 845
0.576825170953252 3.28771474369789 0 848
24.2201429553934 2.99661387384915 0 849
0.0838407354038505 3.10994776051605 0 850
4.82094558111199 3.15673010799257 0 850
14.7144272946763 3.7526132285734 0 850
43.9823026460685 3.90855486844294 1 857
41.4636992297418 3.01649136778947 0 860
42.4564642911841 3.02806494716928 0 862
0.12674445118683 3.01919448524452 0 864
0.867162557620573 3.00238583804739 0 869
43.0512886067476 3.74861974903969 1 870
42.4619233175169 3.74090637530782 0 871
43.8414136198439 3.00114875695364 1 874
43.6767954078127 3.51989429303428 1 874
43.7001072609944 3.45628777138899 2 874
0.354549969563323 3.14928605892183 0 875
42.712486537421 3.15520080638251 0 878
1.33687127197075 3.27741118738131 0 881
0.0392774813666945 3.03268375367249 0 888
0.448435599789322 2.99363373923885 0 888
43.3950205404867 3.10919360492985 1 890
43.1870631209199 3.45148133925159 1 899
0.743873584234998 3.14178856046213 0 900
43.9082704374191 3.25855695415547 1 902
5.25084074170084 3.28867088766744 0 905
0.801690985492109 3.41524983921353 0 908
43.0778254772626 3.70834168314692 1 909
43.3871810889612 3.13247677740992 2 909
43.2213963185055 3.19301428987795 2 909
0.0748026300348847 3.19790066235235 0 912
43.6674787077677 3.20317446376773 1 912
2.55865148986058 3.63314287600885 0 915
0.0194997141034678 3.17334955839744 0 916
12.3859338550289 3.06239341326928 0 917
42.6481966580677 3.7093984136722 0 919
4.28144333467659 3.724276391895 0 920
8.89052714128022 3.25468997070412 0 929
0.40690154984187 3.39037287631918 0 931
22.602001406472 3.11531870503114 0 931
43.2932868056555 3.03596145732097 1 932
37.8390409822156 3.36609329697941 0 933
43.8051859772854 3.11719916187485 1 933
43.945614944128 3.72068172942074 1 935
0.920491455743731 3.27363872513514 0 936
0.259493394829796 3.2760648481308 0 940
41.5195639836036 3.27756999680642 0 941
44.0128865648616 3.19502095712706 1 944
0.044307269329568 3.05403728217564 0 948
6.18589503887012 3.03306063617551 0 952
43.7351246896755 4.25620206690919 1 952
0.572141564659815 3.16821117913343 0 954
43.6537313507028 3.16176602581786 1 957
11.7688076050178 3.0226512461132 0 960
0.191337997673759 3.03687907944129 0 962
20.3956437515754 3.2639796439817 0 963
2.69107536420257 3.0347861306134 0 966
14.7126439918188 3.2580681597041 0 968
2.59291738156011 3.32846457904804 0 968
0.695682858255245 3.33289858233092 0 970
43.8352897720501 3.13081311028555 1 970
43.8730533356591 3.00222709900251 2 970
0.0231125170416741 3.73799994888108 0 971
0.403257491485678 3.13191824648129 0 973
41.464341367601 3.06849084647422 0 974
7.94749210256463 3.12127395564949 0 975
0.0865328691457674 3.4760570812383 0 976
43.1334648105871 3.06636786102507 1 977
1.45520473937788 3.04808100902946 0 978
43.8111566525508 3.32425768518712 1 978
0.00164700899172989 3.60623912101144 0 990
38.6479205828714 3.18413936683143 0 990
26.9186365452135 3.61965769405259 0 991
10.0446886485573 3.30766380564178 0 993
0.107786076889482 3.41374709739947 0 994
0.0194590039749168 3.34261234426411 0 996
