"ts" "magnitudes" "gen" "cat.idx"
0.0707977949840184 3.13115114775874 0 3
59.0462209506981 3.02382522792978 1 6
20.5015342509679 3.01321671070334 0 11
53.3507312695879 3.03853774389857 0 17
59.5593760187362 3.32845516388466 1 30
59.6203290719163 3.33639682586531 1 32
59.2589564278346 3.00222587973022 1 35
0.298444486275463 3.43617643601897 0 37
0.400528841451043 3.14584136838956 0 37
0.431524177364173 3.32179023132308 0 37
50.6536048491456 3.13071876278658 0 39
0.426376650783363 3.04137328467207 0 42
59.4589786202736 3.12515626854031 1 42
59.6358103157805 4.20654801158705 2 42
59.9715577740871 4.11396540874324 3 42
0.116449077560013 3.81671305842151 0 44
3.51960310682197 3.24632427429814 0 47
0.609139435033449 3.19902475361066 0 49
45.7004059079911 3.08483417432973 0 52
59.2777094022926 3.3165647044622 1 52
0.000211539980459821 3.10354473601337 0 57
59.9682681927547 3.01091253573704 1 57
59.0629791760907 3.17313272955103 1 59
41.4913792363091 3.06290842637179 0 66
1.26761186283285 3.92951346504891 0 68
45.9427216772192 3.24643490080657 0 76
0.00477253966373101 3.80313712782022 0 82
0.00819990334686566 3.02965364957343 0 95
0.177451421341651 3.12095673817617 0 95
0.207600271878595 3.4490023952345 0 95
10.3670063859235 3.98615962750776 0 99
59.5230932288427 2.99910344562605 1 99
0.00153386157950748 3.52410993195303 0 105
59.2217215941377 3.25447929029763 1 106
0.747734252071353 3.1886854709086 0 108
2.1595743737904 3.2861010794619 0 108
51.8053502339864 3.49303583078023 0 109
59.1680416869089 3.38526564589338 1 109
59.1911334259525 3.12669677765066 1 109
0.713667844579792 3.70137048027014 0 113
0.413253768497394 3.44302813746182 0 114
53.3579647367631 3.02075546658805 0 116
22.5786953164777 4.31017677544588 0 119
59.8098695307594 3.03478356921755 1 119
0.00111155120445373 3.01376589508959 0 127
52.3859393909532 3.27057407860464 0 132
46.6284314204581 3.10046473416212 0 135
1.94273984049587 3.39481667579982 0 142
0.0651967705930132 3.00494390185147 0 147
0.369352650407879 3.04196449734491 0 151
4.28660368010655 3.35858139386811 0 153
1.92977930236489 3.18583454068498 0 159
0.280984710647021 3.05935681146127 0 161
2.68097615370095 3.04746151675846 0 162
0.129608612496047 3.51936218290041 0 163
59.6630812840626 3.06379031863404 1 168
1.46374517057779 3.24260062673155 0 179
56.0424484414643 3.03390325856152 0 184
22.6314157056049 3.02545853371865 0 187
59.8844756729991 3.15464957835202 1 188
59.5792139863219 3.10171124656305 1 194
8.15945852212538 3.12553981003681 0 195
59.0346846554052 3.13869409726494 1 195
4.69350478937213 3.21325320574982 0 197
0.0907709094330742 3.12784233187032 0 198
2.09258072976907 3.25405733816414 0 200
59.8726878956981 3.00635591675233 1 202
0.00168116753526854 3.01858309994513 0 204
59.3583495345988 3.24453525783251 1 204
27.0443588490521 3.2726833382687 0 208
59.1083158589058 3.02879764931397 1 209
0.694657218521113 3.13753136635521 0 211
0.0946306177816433 3.15887745024034 0 220
10.4459972306901 3.40761615914243 0 222
10.6271352265026 3.03306268291666 0 225
53.5623330542338 3.10955589346054 0 229
0.0469004168183695 3.45818845054537 0 234
55.7997034889472 3.63737047732387 0 234
59.996764408806 3.00142724037835 1 236
47.0363892805551 3.03973425046496 0 238
0.27090427261165 3.37299285152229 0 242
0.00318097780523011 3.86506557593898 0 245
59.8718125344344 3.04482920376847 1 245
59.7604422370527 3.02103327449857 1 247
59.660398960495 3.37108182360393 1 249
25.0248246036573 3.36546365501263 0 253
2.56580836932082 3.60092917306407 0 254
59.2182547328152 3.53838164243099 1 260
19.2246151944298 3.27272634681498 0 262
48.3564089006602 3.74179377892022 0 263
0.0421067618532476 3.34895829283558 0 265
59.889783113645 3.30302481669195 1 266
53.6192263762865 3.08950005873215 0 268
0.825237112451491 3.17368749223298 0 280
0.0551270483563087 4.03262988308645 0 282
8.3331532040645 3.00835665158438 0 283
0.109405907513796 3.54288403433165 0 284
4.62694845828698 3.46500378607769 0 284
0.0649480652598149 3.13236120731238 0 285
59.8986926811371 3.098006662893 1 286
0.265240081695484 3.07748524667548 0 288
42.0181528073147 3.46136560083481 0 288
8.14904027505922 3.22793072272242 0 296
29.3658689719263 3.96312117686745 0 297
59.3200458832175 3.3672652922871 1 300
3.63341839655778 3.0867165250365 0 302
59.6354350095239 3.02293375345852 1 302
1.24884755850583 3.05794349385524 0 306
49.6471586088111 3.9152234104356 0 307
0.0211882293209138 3.10787389786668 0 312
7.84956319172584 3.7809889991131 0 312
56.0275832626554 3.10341230373416 0 316
0.0532638940725122 3.23844533735564 0 317
8.65580867500007 3.40913766099597 0 324
17.7565697581953 3.09970937308843 0 328
19.0578052788605 3.4088329023037 0 328
2.21012549825875 3.28886538833438 0 347
59.6049355998725 3.27855897279067 1 349
59.8580356730704 3.05507384115949 1 351
0.509310391413999 3.00182406713646 0 355
0.858834602893108 3.01687745999766 0 355
0.228434329076782 3.02990583270232 0 358
0.242716750478966 3.22153462331293 0 361
0.0147378919515801 3.31836363961478 0 365
7.09867984926395 3.68676776861694 0 366
59.1385840986945 3.0917140878686 1 366
59.6411235110458 2.99102982488649 1 367
53.5561718438691 3.93247868678814 0 373
59.0283835266341 3.97631170290479 1 374
59.1156778073055 3.18853285479733 2 374
59.111456622243 4.86451084611321 2 374
59.139911584433 3.10851841013832 3 374
59.2797693088716 4.25416779216049 3 374
59.4099635657062 3.10416280469574 3 374
59.1875000424265 3.23506318023777 3 374
59.1213005885075 4.34804879690644 3 374
59.2422660903093 3.13246766354268 3 374
59.9051355969924 3.31429843613108 3 374
59.1306918667657 3.3373209451914 4 374
60.0057103205773 3.07817575394553 4 374
59.1217363863445 3.10784326972854 4 374
59.1333774187196 3.82196328944469 4 374
59.9416524238508 3.30584743371643 1 377
59.5740417439115 3.18100708433829 1 383
59.3684157223065 3.05759930481314 1 384
0.206971935763249 3.04434279410619 0 396
59.5794894263704 3.26800395571759 1 396
7.69893926253666 3.52179219201223 0 401
59.9803134707358 3.17806747246755 1 401
59.3818584085997 3.05611391753714 1 405
46.2311159907925 3.34258162963019 0 406
59.6532215060756 3.1637249011984 1 410
13.3640915964316 3.46321513710548 0 413
59.9116066600286 3.44621858549963 1 417
0.215026845909628 3.03626733134439 0 418
59.2792268175721 3.02244350340265 1 422
5.46420169589478 3.05984765694794 0 431
45.765184018855 3.12788528168401 0 433
59.1779607577805 3.25443460848986 1 433
59.8876362955909 3.08828383420323 2 433
12.8374266910665 3.56462004282867 0 434
56.8714858448098 3.0243192947897 0 436
0.127056523678874 3.2915414041207 0 443
0.368835252825806 3.13625349204114 0 448
59.2396353168037 3.44374420841796 1 448
59.384552903622 3.33969896287703 1 449
2.11028392029617 3.50623609878928 0 451
0.0568400567082354 3.5731429358038 0 458
8.77311806276678 3.11717901332177 0 463
0.0811972594486303 3.04906076494149 0 464
0.0794661006911241 4.05846166427912 0 467
0.0810503024198868 3.39915314487343 0 468
0.791051072945409 3.13152537610269 0 469
0.126331805753544 3.06781978847936 0 477
1.66916952830103 3.28623830659664 0 479
59.7448275623933 3.13209812739331 1 481
59.4768464219846 3.23970141621483 1 486
59.6801843837925 3.07669111819286 1 486
0.0650179928648716 2.99134313752283 0 487
0.487139208325932 3.95252145463486 0 494
18.7214817685666 3.06228943580657 0 495
4.47956343747886 3.90360702772891 0 500
0.042291194616801 3.07294370248581 0 501
35.9429236133661 3.91315320389813 0 507
0.533059534629938 3.09187510422721 0 509
59.772662360137 3.93025855387852 1 510
15.1205547358681 3.36131142224256 0 511
0.168050133894943 3.30919772105889 0 516
0.225763770114199 4.00028666497867 0 516
0.0433544621233102 3.68436528064169 0 518
25.5927761694172 3.69585608523972 0 522
0.325978165427868 2.99041127595472 0 527
21.4870575289715 3.18684095823984 0 531
0.00208269425189004 3.06308067075388 0 532
53.3791562678346 3.03251038576901 0 533
42.4704708323284 3.57664960775293 0 536
46.1307556683124 3.18249918005263 0 539
59.9297918883708 3.01840762956014 1 543
53.4260241189942 3.60332010710174 0 545
0.799084381948882 3.05380844662524 0 547
59.2409218940042 3.05487419749251 1 547
3.09117822876776 3.0577395239066 0 553
5.3661423692971 3.21289124987188 0 554
11.3849101201795 3.56154462638328 0 559
59.1014886544176 3.3417268992171 1 559
59.6799133121126 3.00093167952831 1 563
0.736551576068254 3.0926734445738 0 566
7.77247801995849 3.1456997742029 0 566
2.4236279594599 3.67940707225651 0 570
59.3785307515968 3.30334544334745 1 581
53.4615215346395 3.13206951138013 0 584
23.6465217800802 2.99484327309921 0 587
0.0151230399966425 2.99454179153001 0 589
59.5760572833564 3.06609579061545 1 590
23.9117385957498 3.7848461178769 0 592
0.164155309550907 3.06582676375995 0 596
2.20263695385787 3.07684619621049 0 605
0.0809957989612698 3.57346297985945 0 612
59.6513950996191 4.24060512817652 1 612
59.8952219088363 3.2147521753787 2 612
8.26582488183622 3.21649664862821 0 616
0.157651205606442 3.0055347820478 0 620
0.00177840786647974 3.84126546927164 0 623
41.4655772151848 2.99136641029162 0 625
59.1792773554657 3.43586493732157 1 630
59.0444329869092 3.36726121926021 1 633
45.6995651845932 3.42452902971921 0 636
4.03694562489082 4.4677018341646 0 645
59.9886543032803 3.08459566564345 1 646
59.055269817039 2.99486364527681 1 647
46.0733920483482 3.74230217648012 0 648
59.9701260029428 3.24987079792506 1 649
59.4016567684334 3.23249449844654 1 649
59.977248654173 3.33712886549721 2 649
4.88081993749833 3.30961527562544 0 657
53.3787085475823 3.20821083346148 0 658
0.0631932713616651 3.02106090815608 0 659
0.0336569819506337 3.16385024963078 0 661
2.09605504416078 3.22687488502741 0 672
1.07399031511202 2.99933836739934 0 675
0.0649017987993648 3.17826056708587 0 679
5.22317899009528 3.41680674040901 0 681
0.013199651578487 3.13493303045004 0 686
0.0941411118451572 3.11654082957419 0 690
48.0491469451788 3.83968591769616 0 693
8.1678637485682 3.14218926962757 0 693
2.86194103251914 3.34477261641652 0 696
59.191722842082 3.05004798365607 1 702
5.57432491485322 3.43265151603688 0 706
42.5182975006773 3.0518107711495 0 708
0.132369227403582 3.21252442644808 0 709
34.9148749968614 3.61447065804915 0 709
0.0724211110767601 3.31399887699641 0 711
59.7993424401243 3.23621676421574 1 713
0.338282634517002 3.16680803571587 0 722
59.5249030170121 3.50070073770658 1 723
3.41071638518445 3.53856234982452 0 724
10.9860045297963 3.0656212704107 0 725
54.7411582759528 3.71310346201805 0 736
51.5686088053339 3.09804814632642 0 737
7.56359612192883 3.62537146979603 0 738
45.9536714646739 3.23433538056504 0 739
53.8606956064461 3.03459932877445 0 742
0.249676500441707 3.46056348047977 0 746
59.3373193076436 3.00595306863888 1 746
53.539258984076 3.31031063458962 0 747
48.3339538687344 3.21482478668679 0 764
5.75489917767474 3.0588319654102 0 768
59.6190255444121 3.05796924637205 1 771
1.31438758540102 3.14164137222572 0 773
1.0081237670274 3.24442050657141 0 773
0.379655502651191 3.13987796305338 0 781
0.291950576145671 3.32795692293718 0 784
12.1109768070909 3.98840303088137 0 786
0.124584706113727 3.02978916772187 0 788
59.9573954722468 3.13800010618831 1 790
0.879027671618362 4.10458135112568 0 805
0.933375334455295 3.10162739383407 0 806
57.423763946104 4.04844529983726 0 806
57.4292661841885 3.2387907518522 2 806
59.587522640973 3.5918846817951 1 811
0.403314154310046 3.7905852819584 0 821
3.37788250907764 3.31781266371018 0 821
29.7817425007092 3.01114887382519 0 823
54.2024781754594 3.35427607829601 0 826
1.82774941397018 3.52133204157786 0 829
10.3735366900991 3.05052563058456 0 830
0.271083124564788 3.1980457085597 0 831
0.171028981193318 3.30604399508314 0 835
0.0101488484686818 3.33321499810854 0 840
43.7583827316673 3.45373794288326 0 840
0.00698414337069355 3.65941227185876 0 841
1.74667880886234 3.68976278127846 0 842
59.7941716251985 3.17165237605446 1 842
1.48771858886611 3.0765315251935 0 848
8.48231905973277 3.13210983987418 0 855
1.50215035533267 3.10968423243505 0 856
59.0624678299386 3.02781144881095 1 859
59.2107019498103 3.17434128848526 1 861
0.406259253530912 3.32673775137704 0 875
8.19787748069091 3.16114740047385 0 876
51.5903214955119 3.29792853269709 0 876
1.31805886461965 3.37908402050732 0 881
57.1768308622702 4.03512726688085 0 884
23.9733554205116 3.64966611839462 0 885
0.0263368151847192 3.01371473715696 0 891
59.1065692728475 3.20239001330207 1 894
59.2295628172901 2.99934104286054 1 898
59.9905224038843 3.08040318522004 1 910
59.4331897033003 3.2661553792623 1 915
59.7019513510434 3.20488393956863 2 915
46.1062518761541 4.06931406929518 0 920
14.7823800746037 3.10562250877781 0 921
32.3550253892239 3.09828794366058 0 925
0.0524818723738948 3.51113152203004 0 929
0.249917933759427 3.19141146321393 0 932
0.900838573550066 3.4470273086374 0 934
45.7001066486673 3.34642261970977 0 935
59.7551919591237 3.11022375959095 1 935
0.470741542706766 3.32620713540652 0 938
0.0450525444809221 3.06398652570005 0 943
59.3784207684543 3.09388202620943 1 944
56.0225073221687 3.12699029386166 0 952
0.00325831194617996 3.00619109213083 0 953
2.21923462082654 3.48142192005972 0 953
0.0603722093301406 3.18950548870887 0 955
60.0046949043494 3.35738211813247 1 957
59.6311306589373 3.11194724649525 1 959
0.586749337562635 3.27174538658703 0 965
0.132665559093247 3.25494521682163 0 965
0.126617811489517 3.39822250852255 0 970
0.00858540709911518 3.17619682596418 0 971
59.0461499094121 3.4016239255679 1 975
59.4457056479978 3.63413934061416 2 975
1.54174003999146 3.2020323369199 0 979
0.581411567895775 4.10997542507414 0 980
6.84240138550962 3.80632305890011 0 990
12.7423704796451 3.83361983309128 0 993
1.46641286605998 3.27600095681534 0 993
45.7660270744692 3.01337323356395 0 997
0.278769918142613 3.03656169988858 0 1000
