"ts" "magnitudes" "gen" "cat.idx"
69.4392168727325 3.27373893904708 0 3
67.8394067459693 3.30563930727665 0 3
101.292069810658 3.08730925996881 0 3
102.039412673898 3.22685852663115 2 3
0.169358366085168 3.70032925520234 0 4
69.8065572708726 3.03108455354248 0 4
85.795035525072 3.49836323230495 0 5
66.775670642306 3.05233645049874 0 5
43.2129012200368 3.41807975641759 0 7
51.1200149643597 3.35213007387684 0 7
67.2642539350155 3.24596157555633 0 7
73.8786177038191 3.20252068478431 0 7
0.0731225814713927 3.21665211427096 0 9
99.5756756640266 3.06914654061736 0 9
67.5194890996331 3.85717699661128 0 10
67.2953834950809 3.0271472236321 0 10
67.2657472643604 3.31953163036509 0 10
77.2990043644132 3.25207855238363 0 10
105.267030189694 3.5407864309405 0 10
67.2683126050048 2.9958625095041 0 14
89.518339602591 3.13819424557256 0 15
97.1391571245448 3.15737536024994 0 15
77.4019611845886 3.36382563774778 0 16
74.4567873875051 3.50230365132082 0 17
67.3800858160188 3.00694564752493 0 18
64.5550165167441 3.05717462124966 0 20
67.2706121371975 3.01322437952861 0 20
105.571091328453 3.06604646166699 0 21
63.7384878467939 3.5916695518105 0 22
75.5880195293565 3.0246669066402 0 23
68.5516644330846 3.18726334557886 0 23
68.4555586936677 3.57412388633695 0 24
63.7414192532442 3.10780398140939 0 25
76.1726005443402 3.09563195234187 0 25
99.9207702507542 3.37941590615243 0 25
67.2679209141543 3.13446227682568 0 26
67.2872505272389 3.23719703910693 0 26
67.6804689167127 3.00124745408594 0 28
106.110070484329 3.08329768765154 0 28
63.9429998307066 3.61419817835722 0 29
67.2725555676909 3.30632095009316 0 29
104.282621948304 3.27022553194022 0 29
105.277284336694 3.16885321135463 0 29
68.5858294850892 3.0248730006189 0 30
69.1818355762651 3.02992004898083 0 32
87.1541557547639 3.46931596407324 0 32
0.000502474835360686 3.25245133039463 0 33
63.7443472534834 3.51781952608941 0 33
67.2594447688896 2.99625628971904 0 33
102.70062212016 3.20774213195313 0 33
67.3281984128644 3.09072328070561 0 34
67.9270683768234 3.09814838644461 0 35
67.2735920635599 2.99551435624129 0 36
67.345610426523 3.0413528417253 0 36
105.237626692577 3.60839285061608 0 36
105.310697041158 3.27581331370295 2 36
67.2750087967557 3.07101271060333 0 37
69.5845082635187 3.15474978620471 0 38
67.3303966603973 4.04796961004606 0 38
68.3874624436337 3.0008229855975 0 39
67.7568017034397 3.03093997744813 0 40
71.0503040355616 3.32826808700905 0 40
64.5752216742905 3.03915179458507 0 41
71.4849172091352 3.89015008454886 0 41
0.0404705819488557 3.3258392381324 0 42
67.8390646236954 3.37959633446296 0 42
105.593578913928 3.11814634327009 1 42
67.2790801084608 3.56753614284574 0 43
67.3755351220371 3.26532870901303 0 44
81.5920908768843 3.28134616322712 0 44
67.2895920146892 3.41578102293564 0 44
74.117409404712 3.14499784627708 0 44
67.2644336027754 3.11478190733352 0 46
90.9774677286322 3.13753755845279 0 46
85.7454585669362 4.25900171921361 0 48
67.3560173934813 3.75887493633986 0 49
77.1625191714827 3.08245822617708 0 50
69.7727339004551 3.023229855412 0 50
1.24207653542377 3.22726449206276 0 52
74.3067358634027 3.20215349068599 0 52
67.6308856329293 3.29809468130748 0 52
67.4241530997117 4.12078163713038 0 53
103.423969952466 3.41477037875195 0 53
64.2869384080004 3.29732816042009 0 55
79.254110188771 3.23638878749423 0 55
105.244373743058 3.48580232339146 0 55
63.6557360986537 3.27029156351029 0 56
67.3497689875046 3.1828559060605 0 56
99.4667603398122 3.09563387675921 0 56
63.7402923013955 3.72085036315559 0 57
68.1667338949574 3.12500853112884 0 58
1.76033837333534 3.04676781168978 0 59
67.9448726073802 2.99096276591047 0 59
68.0292057171442 2.9913901521899 0 59
68.5117852017814 3.22205932739833 0 60
70.2821033170879 3.19662857771706 0 60
68.6049892127822 3.08656876692776 0 61
64.3485625539419 3.01362743313415 0 62
67.5992170364059 3.70390128583255 0 62
84.3807244591682 3.00288581839425 0 63
97.7797495018547 3.03401741404699 0 65
102.825986047175 3.14938534728356 0 66
105.401197515409 2.99735265024884 1 66
67.5031473740709 3.21663890554518 0 67
105.52025960869 3.06348126077312 0 69
0.150444336348938 3.00208347737594 0 71
72.0540894135398 3.05350467755974 0 71
67.3965919381409 3.18032347764346 0 71
76.7738021179212 3.42655010631585 0 72
105.550500860186 3.50803700380356 1 72
105.845295035863 3.17452574337254 2 72
67.255074300885 3.15708458496751 0 73
68.4573608086449 3.17996288615681 0 75
69.3954125157646 3.00550120351006 0 77
64.0195073149328 3.11292214641427 0 79
68.0735014346582 2.99085535363219 0 80
63.8439777884484 3.00183509258429 0 81
64.1464519849525 3.76683236327341 0 82
67.3223840401634 3.73985369478428 0 82
65.5678918658822 3.1257836551033 0 84
64.3606397290918 3.10711230091733 0 84
69.4743577087672 4.18362258774568 0 84
67.3680960783563 4.77088300835049 0 85
67.8351360563957 3.22891488603499 0 85
104.071226302224 3.70817184504835 0 87
105.442102046431 3.00107256102159 1 89
105.459629597444 3.34674500899758 2 89
105.468892929858 3.26953277593154 3 89
67.7770447982256 3.06642989752137 0 91
105.122584405322 3.54494912090438 0 91
105.24903469954 3.52425749912793 0 91
72.3630403912776 3.10499759484268 0 92
75.5327015773946 3.0151002202414 0 92
67.6477575763912 3.14144893745957 0 93
105.841765 3.09916398012549 1 93
63.7024448793712 3.02752678440468 0 94
97.2704273882785 3.70556266575151 0 94
99.9017576490179 3.10066501883627 0 94
68.9315482172868 4.54693803926205 0 95
0.00885627028333091 3.20113972205078 0 96
67.3042302871268 3.03764549182695 0 96
69.2692566611551 4.09362014139507 0 96
97.711081440692 3.57179531044992 0 96
67.3175574663429 3.27172815438709 0 97
63.9942658343035 3.0573706542277 0 98
80.7082520442701 3.28210306211484 0 98
64.0472315288718 4.14092213466183 0 99
99.9175071515431 3.0533684880542 0 99
105.26937500361 3.2519859381604 0 99
64.2523221528335 3.90106034143873 2 99
67.2567432225108 3.41406362466725 0 100
100.794558398157 3.80621769583874 0 100
63.6516726552356 3.89701126555397 0 101
73.5859351786573 3.9094990826812 0 101
106.207383907757 3.45320750266221 0 101
67.2634402511623 3.45874881167003 0 103
68.5378991239708 3.99967636652172 0 104
87.8557868587389 3.15607341799466 0 105
67.2642146897548 3.02243357761229 0 105
1.93961098105799 3.03064473859275 0 106
67.2689849010818 3.20589014611015 0 107
68.4737705430377 3.14480954228475 0 108
5.2539745798731 3.34709128566098 0 110
64.9528498167416 3.15193746899699 0 113
83.7604544863336 3.68745777180353 0 113
87.9631691909908 3.33977460881164 0 114
17.4834182435891 3.16606753014914 0 115
67.2677040460002 2.991599270278 0 115
71.2085717723126 3.32433756426089 0 115
106.029875622344 3.23221974454722 1 115
67.5550195246619 4.31293410194328 0 116
104.810449039684 3.27497870718807 0 116
105.815058372663 3.02758483170293 1 116
63.7150625623173 3.23131128383422 0 117
105.369354382604 3.22605645105809 1 117
63.7726708276364 3.11777829087921 0 118
69.1414087386812 3.28649656140546 0 119
68.7001812163263 3.10948606698309 0 120
91.935224030678 3.91778343362393 0 120
63.7695134240541 3.09674889346861 0 123
66.0891748481317 3.26926438602707 0 123
105.86523239429 3.01753586562568 1 123
67.276380916916 3.26938954074889 0 124
67.252882557684 3.06423471377531 0 125
67.3573728403188 3.26446492435152 0 125
70.823179009703 3.14973124039653 0 125
68.1902197814349 3.02387915236926 0 126
89.5589828685326 3.23356286818252 0 126
69.5401940388488 3.1240755597507 0 126
69.9961644311568 3.22933396985734 0 131
82.8359322837533 4.48056399318533 0 134
69.6523685345416 3.45714126265788 0 135
80.6436888223047 3.05475609598275 0 135
67.3043483937615 3.54196265287702 0 136
67.8003271374697 3.15979922100169 0 137
106.156783777827 3.06344697011164 0 137
63.686068864408 3.04469039986577 0 138
68.9353903053157 3.50519749692977 0 138
105.450262565845 3.74555399709574 1 139
63.9761583623897 3.56246582666637 0 140
67.473472287394 3.06831158540606 0 140
67.437701789649 3.02071719728147 0 140
63.8599857277498 3.69378814611175 0 141
67.7518076622536 3.3104004539714 0 141
67.3725370809255 3.36526122945449 0 141
69.8203376827481 3.2164064509571 0 141
67.7649898747218 4.17293206074361 0 144
102.641452221991 3.10954959204364 0 144
68.2578395805512 3.41484635869928 0 144
98.1002998777956 3.34484884168928 0 144
67.4080647579073 4.13408190490686 0 145
70.7872315892204 3.05395082745384 0 147
64.3368588119151 3.03440810848642 0 148
75.6894555172313 3.99329752168388 0 148
67.2585005656403 3.14378998555236 0 149
98.5029703070582 3.53715631695007 0 149
105.561579883545 3.16564603018707 1 149
105.836990184532 3.42572287154268 2 149
68.5677024358267 3.70049938072418 0 150
75.4756563114004 3.01412133273103 0 151
68.7375815224017 3.18495291017313 0 151
105.957940246658 3.60397614497302 1 151
105.231525288694 3.41963587778777 0 152
67.669573662016 3.33398597304801 0 156
67.5247689516544 3.00721441468621 0 157
67.9470782131451 3.96684710090797 0 157
80.9334400594615 3.02286152262939 0 157
67.2762422641654 3.37470137299154 0 158
100.629249580168 3.21347166938149 0 158
67.6537586753313 4.14545366993035 0 161
69.8621873219643 2.99354401713751 0 162
97.7324766278064 3.0578702325784 0 163
63.9530242834415 3.09423052525373 0 164
74.0323510888661 3.23325572040685 0 164
68.2527462209437 3.06002759830096 0 165
70.0641771879242 3.27663248490338 0 165
104.269104428693 3.33685688340115 0 166
66.6636424927142 2.99443510364242 0 167
105.343250792687 3.11470662753237 1 167
104.566212167867 3.23436716798892 0 168
68.5897778219084 3.42360839536993 0 168
68.0876748612633 3.69077771005484 0 169
68.0599791089491 3.69723756240346 0 170
76.5719421305617 3.18492020144051 0 170
92.9426614873063 4.12132896608962 0 170
74.2192326651102 3.01418302224346 0 173
67.7694118910608 3.65916575193699 0 174
67.6609748614174 3.34331143097568 0 174
67.4300338581454 3.28308306015738 0 175
67.6004417780399 3.06208268515681 0 175
75.7755809890952 3.2194455438229 0 175
79.1874385981885 3.27840589848701 0 175
0.0622688091335079 3.33791954411299 0 177
63.6809569551681 3.04658219354037 0 177
68.4654538304726 3.27762465608867 0 177
103.584548792913 3.37613714738459 0 178
104.424382657737 3.19077804148789 0 178
63.804595384658 3.17710232369723 0 179
96.8430020144091 3.01765949986171 0 179
66.0563491165993 3.04589731691904 0 180
64.7754865892759 3.6973327277495 0 182
104.436159196145 3.0592020363233 0 182
67.260756432717 3.06365927027568 0 183
95.8855949335827 4.07318628783295 0 183
67.3957213723865 3.11272848767991 0 184
70.4226372995107 3.01961797233715 0 184
105.393434368979 2.9972278203929 0 185
93.2126799116006 4.36992960762976 0 186
43.8875736772151 3.0137769533697 0 187
0.0392059294948313 3.54005223300425 0 188
73.7286739829694 3.74533320656114 0 188
64.2614851630472 3.29359223267651 0 191
67.3675510373685 3.10432901160021 0 191
104.353539341008 3.31561562163797 0 191
105.222950455799 2.99239620432348 0 191
105.226807246913 3.47686725216227 0 192
105.620140396369 3.07751612030125 2 192
64.1195158084962 3.62358516272339 0 194
100.692089872106 3.48786726016177 0 198
105.867753760171 3.35975909365535 1 199
63.775396745229 3.68757696189344 0 200
96.3378027854895 3.09004357812578 0 200
67.3149297072418 3.25679927705345 0 201
67.2741958306519 3.05771146735307 0 201
104.792941159904 3.15675370346387 0 201
105.896568092439 3.18687359380703 0 201
105.268588813455 4.82100435563039 0 201
105.300978843463 3.02828218395461 2 201
105.378215109065 3.25873560096611 2 201
105.358839006308 3.1485128753259 2 201
105.377412226935 3.00060319244635 2 201
105.276103971374 3.19364333773541 2 201
63.8717478383239 3.09990697942323 0 204
67.255083019875 3.20231961952747 0 204
104.423255428567 3.09920661055745 0 204
104.999313589763 3.01819788917262 0 204
67.428919193142 3.3893471745075 0 205
67.351025149526 3.11824109340612 0 207
76.8727925988276 3.40995107906271 0 207
94.7430567500077 3.12079060100825 0 209
8.14590930202861 3.24207376612879 0 210
72.6663256532805 3.24795495684261 0 210
71.1744684264844 3.26071088751842 0 211
68.3440682640126 3.0612144340717 0 211
101.355147708071 3.05190863043746 0 211
67.2712805690463 3.28467592481084 0 212
95.8812149929667 3.2829469412592 0 213
63.9295612477965 3.14273668198658 0 214
67.3175361072196 3.35227863592334 0 214
104.540957288541 3.17915276916868 0 215
104.566144686289 3.26474132969904 2 215
105.429277374321 3.59916813851125 0 216
105.928443666293 3.61667008105311 2 216
77.5345763915589 3.20563651172169 0 217
105.703227837969 3.80594329913212 0 217
105.069077188561 3.22887274293861 0 217
105.236851720133 3.38568260914457 0 217
105.480540818283 3.3617663718282 1 220
105.75562849494 3.48388709277699 2 220
64.1115668622561 3.34404559073866 0 221
68.1229788731951 3.03423334733647 0 221
82.0891647649564 3.50117287386319 0 221
105.887221445543 3.02052540646196 1 221
63.7548689740164 3.14536804746158 0 222
106.028692865492 4.18552130902725 1 223
106.11475652872 3.25521033692257 2 223
106.049882546285 3.15134387849878 2 223
106.090145083591 3.02218618817217 1 224
0.172429395817601 3.76781031993185 0 225
67.2801540388463 3.49165515213732 0 225
63.8370522110503 4.01938204382882 0 226
74.2960585905739 2.99419771589467 0 226
97.6667693505247 3.03061155466357 0 226
63.7066898712243 3.50315440859792 0 227
69.5386647335517 3.22536181170303 0 227
69.2489891315411 3.06986958635515 0 228
101.316572897018 3.60375171707151 0 228
69.7858024097048 3.26522333156175 0 229
88.8161209344741 3.02433454045453 0 229
99.2394738081061 3.75027710500224 0 230
67.3692907324468 3.15814409475558 0 232
70.6046615009727 3.57281472630479 0 233
67.3209176334788 3.35454603460728 0 233
5.46644638981164 3.07558220333191 0 234
67.4336226651955 3.68796334847183 0 234
67.2738618465812 3.09266609833441 0 234
80.2101061181879 4.11260307153386 0 234
63.7412728775197 3.23237216040032 0 235
18.8290405376119 3.16878812033141 0 236
69.4260268339852 3.15157686039297 0 236
105.337562008742 3.43322733854609 1 236
67.7096063988694 3.20736679407326 0 237
71.598046925671 3.04434082487502 0 238
103.997293985755 3.03661390248728 0 238
100.021600180598 3.2246333781185 0 240
104.42447617835 3.12265928023249 0 242
67.4357476636527 3.70886326083932 0 243
72.2581549125012 3.02859967795351 0 243
81.5287520336376 3.16643055230335 0 243
0.174490125741674 2.99976526085004 0 244
67.5393897076774 3.33753935232058 0 244
69.3243442909741 3.17168072591515 0 244
97.735929704091 3.39475668136205 0 244
67.5695330226796 3.42784772953876 0 245
69.119792115571 3.58136064321259 0 245
98.0710866974992 3.72517706290275 0 247
67.2652551860674 3.18909092870714 0 248
98.5626227878719 3.47366485536884 0 248
95.769872747351 3.05615961275423 0 249
82.9591979050565 2.99535720756511 0 249
80.410295035261 3.03617061561856 0 249
105.546541011702 3.3437294672753 0 249
71.1686951379967 3.04387286847815 0 251
67.3386869954356 3.00994917180605 0 251
0.441146332428725 3.03323238325157 0 252
67.4074343147808 3.72635492541293 0 253
69.4751974937977 3.32222505291067 0 257
0.0617025507636426 3.43960854012865 0 258
36.8480193535406 3.16775215166985 0 258
68.4677147483102 3.24192220416406 0 258
67.2594962024236 4.34641466344673 0 258
64.9734003986085 3.04026594777639 0 259
105.658964618788 3.27809524579752 1 259
69.1622637339466 3.03094436086002 0 260
67.5324586568312 3.11228748451154 0 261
67.3267487877411 3.29147246091857 0 262
67.3871295101134 3.00436764915998 0 262
67.3639170864619 3.61927057904965 0 262
95.8889131370622 3.12794925086435 0 262
67.2566109442943 3.34425310278814 0 263
91.3970329950843 3.02176914721112 0 263
77.2346487655551 3.16424243328202 0 264
66.8089578287542 3.2995043748006 0 265
67.5757333877217 3.05443947267587 0 266
67.257655081801 3.28465433157128 0 266
67.2652974598822 2.99439541593829 0 268
105.901512949708 3.32513199839893 1 269
105.279784971363 3.07619324598079 1 269
64.3311346601319 3.14896747794972 0 270
72.9884027341922 2.99820557164281 0 270
70.9999726956978 3.22879948124986 0 270
67.8369504011641 3.03706847125281 0 272
68.11634436482 3.17843572072364 0 272
18.3979580275131 3.32397238062124 0 273
82.6209522134382 3.09753426884848 0 276
105.373189940564 3.12389836625608 1 277
106.171250555878 2.99681460585891 1 277
15.0624814749931 3.07099592492197 0 278
67.2916017562228 3.37891934103809 0 280
69.3750617949057 3.54672677365611 0 280
104.620523801476 3.09129310272953 0 280
105.553730362076 3.10753476823844 1 281
66.0893415870718 3.357377881682 0 283
67.256692733583 4.54361691180457 0 283
67.3277731124606 3.06473547022695 0 283
73.328727059183 3.21973411306257 0 283
67.354723115482 3.17552122777077 0 284
106.020185201642 3.05895177236974 1 284
105.656747898533 3.28369489464702 1 285
105.853552588101 3.42627142531264 2 285
67.6901715668441 3.17778786904864 0 286
68.6307773808831 3.3481966792233 0 286
71.519110973065 3.24333065649647 0 286
69.4289077619947 3.07618083194382 0 288
68.934822945031 3.34664420703556 0 288
105.630251468958 3.24764073799192 0 288
80.9844523105302 3.44692505821202 0 290
80.623028415274 3.11536583469361 0 290
70.6583746427045 3.06393739538942 0 291
67.5073257527417 3.38035157968925 0 291
67.2854553438584 3.77900772617174 0 294
67.994133290671 3.02740388496909 0 294
67.570580961979 3.6896356667266 0 295
105.103292765142 3.40400520631372 0 295
64.0319755994152 4.22756633299423 0 296
67.2573799415002 3.65590410085154 0 296
67.3005129811885 3.54444000149396 0 297
105.5512325689 3.3660434669311 1 299
1.38682842426298 3.78409089449035 0 300
67.3162967346491 3.3595947062419 0 301
68.6002688010524 3.22476906757054 0 306
67.6256710634738 3.1574123543861 0 306
105.238342525752 3.00228821409831 0 306
72.7008935784552 2.99398899904121 0 307
68.0946029089126 3.01658826413623 0 307
106.02361347487 3.33386418357562 0 307
63.6939131583635 4.83726674912747 0 308
67.2714432070013 3.58241712227905 0 308
79.7612406512665 3.17951991585339 0 308
67.2747300200029 3.7204781847194 0 309
75.0732285697526 3.43544811797753 0 310
63.9767362914784 3.03802574436333 0 311
68.9273483373302 3.37087319276934 0 311
67.5542748522151 3.00361984923942 0 311
97.6824024025022 3.06597413615755 0 311
102.796877713412 3.31886329327924 0 312
76.8367203474837 3.81706282490913 0 313
93.2919773500342 3.05419721457419 0 313
91.8600395928789 3.00779073852422 0 313
2.23500590940297 3.10221764068745 0 314
67.4774215716834 3.16335060278262 0 314
67.9979154580166 3.68629579801333 0 314
81.1251519027965 3.07960459751831 0 314
98.3589302258345 3.0838941900198 0 316
0.342759137226378 3.14859671972342 0 318
67.4523182909825 4.0645990674514 0 318
67.3357824675004 4.09419811372568 0 318
96.3075379564691 3.41415030585346 0 318
67.2549287595931 3.18871306093952 0 321
85.3612557575523 3.02980439322541 0 321
67.8582352871925 3.17490030688044 0 322
67.2569731117294 3.26779125367389 0 323
96.3078854930802 3.08348562857599 0 323
69.6807715921685 3.06862140523717 0 326
100.706349026804 3.16161035705717 0 326
65.6178070953979 3.04741496430918 0 327
105.236718981625 3.30396372262797 0 327
105.246675439006 3.42192461744811 2 327
104.669891276456 3.49701686101503 0 328
68.3267297793756 3.17561017269224 0 329
78.5912101138806 3.53259302759285 0 330
105.705757295228 3.17819194473259 1 330
63.7080243807462 3.02703350827728 0 331
67.8460817353418 3.70655327654465 0 332
67.3258994512843 3.34989563586573 0 332
99.5966415186805 3.75095865837984 0 332
105.509713756833 3.20204957881464 1 333
67.9307689950111 3.01134723245633 0 334
67.2731449095883 3.23635790878318 0 334
67.4996283414491 3.11436782480058 0 335
96.664872748033 3.18774951105341 0 335
105.24791399072 3.0656123714953 0 335
63.7432974853093 3.01363058222296 0 336
67.2712493382687 3.05157513893999 0 336
99.6956863948402 3.01430074374819 0 337
87.60754696521 3.12539857925358 0 338
71.4914271254487 3.07435613983451 0 338
91.9539365068062 3.87895612575069 0 338
73.4721289818467 3.3497445990976 0 339
63.8008817649626 3.1901304897457 0 340
63.8092195128103 3.18417386137608 0 340
67.2821446980817 2.99999149107503 0 342
67.9921096892844 3.00593836647817 0 343
47.6124622760966 3.09268366011475 0 344
69.8836008618164 3.58504596604628 0 344
105.274827155167 3.03156234348327 0 344
0.0156901350975506 3.5727895252841 0 345
81.4677877367024 3.01608576641163 0 347
105.660154233341 3.30301159571765 0 348
105.285564881663 3.1684489049648 0 348
105.459992102896 3.95861995500769 2 348
96.657301879108 3.31653052878551 0 349
87.6711362727159 3.13375822410547 0 351
82.6013054784745 3.07972158489389 0 352
67.7639490613265 3.00831667107258 0 352
68.612669313015 3.98493408147018 0 352
68.0403260400442 3.21625039682819 0 353
84.3151205701528 3.32654656089275 0 353
100.64837415928 3.4304614145809 0 353
82.2079656294553 3.32148344490328 0 354
67.378190138238 3.15991707596138 0 355
67.7058307416499 3.94214083240654 0 355
101.088869594072 3.26032220350674 0 355
70.4461291559675 3.49725452372774 0 356
8.70940437581253 3.07050781276233 0 357
63.7904874304241 3.09001165414031 0 357
73.2776599177547 3.00966569929398 0 357
68.702795910572 3.17704278703569 0 357
68.3686564909338 3.57244138388695 0 358
67.2849193112351 3.61155408601662 0 358
67.7712510632812 3.24051509987511 0 358
67.9291161029892 3.85445712354107 0 358
14.1488171281062 3.34336922681512 0 359
7.75936902411669 2.99288087426541 0 360
63.7898368146099 3.24685949538359 0 360
105.238179459495 3.40650001980575 0 360
34.8355405408236 3.28269138730079 0 363
69.8471764523127 3.29592891947366 0 363
67.2777241472542 3.35738117579248 0 363
104.528244908664 3.02216216249521 0 363
105.256100778512 3.0638493855382 0 363
68.1010221319212 3.18851631229135 0 364
68.4358044169687 3.04945653945436 0 364
75.877587524039 3.14553319288703 0 365
83.6446155911604 3.049734805032 0 365
104.74848408468 3.09964181685993 0 366
68.7463297038277 3.56124586990121 0 367
104.842105470955 3.11536721394084 0 367
106.017713760006 4.27430348195546 1 367
106.09868835848 3.04353027432306 2 367
106.02301222713 3.05847141672254 2 367
106.039407952686 3.61227761906947 2 367
35.4223807854417 3.20041519179709 0 368
105.240272810428 3.53941127902633 0 368
105.242067313252 3.01654277417618 2 368
106.002224911493 3.90460195759955 3 368
106.017115378419 3.22904377019555 4 368
98.0858238407851 3.08954539478883 0 370
104.275865715975 3.13572182463951 0 370
104.305349885098 2.99274244566358 0 371
105.903668438712 3.09845414551882 0 371
105.472595463166 3.16936383847007 0 372
65.5013673912868 3.10150714365343 0 373
67.338569069661 3.17593304588563 0 373
97.8044771528397 3.17617135599099 0 373
67.257732283439 3.02283067514644 0 374
104.260412123642 3.25885760454181 0 374
105.328091048428 3.08348817093382 0 374
66.6207823621523 3.37735516874434 0 375
68.0044431623289 3.27857347427668 0 376
67.2837754078753 3.05605325384745 0 376
80.8116239562424 3.29970580872981 0 376
97.4119634153409 3.69982944520099 0 377
97.6607257983471 3.04932224427934 0 377
98.1256265042753 3.47515522569326 0 378
103.038840068407 3.37245275494851 0 378
105.328752666541 3.13389841996904 0 378
105.238785251103 3.30851653740202 0 378
63.7407341156384 3.00575741035249 0 379
105.475771897507 3.02986951735302 0 380
106.184846859872 3.21067470434037 1 380
67.4703172677998 3.57920515763772 0 381
95.870561042439 3.10836668761473 0 381
99.8411543823251 3.10788486147103 0 381
64.328305971314 3.0708551380471 0 382
67.2755971584607 3.51475898267553 0 382
91.1325458227143 3.70796087270523 0 382
105.262192219476 2.99018456410523 1 382
70.3495730095193 3.02000331630569 0 383
63.7250654934825 3.29172604713601 0 384
105.357812895397 3.61727071679111 0 384
105.368453340469 3.55970726590003 2 384
105.50760990505 3.06256299830614 2 384
69.6795006152793 3.23177388776926 0 385
94.811802582727 3.29206065065706 0 385
106.122403690572 3.23719170730691 1 386
69.1300445219778 3.1917132303037 0 388
105.410367639106 3.0382406963575 0 389
2.10087618925627 3.24384503519565 0 392
68.1754311813317 3.47040132834003 0 392
79.8021464337517 3.20132911037823 0 392
79.3459530755417 3.16578825483854 0 392
105.742772459266 3.30198080544139 1 392
77.2525289171215 3.00561012141591 0 393
105.948739230846 3.61233474627082 1 393
67.3540060986026 3.0298816112287 0 394
81.5916594991816 3.01872431785245 0 394
63.7870238655772 3.26017034043951 0 395
69.9955134159504 3.16580682098206 0 395
66.3592150779719 3.19941316462226 0 397
67.2686662513711 3.39445511644955 0 398
92.6865859474568 3.50155832410887 0 398
106.199380940273 3.38978858258516 1 398
64.2111468880248 3.91560220593747 0 399
67.2568801051077 3.11755901299885 0 400
74.8722989053366 3.65410176221905 0 402
74.4497303299368 3.42526711617822 0 402
67.2832976976508 3.0314920766359 0 402
67.6742947899485 3.27006762656155 0 403
64.9328638067094 3.12335750607632 0 405
67.3577979055636 3.01207582563322 0 405
11.14587579361 3.64004409772611 0 410
105.351779844127 3.48817880914123 1 410
6.3464835711537 3.15558154213063 0 413
67.3733970243276 3.17513957509353 0 413
67.3092822726815 3.29575254909638 0 415
102.999796437361 3.13746522162866 0 416
67.2985069641089 3.34152183221626 0 418
67.8115408723538 3.1973237740881 0 418
92.4951061499816 3.49070222744654 0 419
104.996449333996 3.72496134327546 0 420
64.1428941086546 3.23459962032579 0 421
82.714075483049 3.22599682144371 0 421
97.9307561157644 3.17565570430963 0 422
67.3118097375071 3.62978827905224 0 423
67.5182543137572 3.21427448921658 0 423
105.371580970022 3.13431207850606 0 424
101.417571079571 3.00168064597403 0 425
105.269967111972 3.81099613437939 1 425
105.276867910905 4.05223819311658 2 425
105.913931969791 3.48842531574236 2 425
105.288452259715 3.32636324679533 3 425
105.37508136859 3.16655593663678 3 425
105.407145972846 3.14931897745593 4 425
97.1817028590554 3.38057312234695 0 427
81.5198700198277 3.59465267014628 0 427
97.166660417177 4.47241556419495 0 427
105.228423086747 3.63238728889733 0 428
105.23302087313 3.31063119081404 2 428
97.9337059991951 3.04340260804597 0 429
106.014054397102 3.12416210370513 1 430
67.7674116358998 4.0678022746608 0 431
71.9567614150231 3.47400395818491 0 431
96.3176036483047 4.25085061461975 0 432
102.884404173783 3.04813270078189 0 432
67.6800701717733 3.2759611402812 0 433
67.4455377019684 3.02732663363994 0 433
105.308334493059 3.38843691177398 1 435
105.478144728185 3.22556850316071 2 435
67.3117611601731 3.11632202456197 0 436
69.4657050934651 3.51586816023858 0 436
70.9853790023645 3.22470623514775 0 437
67.2738183065434 3.03699296194039 0 439
67.414485879692 3.06815712476823 0 440
63.9342490578454 3.03288083558831 0 441
67.3481433149529 3.48228421327104 0 441
67.6490065409718 3.62611804495931 0 441
67.6812815765415 4.72861915825729 0 442
105.29139992183 3.22292610303668 0 442
67.5471121656578 3.13796413697404 0 443
106.201312236469 3.5009531266165 1 443
67.3170122854535 3.05077818021605 0 444
67.2828373706054 3.67776450867588 0 444
100.323753808291 3.28844363827683 0 445
106.23618041722 3.14007433290294 1 445
73.2130116273661 3.63314878374834 0 446
95.8753113681304 3.12595064163142 0 446
101.540963998871 3.38647410878852 0 446
105.282243694999 3.0687596616641 0 446
105.322202239875 3.33434631949841 2 446
64.0553822154885 3.17116538546173 0 447
67.2616825106018 3.18971817969444 0 447
105.908246987014 3.28442270275424 1 447
104.93236401107 3.56156450798965 0 448
96.7609617742691 3.7322807489852 0 450
101.105695256423 3.17194589468917 0 450
95.1481549947771 3.09357347700274 0 451
76.3611005131491 3.46293708098167 0 452
80.9409098255808 3.56266252138723 0 452
0.890771457881969 3.05063123889401 0 453
92.5662757340925 3.19877420201638 0 453
63.7631015400138 2.99000927139196 0 454
67.3813126184185 3.03196579099172 0 454
90.6674142817068 3.5595111492315 0 455
67.2543621587117 3.39521428762888 0 455
104.708129167564 3.3056285507295 0 456
63.8414992978681 3.0410963494624 0 457
67.2693308508425 3.05426817626474 0 457
67.3050807765941 4.07929219018382 0 457
67.2929983096602 3.6877209114615 0 460
105.798662695549 3.36704631861817 1 460
67.6916283699258 3.62979406624054 0 461
106.141952753513 3.06704867198261 1 461
67.3106348356911 3.24458983772577 0 462
73.9183465385851 3.17335713503332 0 462
64.0559088321083 3.15472799311241 0 463
67.7063666017072 3.12213971890653 0 464
67.4320486558055 3.58595491244089 0 464
91.8682455906795 3.20111735600101 0 464
67.4803954645488 3.09442305493482 0 467
102.826584668485 3.14453737262068 0 467
105.635361038362 3.07742317058286 1 467
67.6630988342618 2.99638552646916 0 468
67.5294155923319 3.06253549446804 0 468
92.074072907586 3.06855468069034 0 468
20.4452701757291 3.48276033153513 0 470
81.6408759998475 3.01460902306776 0 470
67.9674773535793 3.18083257555604 0 470
96.3261519371913 3.71700819242452 0 471
104.372544217086 3.60011359760188 0 471
13.4238992784329 2.99319841040527 0 472
67.8529494668218 3.82280300677092 0 472
91.8971612807801 3.00513088253651 0 472
67.7035338135995 3.02162289815823 0 474
96.3041997351058 3.26378654269821 0 474
106.067787402491 3.2680729751486 0 476
65.129085466565 3.46811042791938 0 477
64.5094316127938 3.36128955635237 0 478
67.5837073659707 3.09094136411943 0 479
101.262545282241 3.08815451447987 0 479
67.9081712072769 3.10300936770471 0 480
101.63415354106 3.33727564461453 0 480
101.753871849193 3.44467395222742 2 480
67.3957160098164 3.26591604894191 0 482
67.6452761064538 3.22236537926599 0 482
105.770884947133 3.35719889541803 1 482
67.3019596368546 3.17794820161296 0 483
106.141283081127 3.29551628105971 1 483
67.3073962329795 3.07766366200675 0 485
101.903735401835 3.18351457711089 0 485
105.242940529564 3.11625145249398 0 485
67.2989875052152 3.67435669948786 0 486
63.7592435580391 3.49082419709044 0 487
86.4130288964566 3.15059787199598 0 487
105.246153783138 3.47806122175592 0 487
105.312296938814 3.3338013508645 2 487
10.6312790114941 3.78677707519461 0 488
67.5167401349836 3.67236559827425 0 488
69.4334756102316 3.09708656293829 0 488
68.9134464048407 3.04556296968283 0 493
67.2589315568173 3.05693449335298 0 493
80.78695620985 3.73524890955743 0 494
104.376711457164 3.34468835516096 0 494
71.0584492159453 3.10612578784252 0 495
105.517705918525 3.02515345972131 0 495
63.9973027224246 3.28135456437525 0 496
87.2771832491293 3.39579559133434 0 496
67.4547899876513 3.11714058363499 0 496
0.154156870792404 3.46697931378809 0 497
86.8028348662289 3.40795570428365 0 497
97.1850360129506 3.00128723852736 0 498
97.6517467080192 3.01526288504551 0 500
65.5434539140593 3.1463762989995 0 501
69.46987726506 3.05133296016686 0 505
104.631266417981 3.05601121149739 0 505
63.9844174838815 3.67836604944836 0 507
68.1200015404442 3.49082440146598 0 508
105.906364273726 3.21489271268093 1 508
106.017467486886 3.32488115136049 1 508
105.978367373794 3.00557245273738 1 508
97.6547147617079 3.11715854578606 0 509
69.4673902425883 3.30847960219335 0 510
90.3963116802766 3.06571061251592 0 510
67.7796313733373 3.55250399932156 0 511
9.71018163339457 3.05746013366128 0 512
67.3321105042913 3.52310897499298 0 512
103.410970654689 3.25926965876001 0 513
69.1603360802791 3.22863489041687 0 514
105.535764291418 3.02686701397501 0 515
16.3093807849895 3.43962730228886 0 516
106.197661958848 3.04047781552237 1 516
67.6708152005962 3.01534864716017 0 517
67.6953903958118 3.02165470603207 0 517
99.4689086888164 3.0619647916902 0 517
102.850128953965 3.10872626330076 0 517
105.574564073455 3.04825677482074 0 517
70.0644382709347 3.20030549516115 0 518
67.2606516401139 3.07384681061011 0 518
99.838019890549 3.10502134785444 0 518
80.8054867802612 3.32569536097237 0 519
99.5149043718491 3.17348894489688 0 519
67.5521906570729 3.29426108011712 0 520
67.2965979423115 3.38281197821715 0 520
68.5812113072491 3.00564404688806 0 520
67.4137508661141 3.4362363977368 0 521
105.313629980192 3.34930553594913 0 522
68.2333314037046 3.36133981890728 0 523
68.1255840412862 3.73820293007231 0 524
67.4067455652772 3.07881018271868 0 525
75.0463745234082 3.0232832423907 0 525
67.4417347990055 3.33212346477434 0 525
67.2593369133459 3.14381875819711 0 526
95.8275759890105 3.02832418321398 0 526
82.4129395498334 3.14071152342567 0 529
105.32176271568 3.69046130353956 1 529
105.626747556244 3.7047208163497 1 532
105.680778454619 3.42596222984051 2 532
43.6268015403933 3.0595244478236 0 533
68.2398495991716 3.39553664965007 0 534
78.9628943298399 3.03218736465307 0 534
0.00901742105996203 4.04564719702074 0 536
83.5032528979977 3.00293538158832 0 537
69.0931390208059 3.24581110906089 0 539
83.2075588810455 3.00995428067901 0 540
69.8834447303336 3.31206488731404 0 540
67.2563548373943 3.01671532162213 0 541
68.3972379937939 3.46296403578588 0 541
77.8001740149339 3.02665435016585 0 541
84.4695918570681 4.04781045264312 0 541
63.7642387856165 4.77753022700187 0 542
67.4441791621528 3.5488557097847 0 542
67.2808239519993 3.1151695332695 0 542
67.4386663005858 3.0751221267795 0 543
71.6219449096834 3.21037345425598 0 543
67.5587060081427 3.16732178111937 0 544
67.265185819242 3.05261505262682 0 544
2.90530841230935 3.22012746761221 0 545
68.2642387032082 3.04496794980534 0 545
68.3660472827218 3.32752627686069 0 545
69.4921233712568 3.22565112134158 0 546
102.905139075563 3.32022291094674 0 546
103.772887784814 3.43856818896408 0 546
0.230444176204402 3.0423291719001 0 548
67.4026414678193 3.3067244411761 0 549
68.2064188537061 2.99309987732887 0 549
71.3966520355376 3.43893787492838 0 549
67.2601419182624 3.56101049031169 0 550
105.917044871362 3.16062919702549 0 550
67.2648726363956 3.52632840159892 0 552
67.3028458496751 3.24840378389232 0 553
105.614444898189 3.09407281164812 1 553
66.4255443937292 3.85166341125605 0 555
75.5610842324709 3.29516131387048 0 555
68.7787418254054 3.19380945960876 0 555
69.371888747319 3.15096886069871 0 555
89.8862672604315 3.5671614280081 0 556
92.6569082534159 3.37965222468164 0 556
63.6531345748266 3.02902596762207 0 557
89.1206383245351 3.00079213579136 0 558
104.782765119442 3.01737009079579 0 559
81.8336651922255 3.08320175838573 0 561
63.7552704220284 3.82560319396895 0 562
105.962155511428 3.41721333022666 0 563
63.6853250908157 3.10128479528602 0 564
68.4366704712292 3.2175522906733 0 565
79.0767905154145 3.16468391493169 0 565
105.232229324301 3.38383745737656 0 565
72.7801841277935 3.17409321694142 0 566
92.3152495342858 3.54659335966666 0 566
63.8810971632135 3.40663142067004 0 568
77.2704233989591 3.2724542144671 0 568
99.5081949275013 3.0960765521287 0 568
67.9464285135158 3.08263281342659 0 569
105.28463105437 3.11396594862386 0 570
63.7520954278773 3.16648601003024 0 571
93.5414789216699 3.13835684520473 0 571
105.354220538295 3.01804403598804 0 571
69.7387561102515 3.35740695668325 0 572
80.0295976796854 3.34639628058775 0 572
102.732960862052 3.53829788180259 0 572
2.15901197306449 3.10294950384374 0 573
99.1494411692244 3.31006359519803 0 575
67.2682178244159 3.30947049916509 0 576
105.791506505785 3.53032681138707 1 576
105.869791294658 3.09336633416812 2 576
69.4799743640264 3.51422579182734 0 577
63.6519613604286 3.08574452461939 0 578
66.3706295160236 3.35391657944291 0 578
68.3029747844716 3.78612520337463 0 578
95.8147679677593 3.18015864699597 0 579
67.2792590697326 3.05479131870333 0 580
0.0453368323388626 3.69754720818265 0 581
67.4694260662193 3.01584478449156 0 581
67.2762804005713 3.40270412931914 0 582
66.2002346613544 3.41079066066177 0 583
96.3091592523471 3.27597646100081 0 583
65.6546137902517 3.10799266745717 0 584
105.255649323039 3.31138632703808 0 584
64.234490634335 3.24198101771713 0 585
67.2974121980035 3.17583504307038 0 585
49.4671347999692 3.24845701181453 0 586
67.6764645947777 3.02377628275016 0 588
91.9394720648533 4.0862517703696 0 588
105.233937007289 3.13102888027828 0 590
102.909931171449 3.20958908922572 0 592
67.3817290080668 3.01975052400422 0 593
67.3728012010221 3.29300031103692 0 594
67.4296518528984 3.24979428324905 0 595
73.5174112748801 3.06837601536526 0 595
99.8591397874637 3.67983109627303 0 596
105.848527806446 3.10139636486928 0 596
67.2529369376043 2.99909650945938 0 597
67.2740940294996 3.59441416721628 0 597
101.254603320301 3.10668282819601 0 597
67.3161915812975 3.09675458280005 0 598
95.6267230039857 3.34251212836648 0 598
67.2590331748148 3.87069019217667 0 600
105.697324229618 3.58376185010027 1 600
63.818092783324 3.49796347944041 0 601
83.8844696545665 3.68937878124833 0 601
7.84305789261569 3.1777689426828 0 604
67.3054017459475 3.14594344415262 0 604
72.2446980075085 3.05907100155407 0 605
67.6909060722957 3.20056270253701 0 606
64.0787297518445 3.2873879144957 0 607
105.2748645835 3.00421678566198 0 607
68.7431802380515 3.41265082027957 0 608
71.5604210027948 3.26206839227264 0 610
105.262734760257 3.01809324502959 0 610
67.3402025522623 3.02093034377105 0 611
67.7594271986726 3.45514918213997 0 611
68.6519960279458 3.07144052122474 0 612
81.2083625131262 3.33354417951102 0 612
67.3779724137026 3.26912641957735 0 613
87.0817043432037 3.11649155703485 0 613
67.2701860616253 3.97957743532741 0 614
68.0000979278283 4.27746702410931 0 614
12.3689291138539 3.19500155707947 0 615
63.9189650124226 3.58696318482105 0 615
71.1389124405779 3.68810875669077 0 615
67.2846352311271 3.03498733621283 0 615
65.9908981416657 3.59141192649798 0 617
63.7114671492394 3.00543347063449 0 620
68.0277659084701 3.10517038812643 0 620
68.9334882186421 3.81399000061026 0 621
67.2548849646288 3.14048277221072 0 621
79.3260061460582 3.28018990870466 0 621
67.4128503208162 3.21067146521757 0 621
63.8023932686529 3.03135587699823 0 622
104.436575142132 3.36887164452489 0 622
67.3065961829264 3.00622342299633 0 624
70.1731616233898 3.07331687054877 0 624
67.2655767448521 3.24845227330377 0 625
43.9934951057688 3.13266676742076 0 626
67.3349221790489 3.09303568657897 0 629
67.6778104380199 3.02296397407034 0 630
67.5793622712451 3.23766166535194 0 630
105.52999768963 4.03831316652916 1 630
105.533218884691 3.57775717597955 2 630
105.546911261442 3.3659864884843 2 630
105.817873465535 3.03370336292803 3 630
69.303594377172 3.21986567989888 0 631
67.7284239585589 3.13267781327941 0 632
63.9271076351814 3.51244130252926 0 634
69.3664928961275 2.99839290043168 0 634
105.887408999241 3.30523116542011 1 634
64.0878237056051 3.02191715310041 0 635
65.2803952000434 3.06497041743841 0 635
71.5012757988083 3.92571624208053 0 635
69.3584287113841 3.30149280616264 0 635
83.0988755669457 3.22743583753474 0 635
67.5727047885736 3.28650320694595 0 636
68.5777057555653 3.04811094686771 0 636
67.3474627712282 2.99812483230722 0 636
105.887194925201 3.32230750906974 1 637
67.6581350404607 3.53881622870366 0 639
67.4921770280385 3.1262627144758 0 644
67.2770314277046 3.16307376132051 0 644
67.9429805744869 3.03739980453178 0 644
67.28630272723 3.69932214828525 0 644
96.9161933733749 3.69412166654212 0 644
69.1277790180681 3.0234892221329 0 645
85.2167470346051 2.99346245057054 0 645
105.095893059009 3.17186960041833 0 645
67.3553350852219 3.39301038532542 0 647
35.5954511822803 3.03701931164583 0 648
99.4795014944724 3.03137219773571 0 648
101.95147179998 3.05193104632454 0 648
63.7358787237345 3.42200112303524 0 649
67.2779324758258 3.26084921228603 0 649
0.213476138077077 3.17199641109887 0 651
69.0641526991113 2.99360204045884 0 651
67.8881513972274 3.00185227505774 0 651
67.3906243312495 3.35464666993996 0 652
91.0684488836641 3.01241813264522 0 652
67.4539741434189 3.11306993436481 0 653
104.851003957815 3.22362622151362 0 653
81.6664254351892 3.64007892749869 0 655
70.1525625436497 3.04715820312538 0 656
97.6918750944838 3.26948234904724 0 656
97.6517640686865 3.24788767757923 0 656
104.848940626094 3.4649723004044 0 656
105.378251401916 2.99391308300663 0 656
104.295124031839 3.95407354569587 0 657
67.2536995178821 3.93664931847012 0 658
72.5259729670491 3.26695908318677 0 658
67.3912224115649 3.28229365988372 0 660
67.3892111453425 3.0764264463597 0 660
63.7490615734874 3.88866610307722 0 661
67.4725299024892 3.30359299667405 0 661
77.4385784611344 3.43038100138437 0 661
98.0520614749953 3.16373945536196 0 661
66.3319423881102 3.08919342912544 0 662
68.3594251518093 3.35729253534824 0 662
78.9016009272411 3.20075590728217 0 662
67.253693662839 3.11767915945202 0 663
105.580649593779 3.40885235673305 0 663
76.7207527545943 3.60453885102688 0 664
89.2109601837314 3.54700951793117 0 664
67.2917628885887 3.50590451186512 0 665
73.1957803104231 3.64379163571217 0 665
71.1562869393187 3.16180324944806 0 666
0.00101416597407296 3.31541110775981 0 667
70.7332708396731 3.0021588057556 0 667
105.539750700099 3.67856838984994 1 667
67.7757716682829 3.3399621683064 0 669
67.2986068619086 3.3725781707837 0 670
67.6045792547116 3.82012961056087 0 670
105.45007967784 3.23985310227716 1 670
67.2934574023725 3.16819731723902 0 673
67.9788074133559 3.92829481158633 0 676
71.8871413381995 3.0668683805565 0 676
84.2335315016297 3.28378203260656 0 677
105.537409492184 3.45507523408375 0 677
92.3301502282333 3.16132412527478 0 678
67.2639464157833 3.81646403905971 0 679
104.952443790612 3.38741445629707 0 679
83.9075771443432 3.43882978459923 0 681
67.4390582094576 3.05573289350694 0 684
105.938172980425 2.99829590110258 1 684
67.7608031540289 3.38456677034662 0 685
86.2336559766185 3.13134495434272 0 685
101.168474761692 2.99539610446683 0 685
67.2984213484049 3.02950622245114 0 686
67.6023988727934 3.00208250185227 0 686
97.1407400346447 3.55311011542543 0 686
104.861555452768 3.00578683068163 0 686
72.098932309651 3.22621671733026 0 688
67.4811155100527 3.8261425804136 0 690
88.8813037253044 3.57410318374429 0 691
67.4330607722952 3.17064334787237 0 691
71.6317267748492 3.19228014571753 0 691
67.2710256857929 3.30610495178026 0 692
75.1864594558149 3.0862863078434 0 692
68.5882706544972 3.5628197833947 0 697
67.2668843913767 3.17949896948556 0 698
80.5751950978241 3.22160684215384 0 698
64.1101434340908 3.11035441931964 0 699
105.712368718509 3.25682224858075 0 699
0.0405350481802785 3.25309091142116 0 702
103.983939982131 3.0794212153698 0 702
67.317200833699 3.03192027129218 0 703
70.5533868081285 3.15628212684208 0 703
68.814674181321 3.00033343473495 0 703
84.1373895676975 3.28733263022739 0 703
99.5820737726921 3.99756159909717 0 703
105.227241937387 3.79515398907133 0 703
105.397007753816 3.08479689500268 2 703
67.2620474953177 3.58148647865707 0 704
105.649574317484 3.47249523801325 1 704
105.418860502289 3.07199950637627 1 704
105.755699991634 3.38310249748981 2 704
78.6946192070996 4.01944113362078 0 705
85.087508955938 3.19699166985559 0 705
101.697831997835 3.20534970537106 0 706
63.739448178405 3.1861518280855 0 707
76.9272857452883 3.14216325182018 0 707
68.0524012527699 3.25174153426418 0 707
67.3185852560162 3.4356319979936 0 707
67.2843141605372 3.02988977203698 0 708
67.4451780460712 3.04768849772436 0 708
67.2677853813763 2.99664565036637 0 709
63.8644193715142 3.38201876784828 0 710
72.0265144736716 3.36221925988063 0 710
96.9326035619418 3.18539369066412 0 710
63.6625211297228 3.23292476871645 0 712
106.011913528414 3.24812338670741 1 712
67.4106562959038 3.13463141150889 0 713
68.055676553765 3.49046629494916 0 713
105.242519944525 3.05972050694948 0 713
63.8685924037457 3.48500404405429 0 714
69.3260784106074 3.37125419831884 0 714
95.584379144517 3.22171007506082 0 716
68.3401437833394 3.30571206404434 0 716
68.2441971290768 4.60646086813467 0 716
68.4114989624727 3.18075605345745 0 717
105.410487627329 3.63317664659692 0 717
105.748547007089 3.45734588374834 2 717
105.798368263664 3.04880041785478 3 717
99.183885334919 3.18049676427527 0 719
105.276350388391 3.380820067325 0 720
105.951605257326 3.02313562589101 1 722
63.6949994986636 4.14434734324375 0 723
84.1474676599669 3.07786318467425 0 723
70.9947378141294 3.52230329428369 0 724
95.2037757102345 3.20666585626125 0 725
69.1226405369074 3.52218834536068 0 728
84.3182641649285 3.32450062924335 0 729
67.254430644901 2.99442992310366 0 734
103.139990718047 4.03503346095809 0 734
65.4815672645775 3.246951190209 0 735
63.7469470536511 3.16307380040284 0 736
63.9201910395362 3.63665419840339 0 737
67.3224109537757 3.12216610405587 0 737
68.6151612740104 3.09899417816752 0 737
69.2523774648284 3.46470788287823 0 738
96.3482123289183 3.4559660223924 0 739
69.8934155561367 3.71235248275852 0 740
80.6623706981078 3.05348123553891 0 740
106.180530723398 3.24840880273979 1 740
64.1271357853672 3.53469565974513 0 741
75.2314058971764 3.47012927110928 0 741
99.8381882398752 3.0123290994102 0 741
64.196776135729 3.2857073013194 0 742
64.014102895933 3.56952631878953 0 743
67.2736939625429 3.0112239841576 0 743
79.8014161317133 3.28350000169319 0 743
73.1907353273111 3.4590111062395 0 744
90.7285855453265 3.08618607690716 0 744
0.326035607467283 3.59389044939729 0 746
71.5501034297785 3.27106783760815 0 747
77.1169764161813 3.2576486526853 0 747
64.3825243996853 3.09400049784914 0 748
67.7257582856451 3.33982039522043 0 748
72.2579762132796 3.2910552798374 0 748
64.1596982514324 3.06687037162558 0 750
105.694951444146 2.99062254173525 1 751
105.731285895938 3.00563362397452 2 751
67.2736275496229 3.00139376687344 0 754
69.4535998645991 3.03693512673307 0 755
67.4823091269029 3.03598999302408 0 756
67.0403147315883 4.25236645005732 0 758
105.291586842601 3.86415821800922 1 758
105.364656657146 3.57731484659315 2 758
82.0241439538876 3.09631283467239 0 759
63.7374235988817 3.22366544376014 0 760
67.5609977153449 3.35259053362226 0 761
71.964378273847 3.73611658983597 0 762
63.8368105186901 3.23348491443483 0 763
69.6502478503237 3.32938657572431 0 765
67.371699290389 3.53944716517608 0 765
89.2071359223227 3.00962044221438 0 765
105.241609230201 4.34555956290025 0 765
105.525911025183 3.44739928739539 2 765
64.2623332457444 3.41536811332174 0 767
80.1276833789448 3.32143276565128 0 767
68.0750684536565 3.39437308673298 0 767
99.9856037507411 3.14240023954813 0 767
99.1945299668537 3.30834101808742 0 768
68.711958272062 3.34703705205378 0 768
67.3565163408429 3.28720677134408 0 768
67.5690339921905 3.02975999003189 0 768
84.0936031227692 3.06292507294536 0 769
71.4856163699592 4.17978561949234 0 771
64.3494826948643 3.19614502620233 0 772
72.7122485012262 3.26090760526441 0 772
69.7475212729327 3.34153166031742 0 773
95.8086078499887 3.14211222885731 0 774
1.21906862929124 3.11666798324991 0 776
5.31502083126432 3.01474211713665 0 776
63.8759485852839 3.39183508560653 0 776
63.7540672846089 3.00388493492526 0 776
70.9174241214637 3.07526320298183 0 777
63.7397861187214 3.66772189802933 0 778
71.1331202022059 3.02894101392763 0 778
67.5720734104196 3.65563798774362 0 778
63.7381390783643 3.53525050028843 0 779
67.3735779220293 3.34984955800709 0 779
101.093877300955 3.0310278845718 0 779
104.599798161997 3.19595297119959 0 780
67.2949749142546 3.29874891708189 0 782
67.6651923309055 3.08021183339309 0 785
69.4679632604782 3.54353333241818 0 785
67.2984035791583 3.46069563330474 0 785
105.238335000036 3.42200497823214 0 785
67.1449182422189 3.04425179336755 0 786
0.882640783764109 3.58874952115889 0 788
67.966428884366 3.19827877573781 0 788
78.6129893300576 3.00881786332968 0 788
63.9416097327338 3.24109763617109 0 789
32.4334168262391 3.25162656562083 0 790
67.2536671150285 3.73150344654496 0 790
67.4721404600062 3.13717117053749 0 790
99.7793253418194 3.03016795107024 0 790
68.125348296112 3.03535826925097 0 791
67.5899584425118 3.45076186696228 0 791
74.7802480687758 3.20032185316301 0 791
70.1087167730264 3.23559641925699 0 792
88.5028475894773 3.12314456261049 0 793
89.9483312475018 3.15019915814108 0 793
102.652227538184 3.42547949799063 0 794
67.500347068656 3.88432189573727 0 796
67.5030155505398 3.13535314587381 0 796
105.635546415559 3.10249884965574 1 796
0.0448772070768676 2.99518229913339 0 797
84.8073312414385 3.28417918402088 0 797
70.4233819380445 3.20296768453662 0 798
71.0432447301145 3.7357149120819 0 798
75.0212189721515 4.11863903257085 0 800
70.8694741040526 3.09368842534089 0 801
80.5935756256872 3.50925301682538 0 801
8.58602774346909 3.40101469660359 0 802
74.3003368524539 3.39492413869378 0 802
67.2711246115488 3.00182477095733 0 802
63.7729499720587 3.60579572095582 0 803
73.9092119565395 3.418381748154 0 803
102.829410212104 3.13991211367836 0 805
67.2650416107767 2.99986116769662 0 807
68.4245805198473 3.05292986694503 0 807
73.128179855388 3.1558445522995 0 807
67.3124692420699 3.10165878468013 0 808
63.7451058929471 3.30533791574644 0 811
67.2998980960002 3.24452402376986 0 812
67.455807199583 3.1913749706016 0 812
1.64712890144271 3.09645068967144 0 814
63.7555204342381 3.54956859488662 0 814
105.402705271476 3.17829052507112 1 815
105.260358078398 4.7538685608338 0 816
105.297870111022 3.00206092501962 2 816
106.162984289072 3.01697363052692 2 816
105.399914208957 3.27162223205707 2 816
105.349749443182 3.08206360334243 2 816
105.307568005396 3.08329935167267 2 816
105.456124403935 3.30593820065395 2 816
105.486562808621 3.2475087534275 2 816
105.46022763484 3.51758030210884 2 816
105.353647574648 3.29943152425867 2 816
105.62366661087 2.99832592377031 2 816
105.272174397887 3.09647481040481 2 816
105.35394582562 2.99294475090103 2 816
105.412123644697 3.09528558736491 3 816
105.314148916102 3.00891546282976 3 816
105.3267414957 3.07804198164284 3 816
105.464221389273 2.99340833610128 3 816
105.733018421071 3.00204579553041 3 816
69.3588110345389 3.85472088141907 0 817
67.2714783171763 3.25333649290179 0 817
73.415156452052 3.3787010411337 0 817
105.243617885619 3.05673846397884 0 817
63.9216318521563 3.15285293919074 0 818
63.824077780194 3.76592836216735 0 818
64.8481981969958 3.50660517786567 0 818
67.2541387790085 3.05861005770164 0 819
0.108616890477504 3.4204530801582 0 820
64.3359847876856 3.71602199277125 0 820
92.9064858189998 3.43904248482515 0 820
90.8497873102123 3.08379445635663 0 821
67.2763271592195 3.62390484080042 0 821
96.5848978875025 3.11495776263228 0 822
105.923373169712 3.15052673672084 1 822
4.60766170123612 3.38340099667535 0 824
105.239112467851 3.45227720155451 0 824
105.235646663399 3.07636149343854 0 824
67.2804644584171 3.0157959393741 0 826
67.290612894475 3.39760744571373 0 826
81.0230866386136 3.05720808225973 0 826
67.3585197877389 3.22424618365253 0 827
67.3737886138923 3.14170312990482 0 827
96.0055266757729 3.28505347689161 0 827
67.3667872890635 3.42481156672331 0 828
67.3078808756137 3.31337760606807 0 829
105.507458554626 3.03161145201253 0 830
67.2682240994372 3.07405376697136 0 831
104.816704462812 3.67530592972428 0 831
67.4804943009682 3.54547451236426 0 832
97.1395712423396 3.63381199940547 0 832
67.397311881575 2.99199571830552 0 834
91.8679631352037 3.14766650736846 0 834
106.093838646057 3.03266348297621 1 834
67.3720625816826 3.00531131317386 0 836
68.9220231544399 3.40361809970685 0 836
85.1849454997513 3.04492846577246 0 839
67.2789840808387 3.39331911137791 0 840
67.2864901692061 3.50352447356822 0 842
86.7437442016292 2.9938562533267 0 842
67.797688442831 3.49012962487752 0 842
105.916918721729 3.46882670358481 1 842
67.3149502202575 3.10471216803146 0 843
104.542549821447 3.04385159445645 0 843
104.794440134295 3.16101265444992 0 843
76.8134543429998 3.3213389584858 0 844
69.9976414182034 3.475133366103 0 844
67.4826113659462 3.0502918423627 0 845
67.3504044938679 3.45891387210838 0 845
99.4649870494761 3.08544516233064 0 845
67.5947863223316 3.6341245445351 0 846
68.0043496778093 3.15467210042744 0 847
69.5854064210438 3.38175979103391 0 848
65.3935524325462 3.17632868762692 0 849
105.93180121852 3.08784103431617 1 849
69.7578876346087 3.45346456887283 0 850
66.3404594689954 3.57445930937137 0 851
67.2604517914265 3.11292160789856 0 852
105.287322489525 3.26494760651556 0 852
0.0217588981190091 3.13147332191873 0 854
67.7252597766621 3.65417409813429 0 854
67.4685232378653 3.0171045139717 0 855
69.5262104696695 3.76571598472124 0 855
67.2703986244726 2.99430324454746 0 856
67.334977968741 3.31546233385899 0 856
104.568136138102 3.51450547899999 0 860
104.445107075032 3.15625561853851 0 860
67.5000234827902 3.40431392714863 0 861
67.2630191006344 3.14633202482767 0 862
67.7770077322177 2.99096792612783 0 866
104.293487952228 3.07451702954673 0 866
90.3707570954973 3.12930006729449 0 867
67.2731915715643 3.2328327505809 0 868
105.33370080604 3.55513498668401 0 868
69.324077400018 3.73508821139762 0 871
38.8090657688346 3.8464392850972 0 872
67.2777159233593 3.45478057827957 0 872
69.0036956686794 3.05789291882231 0 872
63.7593248678547 3.31253189281243 0 873
105.377912308981 3.48081843633356 0 873
73.4762847973038 3.84803451881013 0 874
67.7625247417973 3.44603126088053 0 875
72.8050968138077 3.13996378835367 0 875
97.8835729698003 3.15490296128167 0 875
63.7902238233778 3.18686424532206 0 878
67.3169540205283 3.14893338853934 0 878
106.101503532302 3.31348599602706 0 878
106.189089649722 3.0296987103872 2 878
63.7624471424241 3.87137978313686 0 879
69.7626176828465 3.02107930911667 0 879
68.4230916957779 2.99438086306708 0 883
83.9848557428181 3.52653378891775 0 883
67.3278703617479 3.37992812927394 0 884
67.2835194782575 3.12333264387369 0 885
98.3563073445881 3.07701933090665 0 886
98.0129438420506 3.49387824200074 0 887
101.233307035508 3.17596822577816 0 887
104.910586149142 2.99710937706131 0 887
105.852797397859 3.363023259026 1 888
89.1699003378931 3.75778041912871 0 889
63.878836713367 3.05945771364628 0 890
64.6540182246436 3.28183009296337 0 890
67.2937867535254 3.27475633171886 0 890
0.281972467423667 3.19550696263746 0 891
69.146423839458 3.36427937700219 0 891
71.3723626582219 3.27236675683878 0 893
67.3265542224222 3.06189288055898 0 894
67.2726348505643 3.49287739830813 0 896
72.9791202743496 3.52284958765097 0 897
97.6791934121916 3.25800515140837 0 899
105.243965078793 3.04121974908897 0 901
42.7879357123922 3.23551139389549 0 903
77.5844407630443 3.05450829134881 0 903
67.817151576898 3.07224060864168 0 903
106.071402433775 3.23493845316222 1 903
67.4456149911711 3.34822646255071 0 905
67.7612493811371 3.11094649055077 0 905
103.659925763675 3.43359283484297 0 905
85.9900233051981 3.00322416153203 0 905
105.598415909781 3.17258266187782 1 907
64.1760225267853 3.30724978862701 0 908
64.3969024090632 3.31117871112762 0 909
102.388597234479 3.30056835824641 0 909
105.39003391073 3.34655538019369 1 909
104.863207514683 3.13601766305753 0 910
66.8875382263522 3.50273323992527 0 913
105.223708554859 3.62509698420116 0 913
101.964000163853 3.19365420620955 0 914
0.00393058457076355 3.07849625374432 0 915
67.6282394066044 3.30200560927833 0 915
69.1188644801374 3.82793233490431 0 915
67.3108118084394 3.04225487596943 0 915
104.575084118216 3.61493396576592 0 915
63.7047002003881 3.41146342357389 0 916
101.075511748628 3.05386135871033 0 916
105.337433163152 3.35845006362723 0 916
69.7850947474254 3.48610790152693 0 917
105.634623027387 3.61302709964243 1 917
105.642631661299 3.0505847687891 2 917
105.677750559882 3.0336079694397 2 917
0.383447258517118 3.02289579356588 0 918
67.9109071530155 2.99780077116669 0 919
0.13144461518869 3.01979124533565 0 921
69.1218539350718 3.56301166498409 0 921
97.7263427771326 3.16654804764663 0 921
101.065756697873 3.4031332404548 0 921
105.266119106737 3.23444874779398 0 921
67.2543926279708 3.06035430813595 0 922
67.2734919765393 3.11207436846969 0 922
67.2543462221043 3.12413083459703 0 924
106.095669808334 3.08645998947982 0 925
105.915414766339 3.06155999059342 0 926
67.3504070347738 3.43841725944465 0 927
67.327145307092 3.13210903404072 0 927
68.4005309526655 3.13272025452854 0 927
105.226666556288 3.05525345811282 0 927
63.7989148068954 3.32582563299865 0 929
71.2096126800345 3.04169154929704 0 929
67.42571515561 3.00460477398666 0 930
76.272140228675 3.12425361167855 0 931
63.6998152151893 4.22579910710123 0 932
67.4735882649665 3.2033138960145 0 933
4.48932727335269 3.02634604120837 0 934
65.4148037630739 3.10670602951319 0 934
67.2625297634974 3.014196763117 0 934
97.1813920466153 3.24552069551771 0 934
104.627244743811 4.06616102296907 0 934
104.626374759224 3.04613581482625 0 934
38.2613872381241 3.41591896687949 0 935
67.2533740663233 3.02436182333659 0 937
93.0435906407463 2.99312140629345 0 937
105.494069126182 3.33138154402284 1 937
72.1335328994694 3.34613428097518 0 938
2.10444113796398 3.16294478097472 0 939
67.6155095616447 3.28269631195506 0 940
68.3516758330234 3.68217361971838 0 940
70.9216093668721 3.40938967938284 0 940
70.3177838963739 3.14871460540656 0 941
67.2727406676652 3.0723957982673 0 942
68.2424266479663 3.24297187521023 0 944
68.8314047194089 3.07875025586432 0 945
94.2193297442124 3.52409088349333 0 945
106.121621397537 3.11591058113473 1 945
67.9830581963488 3.07283764049012 0 946
44.343348760735 3.19045006208885 0 947
66.3180741533423 3.49543056569639 0 947
69.337792850865 3.91097737298338 0 950
67.7012968112112 3.30842876845233 0 950
94.7035110637557 3.02896807438022 0 951
105.230577871471 3.01581982856748 0 951
91.1151186851587 3.38427105720356 0 952
105.361111857736 3.72926168602418 0 952
105.420216096379 3.05091740508504 2 952
96.3684953504178 3.43428550511328 0 954
105.827614503893 3.70249858350135 1 954
91.4603009805932 3.07771961060739 0 955
105.666111610921 3.26006435054887 0 955
105.381423940156 3.00017085967759 0 955
105.727632836919 3.10391760651314 2 955
67.2580723326575 3.71808505056857 0 956
105.228494973184 2.99841365159703 0 956
105.50368613662 3.21936871820672 2 956
91.4380964143299 3.14357732549604 0 957
67.5259738256986 3.27556090510047 0 961
84.8249975943213 3.30780327189863 0 961
105.921018362492 3.81042221028247 1 961
71.9450789993033 2.99004715300801 0 962
79.1656417244529 3.11025171317677 0 962
63.9094556269481 4.10192505169138 0 963
97.5256705378909 3.29584243854886 0 966
67.6600364047945 3.71376079512228 0 968
67.2976945107644 3.23505395412295 0 970
106.205133493505 3.04815622841245 1 970
76.2071218997261 3.17661959866401 0 971
69.4178445638234 3.3283444611105 0 971
99.1748190243791 3.24900746490736 0 973
64.4592521828812 3.00051937381312 0 974
65.1491735762159 3.65376358586208 0 974
104.557754582947 3.10281017808826 0 974
65.5785527502994 3.58192154603408 0 975
73.2100803594525 3.06909332193429 0 975
82.1876261015145 3.18983827294054 0 975
106.008564851436 3.75125818338554 0 975
106.151540913686 3.22102844242918 2 975
72.5656356217504 3.01996714637969 0 976
103.218426977614 3.38222768408703 0 976
64.9440387400471 3.16563935940885 0 977
68.1367739640481 3.02721041179922 0 977
97.1664057665996 3.17471448714743 0 977
105.453335757619 3.38912255210411 0 977
0.155493894065653 3.06174766960685 0 978
105.981726603796 3.97417002514554 1 978
105.996036941011 3.03679951847806 2 978
67.497101601228 3.16412359339148 0 979
69.0082054968174 3.12613879947697 0 980
63.6758506850212 3.02160238154261 0 981
82.6616471783712 3.21568151609709 0 981
0.233897346651637 3.87240659794015 0 982
67.2700260264058 3.19759697560794 0 982
71.5143327528364 3.30295041215235 0 983
104.663195027801 3.02134406862381 0 983
63.8325109587155 3.33132571092421 0 985
65.7457818325157 3.20962802883512 0 985
73.9489939261749 3.19431857327539 0 985
97.6842447101103 3.18953107388592 0 985
105.23747855713 3.26654662820079 0 985
67.2596634405495 3.40817025954852 0 987
99.7557563333469 3.45991516733212 0 987
44.954972164838 3.56097256484964 0 988
68.3972386713696 3.03497142743327 0 988
77.019719585796 3.00236852248918 0 988
101.195227413385 3.18372357165188 0 988
13.2658353585525 3.49968046022657 0 990
68.5133020911092 3.07662521783919 0 990
79.0136902347986 3.37967804351326 0 992
67.310953862656 3.23952523483044 0 994
74.6355180256184 3.1935909861308 0 995
67.3648914287588 3.07039916498231 0 995
105.820995545461 3.49316374616957 1 995
106.108299536378 4.06509464369638 1 996
91.9286180758216 3.06820728710614 0 998
102.921369423449 3.16643972384297 0 998
64.8814799037789 3.05054487949145 0 1000
92.3232317774217 3.46867725630638 0 1000
100.657840009976 3.30169726139018 0 1000
105.24802109753 3.41690710928162 0 1000
105.626708322978 3.40289611509497 2 1000
