"ts" "magnitudes" "gen" "cat.idx"
0.0973070768530878 3.05306111825862 0 1
8.21874801967656 3.14479201348459 0 1
0.0625363014591241 3.56242068918802 0 2
8.23555397017255 3.02979612962222 0 3
6.75329995826787 3.11341421980766 0 4
0.00858585048374466 3.05146805202241 0 5
0.0897167872216966 4.03594460848851 0 5
8.03088705460962 3.20272587714682 0 6
6.04535341623767 3.14758936101578 0 7
4.53952989333552 3.38069091420984 0 7
8.46019643930359 3.02075717044719 0 7
0.726878034882192 3.09935329346974 0 8
0.110759699113056 3.23883599755743 0 8
3.11292929053849 3.04216928433344 0 8
0.0140922094339438 3.13110219112661 0 9
4.3538890397319 3.08843454695304 0 9
1.78601787437648 3.52138922030574 0 12
5.30749419973143 3.50004662317789 0 12
0.0119076797132293 3.29831770611364 0 12
0.0514972252963749 3.16283196503762 0 12
5.50977771947922 2.99403096676007 0 12
9.96333893636207 3.96822694934569 1 12
0.184630219128293 3.02454074482154 0 13
2.01708115199328 3.08914771808493 0 13
3.04891442415492 3.39711489363971 0 13
4.21790516589159 3.50277600367791 0 13
0.00939310385382845 3.0766242339687 0 14
0.530301727744536 5.55138524457194 0 15
6.35939432751336 3.01889173564759 0 15
0.478352309663544 3.00157193654116 0 15
6.6977673668903 3.24609581275486 0 16
8.40431197321288 3.42631338965233 0 16
0.00300378499348093 3.01846614493534 0 17
0.0106082868689439 3.07918647795982 0 17
1.46090520532358 3.42070146905518 0 17
9.25353663723615 3.18388481133021 0 17
0.0665339209151489 3.06707059161724 0 18
5.98301467259919 3.16929713083934 0 18
0.227714977020695 3.12610298719724 0 18
5.17944117712448 3.56382942238168 0 18
2.23814713385147 4.03963554506938 0 18
7.55879041997571 3.53387867793136 0 18
7.56129012619607 3.35608241827824 2 18
0.0398070768968597 3.19410348979552 0 19
0.24061250782223 3.95778333170116 0 19
0.00659153456828697 3.9013538974893 0 19
1.13749095628837 3.1402955248478 0 20
3.14775999472126 3.04999228647106 0 20
2.17617232352994 3.00629823892947 0 20
0.05633422537478 3.19978767511174 0 21
3.44143248717346 3.01332137440579 0 21
1.58108279294834 3.09995651120503 0 22
4.73421391592725 3.71006936844568 0 22
0.0259139374220136 3.32509427169962 0 23
0.0707372375334156 3.40112350040926 0 23
7.87299647063166 3.365286552872 0 23
0.0410652901157474 3.23485600849049 0 24
2.57728562394737 3.55250945631797 0 24
1.08743118548307 3.27912658473875 0 24
0.324967715757656 3.18629030416045 0 24
8.59115681769838 3.15861597836535 0 24
0.264190183185954 3.45659381628837 0 25
9.58834527481548 3.55476832453018 0 26
3.05209438671428 3.07068116184702 0 26
7.83471202047401 3.02792083142634 0 26
5.88867875314658 3.21744138788011 0 27
7.87543068404225 3.10698791666288 0 27
0.000906624693336624 3.43976752117758 0 28
4.7168754036364 3.05082514117544 0 28
0.0712497305458365 3.58066549592147 0 30
1.19878754806024 3.05143822355359 0 31
5.20098445735087 3.03967508272818 0 31
9.54744767223073 3.13992617422196 0 31
0.732996176347486 3.63565243859291 0 32
0.0882154899818765 3.1530630593981 0 32
7.64313191390143 3.41352522650085 0 33
0.0293444207252728 3.13222700306576 0 34
0.0899677891193591 3.62823415268964 0 34
1.23891902328133 3.07397364492172 0 34
7.79123845768668 3.11148148781244 0 35
0.694895629621764 3.15258033406191 0 37
3.20706924944876 3.22876685630608 0 37
5.4266003215263 3.05362073842712 0 37
7.21931617730915 3.10559493298613 0 37
0.52650915177232 3.21055640054185 0 39
4.77402287277148 3.24642923078394 0 40
7.44776526194603 3.21300761137827 0 40
7.8290018133138 3.1913799842058 0 40
7.7721640432756 3.04269586929152 0 40
0.151838513393344 3.13395793451432 0 41
0.000347776377658755 3.14716823884786 0 41
2.27828104447642 3.19122130081747 0 41
7.52894182503528 3.06130880626211 0 42
0.071356870669708 3.04330257503324 0 44
8.44000516782234 3.01872901540318 0 44
0.0291547390042111 4.08478027216185 0 45
0.0876206051269883 2.99568751723087 0 45
4.15047614094685 3.06180717991067 0 46
0.0076868733130192 3.06401370814097 0 47
0.112957226910988 3.21171686434212 0 47
9.24273761902323 3.12337571773173 0 47
8.45785089559218 3.12821034370635 0 47
8.47847450655153 3.27750426606663 2 47
7.77036497275542 3.13113309359724 0 48
0.0236715831395759 3.1294541788283 0 49
4.83970227801998 3.47562671828875 0 49
9.30932728704962 2.99634839601436 1 49
5.93719872015693 3.06057357774763 0 50
0.429761697425274 3.42017395117846 0 51
0.338240945005392 3.2961632709095 0 51
2.13065584054794 3.47705144634185 0 52
0.00755681787441584 3.19698237209016 0 53
4.49312874584842 3.06990640128904 0 53
7.04154244965568 3.25508004787838 0 53
9.35334152089028 3.26185613094621 0 53
0.0209785960517223 3.50261269602256 0 54
0.103052346875548 3.17812195556431 0 55
5.1878031110419 2.99906663600468 0 55
7.45532956678656 3.62324638589489 0 55
9.09397182512063 3.27114477054159 1 55
0.00299500805448184 3.02383056512258 0 56
0.322607250854628 3.42215747497622 0 56
0.0733328920965614 2.99148781015932 0 57
0.0360442084597787 3.24863447914947 0 59
0.275333205630778 3.03090019242208 0 59
1.15012323831111 4.19861642163999 0 59
0.33553189581957 3.64461036986064 0 60
0.163710657999649 3.35780653170885 0 60
0.674327004640148 3.7983834870075 0 60
8.268238687078 3.45600205613766 0 60
2.2279394542611 3.42074220174771 0 61
0.0657511740152698 4.15440788203131 0 62
8.69217006786348 3.0608552863525 0 62
0.591759136248652 3.1070224793407 0 63
0.0114069590996641 3.19214003016853 0 64
7.50059556312198 3.19213191589629 0 64
0.126205063682728 3.15948912835292 0 65
0.468501233352756 3.73725329555349 0 65
0.436523606510278 3.57987809198175 0 65
4.54097654887411 3.74910118663407 0 65
7.41270014897064 3.76914386843947 0 66
0.189549060507809 3.03965440327025 0 67
1.0850196215207 3.3604339585208 0 67
1.46383306384094 3.32276993395399 0 67
0.0717255165841046 3.1964808037028 0 68
0.0380554972908098 3.33138697062283 0 69
0.148407169402468 3.56096229382585 0 69
7.3720477904327 3.72513471481456 0 69
0.562473431861209 3.67062516517379 0 70
0.111020327274638 3.0310593312001 0 71
0.0859917512084523 3.22096679759506 0 71
5.69968082756671 3.11606876827061 0 71
8.50080835918772 3.11192998617637 0 71
2.12578474886706 3.04682434182351 0 72
0.0563030114980201 3.31117984541895 0 73
0.713847470091281 3.09236856073726 0 73
3.20571317387523 3.55142799249324 0 73
0.0403072027850472 3.59748308451167 0 75
2.42483625344664 3.02498196756983 0 75
8.62913026466135 3.14243437318036 0 76
0.00106199100608849 3.03748370534594 0 77
1.7650464996055 3.34957198044493 0 77
7.74386034268549 3.0224848156623 0 77
0.296426892383365 3.45242944805162 0 78
7.78390298509946 3.0412923737274 0 78
9.54414193603176 3.0828284812563 1 78
9.57161927283349 3.03887749353942 2 78
0.259721620519282 3.95239362872723 0 79
0.0158295642303503 3.41588599366067 0 79
0.692644517804266 3.74823322836215 0 80
4.51179712798764 3.01187808338009 0 80
9.2453881498422 3.23727628320721 0 81
1.50727625744996 3.09626761205136 0 82
4.53969859773805 3.15431331459686 0 82
3.34976312334131 3.01924650812011 0 83
9.84746399443562 3.08014173924833 1 83
0.122442028616319 3.14718390230835 0 84
7.86937544079948 3.41246645219103 0 84
8.47914584716887 3.38062221013732 0 84
0.0786995867830187 3.15182804062183 0 85
2.44319612182159 3.09772814650328 0 85
0.752273404466488 3.03564158698925 0 85
8.63450528770548 3.1148994931114 0 85
8.32254546833174 3.39598369646444 0 86
0.0757198199345983 3.20309703914407 0 87
0.196703157502619 2.99426949256373 0 87
4.07923157331081 3.72590577964274 0 88
0.0594591596203148 3.36915751563051 0 89
7.7013893840902 3.11470183202233 0 89
7.50712845085564 2.99125389197535 0 90
9.84564950308728 3.17145671170883 1 90
1.47727550704228 3.3364728697377 0 92
0.00278515478989108 3.27004737271758 0 93
0.111955209180849 3.12601479665221 0 93
0.110816797249141 3.27081649711751 0 94
0.0742021611338906 3.14564282014457 0 94
0.614598753666626 3.31477433981376 0 95
8.69125097178122 3.61736073761753 0 95
0.991383081448756 3.19319094984491 0 96
1.35270456110208 3.50583592420104 0 97
4.96847200474311 2.99877253719693 0 97
0.00702220493574974 3.09963594021178 0 98
0.439786491850807 3.05238085591351 0 98
2.09609456590752 3.22599150931489 0 98
3.35991676579332 3.36009803529541 0 98
0.537358441963908 3.07135252730233 0 99
0.513418830702832 3.17563436818063 0 99
9.36911028498749 3.10929821073664 1 99
0.0839149572027186 3.47010678705565 0 100
0.244263160059928 2.99931854259842 0 100
0.0160572800330197 3.02053278390005 0 101
0.00143920327463521 3.10855043313728 0 101
0.155101789188404 3.27807837711626 0 102
8.07592565275986 3.04192260362062 0 103
4.17786544907994 3.11439826419313 0 104
0.778754315635099 3.26385229969648 0 104
2.35159592237188 3.36662961294485 0 105
1.24931609089724 3.24773847413077 0 105
2.27505310540436 3.6293245211333 0 105
7.8685125065952 3.08389731952353 0 105
0.0574714660674622 4.20292002906316 0 106
0.0144360484687974 3.06900867912469 0 106
2.19362348284969 3.63189817241724 0 106
8.23695899906073 3.13027993276771 0 106
2.87062934305205 3.07305813321265 0 107
0.00162226981859925 3.63884410778119 0 109
0.491721930521815 3.18558762079663 0 109
0.00535979519121908 3.30931385619811 0 110
0.135184528916554 3.09351463297856 0 110
0.0409001021758856 3.05100164651481 0 110
5.56260964049853 3.2009237016596 0 110
1.58985461265971 3.28537303984293 0 111
7.91399952363449 3.13151659934417 0 111
0.152572201012903 3.10929929140362 0 112
0.489923876804604 3.42821671475096 0 112
0.0211974722521491 2.99233870615353 0 113
9.70024301266263 4.32333101627914 1 113
9.72538780998797 3.12660671343449 2 113
9.7040622711809 3.58204704640211 2 113
10.0028673266224 3.16077774904727 2 113
0.0513402126699207 3.25735598733836 0 114
0.024851598666663 3.11018186852158 0 115
2.1241511315687 3.24803690454384 0 115
0.171228743688395 3.11201760724694 0 116
7.91304498286684 3.13446212887942 0 116
0.0223090339326127 3.02700210513443 0 117
5.27344912363757 3.18305995199435 0 119
5.70561065723394 3.48076221862542 0 119
7.41729280364462 3.20216089720846 0 119
9.82086512926931 3.38192389063306 1 120
0.0311698919065667 2.99997284813054 0 121
0.507568687458144 3.03081568862684 0 121
0.0437603059436185 3.35326394275324 0 122
0.0689367159294106 3.39982882866732 0 122
0.0896396705762665 3.35879635177004 0 122
0.00554990100652543 3.03323572462942 0 123
0.0627964929818715 2.99873948542744 0 124
0.0319271734132704 3.7356978619081 0 125
0.0173117825597807 3.74638224198083 0 125
0.0326252948885779 4.13317653121724 0 125
0.119222322487926 3.0995114686386 0 125
0.213097191899177 3.01851087661274 0 126
0.0405084502513283 2.99632201491429 0 126
7.42195634007897 3.32626248694509 0 127
0.0134710977040714 3.00852750869081 0 129
0.0317882801350034 3.10803703313642 0 129
3.15657565761322 3.17119113681367 0 129
0.0108873020094713 3.0114516235736 0 130
3.15155931845141 3.40185910924153 0 130
0.546221472176614 3.43003312841193 0 130
0.682173393483411 3.12850219301808 0 130
0.0202209851112644 3.06427102609812 0 131
7.86062878895419 3.27798581644241 0 131
1.59878997506138 3.33665016456244 0 132
0.493514457038025 3.0576017572353 0 132
2.6372132323942 3.14539872824543 0 132
0.126641300396736 3.12704441007093 0 133
1.35434622679978 3.46806186656279 0 133
8.035069903072 3.58532218234524 0 133
7.43373958144632 3.43243984800395 0 133
0.00550716883760975 3.38727010318306 0 134
0.106104797551536 3.15708262234941 0 134
7.60974988491481 3.70719701441098 0 134
9.31670466641447 3.33684341520641 0 135
9.24017474163289 3.37619206203444 1 135
0.202779334439722 3.05490490128112 0 136
0.299977343473676 4.34157349412532 0 136
0.209647361244141 3.77643823059118 0 136
0.0237198433293243 3.07313674257089 0 137
0.116763817703067 3.15691722273849 0 137
0.647123650302165 4.01711985167416 0 137
7.91028791713217 3.12873747954746 0 137
0.00427286692739498 3.18670876482584 0 138
3.15879209761052 3.68835295383408 0 138
6.08769648509681 3.45059876546622 0 139
4.75265020252617 3.05989723205337 0 139
5.90692381720359 3.8626347678043 0 139
1.08060620140574 3.01131488284504 0 140
0.0718170586552476 3.1335240983707 0 141
0.16465812244998 3.03391586380917 0 141
8.57149498847454 3.10315078299205 0 141
0.447154446438588 3.40140932485866 0 142
0.300475898002324 3.49985727804441 0 143
6.71167149158846 3.73934764815779 0 143
5.83511128074511 3.15971430048163 0 145
1.68919876526698 3.04955983982305 0 145
1.10323358568775 3.68018754346217 0 145
0.496986803017032 3.65286231020602 0 146
0.0156589630262609 3.08456944854322 0 148
0.319426348787158 3.19552944229814 0 148
7.39139258040497 3.11407783363906 0 148
9.19345567390288 3.25930704483433 1 148
0.2858288184232 3.1781291837934 0 149
5.68584563351551 3.04218158723735 0 149
0.101466658928395 3.11067303378508 0 150
0.498598696939544 3.77865325191871 0 151
5.22807761856404 3.77199399354043 0 151
0.159493389948488 3.28718466245606 0 151
0.145786327169911 3.99417533577917 0 152
8.35026285096068 3.05229852263237 0 152
0.033489626413662 3.77800375137069 0 153
3.12957614683479 3.05863162832356 0 153
1.68115222248886 3.06467193218914 0 153
2.12227442869532 3.03195092535165 0 153
1.65870424904487 3.05583797548618 0 154
4.63141068916832 3.37993940947403 0 154
8.65992391543764 3.02367956354727 0 154
0.0434786362961129 3.22658713991624 0 155
0.0972623396914553 3.09917117488789 0 155
4.8812553346986 3.09289490237555 0 155
4.87482929974708 3.08347505942873 0 156
8.1066076371284 3.53286699610135 0 156
9.0243419234242 3.33512912321179 0 156
6.89535759324121 3.04128932456205 0 158
1.04136055645683 3.41687743405494 0 159
4.57355772593539 3.8538518324824 0 159
4.78499015477476 3.19148009374719 0 160
0.394784311490064 3.20835158435222 0 161
0.41390678972654 3.0507457085511 0 161
7.81255780050949 3.01279622036357 0 162
2.13824419405783 3.68170874810956 0 163
7.48634975621499 3.09044949022681 0 163
8.11929118370333 4.12065168765224 0 164
8.3491597306315 3.10659710543144 2 164
8.54943293902003 2.99389957816576 3 164
0.0566074485549108 3.41760250849062 0 165
5.8375078294967 3.04671911005523 0 165
0.361159459780369 3.23519935590681 0 165
2.13670728671122 3.16563280850881 0 165
9.84759080820682 3.80766454744705 1 165
0.283172588245601 3.0729411415444 0 167
0.766926316060548 3.50884447249019 0 167
1.7142278321156 3.55439172284254 0 167
8.45935516924391 3.35996314460691 0 168
10.0147626233843 3.20529697067047 1 168
0.00224733860041759 3.60172510686612 0 169
7.51538872348668 3.10459332980722 0 169
7.96741748918648 3.06118994025239 0 169
0.0634556591610026 3.54515435539769 0 171
0.0604282640305916 3.19561632540881 0 171
7.62302379979012 3.90588233514875 0 171
1.11695403559623 3.61762895471413 0 173
7.93852302431845 4.48790019604922 0 173
0.0458111826997657 3.20472938713423 0 174
0.0215395311611479 3.3137707010303 0 174
8.41042040088461 3.0663428452659 0 174
9.86796553447808 3.19915984137621 1 174
9.39050475103746 3.03744007527224 1 175
0.947937183433202 3.38876688966468 0 178
0.110334262089165 3.11721440160559 0 178
4.12295595647642 3.25401038716778 0 178
0.611978722824105 3.01434729528859 0 179
0.226669012057973 3.03593366761279 0 179
6.06993231592999 3.52779348506653 0 180
2.31644269250784 3.43253120450634 0 181
0.382577147451605 3.35119621994045 0 181
0.684869420907166 3.18550072017032 0 181
0.00794322642237724 3.11366464658142 0 181
0.0541203345189565 3.06031726507136 0 183
2.16289066558532 4.2800748733114 0 183
4.85210478883568 3.23206533883688 0 183
7.41379077760457 3.39683980617876 0 183
9.33156725769286 3.08223251534653 0 184
0.0105463640639134 3.01473816514326 0 184
6.79813255345484 3.46299151568995 0 184
1.96190569865831 3.04950052937422 0 184
8.75586911192193 3.12323787444558 0 184
0.0154076133181616 3.15145961090369 0 186
7.41238118569029 4.1023316224224 0 187
0.00984056482299948 3.45059861265975 0 188
2.35326992673503 3.17255886130095 0 188
5.00800659010357 3.38939202779201 0 188
8.43447665883376 3.08763521618476 0 188
4.23664979747335 3.99349771925633 0 190
4.66142853511009 3.05359732589393 0 190
8.61717788723083 3.31576899477345 0 191
1.66137860035412 3.90676682462891 0 191
6.17827505213187 3.60900884756077 0 191
5.66591675295914 3.0823905770906 0 191
0.0686305648100593 3.04218541032023 0 192
5.22342325523871 3.13896506772785 0 192
8.46553624805464 3.12653263957528 0 192
8.32796498850725 3.06460301467583 0 193
8.11293238050791 3.38072164513286 0 193
8.49953952576694 3.16427411451756 0 193
0.0956445500585508 3.284638050881 0 194
0.0623838654656717 3.46065700719265 0 194
0.458231015327699 3.33435418107045 0 194
0.988379368643227 3.10784569585166 0 195
0.108718919284771 2.99142532909501 0 196
7.48128951345918 3.18906585174957 0 196
0.0995088732489447 3.01599666778692 0 197
0.895951353438837 2.99858467769898 0 200
6.70792577074243 3.18809311074081 0 200
0.0911254881183034 3.43028756353009 0 201
3.36503420678 3.23353095149446 0 201
8.25802566439871 3.02684900810234 0 201
9.954752440713 3.27770193392812 1 201
4.68432172380883 3.10564267229073 0 202
1.56082188264566 3.12921046161196 0 203
0.0329974954462389 3.57992997646312 0 203
2.20494373551487 3.0293063917662 0 204
0.261418496120351 3.32042818798725 0 204
7.90986068201522 4.41173205413286 0 204
1.69464972545164 3.00293116000752 0 205
6.6252825333165 3.63866876282264 0 205
9.48125667652081 3.36020848327817 1 205
0.245589592576737 3.40809541207475 0 206
0.35579824046216 3.09701182108179 0 206
9.17877699868719 4.24295513744349 1 206
9.3185329446475 3.14850377048851 2 206
9.23175205585861 4.38098017522744 2 206
9.22899679729842 5.72561556388892 2 206
9.47390450352826 3.11104374451979 3 206
9.96737602385239 3.0031726617063 3 206
9.50269630307039 3.37930990535515 3 206
9.49211805600052 2.99705002681794 3 206
9.34636334350006 3.18005759221181 3 206
9.39352933555116 3.22077110341354 3 206
9.27869280120147 3.12796023049871 3 206
9.24980240842232 3.57974207977117 3 206
9.29906442042542 3.09877348791348 3 206
9.25225695508456 3.01713773527642 3 206
9.42319842758385 4.43941997947931 3 206
9.26706866358367 3.22402892626576 3 206
9.23305234919548 3.03107111747025 3 206
9.24075229376448 3.26555564707163 3 206
9.26078883211459 3.38701863679374 3 206
9.54428030227423 3.09411537923259 3 206
9.23598267636267 3.52047707110291 3 206
9.23109088122375 3.48494675567692 3 206
9.35764955968333 3.02338448879859 3 206
9.56493933436791 3.07413235660123 3 206
9.31720581329997 2.99361300176361 3 206
9.29403523424766 3.25750838954485 3 206
9.23254702931628 3.08770903298035 3 206
9.24499429099495 3.38888038241985 3 206
9.37386595479224 3.11418152411471 3 206
9.29352469931896 3.11561073077804 3 206
9.25260371052067 4.36252421793597 3 206
9.24886269793142 3.07220055724584 3 206
9.99494751682652 3.12306558465954 3 206
9.2543698188195 3.38706224187304 3 206
9.39650755845231 3.05323543106292 3 206
9.23588942252571 3.17489679887849 3 206
9.96503616435438 3.13401230172796 3 206
9.24662589388137 3.66384624938984 3 206
9.29153150529748 3.20194443040215 3 206
9.23153677163189 4.13840753459073 3 206
9.27705170896079 3.04134327535382 3 206
9.35164669933997 3.09682816737494 3 206
9.23744547398496 3.22495235938195 3 206
9.25397336010497 3.1004675210185 3 206
9.29900722609043 3.04760171186463 3 206
9.32515568307196 3.40052382748586 3 206
9.43105741410463 3.09106924349994 3 206
9.33991126439506 3.42199076020539 3 206
9.63714551653059 3.40014672506274 3 206
9.24306413273744 3.03988427030171 3 206
9.25447756197068 4.31598242264097 3 206
9.25485114556741 3.10046787218691 3 206
9.2299706381346 3.08607240010232 3 206
9.97380487969193 4.58201669606528 3 206
9.2347450814823 3.44530614272826 3 206
9.23647261409484 3.28997389859753 3 206
9.41778483930245 3.27700564614476 3 206
9.24465889201417 3.46601429968457 3 206
9.2496539364126 3.05927700964292 3 206
9.5467692325136 3.21179318542514 4 206
9.4232662245511 3.26418301296484 4 206
9.48911406992444 3.20612086033057 4 206
9.44390234003097 3.15165949233484 4 206
9.43688032171331 3.45245507382564 4 206
9.34817907710433 3.1334399654074 4 206
9.62620243748644 3.12814011640961 4 206
9.7789642352113 2.9957233322085 4 206
9.26727661165512 3.42135192060226 4 206
9.6433751859754 3.13086136432331 4 206
9.32285637219864 3.31473823107789 4 206
9.40433932827194 3.26703175776898 4 206
9.36465060119563 3.09026341075648 4 206
9.25467698726645 2.997940937446 4 206
9.7538085830226 3.07220193047233 4 206
9.27369852365846 3.12037996378007 4 206
9.98443480631089 3.49210231716137 4 206
9.9937118470157 4.2859922736854 4 206
9.27598934003973 3.22073379449534 5 206
5.577324576345 2.99984192412912 0 207
0.919824196267121 3.28060860114295 0 207
9.85754996809143 3.1130172651041 1 207
0.0145381872248849 3.01344835123138 0 208
0.54455026765451 3.43731576046434 0 208
0.0594303658182802 3.59221795561406 0 208
0.492108744430834 3.37593601759675 0 208
0.0400842982915365 3.01368021458828 0 209
7.79586166718745 3.10638898751224 0 209
0.0776295089134638 3.09906078324548 0 210
0.693662058342645 3.40045611417134 0 210
8.42092160833294 3.11911680948546 0 210
0.163200590143737 3.07815926476094 0 211
5.41142130876388 4.04789332895408 0 211
0.829497124168511 3.06648609559667 0 211
0.185061953323153 3.23126207637369 0 211
3.38740200592573 3.43331567996641 0 211
0.185290181538675 3.82222810890303 2 211
8.32919703738392 3.05484286214992 0 212
8.58349921522607 3.3705367917722 0 212
7.65283121732827 3.7215352230545 0 213
0.00187550515453283 3.27805349696902 0 214
6.80697145868415 3.48958442497847 0 214
3.81317590787918 3.07424266511326 0 215
0.353681408977324 3.01005188822766 0 216
4.58974672872004 3.56217147746017 0 216
0.0774510689362583 3.18047121772593 0 217
7.43364888961728 3.61725874842106 0 217
0.172114513792183 3.40203134883519 0 218
8.55510975483488 3.05400537624476 0 219
0.0322257843764336 3.81194565013694 0 220
0.0114304744661832 3.41323330008518 0 220
0.111565024591351 3.12495362999958 0 221
2.54186200622215 3.81862972477362 0 221
0.341857670993722 4.04394670814153 0 223
6.7892215031242 3.18106820110038 0 223
8.11650489930865 3.30216826374669 0 223
5.44025492950053 3.30806996942107 0 224
9.76727677467146 3.48941346345095 0 224
9.87583002369816 3.67394234510723 1 224
9.33847533809918 3.08368165753691 1 224
1.17983356381814 3.00072721836602 0 226
0.111211807441579 3.19722488457641 0 226
7.7065255994787 3.51734091452856 0 226
0.0113263157766625 3.3940569041991 0 228
0.61981333545291 3.16155460474141 0 228
3.21045016124161 3.34953092121192 0 228
0.0600050297382372 3.78676116877321 0 229
0.980898779970819 3.05803754490547 0 229
4.19995065987761 3.09325239772448 0 229
1.03208780035411 3.0300011023971 0 230
0.0187461062069002 3.03374525365754 0 232
4.78963999140537 3.60906839987366 0 233
0.464099704988642 4.07516686713887 0 233
7.43111108234508 3.27032599148571 0 233
0.00127271349836878 3.00000937918863 0 234
0.0789468090689836 3.81391871395118 0 234
0.128504869107865 3.01204807030916 0 235
0.629509531404277 3.54567686196637 0 236
0.572782547615189 3.0643678424589 0 236
0.048488536270701 3.09859067674886 0 237
8.25940320602079 3.06788321577094 0 237
3.49175184771418 3.0969831937038 0 237
9.8386516567875 3.41807394832488 1 237
0.122767444460096 4.11086557716169 0 238
0.387772349971163 3.19942142246916 0 238
0.159867425055524 3.47792494809647 0 238
3.69731186618757 4.26383042180545 0 238
0.95727062127797 2.99625286902007 0 239
0.415514841460872 3.21367202282811 0 240
9.19457015814064 3.15982514625407 0 240
4.63144588211818 3.5314814632964 0 241
8.07612259948968 3.09214807392249 0 241
3.49158803468227 3.48772918390591 0 242
2.56451322335349 3.48801452110916 0 242
3.41056539717132 3.30591162781938 0 242
4.86188288058781 4.12453805036256 0 242
0.0415672095623905 3.2218597574315 0 243
0.563742518151912 3.39287840640882 0 243
2.15839478022197 3.02827937745362 0 243
3.64186134804098 3.01879744237077 0 245
6.03538878265648 3.21413319299346 0 245
0.0265456822004514 3.40383735694861 0 246
8.39711229907108 3.20821374886893 0 246
2.70900914327162 3.97983840127634 0 247
0.713067671152168 3.43609613582742 0 248
0.67808513966208 3.23747916073924 0 248
7.42124207838493 3.3424944112916 0 248
0.0500007140203579 3.18018722725958 0 249
0.165200469359617 3.12211224066875 0 249
8.14964725208314 3.32401279580914 0 250
7.77795129579932 3.77815878451622 0 250
0.627448357746597 3.93753191041736 0 251
2.11089657759523 3.34762352853974 0 251
8.61634287159094 3.47221164878356 0 251
9.40259055878001 3.24949271795999 1 251
0.0244743518763681 3.04781262582408 0 252
9.98178048069994 3.03513350306698 0 252
0.648547981741606 3.16255792795175 0 253
4.61608021841187 3.01891493075162 0 253
9.43061816588392 3.10959588677326 0 253
1.26752426068817 3.45045219417603 0 254
0.0217612841100167 4.30366725685358 0 254
0.376534097449497 3.41702671567172 0 254
8.39724034217621 3.69715121332411 0 254
2.22850883437749 3.57562945388159 0 255
3.00747064217928 3.11096628338916 0 255
0.0162015912237662 3.47286563260667 0 256
2.19794155973223 3.04845764661815 0 256
9.21156585485897 3.28015770494109 0 257
8.54868755594553 3.11762233203198 0 257
9.19886086942594 3.09640491871373 1 257
0.0566444788402078 3.56843385996641 0 258
4.46759160470806 3.1684271090256 0 258
2.46187244726692 3.40969734651442 0 258
2.77966113863819 3.03420267284507 0 259
7.87195042853008 3.23872052504808 0 259
1.50768999203471 2.99585080571425 0 260
8.58296544230834 3.09592689808109 0 260
0.0294288546729904 3.38830453991511 0 261
4.87303570791853 3.18806728880497 0 261
0.613899426018332 3.2746391764509 0 262
1.02530365274157 3.51252393795521 0 262
5.59124853117958 3.93844271304581 0 262
7.81306806001206 3.55282456364222 0 262
9.39229585755177 3.11250562926315 0 262
9.39738644212204 2.99919430543223 2 262
9.45568828126223 3.18685096645217 3 262
0.0102232703297847 3.40242376152603 0 263
4.95988267659763 2.99067653688352 0 263
0.0293611533090299 2.99759827903142 0 264
0.103651070734721 3.20326133415398 0 264
5.20993338590104 3.15119922045309 0 264
0.507644229659742 3.16824362004726 0 265
4.08392207181611 3.47974148064252 0 266
0.721664017408483 3.27082938695697 0 267
0.0593091139291404 3.44289398824262 0 267
0.393576475179294 3.32071087768441 0 267
9.42221114776063 3.36601196217117 1 267
8.50641571885872 3.37088400186285 0 268
0.400970474463717 4.08102645861205 0 269
0.128945967843504 3.44048014394747 0 270
4.74037747096275 3.75335336368319 0 270
0.382942699167209 3.03883706638451 0 270
7.86273656407795 3.18905053093958 0 270
8.15645142372412 3.07217856027013 0 270
8.46968695517342 3.65198909977745 0 270
0.257237127891047 3.03715875011785 0 271
0.945985650039943 3.0193372713199 0 272
1.44801171100139 3.30075285630583 0 272
0.466858811002019 3.38852418737247 0 273
8.25909187334857 3.00891176229519 0 273
9.20313050077262 4.56367139581432 1 273
9.23213404450684 3.10348547982553 2 273
9.27516158442945 3.07273997131108 2 273
9.23879521857708 3.42466388889962 2 273
1.72223232358565 3.43113619128429 0 274
3.17609291676284 3.21881452390895 0 274
8.01702289324539 3.24580352636426 0 274
1.27342169855124 3.01655623100983 0 275
0.0370742574850449 3.09180859210042 0 275
0.13004904995266 3.23407025359983 0 277
0.432418431967636 2.99831950111832 0 277
0.0870084544905577 3.22379478357103 0 278
0.0554748406993303 3.64202399307829 0 278
0.296862851985134 3.54285766639451 0 278
0.743988465129294 3.10592296858878 0 279
0.244230528473503 3.20815249092635 0 279
0.469836363421747 3.30285495868903 0 279
8.53228461103037 3.14608922770874 0 279
3.9687798937981 2.99504509895019 0 281
4.7112410858976 3.72145920008651 0 282
8.23019437469889 3.55329669726044 0 282
8.16927316172623 3.21179306848164 0 283
0.0473719835791598 3.47798166218088 0 283
7.54198129238492 3.08497073181689 0 283
0.0489235903730634 3.1330695320348 0 284
9.4393510424156 3.30837972184304 1 284
9.44156160127337 3.03115525240025 1 286
0.047674150433726 4.02165613555872 0 288
0.0893476985037674 3.11743504020856 0 289
2.29031631228201 3.1929284056344 0 289
0.79202420664076 3.17757558812272 0 290
0.0423722389481024 3.08718439561009 0 290
8.36524862083232 3.27463298177813 0 290
0.447024325058854 3.9109137532972 0 291
3.00022494677556 3.13097492085739 0 291
7.49765096189797 3.26564688409347 0 291
1.23954090908412 3.0412724022152 0 292
6.09465100360027 3.06769201330446 0 292
7.73371521968603 2.99756035301428 0 293
0.295234562554931 3.24537498084079 0 295
6.75720256986193 3.20738042920029 0 295
0.00905627783335299 3.60740823944086 0 296
1.1037800825387 3.03498146856621 0 296
1.60823547696278 3.29055270954989 0 297
0.00177790903976405 3.04108666042973 0 298
4.49511854407708 3.19050005013243 0 298
8.19398735620217 3.2130043010593 0 298
0.0735855906405624 3.17129465254136 0 299
4.88686096057432 3.3504131893082 0 299
0.0374492848270016 3.60274665315279 0 300
0.0678577864670527 3.13952361365312 0 300
0.705624610639868 3.11629306423199 0 300
3.55306862618707 3.05544825333767 0 300
0.162259696217256 3.33677548278563 0 301
0.380690395737695 3.01090964706321 0 301
8.10369777327144 3.48041894098709 0 301
0.000538194729645396 3.43869646567981 0 302
0.950510742737273 3.03184806442114 0 302
3.06207908423219 3.16758562731091 0 302
3.05998449859918 3.12844496583913 0 302
0.0761443420830713 3.28169924139703 0 303
4.82149989351146 3.22904878787708 0 303
5.0171968686647 3.15131474623763 2 303
0.515553615483749 3.0212100750401 0 304
1.19670505465123 3.0888691671575 0 304
3.71291351393773 3.13606091412524 0 305
0.0451320131260493 3.63684325725921 0 305
0.110807102591352 3.19383702010083 0 305
0.00515617936105018 3.65122829204523 0 306
0.00836436750794123 3.09983567276921 0 306
0.109642323062036 3.03029309737363 0 307
0.0848009509179601 3.66396845776813 0 307
7.02670549259197 3.11589701902164 2 307
9.88671108886939 3.3285451025229 0 309
0.00405665561355739 3.00198635702869 0 309
0.913601256567208 3.35016945058153 0 310
0.126071546548372 3.19742848002396 0 310
3.06304622096056 3.23054005006125 0 310
9.84473778555135 3.31276571285218 1 310
0.0498824274764974 3.1504296152583 0 311
0.060488944702226 3.08172213578603 0 311
0.148834820681854 3.83878808126958 0 311
5.49827958281914 3.03464025063007 0 314
0.503078706262874 3.16433865187695 0 314
1.56414441181845 3.0622243653848 0 315
7.87515425803458 3.53721664343466 0 315
2.84274602032995 3.12475540865106 0 316
0.112128101981711 3.048486402297 0 316
0.0132486175941895 4.11826475556071 0 316
4.82308766417137 3.35547741412499 0 316
0.282406428253108 3.01263863445663 0 317
0.0289002931192443 3.02591347162956 0 317
1.72167698871317 3.13744298221719 0 318
3.8559812269906 3.11580908963023 0 318
8.43634081930273 3.10179315109214 0 318
0.0126573235145048 3.89609179639819 0 319
0.0235826552104434 3.27332509495084 0 319
1.01033218191435 3.10891201149115 0 320
1.20544994270563 3.8703958356885 0 320
2.12540418631468 3.45076806299257 0 320
0.184766652631238 3.02310492130883 0 322
3.00807612292272 3.1272159351277 0 323
5.50157351355279 3.33473287713736 0 323
8.31127480316328 3.53207615570364 0 323
8.44201561843825 3.01949161700914 0 323
0.955879763313474 3.06187190647008 0 324
0.048489140510953 3.01003011441779 0 324
9.05800564131173 3.47766919097408 0 324
0.191338919069148 3.07070772107751 0 325
2.40144958075999 3.38846147324098 0 326
8.72763775157541 3.61318807933449 0 327
0.00625220908633867 3.08275851223502 0 327
0.198648833433614 3.08043142959787 0 327
0.453146306895767 3.56174769240399 0 327
7.497574400991 3.54723752868187 0 328
9.77461768119561 3.71695184603864 1 328
9.82087605655208 3.2430756672357 2 328
0.0168923471666899 3.73511875422919 0 329
0.162080783041104 3.25090116913169 0 329
1.20360855739994 3.61148543048895 0 329
0.0225512440247359 3.07050757599719 0 330
0.0654102725058936 3.42321167243263 0 330
1.14131527100512 3.67425363865459 0 331
0.0465273016071759 3.00914077304917 0 331
2.12061095325298 3.52442354593411 0 331
7.42422232763715 3.00958681121129 0 331
0.213381557010225 3.28089608315292 0 332
2.0185479026743 3.03460706613428 0 333
7.87858480039659 2.99115638880413 0 333
1.33348334055675 2.99195099123779 0 334
3.8561039484572 3.07298149367774 0 334
4.27574505258194 3.38080210286487 0 334
1.15859565122674 3.16421042531197 0 335
0.636574098466003 3.24064840651242 0 335
0.553195924803177 3.05596316164233 0 337
1.75682128700436 3.03172680828959 0 337
0.00949219908033874 3.54297060645138 0 338
0.72439931979092 3.20401180995852 0 338
0.0349954027427788 3.45531603649858 0 339
6.37690606975883 3.31962173563266 0 339
9.99564664150554 3.35056429787843 1 339
0.20775735877799 3.46927826022012 0 340
0.829138885039162 3.0181799264833 0 340
0.0165845115495173 3.35760840579349 0 340
0.125639975997337 3.48789054100659 0 342
9.92704979158903 3.87934142851926 1 342
9.94581369224138 3.13791212938328 2 342
1.4409614262868 2.9958521543515 0 343
0.992924591958844 3.29284854753798 0 344
5.38431013434172 3.83148130756407 0 344
0.00386027866413692 3.47742918716822 0 345
1.14032758593512 3.37647668919322 0 345
0.917049191978471 3.23867785738361 0 345
5.05168291690254 3.02218752514537 0 345
0.142511599382408 3.73734868543032 0 346
9.3411364172675 3.37717040438094 1 346
0.0132918360960588 3.07575864546889 0 347
9.1781565662447 2.99795581367241 0 347
0.0190101174738629 3.70442359730939 0 348
0.084809420654095 3.43804008909653 0 348
1.2290472811641 3.55799271822161 0 349
2.98839752364315 3.03737738792301 0 350
1.55199493829345 3.45335776795178 0 350
0.126935036768495 3.26140843044346 0 350
9.96363307303778 3.08485946986347 0 350
7.45631412497687 3.53069554319467 0 351
2.70242062910659 3.26845748683681 0 351
0.0702563609858308 3.20115145336192 0 351
0.269751622190812 3.04421037362186 0 351
0.0385064714391688 3.89945229129837 0 352
7.69506318675307 3.38807199746793 0 352
0.0690081507070661 3.77058297996366 0 353
0.0821018881961241 3.76528521292368 0 353
0.13864503238952 3.47256301010248 0 354
0.676248834017305 3.18412077251241 0 354
9.86389116498239 3.85574716255342 0 354
0.00662506764663729 3.1098699477204 0 355
0.835525250444548 3.05261409178148 0 355
8.30013758484946 3.57807694496631 0 355
0.531792848815896 3.47381069299875 0 356
0.173911898900594 3.2075014069452 0 356
0.0748296904569853 3.24907375829981 0 357
3.34061845294239 3.07479453904081 0 358
0.327775626138222 3.03095214729738 0 359
7.45354521640807 3.09336840218015 0 359
8.13832656849144 3.48190774925613 0 359
1.09885858390688 3.15459600717216 0 360
4.88898656974903 3.33384379178991 0 361
8.09438356363949 4.54633893954357 0 362
8.13051739761525 3.52667721799636 2 362
1.07556490997013 2.99879519166693 0 363
0.715943994865781 3.6912244915558 0 363
0.10712535186779 3.18892405109401 0 364
2.15483617911548 3.18659358835698 0 364
8.333634696561 3.43580247040742 0 364
0.0480561088293857 3.02753232270935 0 365
2.99586360837773 3.1568059403972 0 365
7.89450696397429 2.99469257843532 0 365
1.16815311504824 3.01098453140166 0 366
1.28596378037332 3.04703080007756 0 367
2.35729648201005 3.12189740713289 0 367
2.70874072542111 3.15849884657698 0 367
2.61192788737931 3.61581616811935 0 368
4.87058111026491 4.49607696860349 0 368
6.70031229407005 3.1870893763727 0 368
1.06439678359535 3.59534222572391 0 369
1.20923735838007 3.35608613835389 0 369
4.10362158191481 4.22075796096741 0 369
8.45325248060764 3.64491361421427 0 370
6.6511899764511 3.6633351529856 0 371
8.40411470341297 3.14292728867744 0 371
0.0179510559881056 3.12021714584745 0 372
0.137381892983696 3.24866462957007 0 372
0.860931155043219 3.00729162631559 0 372
8.25850832092262 3.33698968559193 0 373
8.79186866369501 3.13367324935513 0 373
0.768033625094556 3.06700995444468 0 374
0.0912291764616082 3.6560121111986 0 374
1.9228343960949 3.40847917427938 0 374
0.0226944245954942 3.11968582547917 0 374
0.0681942644480472 3.16110387264997 0 374
0.00828629441460104 3.01726158268145 0 375
0.672372782900191 3.54369063301709 0 375
0.271705070413671 3.49609218777115 0 377
0.441083021410471 3.33129810847312 0 377
1.00100668980001 3.10071893948328 0 378
8.22813157884498 2.99401042380227 0 378
9.42742548385601 3.19931501115779 1 378
6.79151900361246 3.00445292528122 0 379
0.038336338871826 3.16036525646115 0 380
7.35120230304607 3.1236053522607 0 380
0.00566975049627154 3.00556562403695 0 381
0.11054615628214 3.14698377729541 0 381
8.8126485014944 3.38673380090193 0 382
8.33611033069718 3.05736930325314 0 382
8.92395315110713 3.23879294402411 2 382
0.999897347324459 3.00918463691857 0 383
2.13048641019218 3.24452741664782 0 383
0.06136711507632 3.49235291196608 0 384
0.168053302295331 3.42394313461815 0 384
3.09710143660793 3.08735328703443 0 384
2.45281821740088 3.09223639610469 0 384
7.69963091913533 3.02899927587476 0 384
8.1009205481929 3.00391223964707 0 384
0.00613890203558342 3.06547199814669 0 385
0.809266425253328 3.12613839623398 0 385
0.231181808064953 5.67587358237307 0 386
4.29055538610685 3.49200886510041 0 386
0.235853549432419 3.44140632284404 2 386
0.271140072335079 3.41943761402451 2 386
1.48272246481816 3.30724904892512 2 386
0.145088240392478 3.51586462458378 0 387
9.67809347260491 3.25081267185799 0 388
0.0731108187530002 3.07845572379749 0 389
6.26967322191762 2.99449817687577 0 390
1.79450319076896 3.14111014048407 0 390
0.0518034220583048 4.1177484799371 0 391
3.41088760628211 3.04444389639889 0 391
2.00472619376744 3.06803126247246 0 393
0.0474358229506217 3.74079589460511 0 394
0.133049963451317 3.13467433219607 0 394
0.0422558387071798 3.00058051259687 0 395
1.64723018694708 3.12806279842872 0 395
9.9317965911791 3.82848571423642 1 395
0.220514004964379 3.37731925256379 0 396
0.00496481850496662 3.07253603568636 0 396
0.00423041639055818 3.10333529347293 0 396
7.76137342690154 3.23723724407466 0 396
7.5009636729342 3.14040566037434 0 396
0.10647701551444 3.70142907062043 0 398
7.77419621013592 3.27560213737047 0 398
8.48679297020189 3.10915571627615 0 398
2.2409379570263 3.74166909517769 0 399
4.83035635748436 3.09717392067075 0 399
4.61350377648616 3.05135748423681 0 399
0.861928524576034 3.19778353669001 0 400
2.26656179668384 3.37367685676419 0 400
0.370064029192802 3.14115805671872 0 401
8.20937203164712 3.3041401265206 0 401
8.02698045862381 3.01008446350533 0 401
9.63117938689853 3.18001320367167 1 401
0.244928303538283 3.11535573225997 0 402
0.786645610812886 3.20283812790752 0 403
0.128518013111525 3.08382864532112 0 403
0.168587580992433 3.11600393506842 0 403
0.50854308816832 4.63669337733787 0 403
1.61471346610327 3.49630351581296 0 404
0.00110364997397586 3.65520685221301 0 405
2.9984889315093 3.01403260708498 0 405
9.05191334235447 4.64559327918213 1 405
9.08672331597919 3.12448589781952 2 405
9.05275728402835 3.38733772379108 2 405
9.6440849264499 4.29916940393603 2 405
9.08338428172538 3.4852738756662 2 405
9.15265015959447 3.11624814929463 2 405
9.05558525368217 4.13323386217311 2 405
9.08483766380446 3.2077071711493 2 405
9.06592318190352 3.21303895677996 2 405
9.88556905484609 3.01311692290805 3 405
9.7834732216099 2.99135373686346 3 405
0.50073704812886 3.06461725034902 0 406
7.31869910695609 3.4633551861618 0 406
7.85855116099932 3.17570493115975 0 406
5.17845520401374 3.49808299433592 0 407
0.054783313340928 3.42872708586315 0 408
0.766287013836196 3.01559693161772 0 409
4.28488640557248 3.61200714531779 0 410
0.0388806618337012 3.10987749833991 0 410
0.0153251415033786 3.08380079150822 0 412
0.00448431581869558 3.44819133863027 0 412
0.550326848610438 3.1578166207849 0 412
0.562020569116611 3.27258399395222 0 412
1.02383663710078 3.15138534294328 0 413
0.737097918936783 4.00024778592674 0 413
0.323049142366075 3.17962934482203 0 416
0.298324027988939 3.00979397290465 0 416
0.455953723945068 3.07850776789523 0 417
0.224474223457897 3.02856778390885 0 418
0.553601086471325 3.01577604619542 0 419
0.44399773073578 3.62803196586589 0 420
3.33724873657495 3.15232221628396 0 420
6.12107600414988 3.08338066331665 0 420
2.92618050684604 3.25324930716781 0 421
4.61327015025417 3.48354012285038 0 421
0.284929970468449 3.24045896474678 0 422
0.0320808734836727 3.235070278601 0 422
0.969957033883907 3.49256534518949 0 422
0.0846683796241665 3.00087378904546 0 423
0.51243703728452 3.47338584128018 0 423
0.421689724929834 3.63434854828922 0 423
5.19761132157692 3.52948001851512 0 425
0.0245991041987289 3.62016571365729 0 426
0.0275833046915068 3.5085942953129 0 426
9.11373764850165 3.04813327216903 1 426
0.0713673902215719 2.99649997912539 0 427
0.124244419539958 4.09261672983343 0 428
7.01604075359829 3.6118471500562 0 428
8.42792101541187 3.57597361435243 0 428
0.418653897902785 3.01749241121387 0 429
6.17233655443135 3.01763297235496 0 429
8.01781764361365 3.31464247874955 0 429
0.99833980516805 3.0912177787073 0 431
3.41541461995293 3.21702949167553 0 432
7.41106136921626 3.16483074450844 0 434
1.61337736010116 3.60647477670054 0 435
6.68942563675972 3.091753312314 0 435
8.42667388471938 4.18627742391424 0 435
8.92156877009298 3.45989643144319 0 435
0.0766481871488641 3.42400435908338 0 436
8.38929310685342 3.20091917509797 0 436
0.589126743757365 3.32117871741614 0 437
4.52075229268632 3.07853417682712 0 437
0.0817521313508817 3.39541050730464 0 438
5.41820514380103 3.13107136030661 0 438
7.8382404694951 3.19241250863901 0 438
7.84714487591242 3.45333498820682 2 438
7.99561548116945 3.12327306231802 3 438
2.57675899409683 3.78082474637721 0 439
6.89886440499487 3.56368488082504 0 439
4.3039944541191 3.82540581758263 2 439
0.048912530288159 3.12638808862681 0 440
4.44219598653426 3.00410011348519 0 440
4.59914237408687 3.17802889126271 0 440
0.191064781036052 3.83928592730907 0 442
0.362018600328866 3.24075719456404 0 443
2.41946606052766 3.06185338819463 0 443
9.72868136540952 3.04304052389409 1 443
2.97385146662469 3.23406283677663 0 444
7.6487529016519 3.6928121102351 0 444
0.083744807021429 3.08600458499243 0 445
0.237045020895903 3.11026045894467 0 445
9.2244535506365 3.27133498671388 0 446
8.17282174716506 3.35663624874481 0 447
0.130384087432627 3.05252384078898 0 448
0.00896310484131258 3.34489473352899 0 448
1.52259472683085 3.0627760845062 0 448
3.086451453537 3.07538689673402 0 448
1.52103288318355 3.23157802892175 0 449
0.299863703169396 3.71440171713142 0 449
7.4142753632355 3.01651775887146 0 449
7.58552578942043 3.08438532640372 0 449
7.79824091648063 3.31221958126683 0 449
9.3161566133805 3.05791328013425 0 449
7.93125854224493 3.15006890823106 0 449
9.19790978372063 3.04782645408966 1 450
0.309289921572998 3.14798701134553 0 451
2.06092864139063 3.26645311550303 0 451
2.32005251291191 3.60553798718274 0 454
0.0105048177379218 3.4840587228319 0 455
1.2780046088307 3.15454434011117 0 455
0.388594687592018 3.07175129593628 0 456
1.61002102954199 3.13997726080695 0 456
0.421032237880876 4.07088514733357 0 457
0.775689675994284 3.46637230064454 0 457
5.21403985991578 3.755448606974 0 457
8.13071669719071 3.07715915974107 0 458
2.08005148426145 3.02863504686972 0 460
3.89837175940882 3.1009846822543 0 460
8.43077251498291 3.14454771468516 0 460
9.40757466332021 3.01699999795295 1 460
0.79088158774714 4.14642465724109 0 461
8.19561550506138 3.59706266180742 0 461
8.16590562939778 3.55935332890582 0 462
0.467126489391053 3.43434837527042 0 463
0.0113951109440114 3.44573025230789 0 464
0.613921385603725 3.41912008273924 0 464
8.70135372596704 3.28457072019881 0 464
9.9492268376221 2.99593680716328 0 464
0.110518637318469 3.11971595373942 0 466
1.03820136814129 3.55301667575338 0 466
9.16296379334674 3.04664931232821 0 466
0.0888667293307821 3.10096829134634 0 467
0.0287491726590915 3.09101365474179 0 467
0.0220997654867566 3.05998586331902 0 468
0.11327883056486 3.2311794727588 0 468
0.0279008779461836 3.57250008467515 0 469
0.418964857380984 3.0948316175561 0 469
0.129220150520247 3.31123269357898 0 469
0.22309826641115 3.61926253115571 0 470
0.276287157661513 3.04052981606138 0 470
8.16877844043478 3.21885012802682 0 470
0.0112833275744469 4.24424010934213 0 471
0.472044669120455 3.5114271133822 0 471
0.544319679597027 3.70032176960667 0 471
9.08529434059507 3.12877741681213 0 471
0.327273410477525 3.16530567962024 0 473
0.030738057787082 3.01561957197889 0 473
7.45858534901658 3.37400380563654 0 473
7.9615854941085 3.08063507402579 0 474
0.314306231513355 3.064770767925 0 475
0.220039798178555 3.89321909696079 0 476
0.0710589754673535 3.27392147724256 0 477
0.126039432586041 3.63184116155346 0 478
9.56321074432659 3.02235701641536 1 478
0.0967505529421146 3.00450373591977 0 480
0.0140158364736269 3.45811089837579 0 481
7.24413558853464 3.1416050099177 0 481
0.118695428998729 3.10780367170712 0 482
8.407349571151 3.43666171335917 0 482
0.0299425386255265 3.10812782673463 0 483
0.0400719917465321 3.10850665095464 0 483
0.25765424676662 3.11363287633434 0 483
7.48175006400662 3.32346415872452 0 483
8.62477673919954 3.02072099991439 0 483
0.102966944246335 3.59470608908751 0 484
0.75305460311876 2.99690196058842 0 484
3.70770976379256 3.57782032001473 0 485
0.0622151200128349 3.82454502013066 0 485
0.946608059769128 3.0548706201842 0 485
3.13244682785806 3.14144338930862 0 485
0.0781661438075098 3.24595103184781 0 486
7.89427622008589 3.73894270615278 0 486
3.20776142362326 3.20986931129391 0 487
5.17208853043003 3.01305016225135 0 487
0.0174505967116333 3.84898725687606 0 488
0.593057662807588 3.53596414744522 0 489
8.24189027211555 3.54032889102243 0 489
0.0165543791515987 3.0759973021857 0 490
0.16475095265586 3.14587267728428 0 490
0.145968579940687 3.27342245317628 0 492
0.969974235610842 4.29959571327516 0 492
9.79412448700483 3.56615239649342 1 492
7.85198112065346 2.99030853754263 0 493
6.03783555024276 3.01970416393608 0 494
6.77694177791517 3.1256764844166 0 494
0.124689993016558 3.08423091993598 0 496
6.73923391845522 3.15819875153685 0 496
4.59656933821569 3.36354783271385 0 496
0.137133192939282 3.10438939519322 0 497
0.138825748709603 3.13863956307739 0 497
0.053902386714138 3.02375422566058 0 498
0.00824931313868443 4.59286323572873 0 498
0.0938267604314965 3.27518485147186 0 498
0.793547082240649 3.19226271613757 0 499
0.203649107930605 3.03413688528851 0 499
0.788842896810934 3.89177810405358 0 499
1.49471049777003 3.33247410864114 0 499
2.58328493242389 3.33317380885163 0 500
1.86063667269903 3.65257971594203 0 501
0.0249491078634149 3.44530271258765 0 502
1.46477878866444 3.7534253112006 0 502
0.0331182295263791 3.11485751596558 0 503
0.227843197012371 3.30811192032552 0 503
0.432773023861877 3.05098916543399 0 503
6.00740789663712 3.31471930971833 0 503
0.1472148768681 3.16080596892559 0 504
2.17063385069051 3.25790558579365 0 504
0.0709719909133661 3.49214045492637 0 504
1.46968387497334 3.08189010178932 0 504
0.317407770676837 3.201668364827 0 505
0.61553493163856 3.27911670422508 0 505
0.0342401188540412 3.13730699556211 0 505
0.438516694606047 4.11268113889231 0 505
7.27424593798189 3.58081034887025 0 505
7.4122231017482 3.47799067617552 0 505
0.00700842263458459 3.23198956369216 0 506
1.49625859574874 3.21296572470186 0 507
2.12265622820399 3.89136938834857 0 507
0.739425641293478 3.07092930981274 0 509
5.72112122889152 3.48978033726042 0 509
9.61092728926766 3.86770315835448 1 511
9.68660805072309 3.23967859525577 2 511
9.75153932199259 3.10872016190802 2 511
9.90893831945721 4.04994151358393 2 511
9.91232511902068 3.12010361355568 3 511
9.91074778639527 3.47964826152711 3 511
0.021385016873274 3.42838633159888 0 512
2.13193354803429 3.13636963677792 0 512
0.192033747325904 3.12083728630656 0 513
1.29665231115077 4.00787100576531 0 513
4.25382065311209 2.99480304227091 0 513
0.253201322345651 3.26876561719794 0 514
5.95189810606467 3.15021950721849 0 514
8.69222070361938 3.10787994605711 0 514
0.0414759803237412 3.44026377484654 0 515
0.0433615426213531 3.14971690103333 0 515
1.86166848793685 3.51485940730051 0 516
0.0229881321908705 3.14680598091638 0 516
0.130927297708384 3.05715526887268 0 517
0.0890870092841533 3.19172128122726 0 518
0.219391820798673 3.02145032707054 0 518
0.0614172647596816 3.00216821340722 0 519
0.00511153148382688 3.00279925293969 0 519
2.16593304888471 3.20999026298405 0 519
0.27703914252957 2.99322715687003 0 520
0.374827362815142 3.07422744654544 0 520
1.97375673488627 3.09128379532299 0 521
1.42884244079325 3.50124719649135 0 521
0.248878567569598 3.24225901416048 0 521
0.0414914621450609 3.06131564866855 0 522
0.27629721674825 3.38905445039176 0 524
4.48628962182088 4.26781198796645 0 525
2.33297077337985 3.41885719611641 0 526
0.0421231857962716 3.12085656547215 0 527
0.117622923048221 3.11711321760795 0 528
9.6633568470456 4.36770099753625 1 528
9.76249721113847 3.03519701083348 2 528
7.67379513858578 3.49509748274376 0 529
8.02943703613935 3.04315419388227 0 529
0.011973980297596 3.35760971822672 0 530
0.426913088085582 3.65195171057828 0 530
0.698437417198974 3.10330953833396 0 530
0.00927517049686536 3.01111998332806 0 531
0.285191871460377 3.25648469294944 0 531
7.88355920797701 3.32484442222077 0 531
0.000753244325709539 3.67515501267298 0 532
0.0258008481230569 3.48533188090951 0 532
9.40741100014153 3.05284734505481 1 532
0.00539582685776891 3.04191546655538 0 533
0.0099082515229291 4.61063102719527 0 533
0.000606848720841277 3.57137051228738 0 536
0.0807149070461407 3.18635993524953 0 536
0.917430680064723 3.08164284851817 0 536
7.53197359019558 3.25246091587528 0 536
9.21005107128027 3.37740777059591 1 536
0.301591694565622 3.05574370547859 0 537
4.96345662235164 3.31016250515968 0 540
2.33395187663732 3.10528456342969 0 541
0.0954259557686581 3.15816887792663 0 542
0.0245292464938504 3.19857842830131 0 543
0.11936232179042 3.0038482811124 0 544
0.0631433377269342 3.1606251256649 0 545
0.647316529123646 4.0586032034781 0 546
7.28722138083797 3.68947710044891 0 546
9.09911392760429 4.41832700812986 1 546
9.10852961648042 3.09791262699088 2 546
9.73996806164491 3.15788326888351 2 546
9.63359691757244 3.07006909938399 2 546
9.8606533161739 3.23310441695333 3 546
0.144412392940317 3.23467707976912 0 548
1.55627730283459 3.14429737455499 0 548
9.87407245983057 3.16886747982462 0 548
7.79934751412486 3.13572465536896 0 548
9.18024848183583 3.02379056442123 1 548
9.19852690506692 3.27793227806601 1 548
9.4827925103997 3.12775593929794 2 548
9.21843976040452 3.58507170088677 2 548
9.58146168023783 3.11408002155208 3 548
9.23102853853944 3.04345954022002 3 548
5.44507754329312 3.7351919816079 0 549
0.104397290805698 3.24453468977795 0 549
8.2756824671697 3.1091069184418 0 549
0.36325080547232 3.60516111707039 0 551
0.0280392660186487 3.29486526559878 0 551
4.48519978485957 3.22597732187295 0 551
0.298995971492448 3.13387763235352 0 552
5.8478103721626 4.04776297512795 0 552
6.55286095303869 2.99048801309092 2 552
0.207228619239364 3.08249035079814 0 553
2.51904932508382 3.08368588441728 0 553
7.99298177554557 3.13092182138472 0 553
9.09843606376986 3.25679578988659 1 553
9.54597749249975 3.14542605680196 1 553
1.03010087883731 3.01270783694561 0 554
0.000489658642168215 3.30367121042174 0 555
0.202564139433169 3.77865198917131 0 555
1.93241434055478 4.1527741486552 0 555
0.110811793146853 3.01861770552551 0 555
6.39753866761494 3.04606509127705 0 555
9.55845829146416 3.06694133724176 0 555
9.65731504341553 3.06043629840341 1 555
0.191770346862454 3.06578410291459 0 556
0.0397748463615029 3.21802744203645 0 557
3.1833706565435 3.55886750191759 0 557
0.733855868919326 3.32998058576906 0 557
2.91770240564361 3.1554407359514 0 559
1.49712722664059 3.03379582059808 0 559
0.17378783095128 3.51362376427995 0 559
9.66322082589348 4.23058483923799 0 559
9.67479042181962 3.13520669951011 2 559
9.71076063131745 3.20738904954174 2 559
0.192527938150711 3.73964302440662 0 560
0.0534714028326254 3.10520816478829 0 560
1.5723198329262 3.07823950011853 0 560
0.280023404729935 3.0770201513289 2 560
0.360189603709659 3.30971847267534 0 562
5.93878784410204 3.33456416130513 0 562
8.35777498786859 3.50249813138632 0 564
0.0629611696092194 3.2055293442161 0 565
7.50558900275204 3.30983436019167 0 566
8.09904106923996 3.29542197001913 0 566
0.00148691140603162 3.24906957205109 0 567
1.51080699745018 3.02523137894578 0 567
9.2019454465803 3.19249674249472 1 567
0.217013266664668 3.90251186203635 0 568
0.915779752981237 3.24584105586691 0 568
0.80503409593206 3.27761427809786 0 568
8.28379912636696 3.16905857655721 0 568
0.489864882982492 3.07598050818753 0 569
9.40095647304681 3.08890541358239 0 569
8.4769387792521 3.25926037140824 0 569
9.88108287353837 3.13093313006327 2 569
0.0947648163458497 3.08165681246294 0 570
0.412741187162228 3.40195246862854 0 571
7.21974957433721 3.10383436317767 0 571
0.782376662424788 3.54470395180644 0 571
3.20626610639656 3.22494604564495 0 571
3.2113298130102 3.19917846477963 0 571
5.15496902236031 3.04158690622588 0 571
0.786189114661101 3.97943514492308 2 571
0.0813736957008147 3.30389344484695 0 572
8.2265564392738 3.04854689468235 0 572
0.0354462847344678 3.17650444582622 0 573
0.293219305884795 3.29923463370312 0 574
0.0484614897928955 3.22413644338999 0 574
8.70196691476233 3.41852489941606 0 574
1.04538085334322 3.27443320599504 0 575
0.125097168100741 3.05754180422822 0 575
9.30081658267021 3.49192118223353 0 575
9.33371918001552 3.01235110099617 2 575
1.22310246538052 3.02733108331451 0 577
2.32812071484415 3.41486958046334 0 579
1.08956335359602 3.34041478659982 0 579
9.50684833588044 3.41810877112932 1 580
0.52841517696573 3.02969870660017 0 581
0.774526151197621 3.1550912692451 0 581
7.26146745884121 3.99284134267305 0 581
1.48187750437085 3.16242933857445 0 581
0.527290451993723 3.5930484489462 0 582
0.0867064343318223 3.90374153711353 0 582
1.19851521409612 3.02647341603428 0 582
1.89782880922222 3.06064190385519 0 582
8.17360226139292 3.03416628993334 0 582
0.303844186037976 3.31287491687121 0 583
8.25915847485552 3.13916516517121 0 583
2.15605117025752 3.10010592764981 0 584
8.11205122434781 3.20947867987067 0 584
5.69025398764187e-05 3.49478677962569 0 585
0.00524043992467244 3.01915693424145 0 586
0.142672432171321 3.59494415151014 0 586
0.502608630344874 3.00538355683704 0 587
0.465659331435264 3.06913579605485 0 588
0.914841357052439 3.5358591408997 0 588
4.37562594309337 3.56290398971347 0 589
0.142316519150187 3.97085346636147 0 590
5.51788640007731 3.46193582314976 0 590
0.00457795178830867 3.30514448635464 0 592
2.95463866468202 3.09744131773343 0 592
3.36769608297401 3.04624047425738 0 592
8.29386156173941 3.82281533855359 0 592
9.77588202050853 3.14802149162649 1 595
9.57554891208152 3.28257310986 1 595
9.58515641288231 3.32485482776832 2 595
2.63735149180153 3.23346810930679 0 596
2.44168934158938 3.06162191641667 0 596
0.0482749048185092 3.14226389805951 0 599
0.0345960018392018 3.17727730176828 0 599
4.74237031976243 3.41778482703833 0 599
5.01172445389042 3.03183564579586 0 599
8.07449901995069 3.18740294359188 0 599
0.184218888584012 3.32689037112386 0 600
0.0363385903704315 3.13166686825403 0 601
2.62806735347482 3.0212273729829 0 601
8.12886554902129 4.50851086657827 0 601
9.92020903573804 3.29479372809494 0 602
8.22664524997343 3.15806070876981 0 602
8.49514791643759 3.89814931837999 0 602
0.110100280188723 3.23696572937498 0 604
0.0342580271589555 3.35491518311622 0 604
0.40837066192014 3.06325845355857 0 604
7.86822494691267 3.67935476984887 0 604
9.36772816485985 3.00760637672043 0 604
0.0767251633268144 3.58316417491112 0 605
1.98026145576776 3.0951446628767 0 605
2.60678668666889 3.01091257495409 0 606
7.12235714970492 3.4708604042776 0 606
9.81977555077489 3.20719749700218 1 606
0.00299102692562891 3.06409747649492 0 607
6.02707434732186 3.11391452711391 0 607
4.6307294820726 3.45626526444182 0 607
7.60051966294693 3.14218874398776 0 607
1.19609030078006 3.11668026960461 0 608
1.83435369271512 3.10316874547495 0 608
1.46127235421758 3.74587682480567 0 608
0.719694929345011 3.40214382488966 0 609
6.4763515651021 3.59840763858885 0 609
2.599139919415 3.20082671338863 0 611
0.00440564459790324 3.05105815923748 0 611
0.800616932443941 3.81259776828033 0 612
1.63131139967111 3.03333324111539 0 612
9.10635931547926 3.25045095044329 0 612
8.37114848606507 3.26745309670652 0 612
9.12430690063604 4.29206012637901 2 612
9.88624776429949 3.08877434488422 3 612
1.40390718908611 3.22526972263118 0 613
3.13403474055203 3.01216289298108 0 613
7.78030675268229 3.44385779933296 0 613
7.8938058955202 3.36850684231493 0 613
0.0682676305664506 3.17788484141409 0 614
2.12325243519522 3.04862188876111 0 614
0.20138577093154 3.00692838819356 0 615
0.0358943237490132 3.04394723018925 0 615
3.65038714514871 3.28843377864522 0 615
0.90687794646321 2.99712841218449 0 615
8.37520968579404 3.60705511819733 0 615
2.6375323509093 3.25734354253661 0 616
8.59873622748505 3.2193562876583 0 616
8.40244579725691 3.33925363371151 0 616
0.065084439989175 3.15058834605604 0 617
0.0782491005598175 3.45114235034939 0 617
1.46826334395984 3.05906346513314 0 617
1.82621643712069 3.08370435654239 0 618
0.0960035806439115 3.08092585781866 0 618
6.05905776804401 3.41954335972743 0 618
0.0715138293103475 3.13418223971605 0 618
1.10380220817135 3.08037369743248 0 618
7.84618028242207 3.16227486424313 0 618
0.0288022362606219 4.15858908094115 0 619
0.0705699999958636 3.52537268480639 0 620
8.89556919834446 3.21557297495985 0 620
9.98879827550578 3.03097096291739 1 620
9.01918456050969 3.28297246735857 2 620
2.75299224700535 3.17990551961513 0 621
0.0538234764106728 3.1288661688491 0 621
7.51804169794248 3.12722506505195 0 621
4.52566964973795 3.07312915093703 0 622
0.0284842361251531 3.44157007489972 0 623
8.19262495133419 3.2459023178755 0 623
7.71634755510585 3.15090735444099 0 623
7.84821414806126 3.41544948630325 0 623
0.0190933373106817 3.40832268267273 0 624
2.5946328501738 3.0721653476242 0 624
8.0977573502518 3.23875124215477 0 624
7.15554230496819 3.43085580864601 0 625
0.0325225526807173 4.57862300097907 0 625
0.0544317012165479 3.04916816152245 0 625
1.18942379635324 3.03147149715557 0 625
2.30885744877978 3.07722642375247 0 627
4.79186875984354 3.06290428031693 0 627
9.09396251981112 3.01315188459343 1 627
9.35334597705829 3.07760562929066 1 629
0.0259285130520808 3.16601123124706 0 630
0.15031405427532 3.15976539994252 0 630
0.531795788280239 3.23215046900433 0 630
5.3994863029343 3.74469997751921 0 630
2.86258432831161 2.99450219444395 0 630
4.64821882775602 3.00367100506328 0 630
2.32162153923934 3.78529068332619 0 631
1.17421996013642 3.09985483140938 0 632
8.33224093986211 3.022187060401 0 632
1.77117231187214 3.92826329907259 0 633
9.77883298966068 3.11745129883471 1 633
0.34847107505293 3.19225768120497 0 634
2.34205571405664 3.38223053708422 0 635
0.196365768267227 3.03359753084392 0 636
8.30410175701991 3.04076187963204 0 636
6.30061140065438 3.06011575521716 0 637
0.00715119553838712 3.06310517517143 0 637
0.0885255185439759 3.1635871302461 0 637
7.94752110729641 3.04783541992847 0 637
1.28322121820874 3.4315424023989 0 638
8.50970934846761 3.45320687949447 0 638
4.46663258331845 3.70715634264724 0 639
0.123687338453314 3.51838826351929 0 640
7.40886045484298 3.11468712053903 0 641
8.36072840153114 3.16419512746274 0 641
5.25664976423469 3.10532567012933 0 642
0.0416733696734931 3.00275727541887 0 642
4.67039444413455 3.17957976986808 0 642
7.83430861403008 3.47856058338981 0 643
0.375873095977508 3.13524196911493 0 644
4.82472585968901 3.1759573633933 0 644
9.89807721801068 2.9944090160623 1 644
0.152776054881157 2.99953076812378 0 645
0.368090180533011 3.12440868750408 0 645
4.59758623353321 3.82978261756715 0 645
0.706259181486311 3.03983229207493 0 646
2.26794919821065 3.35943460029348 0 646
8.75828851769828 3.09621194707057 0 646
9.33921621917712 3.0019394712391 1 647
9.34129580696527 3.49166677559384 2 647
9.53172396171382 3.11053505969648 3 647
0.616399305283227 3.00638479736992 0 648
0.164111373182156 3.00909977160448 0 648
0.0623723513762718 3.14554868244709 0 649
3.3679221303925 3.04842434877509 0 649
0.405263673963677 3.00355734567411 0 651
7.40971945406607 2.99329110509271 0 651
8.06085986687534 3.46926097715499 0 651
0.169420531704422 3.55809904801961 0 652
0.353650706259728 3.41963027752729 0 652
0.0103889799163114 3.14427875014158 0 653
0.0556695214014782 3.05621203858463 0 654
1.45721162545883 3.38369045849167 0 654
0.0429108000604418 3.30655402874586 0 654
0.00632832087594983 3.1365410335301 0 655
0.0618880886153716 3.16574821199147 0 655
2.48279296473951 3.19271519249309 0 655
8.28268579655245 3.19284727350803 0 655
7.49865643466237 3.24521066287997 0 655
1.98010189288685 3.02305295413546 0 658
0.463798830658471 3.23270835477709 0 659
8.08321136751346 3.17963427735332 0 659
8.36164031325755 3.13800343968391 0 659
4.66784784650543 3.00607533109597 0 660
7.40267355057371 3.22979639655937 0 660
5.34839384169201 3.48307021930637 0 661
0.157127023837352 3.12242140791879 0 661
1.02411224670807 3.16814656709381 0 662
9.57443308169919 3.2932031104606 1 662
8.06568411451527 3.1527913629956 0 663
7.91300225958913 3.33594928613107 0 664
3.0583874671809 3.97412013329289 0 665
0.0111107964071074 3.06066644123668 0 666
0.296141968919277 3.04562405432836 0 666
0.126030606906185 3.28509800615844 0 666
2.05855367506613 3.26879003237242 0 666
1.97908642608002 3.48593790672295 0 666
2.16940168024916 3.61801598497447 0 666
7.64280819229113 3.30500840411492 0 666
0.224492864682474 3.03099749148824 0 667
0.0631881243459719 3.02249356158167 0 667
0.235787246965121 3.1385274695542 0 667
0.674275620920932 3.65016909479986 0 667
0.123132112295845 3.08201751097449 0 669
6.57477932327571 5.35558709438415 0 669
6.5872084173112 3.13787629831988 2 669
7.09448664573215 3.25109737336274 2 669
9.0905236570204 3.66821318011008 2 669
9.09336347606093 3.43815726375409 3 669
9.34695180532526 3.15884298856712 3 669
9.10708814488469 3.45943737679944 3 669
9.15441082783577 3.1203412775584 4 669
0.0163196338509064 3.00288726473688 0 670
1.07927421739577 3.54286828423828 0 670
0.038155416301423 3.11462055315201 0 672
8.50758356271147 3.45303980717394 0 672
4.34818249501116 3.19727360426742 0 673
0.0892729432193867 3.15527775807064 0 673
0.0931081024960178 3.54632990293332 0 673
1.34645161676403 2.99326591331238 0 673
0.0983584651501506 3.22749989197201 0 674
1.33451020707582 3.01108008821698 0 674
8.35445011861762 3.15234781342802 0 674
0.00466719320266527 3.72012533924154 0 675
0.342944529227377 3.55803333243934 0 675
0.106211572407979 3.09167762265463 0 676
9.92656478380661 3.06768989908116 0 676
0.00780663218974832 3.30198558830924 0 677
0.0301904434748888 3.21872634157907 0 678
1.00062305344117 3.04696197897677 0 679
0.0319925527635599 3.38839243187067 0 679
0.244152885383235 3.17298800349027 0 680
3.52704664683483 3.0970862665207 0 681
6.4799031197764 3.0610873304265 0 681
0.0479709236953373 2.99278063021589 0 681
1.23743061143874 3.20829225612883 0 682
9.37814603713866 3.13752241411842 0 682
0.429089884802073 3.288115565521 0 683
1.49256175975627 3.1198403910123 0 684
8.25233776381059 3.22473712977772 0 684
0.0566180706413745 3.38728753806487 0 685
0.512296028941787 3.23560943028142 0 685
6.91227690426401 3.1324979491818 0 685
7.47284160923603 3.09505945636011 0 685
0.347925652866041 4.67127107050796 0 686
0.0143731366602363 3.3037982549309 0 687
8.47279973205784 3.19532592865044 0 687
0.0470624104155799 3.00776147237277 0 688
0.384801854715758 3.30238484080237 0 688
6.91448535362851 3.10495071019509 0 688
7.39470808008786 3.26671075294317 0 688
9.64744393449242 3.12511816707121 1 688
9.82884995023559 3.43680344130374 2 688
1.22553395045654 3.00774159074946 0 690
8.01719800945473 3.44410890428811 0 690
8.15953281165401 3.17184728892625 0 691
2.09199774739582 3.259563306738 0 692
0.0491229216455128 3.04071269736518 0 693
0.321907676214714 2.99687192295847 0 693
3.13254276523885 3.2729826384869 0 693
0.0554882878793195 3.10894368710202 0 694
8.60072344942876 3.29876398643306 0 694
0.142596537750575 3.05719779222214 0 694
9.09263140824468 3.02255492692443 0 694
8.65385614484008 3.02268711889266 0 694
0.364491655265794 3.11413455993948 0 695
2.28081220687631 3.10821129454984 0 695
5.46912669141432 3.20859832922359 0 696
9.60920011034201 3.15766830068085 1 696
0.0405255999025172 3.50662769287564 0 697
1.88631504366921 3.06002364751942 0 697
0.00112072706450288 3.70099577743671 0 698
0.0255505647544025 3.23745600063414 0 698
1.66221662573138 3.39078889332635 0 698
0.108018728043042 3.1979631295369 0 700
2.57514046964424 4.13057895151857 0 700
7.22593402981733 3.14190406806892 0 700
8.0233855307254 3.02815407189896 0 700
8.00572783301354 3.0713325333588 0 701
0.795978909524303 3.72051060412289 0 702
5.31584332989018 3.26737352756331 0 702
7.50765414686547 3.20971612712808 0 702
8.44525985491628 3.17809688572635 0 702
0.214876339359647 3.36680427314851 0 703
0.291226602954425 3.12063931931519 0 703
4.25513599792659 3.33311816556025 0 703
9.59551178179161 3.15051867125508 0 703
1.07407650356547 3.08514939143649 0 704
8.2808259205637 3.04519545928919 0 704
0.0492838196939837 3.12145954856304 0 705
4.38932122102572 3.06620396782172 0 706
8.49468547117207 3.54915809537227 0 706
0.295687954253433 3.60624657994642 0 707
0.00463346954834836 3.10333003783221 0 707
0.125790480980952 3.79464845740844 0 708
0.106229160534751 3.20480499058951 0 709
8.80691258723907 3.23794835165656 0 709
0.0291931129014013 3.14370639170477 0 710
0.437775160230404 3.13444024888198 0 710
0.147289354654316 3.10855652220584 0 710
0.161523123968838 3.00633252948237 0 710
0.136996552822273 3.67637756189006 0 711
0.226685730361901 3.6478441162887 0 713
3.22428468582223 3.01703891590053 0 715
0.064856937028944 3.25897983897487 0 716
0.496590194747018 3.17854881371988 0 716
6.41521560924726 3.30202718141506 0 716
9.30461373171735 3.03823434168405 1 718
0.00411649426021495 3.27312311974108 0 720
2.22853306159527 3.0182849127885 0 722
8.71614784482045 3.74584141717079 0 722
4.46942398838208 3.17883600816539 0 723
0.153206927936536 3.00943770234359 0 723
7.8261620618446 3.20982636939936 0 723
0.00017030714161557 3.27616415267756 0 724
0.0912083255289657 3.21615325274691 0 724
2.37980144021105 3.57556732416462 0 725
0.0395773116006505 3.11269859119603 0 726
0.550047226925604 3.29765968807165 0 726
5.23025521269412 3.15107882666825 0 727
0.345518211480085 3.40745745621302 0 728
0.0842724110753145 3.13627606168166 0 729
2.1120331161611 3.19662592073657 0 729
0.765916564021829 3.09401218700534 0 729
0.0669736948289151 3.15849163364749 0 729
7.47386662667663 3.53092758393607 0 729
9.19965578909929 3.28801155568567 1 729
9.58486525636132 3.0432192351379 1 729
3.11168895124762 3.03944036088478 0 730
7.72838043523482 3.17722588737795 0 730
8.7084332006179 3.70116237484778 0 730
0.0864633375047419 3.0367641193122 0 731
4.65913588981135 3.21377689902886 0 732
0.890245609805946 3.0937667406741 0 733
0.597599748917172 3.43457316915055 0 734
0.0412986117086257 3.25401193257912 0 735
1.6478009579767 3.2996836261567 0 735
8.81618119336606 3.04323503198361 0 735
1.25405443161306 3.41055745018243 0 738
0.0317607650538544 3.09585790101393 0 739
0.135892957463728 3.65897210804779 0 739
2.11967911215712 3.05911043302296 0 739
5.44094624817857 3.0017116190349 0 739
9.86283306093852 3.30011281438429 1 740
0.0581929880447034 3.1165275586661 0 742
0.161736357875205 3.16695631845132 0 742
8.44355515117165 3.33550559523151 0 742
0.198460833167967 3.00431918434976 0 743
0.192911869604089 2.9942901160779 0 743
9.33831460641763 3.04151258999672 0 743
9.83106024298782 3.05983592654569 1 743
0.231994265496445 3.18118552027101 0 744
0.0108062324839045 3.09095522343867 0 744
0.345366004822511 3.26744292316587 0 744
3.35499241160044 3.27055187700844 0 746
0.0219265794618361 3.48535508359003 0 747
0.0460010261952169 3.33650030116779 0 747
2.17433121817705 3.1758977085764 0 748
4.79131320096175 3.03095795417824 0 749
5.11030821085467 3.59602427255263 0 749
8.51505249524917 3.20477858726242 0 750
2.65180241368975 3.11149653978251 0 751
0.102938259756508 3.3199893884161 0 752
8.02270727045702 3.10639585142901 0 752
4.97310776267311 3.87646493354014 0 753
0.54856644798684 3.36207034281816 0 753
0.14812935882757 3.21323663325056 0 754
2.50670670393379 3.46575308238307 0 754
1.08617918583391 3.74555024018151 0 755
7.84531486721561 3.0106049561539 0 755
4.18961877923124 3.3037449686872 0 756
0.215912986753288 3.13135721321237 0 757
1.53157736821943 3.63049992991866 0 757
1.0820620081562 3.42897861557162 0 757
0.0280802517460976 3.150770956253 0 758
0.0829482546865281 3.06187225569107 0 758
0.048952322251726 3.14995309508666 0 758
0.220404567065291 3.59219561637646 0 758
7.00102809828702 3.06465727774501 0 758
0.161093251347968 2.99175104138935 0 759
0.725102665826477 3.05469451235556 0 759
0.565830928532077 3.18377736672097 0 760
7.8960153806965 3.79629505585362 0 760
7.80024292241701 3.61582538968974 0 760
8.15276045260963 3.04211828869134 0 761
7.80151353470148 3.04419560102238 0 761
0.0722113819511894 3.02564770639164 0 762
0.0738709438627068 3.2849799157671 0 762
2.40259040469162 3.34749316532177 0 763
0.562150395233424 3.39864880210764 0 764
8.40402041289943 3.28258746331095 0 764
5.13239832703403 3.89165316234826 0 765
0.0115423417855995 3.25694259327345 0 765
0.200342453398241 3.06970249500203 0 765
0.485318500378014 3.24810040998267 0 765
0.116783916053707 3.2885130678735 0 765
5.69230510003479 3.01550547702437 0 766
0.850273124541373 3.31986689951377 0 767
0.355684564091971 3.0806332959393 0 767
0.219980916632331 3.1017904057981 0 767
1.26864467749597 3.10650174819901 0 768
8.23610763639758 3.04317287046071 0 768
2.80209168178359 3.05101488051959 0 769
9.28360895571264 3.21288791364962 1 771
0.189637068894524 3.13413545679127 0 773
0.854111045560033 3.60078503444746 0 773
4.54769593491268 3.55427176502101 0 773
0.779957109850016 3.16583152756555 0 775
1.93666219955881 3.04819802478322 0 775
4.82102178037019 3.98752573155993 0 775
1.17140682962003 3.07749162827606 0 776
0.00330927400975877 3.50882676985398 0 777
0.0181805233887081 3.85873936536969 0 777
0.819429214350742 3.86531284902534 0 777
3.95399031326908 3.04723563721247 0 778
9.17191858674365 3.82545936195031 1 778
0.761688299484941 3.2613138286984 0 779
0.049727519224218 3.44253066927154 0 779
0.807470342193209 2.99536618640844 0 780
0.26400915473712 3.27946389553206 0 780
0.0522496688066421 3.32013175652028 0 783
2.73425985530327 3.13672851001316 0 783
8.27847010488152 3.3139751064479 0 783
0.228128162907747 3.07669107446087 0 784
0.208966564376789 3.32806741075597 0 784
0.684411956285681 3.11646939578768 0 785
8.42158895287943 3.06405470713747 0 785
2.64095608736092 3.25628259295656 0 786
4.80076798452194 3.28208691878512 0 786
1.25062132694983 3.24390256927555 0 786
0.149782420519172 3.04359836361394 0 786
7.7394031364013 3.04904054737459 0 786
0.0685034303290306 4.12918422133138 0 787
7.89735879366296 3.09330667423949 0 787
0.00107861494010819 3.17138899236698 0 788
4.37040091513571 3.50618382827584 0 788
0.986651375998084 3.21011512243507 0 790
0.0517873334946687 3.79927974838217 0 791
8.87023163979079 4.25309944897795 0 792
0.187164416379921 3.17632597474986 0 792
8.769944156923 3.13354101367787 0 792
8.955842377388 3.10679563504424 2 792
0.131153495708355 3.2875228051662 0 793
0.14111477911036 3.76026055439406 0 793
8.42009994223202 3.03023528185061 0 793
0.163857713535097 3.28143290180701 0 794
0.0541360994962739 3.45040499130317 0 794
0.0347608662856308 3.33406584657733 0 795
2.69177327679961 3.17312482844238 0 795
0.0550514379678875 3.60261144473251 0 795
2.02546087017175 3.33827962465351 0 795
0.00259576577943734 3.7372974577807 0 796
0.195072240087626 3.02618222240269 0 796
0.612518614497482 3.2096077636783 0 797
0.781353916864216 3.66633170103988 0 798
5.43592716681915 3.24245458519369 0 798
0.712790646595963 3.07303255121671 0 799
0.00984814947344782 3.54601153244212 0 800
0.0411584350810569 3.5077891944737 0 800
0.0522542447600697 3.72284777917325 0 801
0.0955313732183619 4.6263140624042 2 801
0.356636206303689 3.07834314901849 0 802
3.13646325510593 3.09743061785788 0 802
0.0374190420217836 3.56576221239421 0 805
0.0459969948065216 4.04470830191407 0 805
4.56353836161746 3.25307793903234 0 805
5.38377491201776 3.30712292159546 0 806
0.493639014152536 3.06913455312783 0 806
2.46252699334096 3.08759692924016 0 806
0.672370173849867 3.34806508385714 0 806
8.37792898504672 3.15365880049468 0 807
7.46243719418431 3.13604557426684 0 807
8.47200654722419 3.35454528696881 0 807
0.0642763595641652 3.30579089123257 0 808
2.12078111796228 3.48396115285273 0 808
4.80824649760317 3.66403671096169 0 808
7.70248924384964 3.16252003846079 0 808
0.173812273928438 3.42561517304886 0 809
3.10524338229024 3.64529491225493 0 809
0.0207820601623862 4.11534240448674 0 810
0.459464058822851 3.1281806832302 0 810
0.364426187330552 3.53017763180302 0 810
4.26116793490433 3.09655942425019 0 810
0.0151352793261736 3.39114602180097 0 811
3.29580049742743 3.14951032973733 0 811
2.39915771698706 3.59774296204689 0 813
0.940793402591576 3.21497855784231 0 813
0.525760541035461 3.45459440661501 0 813
7.25889323805545 3.24093569200377 2 813
1.6405949988097 3.23281828681483 0 814
0.474372784540358 3.40902255163329 0 814
0.00295368199515718 3.05667683748247 0 814
2.12487043839107 3.34916714275268 0 814
0.0258276016282956 3.08605406739136 0 815
1.46896671343865 3.92485134799702 0 815
1.67135855863959 3.01083700505918 0 817
0.0465902680102232 3.47125198382176 0 818
2.69872574620272 3.03869552612516 0 818
7.97726616237601 3.25605351639955 0 819
8.38064726390178 3.06031473912211 0 821
2.80451560308475 2.99885085825957 0 822
3.36477034495599 3.05250770745526 0 822
0.574754662772156 3.02956207038333 0 823
0.0614382982329606 3.05376269750781 0 824
0.792598918912784 3.11617923400052 0 825
0.157116837970356 3.25923160904092 0 825
0.157242466149993 2.99484752139682 0 826
2.11481904603522 3.29540229200351 0 826
0.0544040449408936 3.36028123728157 0 826
4.98807538181123 2.99266789448486 0 827
0.728596785551142 3.67183920410773 0 828
1.18896032030521 3.2761478793537 0 828
2.90661564059511 3.93591168590105 0 828
7.7221479972566 3.57582576558279 0 828
3.10343104222904 3.10044486694646 2 828
0.364238196725528 3.38228297679433 0 829
2.45479733507614 3.03274600287957 0 831
0.0126881423984539 3.03481165341514 0 831
4.16564044209603 3.2188578393295 0 831
0.391701236408806 3.16423389668595 0 832
0.183134913982688 3.10616425074053 0 833
8.90697617812873 3.1071789099338 0 833
0.0110194384615814 3.08672939412242 0 834
0.0264809818018794 3.20286700749801 0 835
0.0434115320056741 4.47312455444533 0 835
1.75359997290567 3.51110265879953 0 835
2.12959022926531 3.43270803579856 0 835
2.37326321528846 3.03888965217243 0 835
7.50788679310945 3.15273301006083 0 835
0.0695882605223188 3.14694582342395 0 836
3.49961978068393 3.06097034885638 0 836
0.00288805686515854 3.00288142074312 0 837
0.133932361359671 3.12115931840166 0 837
0.38958716635269 3.04022323840551 0 837
7.88682465967027 4.06809581859287 0 837
0.156149822227183 3.36911997282939 0 838
1.07809035840885 3.06000346006396 0 838
0.479052045600119 3.51986896213197 0 839
0.500058533733942 3.23929706835399 0 842
7.41218871483708 3.20415127401635 0 842
1.79127552037943 3.55385079918134 0 843
2.12079833691245 3.08453476019765 0 843
0.00531362011103149 3.03356179294147 0 844
2.22719282664551 3.05204945630796 0 844
0.424978199802444 4.24718769799259 0 845
8.47003545384967 3.0515130231593 0 845
0.332009697030761 3.21953954738993 0 846
0.019424419503197 3.29731105164217 0 846
0.39436719673688 3.0761061975717 0 846
0.431981927650229 4.45052191889329 0 846
2.24915167995717 3.27230169513447 0 847
0.0507317951910329 3.10747725072355 0 847
0.0495379600192415 3.29377137072465 0 847
3.6489466527475 3.38006231648368 0 847
4.31957832029634 3.05875361311398 0 848
3.91841828800042 3.13351565117821 0 848
0.0358884636168247 3.13249501589957 0 849
0.00478963470280966 3.50175238331047 0 850
0.342234716826164 3.17378045155811 0 851
0.592754701171184 3.06075681515478 0 851
0.0685654329147728 3.60724446789707 0 852
0.11340794756616 3.67898698281235 0 852
1.94870829694358 3.86850207192986 0 853
7.63177852984003 3.00520898230556 0 853
1.15116055206796 3.81294254073528 0 854
0.554267104793339 3.40285040321494 0 854
1.49976462430081 3.07654376911707 0 854
1.22800545657638 3.18914167052088 0 855
2.15969457371678 3.00036340569069 0 855
1.96740367184597 3.75158639591417 0 856
9.84905138506002 3.07817680583108 0 856
2.49088925820106 3.34045137991669 0 856
8.63516652333426 3.00426436136687 0 856
8.03651681767803 4.35840100108583 0 856
9.66770022842999 3.46087048300239 1 856
0.579701046137009 3.21269274646533 0 857
0.126235104082062 3.41136355988652 0 857
2.15791268441654 3.05520598700839 0 857
3.47341299003791 3.65513858508318 0 858
0.135626302444987 3.06223560195829 0 858
8.20192684303183 3.18812877638672 0 858
8.54760375891023 3.66216311011281 0 859
0.0366093617517692 3.94911836038788 0 859
0.0253234908418177 3.03279819015891 0 860
1.49244253350059 3.04483991970103 0 860
0.767625237197121 3.0519921714181 0 861
8.16523320151878 3.17066583697172 0 861
0.199363597497421 3.26459762180342 0 862
2.72339115168035 3.01756113249303 0 862
2.19146281617922 3.15664523867316 0 862
7.42597141578084 3.36628358313602 0 862
4.09881826522686 3.43974106558947 0 863
0.432936763899 3.48922458879629 0 864
4.158197074862 3.73196519301496 0 864
0.0401567970194086 3.75473248743478 0 866
5.78566451096988 3.69837241118488 0 866
7.95281114437969 3.1956550109842 0 866
9.43957559267024 3.17132795813024 1 866
4.64290608843426 3.00642102045614 0 867
0.43838440409787 3.23691748753035 0 868
1.24988903128164 3.06165932431495 0 868
9.78255267294928 3.23510126503867 0 868
0.435657976639704 3.39413559263053 0 868
8.48356814381436 3.00831389048342 0 868
0.040252712282871 3.3852783011435 0 869
0.093475281443021 3.2294014062642 0 869
8.04589402647284 2.99121793986286 0 869
2.12129197028777 3.34412231839726 0 871
3.10886903970421 4.28328574308053 0 871
5.07950661791576 3.9004976432619 0 872
9.41560142525437 3.32530499691347 1 872
0.118635877153295 3.33289761673611 0 873
7.95825100149239 3.10495034679166 0 873
3.06621311891291 3.35886839565722 0 874
8.22106326098741 3.2377819862743 0 874
0.100095875979616 3.52673280553959 0 875
0.0144064888746336 3.20139474552197 0 875
0.214995898115478 3.54598978095164 0 875
9.63904242511804 3.52454813377931 1 876
0.169174973565072 3.49075523193517 0 877
0.881001055031991 3.07376113753138 0 877
7.53462186410719 3.00472019257684 0 877
1.06796330350363 3.68349944540165 0 878
0.72477341154794 3.12214101755498 0 879
0.309158459896251 3.38126989442558 0 879
0.70148143588572 3.51229484988563 0 879
8.9101441268843 3.74428705548385 0 879
8.36064513106278 3.20726583866077 0 880
0.627531473294026 3.00789930351803 0 880
7.52087078445316 3.09133513993465 0 880
9.55503926254774 3.59061811585662 1 880
9.04430562359348 4.05829493799572 2 880
9.55856222412167 3.2415884235647 2 880
9.69689262355003 3.70695786541789 3 880
9.58057414722241 3.02589102966325 3 880
7.35844015109693 3.09918417484353 0 882
0.0153226414642052 3.06661678207555 0 883
1.23228368434704 3.52924988344056 0 883
0.496772808745576 3.22105730848279 0 883
4.1874487857525 3.34568974147786 0 884
7.53220290520783 3.27789188096708 0 884
0.48235355842372 3.21605818554227 0 885
5.71709079279015 3.23848296013884 0 885
9.36335564163479 3.03845557268845 1 885
5.39634591112148 3.01166527131452 0 886
9.69705947771063 3.52752820007158 0 886
0.310940305775852 3.23611122077295 0 887
0.121841594874758 4.23782561460305 0 887
3.00111298925252 3.31511466084176 0 887
4.65419613962855 3.4225817341686 0 887
9.40154396361637 3.05469385007969 1 887
0.038544464694761 2.99715719076205 0 888
1.57892055808042 3.05076133935145 0 888
7.7214607863519 3.48074054178762 0 888
0.0199316609734664 3.80178699793239 0 889
2.22471943781114 3.60545453860564 0 889
9.76956209255238 3.28670597727533 0 889
7.85187992224624 3.07489048648436 0 889
7.8653077433449 3.14934054580563 0 889
0.0585813574552356 3.91197755860109 0 890
0.0134315399557437 3.29939000758498 0 890
8.0740371127767 3.02801635336625 0 890
7.85738571642849 3.01924204561961 0 890
0.203335261555158 3.044386411304 0 891
2.34379031653133 3.01304804530893 0 891
9.37494914574514 3.18363346350616 1 891
8.02644134675886 3.05882416299933 0 892
1.49145878277503 3.31881660798828 0 893
4.52883165913228 3.0880998498166 0 894
2.39897973845661 3.09032655807127 0 894
0.519490736663452 3.59671172702178 0 894
1.8244318829501 3.37306024163841 0 895
0.00137433294561848 3.32589090548339 0 895
0.718023417574339 5.16334836064287 0 895
2.70268545060881 3.22454349674016 0 895
2.77985809151885 3.37504394351556 0 896
2.12053354555326 3.28140667699762 0 896
8.05362987320321 3.08874537428571 0 896
3.78505851192842 3.19535993921261 0 897
2.16174519589732 3.27237442321944 0 897
2.71680290434406 3.09852190639843 0 899
8.00699010881586 3.31473913222989 0 899
0.333939307781267 3.04123500021759 0 901
0.0121349481160373 3.0285258773884 0 901
3.82730638411445 3.46741110674717 0 901
0.824868848437579 3.07912518850915 0 901
2.85121787669862 3.74463807865962 0 901
4.57930850375606 3.11252900706806 0 901
0.0435839449675994 3.01502819668042 0 902
0.167714321683531 3.59890538768036 0 902
0.327170329431762 3.07123832137361 0 902
0.0914045983345732 3.20305082192271 0 903
0.159612563529096 3.34878087864365 0 903
0.372854134785893 3.09545528646713 0 903
0.111964357689266 3.22707513348944 0 903
0.615360424738597 3.16145707821558 0 904
0.929526910204386 3.01205269870773 0 904
0.0436106494531159 3.40830078788101 0 905
2.22127959264383 4.28975371946469 0 905
0.208568888750805 3.31004173312626 0 906
0.496933847703024 4.1806708423127 0 907
0.754433194714568 3.16066446745692 0 907
5.19703967930402 3.93552410318272 0 907
0.46489828853749 3.58310129808881 0 908
5.86799449387193 3.57380260740645 0 908
2.16224767967903 3.3224097516181 0 908
9.29098850066585 3.13985862693086 0 908
9.9094098968521 3.31236343085729 1 908
6.99310203063114 3.40712106218401 0 909
0.169744813711099 3.15935470331767 0 909
0.0433477318998052 3.19260764492113 0 909
0.04042754237938 3.76325450545441 0 910
1.09162774302531 3.04261808742834 0 910
2.7768977503579 3.15491927626286 0 910
0.138745062941166 3.21098576783225 0 911
0.109194222302283 3.25412038646319 0 912
9.35994908310165 3.01142686657332 0 912
7.88691982420178 4.61756703448045 0 912
0.085445570867287 3.2940378382986 0 913
1.71168325989115 3.09637025435864 0 913
0.448761798450494 3.27784054467835 0 913
4.9732725184915 3.03160166496277 0 913
7.87423602377325 3.0633017449426 0 913
0.276082698153644 3.10009755793858 0 914
0.515253076778797 3.45663929075508 0 914
8.56960538639773 3.26714369178246 0 914
4.61555262439484 4.1314778176481 0 914
0.0726264130808661 3.43990474225307 0 916
2.97608093926093 3.41186003199139 0 917
0.918151261423404 3.5451939568937 0 917
0.272436876588886 3.06063585084193 0 918
0.279288944384789 3.09081891852156 0 918
0.794281823434463 3.3421659024612 0 918
8.1228314651358 3.21538165192799 0 918
4.86969419709852 3.7132891625915 0 919
7.52022660850634 4.60517790930307 0 919
4.63079466735257 3.152134392303 0 920
0.233509859120669 3.22489907112305 0 921
6.071807842298 3.41807943800407 0 921
0.410566457260784 3.26706563108917 0 921
8.35401748376169 3.35498186151109 0 921
9.61534980769235 3.07453803780115 1 921
0.0812606578814989 3.05048583692408 0 922
4.64011138217515 3.54831033136395 0 922
2.04628179963097 3.12013819050611 0 923
2.94243707148929 3.29917063896394 0 924
4.77106039727079 3.17316381167837 0 925
0.216785562937621 3.22218054340346 0 925
8.39354486571764 3.0777320878889 0 925
0.76498863602092 4.52885317943684 0 926
0.123236375438668 3.21126085620209 0 926
7.89875856701267 3.22942682788661 0 927
0.283092204474049 5.21576911040891 0 928
0.015941189755874 3.50718570733301 0 929
5.35592933655491 3.27517392936556 0 929
0.00895525406924749 3.0136638826412 0 929
1.57382656875104 3.12767887459364 0 930
1.33035863511126 3.01160986069831 0 931
0.895624783603378 3.0531254826652 0 931
1.16681545213264 3.10661135511776 0 932
4.34366259327855 3.02931097467885 0 932
4.49395167764607 3.55222450664861 0 932
4.94209373621081 3.69040389946201 0 933
0.0980997319605012 4.49065792570356 0 934
2.12731181124511 3.24487307305826 0 934
0.00431058043879278 3.1803462859437 0 935
0.379572028705649 3.33100764227831 0 935
0.0741170832813305 3.2426988550135 0 935
0.0701563155518816 3.23166909791281 0 936
0.431199655284151 3.74655166691345 0 937
0.0968594569323847 3.05331089638284 0 937
0.694491927189054 3.05734265649575 0 938
5.64265205017908 3.58245979271927 0 938
0.951820738494627 3.12360698756415 0 939
0.0664632996693256 3.01517616204114 0 939
7.85737307621735 4.83857793526015 0 939
0.00195679633247051 3.08494413772409 0 940
8.70900699220759 2.99467321393099 0 940
0.00142072987604444 3.72725851921046 0 941
3.83218673950801 3.03694021795754 0 941
5.69020131021238 3.00049613756066 0 941
8.57303060489379 3.04233905862449 0 941
0.0531283722426745 3.0717114567371 0 942
4.75700774605078 3.28336569471538 0 942
8.58030922998391 3.32421386906913 0 942
9.26227681563201 3.89267043442732 1 943
9.2806743706327 3.29587093549456 2 943
0.16622875476461 3.04281054472555 0 944
0.14676505909066 3.61836329019532 0 944
0.680424994668592 3.28466628878785 0 944
0.081190853865727 3.00101582015531 0 945
1.32172175720935 3.10442568388137 0 946
9.28639416551183 3.40870922092208 1 946
0.122671264160474 4.21669563874232 0 947
5.12305569883687 3.68477638754838 0 947
0.0657070315824475 3.19761147508678 0 947
0.59551708526404 3.08118416797775 0 947
0.0454656160393966 4.03103647612263 0 948
4.39884321651866 3.42878275975373 0 948
5.25383037444396 3.07773480928527 0 949
7.46240113446491 3.68915206718167 0 949
7.96357380575458 3.59862461361463 0 949
0.45225238821511 3.04099644169399 0 950
7.49609152288526 3.01268449236455 0 950
0.0655644019872526 3.12620047209363 0 951
7.79713792043352 3.30679020037997 0 951
7.79368870987399 2.99976236967958 0 951
7.97210311633966 3.01930393905607 0 951
7.90988613933598 3.42053499392764 2 951
8.85618107672924 3.01823896507461 2 951
6.39161637763293 3.94559317652715 0 952
0.0366531671622082 3.00722100749854 0 954
8.7983184339168 3.17721967210374 0 954
9.70635385908698 3.18547975380697 0 954
3.1162723904644 4.07963511941535 0 955
2.25130809849134 3.32824608012124 0 955
0.838809766314553 3.38724209127697 0 956
4.59983617907664 3.0720624344685 0 956
0.91944716946752 3.06592488632869 0 957
7.45302551735565 3.71684318191245 0 957
8.33392821661424 3.09788651571958 0 958
0.112603156233497 3.16459117302997 0 960
1.1509261649298 4.39426704926237 0 960
1.1557804939641 3.12832021984753 0 960
9.48852462033707 3.38394778447732 1 960
1.00616417998566 3.42571362462836 0 961
8.1924272663024 3.63786771925628 0 961
8.84930337908929 4.37056032300023 0 962
4.6008068557214 3.49477930917814 0 963
4.74132524744855 3.13039600963119 0 964
0.00374768540210583 3.44155998322124 0 965
0.542741874894136 3.29279246579381 0 965
9.2109737271064 3.00675684486763 0 966
0.330111054651389 4.45670768456389 0 967
4.90209458388198 2.99570451576144 0 967
3.99498344614423 3.34681811989071 0 968
8.07017908887205 3.28401004296195 0 968
7.69410934128747 3.05419639137766 0 969
1.32089597208943 3.11454742804753 0 969
7.71608713850208 3.00273437744321 0 969
9.40633696542087 3.10209996023412 1 969
0.0616886809625761 3.00980630748942 0 970
7.89896330246509 3.7485284265254 0 970
8.50514522698026 3.10343575358339 2 970
0.333174482728444 3.04795303467023 0 971
5.77016609147857 3.62171485871164 0 971
8.51184017128086 3.56748068496737 0 971
3.07105649098404 3.29668021885084 0 972
7.50775964583234 3.11108647721879 0 972
0.186304503158342 3.35483008672648 0 973
5.81194657427002 3.05897158458479 0 973
7.90921293343217 3.02585578483215 0 973
8.09903788747555 3.45687311121777 0 973
9.30308366744745 3.01109258598125 1 973
8.09821320833872 3.0154983728584 0 974
8.37450524726091 3.02099027981417 0 974
0.251862724134654 3.14109012360497 0 975
0.183609509380023 3.1763163369091 0 975
7.79453823094893 3.37603231693116 0 975
8.53984563182123 3.05815720625667 0 975
0.757144123481714 3.06544984411968 0 976
0.182644815394581 3.26043252988101 0 976
0.315232364833204 3.27329206098279 0 976
1.43829204976642 3.03324119973633 0 976
1.66250330234712 3.28073793716574 0 977
0.492045384458409 3.16993953418951 0 977
9.02283013873926 3.04352199081476 0 978
2.28014953462434 3.32202495782641 0 978
0.00622148200754125 3.42391758609956 0 979
7.49242620884665 2.9977709067514 0 979
2.38774046589263 3.12877918687011 0 980
0.0343484332020477 3.14933414996581 0 981
7.57805282429258 3.98640129163102 0 981
8.44609929464551 3.00058974537686 0 982
0.990980635887123 3.30584772153074 0 983
4.61226007063905 3.48223943822283 0 983
2.6493561599288 3.08681528609212 0 984
4.72340067107489 3.3601007971009 0 984
0.244296750848975 3.75257650488386 0 985
2.13296052834188 3.18090312429592 0 985
0.952463992914875 3.65124036267429 0 986
9.9234801162124 3.38720036183806 1 986
0.143895970215027 3.27966131583208 0 987
0.159030114481917 3.04240528451822 0 987
0.0261181659130558 3.33247141348738 0 988
5.2305418991765 3.21917303235076 0 988
8.32327480089895 4.27731987481129 0 988
0.79216871058693 3.33200961391758 0 991
0.589535002384424 3.26914427054714 0 991
9.06752478579025 3.31621901918146 1 992
9.88404459358159 3.21044128405955 1 992
9.1707403991359 3.17654533121181 2 992
9.31673943251046 3.08542814959022 3 992
8.75513231226679 3.4644410182195 0 993
9.23682591380517 3.68977011175737 1 993
9.23884516059898 3.00699427340327 2 993
9.40708163822196 3.30113549658653 2 993
0.0333898342895191 3.00682822823327 0 994
2.2012522524291 3.27466994501213 0 994
0.462483165025923 3.24414606886184 0 996
7.36479647797933 3.1717630927649 0 996
9.40946050934459 3.21996068897718 1 996
9.43240196141217 3.97710798996104 2 996
9.52296890270338 3.2151256607948 3 996
7.75945422151574 3.42845272702683 0 997
5.73738876253383 3.47393728850142 0 998
8.45729508089945 3.17535177724923 0 998
0.0272765928492025 2.99141629521029 0 999
6.82340025131597 3.0024203598601 0 999
7.42759035427812 3.0770675017417 0 1000
