"ts" "magnitudes" "gen" "cat.idx"
12.8795830478516 3.28580009689333 1 1
0.169570735282096 4.19660848142439 0 2
0.067455512034357 3.00641440043469 0 2
5.20083578313308 3.04585368045921 0 2
7.48279253598276 3.26397836063285 0 2
1.79902858344331 3.10925620045155 0 3
0.721178694446199 3.20949833895114 0 3
0.313473648985778 5.36601985729048 0 4
4.19730327801369 3.28273308994785 0 4
0.092335560091463 3.46848242733706 0 5
1.07086958226002 3.0582199198042 0 5
10.5471595720907 3.06454773675751 0 5
0.435170148513435 3.11488691441404 0 6
7.47508024727282 3.09135882013901 0 6
1.73135313123635 3.78983034176889 0 7
4.59922470138686 3.43487929087078 0 7
10.2677796131076 3.04192569638472 0 7
12.7416118380238 3.02569019617267 1 7
1.73423973127484 3.23569915048375 2 7
7.3435679935661 3.08219199885233 0 8
1.9632613703844 3.34308470055972 0 9
0.115870294486611 3.36695134928882 0 9
7.55700928053716 3.04903551260894 0 9
10.264681297983 3.05782082209591 0 9
2.71552446785148 3.12301078996592 0 11
0.0704130244684942 3.31028972211284 0 11
0.662930148181481 3.00071326149248 0 12
7.8387603502469 3.14461969966514 0 12
11.2652240506073 3.57131456603357 0 12
0.00870295433936477 3.10640746302525 0 13
7.88676874655405 3.45645781645443 0 13
0.16489581627661 3.24709569450126 0 14
1.17790083135159 3.44618205558169 0 14
0.341684422787153 3.01190982871015 0 15
3.9475514005061 3.45150335977271 0 16
0.539462886306681 3.06258308317998 0 16
1.39762935495782 3.04943603849576 0 17
0.410419481371218 3.16150093520815 0 18
0.353411089778391 3.27476781672154 0 19
0.0681423373583617 3.13908852355394 0 19
12.8489630205181 3.2842863787505 1 22
10.3705624718923 3.22551309163559 0 23
10.3016374124242 3.64320876750873 0 24
0.154091890304197 3.01925390974635 0 25
4.40813784117983 3.23092755525842 0 25
0.0707339018936086 3.32963206991035 0 26
2.3611502652936 3.01548196698847 0 27
2.94105249453946 3.11968125378625 0 28
0.12852067758747 3.29384858633409 0 29
1.08937325344843 3.39184829113285 0 29
7.92223510292276 3.61334314883551 0 29
0.799143116332126 3.00059709085241 0 30
10.4171346804379 3.12440613326554 0 30
0.00342212274613208 3.28125960383181 0 31
10.3737723407034 3.26170558921322 0 32
10.7286127018567 3.21417924176771 0 33
0.127137343431277 3.21588522167149 0 34
5.20457089113395 3.2356156884976 0 34
0.0899277812558305 3.14508950737392 0 35
1.56414005047427 3.04146461260779 0 36
0.269112521574994 3.15714896324413 0 36
5.81188802530103 3.8908948328487 0 38
5.39659775990219 3.02550626662224 0 38
10.2285644949528 3.06708549922385 0 38
0.0959118273324986 3.2220175822998 0 41
0.43913501590229 3.07860055301696 0 41
3.43653926706283 3.69044267744095 0 42
3.15194882175602 3.00606182487944 0 42
11.1297655596151 3.01597638485661 0 42
0.857646761222033 3.1548793231239 0 44
0.0720496431092953 3.48900636495938 0 45
0.151471949178435 3.19626383428182 0 45
10.0090854250754 3.06275960197793 0 45
2.29951469793265 3.54471142432138 0 46
0.112425887782747 2.99151888604975 0 48
4.160302238552 3.06940228801728 0 48
5.76028159127019 3.00951491613412 0 48
0.0219623782872583 3.05478253475644 0 49
0.0329157519521198 3.25360251255175 0 49
0.100807836233862 4.11129777366673 0 49
0.0925090524868021 3.16774463108201 0 49
7.94692895675565 3.11905093363807 0 49
0.183217792442503 3.33427871058161 0 50
8.63142538979871 2.99738112014207 0 52
0.059516223161801 3.79040242349183 0 52
0.910214081935913 3.04096810699378 0 52
0.234791144293998 3.01180887721658 0 53
0.0111075476634674 3.93058715521514 0 54
12.9447718464393 3.62243347710799 1 55
0.187205572313353 3.01924369851035 0 57
3.52093860250604 3.0066194195027 0 58
0.193909826921917 3.78870493450857 0 59
10.4140813269147 3.0343447043267 0 59
3.01447098276431 3.10143372317143 0 60
11.0816825406624 3.09933886549003 0 60
12.1442295835909 3.04801521227327 1 60
0.653773032905254 4.34957335446511 0 61
0.706147431143108 3.89889674131819 0 61
8.3910281196242 3.47264768717721 0 61
10.4087041601361 3.3046702047328 0 61
1.17772366196765 3.75207980537187 0 62
4.15321680358436 3.00358876681641 0 62
0.146657816670547 3.09024578540982 0 63
12.5095077437904 3.09213991029691 1 63
0.46732039595941 3.00050074789141 0 64
4.55721461668333 3.26534818767938 0 65
0.141724228585468 4.05109689729469 0 70
0.0137072415081474 3.19007282978491 0 70
0.0122181121821593 3.15472084495321 0 70
0.0153612032562772 4.1812616912209 0 70
0.123343836467228 3.03631769324325 0 70
10.0499018559372 3.13808502716281 0 70
10.3926026410622 3.00252751487985 0 70
0.0774288111770484 3.06674339137058 0 71
7.21685721218054 2.99813824636894 0 71
0.136354207092479 3.07797778968371 0 74
0.0473717254827525 3.01830642346783 0 74
1.46818143192549 3.16527067549279 0 75
0.00814022869368941 3.60315858207731 0 76
3.08916787463227 3.09134616933691 0 76
10.3195170802605 3.23137349262438 0 76
10.405777776455 3.30414713282971 0 76
5.92631844363849 3.50898616933654 0 77
7.87811753489542 3.23406144011984 0 77
8.34071225607038 3.79524695369829 0 78
0.331786376081588 3.18791250256748 0 79
0.0468442800689057 3.04262321483359 0 80
0.479702083985396 3.05574762005612 0 80
6.43314580769601 3.23664071789499 0 81
0.102783291784726 3.04653589831987 0 83
10.3820924814712 3.55782034860781 0 83
0.0227976561527144 3.19027938138836 0 84
10.2260178751934 4.18867077070191 0 85
8.44577988499653 3.02273140693172 0 85
0.724627240733496 3.03240339670829 0 86
3.14079597577905 3.09819964738447 0 86
0.150193019794463 3.90066314557709 0 87
0.0935018116373551 3.72255442986529 0 88
0.0830101535811987 3.02247647633237 0 89
0.56850686388736 3.38500044818395 0 89
8.17586587716022 3.4121636969893 0 89
5.68114554467409 3.3398051919766 0 90
8.09333169104074 3.209762130155 0 90
12.2943515574184 3.01733916712719 1 90
0.196496202826404 3.10409111944247 0 92
3.68387127441538 3.0295810063028 0 92
3.85239809398858 3.09389443518256 0 92
10.3060666466277 2.99531186070066 0 92
0.446337725980615 3.20337241684303 0 93
0.1274978165433 3.10891467560235 0 94
0.0128047318289163 3.14065093245488 0 95
1.29156875713169 3.04870018617597 0 95
0.412955618002404 3.20445141116826 0 95
6.51241469484104 3.20708609241555 0 97
0.00497346083575174 3.42239712371011 0 98
9.03635067027427 3.24114811274122 0 99
0.17031665803827 3.35597720488031 0 99
0.631928138737647 4.04198232839241 0 100
3.91020926679675 3.02252075033885 0 100
0.719769844399601 3.33234049918076 0 102
0.0022342435741413 3.52559117403839 0 105
7.24599407680434 3.54234281194949 0 105
0.307648059884462 3.0780079791944 0 106
3.84594215150093 3.14112287384344 0 107
5.7343967005127 3.61443463339276 0 107
0.113703640593069 3.37369296103502 0 108
0.0677821336737605 3.01316307120546 0 109
0.160908070373481 3.94701242827923 0 110
12.1833479005467 3.1384546043636 1 110
0.125464485469142 3.30942780218507 0 112
0.0774488766741441 3.23485645079538 0 113
1.23366873195578 3.72868188496329 0 113
2.49667704062408 3.76590630839081 0 113
10.5928218912387 3.08611897875786 0 113
7.3929127834852 2.99854329279873 0 114
7.69302486920533 3.83524398679542 2 114
10.3746240145649 4.28295462211258 0 115
0.985970893776176 3.12263989745375 0 116
0.735664009949639 3.87377435211774 0 116
4.57005431305047 3.3827114458787 0 116
7.87817490498012 3.18348812394649 0 116
12.8313215197468 3.54530608866992 0 117
0.874880977623745 3.28178551055434 0 119
0.0582477377716491 2.9934582724894 0 119
12.5988220231697 3.28529826643972 1 119
0.365787765722008 3.435745545282 0 120
9.02501070897746 3.35811154307178 0 120
8.19012776370807 3.09233000119423 0 121
0.444186260556739 3.23056934460201 0 122
0.128402392190324 3.26954855991296 0 122
10.577879374265 3.34710571606439 0 123
0.121600447814571 3.10008292773145 0 124
0.527767771785548 3.46047921003681 0 124
8.44528029883964 3.27831306972403 0 124
10.9632757131802 3.09127064207377 0 124
0.732417784976198 3.89133801719507 0 125
10.4235374608377 3.26415541399653 0 125
0.472320072464206 3.59826544014363 0 126
12.7540673652288 3.01251073295987 1 126
10.6630061000358 3.1093522461084 0 127
1.30792342714912 3.22127095658056 0 128
2.22596868267055 3.34241420380655 0 128
10.3777170490592 3.54867609184407 0 131
4.74159840960273 3.20069575500097 0 132
3.50950663193905 3.28055090872526 0 133
1.00846777618337 3.07188025831312 0 135
1.46158761066338 3.1861826299726 0 135
0.447651475591982 3.2069083396631 0 138
0.0147603274595617 3.4622900418244 0 138
12.5058806319209 2.99588031687659 0 138
4.62050107618263 4.09531108861979 0 139
8.75561137515558 3.0524292293748 0 139
10.0748483380425 3.28295479649171 0 141
1.50871437524573 4.114741436096 0 142
0.0288582881991357 3.04464768701082 0 143
0.150865947232901 3.16982684155812 0 143
12.5654017642696 3.00310437144901 1 143
0.0813172248393646 3.13428005840704 0 144
0.193552861133277 3.6347812846733 0 144
0.338331177464211 3.28000344620758 0 145
10.7841146001086 3.98463461644042 0 145
12.0907714258969 3.17544020577124 1 145
0.0653597691256705 3.00341312754344 0 146
0.545100441385641 3.08462215183075 0 146
10.0373276716295 3.07112541334996 0 147
2.1210361223836 3.66114835079046 0 148
7.09034516943734 3.07024758288181 0 148
0.0410457406685486 3.00415703652434 0 149
10.3964726383063 3.15315646968279 0 150
0.0149169791930013 3.18591663138448 0 152
9.51017837226035 3.32088076053334 0 152
0.0242899649685147 3.24867399423599 0 153
8.06955160959443 3.7398744355921 0 153
0.056187477490607 2.99895227814031 0 154
0.0806831301956186 3.08177648451896 0 154
2.16603884388986 3.15012826903252 0 154
0.195728307936323 3.43915071694072 0 155
10.2930608388413 3.06718990761324 0 155
0.264660908863386 3.13501545001525 0 156
1.01946703370587 3.05620877477039 0 156
5.65487766305884 3.27159108448985 0 157
1.53949428030538 3.06919792088688 0 158
0.0442182736042019 3.78347993298455 0 159
7.3923915328235 3.28015504942589 0 159
10.0425528102459 3.12350029287458 0 159
5.55247827849191 3.10490270594985 0 160
0.525104215826953 3.03001678989679 0 161
0.0670143222425948 3.09949833233921 0 161
3.05608732100201 3.24951122955927 0 161
6.88879263923951 3.41634380563899 0 161
0.0107782891125325 3.05385656857138 0 162
0.0431732183638487 3.15819210832821 0 163
2.46585112443874 3.44426018512423 0 163
2.30504702841275 3.47326398578479 0 163
8.85089499246732 2.99586546227911 0 163
10.4680685590382 3.17630307055107 0 165
0.0424198253758139 3.00792088489511 0 166
8.25437403638417 3.1808760108249 0 166
0.0555726203500659 3.12006987172119 0 167
0.519349164211667 3.14393782944992 0 168
0.03358901356617 3.37312541303564 0 168
0.527364836807385 3.76295786282263 0 170
12.0582346752376 3.13824187267991 1 171
0.0055342372184216 3.23797947778634 0 173
0.0112671529868326 3.05781798727647 0 173
0.856572577220823 3.30661650899036 0 173
12.3210066479255 3.51466414574076 1 173
12.3793220945911 3.08765131257857 2 173
0.415373384082646 2.99842654098432 0 174
0.0214690411740854 3.26311921674982 0 174
0.106072676508569 3.05966399218667 0 174
0.382476427508767 3.20038891086683 0 175
7.26572441166315 3.14347453077157 0 176
10.0027906923214 3.26242675309988 0 176
0.10470393620087 3.43727959402153 0 177
0.00857597708787801 3.13863487832254 0 177
0.37575112874927 3.62536189981885 0 177
0.00994998953482573 3.02721597336593 0 178
0.0391445776935795 3.14204086120998 0 178
0.0405520184983884 3.00404484282002 0 180
7.43642152275532 3.23612439733364 0 180
0.0738773274125284 3.07770459032242 0 181
10.0354915241617 3.09898105004811 0 181
0.706807728920926 3.03130376115915 0 182
8.28024854902297 3.41462496890499 0 182
10.1771484958894 3.3500258015522 0 184
10.5783710264362 3.16003601688989 0 185
0.881158014777748 3.07050404315232 0 187
1.03702530168217 3.14237237193909 0 188
0.118607372070477 3.47462075151512 0 190
0.292417738791846 3.11652243935847 0 191
0.00814341613739615 3.83487716715865 0 192
0.0429737564033269 4.87884227775683 0 192
0.141750005231511 3.06912693121415 0 192
0.0119503657074962 3.35856478088038 0 195
0.592503596462314 3.09174032254689 0 195
10.0036527371762 4.02531248973096 0 196
10.9895815157267 3.18907635515398 0 196
0.0105644207482462 3.241099531807 0 197
0.0361295932784416 3.39855246485385 0 197
1.71285664941705 3.28168252695988 0 200
10.2911570494342 3.6506267559029 0 200
10.2105039671433 3.01080644880582 0 200
0.843142276941753 4.34367026634638 0 201
11.3561119170809 3.8026221219888 0 201
0.436005074119044 3.21904165584458 0 202
0.578805936124333 3.66647808157907 0 203
2.14515532802176 3.27793116221682 0 203
10.2620485577129 3.25837908622824 0 204
0.00967918701621986 3.25362114800838 0 205
3.77841124312988 3.55535817480574 0 206
6.62310798451028 3.14656139949971 0 206
13.0092863805216 3.03424553581791 1 207
0.0184715038390504 3.25727146563333 0 208
3.69820452374936 3.14954395826387 0 208
1.02468245258283 3.0666711338381 0 209
10.1332621811573 3.01040605433565 0 209
0.0736006026070282 3.09677080552545 0 210
0.944798405712638 3.15885250976734 0 210
0.117180029641248 3.11271528488026 0 211
3.86663337048968 3.28349098331268 0 211
0.609633615969928 3.19649648215993 0 212
1.39066596005403 3.0827365917398 0 213
6.41214561232861 3.19993120128981 0 214
0.00559538447528525 3.31225034528362 0 214
10.366077641955 3.20655628156768 0 214
0.0541955288396753 4.09831297608391 0 215
0.180266150836478 3.06098655860924 0 216
0.122856451030295 3.95814622598932 0 217
6.01878677008411 3.48316878007105 0 218
8.31434344079062 3.10972126095745 0 218
8.41941285460843 3.02228444900515 0 218
10.8307094375769 3.04577946277494 0 220
12.5042867522311 3.31960807301499 1 221
12.505072645841 2.99199118781831 2 221
10.1961898537861 3.48304369415561 0 222
10.0100107956701 3.55822046808967 0 222
12.6661182804123 2.99538770598119 1 222
12.6751580823644 3.11937541669921 2 222
11.1428238489249 3.17471790250123 0 223
11.9947836672444 3.08708770278779 0 223
10.3851442555297 3.66945328396273 0 223
10.3898788605681 3.09735775713795 2 223
0.000672505504519116 3.22365648243448 0 224
0.135652020453134 3.02659630635167 0 225
10.5052019063762 3.00225436940806 0 227
0.172084196717401 3.35645762088539 0 228
1.14232576754098 3.26965062407457 0 228
1.46523993200829 3.01725204284904 0 228
6.18877299692316 3.50944554884247 0 228
0.107764731485799 3.0107882020535 0 229
1.24803667144994 3.04932416460669 0 229
2.54798579974088 4.30479231873673 0 229
0.351172216612617 3.3416213841553 0 230
4.61243896128878 3.57445276934792 0 231
10.0501414967818 3.09777510901221 0 231
10.5891503022363 3.36587816608593 0 231
11.6432045508742 3.05207186174628 0 231
0.066187895236836 3.13838788097882 0 232
3.46501406865277 3.11957995723806 0 233
2.02008930087836 3.15083235779566 0 233
10.5227691199414 3.11691250513539 0 234
0.0431722887582244 3.11851240595523 0 236
0.0492655498524024 3.21631556458042 0 236
8.55558191996002 3.02285849573177 0 236
7.71455373576656 3.57922774961547 0 236
10.2347183575494 3.13184175725412 0 236
2.12243584915107 3.04123061574534 0 237
0.0470359217236716 3.20533738767614 0 239
0.109428185432396 3.18711112411508 0 240
7.40307138215536 3.20875593982197 0 241
1.48901204172277 3.13027682391875 0 243
10.3932546274692 3.10713452942216 0 243
0.0924624553919885 3.02065039073351 0 245
9.86263108398201 3.43585311088023 0 246
12.3666645713706 3.20289024077772 1 246
0.544624388116913 3.30752826775235 0 247
4.56030985585592 3.96571438272464 0 247
2.73010039886206 3.09237064017751 0 249
0.19902548757846 3.11846737683828 0 249
0.362181169200706 3.22017548806594 0 251
12.8777562588543 3.00670505926111 1 251
0.380725961695617 3.14281999892651 0 252
12.7925139965114 3.0136786219148 1 253
7.4691999546196 3.42770010533941 0 254
0.0353532292196974 3.17334581544812 0 255
0.0422214186914203 3.23174150916512 0 255
5.35895934013785 3.65961608814489 0 256
0.0262866675913962 3.51183191221874 0 257
0.06809443040917 3.11066060035852 0 257
0.439872597302002 3.27828027373823 0 257
10.3731491113312 3.17880067865628 0 257
0.0605139389000327 3.17758794914126 0 260
6.53661666914721 4.92748580886417 0 260
0.0315299197153004 3.12359830985448 0 261
0.377139523457163 3.10560870399181 0 261
5.49745941208867 3.22431651843429 0 262
10.0075335099366 3.04732302339225 0 262
1.0523975420085 3.09907473830084 0 263
2.83293299702436 3.08329019994086 0 264
8.80893427141201 3.04451787008434 0 264
0.114699843330962 3.0977446418986 0 267
1.7298052571871 3.53647509464342 0 267
12.4467191225007 3.47659618894272 1 267
12.4862621118668 3.51783788695848 2 267
0.456033745236027 3.09629683111125 0 268
11.1184816408798 3.2473729395052 0 268
0.0773999107198952 3.2748579777342 0 269
0.0373431625663805 3.09978425082595 0 269
12.6548759710599 3.88791248282564 1 270
12.6880446464523 3.98529064643468 2 270
12.6919591113259 3.27215815592933 2 270
12.7704830103826 3.58380462051808 3 270
0.597777251650709 3.02025499511777 0 272
10.3481261611882 3.27180828556689 0 272
9.08666862339666 3.0540414376083 0 275
0.0263856539059495 3.1815356836394 0 276
0.0255785406063509 3.24980540045534 0 276
7.93136619274688 3.40986881355389 0 276
12.7943232423378 3.30771026303915 0 276
10.4062277767941 3.26877175006637 0 276
11.0250965755899 3.18908711365277 0 276
12.0602455138614 3.62331136285275 0 277
1.33578875482407 3.69313194767038 0 277
12.0721715625229 3.18831496255279 2 277
1.18674142938995 3.57645726539032 0 278
2.23627474545855 3.0137996957017 0 278
10.0189280381175 3.0226386665773 0 279
12.76614486278 3.77509115662892 1 279
5.84495780509789 3.05050728196807 0 280
0.349528059476731 3.56192748303321 0 280
0.117282914593481 3.01670163251166 0 280
12.6956020744744 3.10982164377095 0 281
12.7016560862243 4.06272228549703 2 281
12.7400963731212 3.35470237049124 3 281
0.0292194925420809 3.75405035298587 0 282
4.55285680732359 4.18675669271911 0 282
1.58433225058252 3.17134806923066 0 282
7.84157679868781 3.27793355929412 0 282
0.349614168691743 3.81327351385756 0 283
0.802305227076336 3.10019793198764 0 283
3.41139034099027 3.59936018881808 0 283
10.8468463059312 3.09033631724849 0 284
12.035332522038 4.16008920314074 1 284
12.0944732575655 3.25691106579133 2 284
12.0545756035875 3.21688094889411 2 284
0.0240723972395641 3.01925803861324 0 285
7.50458385021438 3.19257781145344 0 285
0.136351520771561 3.60289541749326 0 285
0.785211358340557 3.00764785996924 0 287
0.990418040641848 3.11943225866144 0 289
4.8003104589915 3.77646039774611 0 290
10.8519682771939 4.14062828125373 0 290
0.00297998268781118 3.96676142070962 0 291
0.00588033000592764 3.41074435133983 0 292
6.76235450176442 3.44847248807891 0 292
8.03429395260818 3.1070901759368 0 292
0.97403030026874 3.01822788649602 0 294
9.20926858775542 3.0228688044179 0 294
0.0669581074112304 3.00152265234648 0 294
9.36502012590353 3.50044682622414 0 294
0.949516796146906 3.14706472688692 0 294
0.018908197896428 3.0906825808867 0 295
2.93863867416329 3.21981008568741 0 295
0.272658777433699 3.656741985861 0 296
7.33115149447021 3.11879334998288 0 296
1.64496920548595 4.05489672720175 0 297
10.8598177683092 4.08109999607628 0 299
0.113488504035191 3.03379709706821 0 300
0.134114609537796 3.28781869465138 0 301
0.018768261255762 3.33190024993439 0 303
0.0189183309890869 3.23387421517426 0 303
10.598183004912 3.04775226284004 0 304
3.63390892257027 3.05303153453837 0 305
0.0113816426598704 3.11898712571642 0 305
2.17915301242554 3.11400254966627 0 305
12.7812010568175 3.19526256648231 0 306
0.149656471905332 4.09874227869183 0 306
0.320136147472809 3.2301785145869 0 306
0.620955928667155 2.99051764251342 0 306
1.0936933381191 3.43654003152958 0 307
1.3859656624009 3.00648055885732 0 309
9.99944392249637 3.12358377538347 0 309
0.0126508595000152 3.46627412935173 0 310
0.0295487999021513 2.99889660029401 0 310
8.45934469282955 3.13051057155047 0 310
2.54656171898144 3.09761274720556 0 311
2.60792347654458 3.09096202858073 0 313
10.4884337875014 3.13741728494405 0 313
0.161339753484821 3.3226528561453 0 314
1.55423317086435 3.67050780982638 0 316
0.343256592280433 3.1844367070342 0 317
0.0523356912172591 3.28401287941859 0 317
0.380341527802899 3.75546430166264 0 317
1.60798265768413 3.07547069457749 0 317
1.94727219491405 3.31743664219713 0 317
10.7517529736113 3.87439898066227 0 318
0.0460532971154883 3.38420795346239 0 319
11.1743125192913 3.12346488080822 0 321
10.3716689966825 3.3586349124506 0 321
2.71730245935594 3.25258319797527 0 322
0.321886332954107 3.02541756437368 0 323
10.1191771268385 3.07081837197325 0 327
10.8682719511215 2.9941516327717 0 327
0.0139389747239487 3.33581092106945 0 329
0.0244165232919612 3.42846621461117 0 329
0.408746888355312 3.17579963418513 0 329
0.540036879108434 3.18626185722271 0 330
0.0617157323393096 3.04978460996871 0 332
0.0359273706507413 3.49692863007353 0 333
0.0699899495397936 3.08974541978329 0 333
0.48130902368183 3.3079627073912 0 333
10.6161543811512 3.45375426578799 0 333
0.0238470669704031 3.08327128402149 0 334
0.0264362482006898 3.86502944463981 0 334
12.0479768690743 3.26438403423745 1 334
7.33325476260461 3.0280404056978 0 335
0.0892581458468001 3.195710715474 0 336
5.50570587889088 3.02342111847096 0 338
0.341149742269367 3.04680058480036 0 338
0.215608037903878 3.51391167810732 0 338
0.0679236513152654 3.00703185041787 0 339
0.308892975902231 3.01387906716425 0 339
12.2787560146857 3.23014357688652 1 339
9.50075281214295 3.51623355353448 0 341
0.14080652980354 3.06895810571267 0 341
0.0697521714194947 3.10926214592338 0 341
0.12463325783549 3.35151649636828 0 341
2.17264914755974 3.09965580865774 0 342
4.35151458956631 3.89994235191051 0 342
5.22876322814868 3.24126736439614 0 342
3.07717090923423 3.65438017681339 0 346
4.60123020306211 3.34701525511893 0 346
0.061290198462973 3.29808683312144 0 347
2.0010146804003 3.11642413895722 0 348
1.42493279343839 3.69241041703569 0 348
10.6336897769132 3.58195748343729 0 348
0.0721800531505457 3.06548185846241 0 349
0.467579293309861 3.14486418973863 0 349
7.01896206765224 3.70635555967682 0 349
8.73091105050787 3.17015283640178 0 349
10.4563756588217 3.24109614504394 0 351
4.79497849441886 2.99474101017093 0 352
0.835212044354519 3.09439533605717 0 356
10.5685717716676 3.26393121719682 0 356
5.09050138101114 3.40628118712016 0 357
0.0421259779990732 3.45908945050562 0 357
5.18176932320879 3.44012054329944 0 357
7.72914643011365 3.01817181755645 0 359
10.6438614702761 3.15367101546576 0 359
12.5188921806621 3.07948370939908 0 360
10.7350508388374 3.12402232366405 0 362
12.0643438367728 3.04236579432092 1 362
2.71248553759641 3.40290709081781 0 363
10.3696147982627 3.1524638710631 0 365
11.3746017443426 3.92830416264488 0 368
0.0660685465857411 3.0960243863913 0 369
2.14193577356399 3.78878333248981 0 369
12.1545232209932 3.24396681154952 1 369
0.0665513095432168 3.51009084335068 0 370
10.3809540433056 3.02609130933851 0 370
12.1131655158565 3.45991863201045 1 370
3.60394413907358 3.10351274811035 0 371
3.5085925485159 3.0582909457099 0 371
0.80930430492004 3.08584718322072 0 371
4.55445483032512 3.01788518766741 0 371
0.246202811116269 3.3665260300309 0 372
0.0429157170268661 3.33945459019482 0 372
3.80406528237052 3.23629187375201 0 372
1.51991457889889 3.50428626455898 0 372
10.0143138401196 3.17579556373342 0 372
0.067338873255293 3.10989057026758 0 373
0.00466631766449754 3.44757068193806 0 374
0.66460102504818 3.78155128850799 0 374
3.83618976455146 3.24864380259027 0 374
13.0123595410582 3.47289216787389 1 374
3.70338686610889 3.67572737995544 0 375
9.20126379000257 3.69576447028193 0 375
10.620496202617 3.43943654199605 0 375
0.538888811973717 3.34454864258155 0 376
12.1578303504825 3.08120801702861 1 376
0.000133737213157377 3.7259535507584 0 377
9.89289970640597 3.68568703925866 0 377
8.11140728731233 3.63721578107257 0 378
11.3263794048237 3.39993407870271 0 378
10.5301878363666 3.25634309152382 0 378
0.0137925115596126 3.46996361125363 0 380
0.254592038048959 3.07809480102143 0 380
4.30385214579548 3.20723272410998 0 381
0.38030324128606 3.03408650977907 0 382
0.115009613171116 3.17858503196927 0 384
10.3205151807676 3.17107868458297 0 384
0.778869379475507 3.17188257841986 0 384
10.6748436451765 3.05076613518731 0 384
1.75046723830812 3.08580289032688 0 385
1.04702211144853 2.99934673613049 0 389
9.89758020548177 3.13059836991064 0 390
0.0051321615591833 3.22235497087806 0 391
11.9596655346531 3.22530982323598 0 391
0.0443366212064732 3.15450588918017 0 391
0.503055642144295 3.29965351472097 0 393
8.45470562786344 3.01554505997448 0 393
11.5103110795869 3.05698979059107 0 393
0.00615058852294937 3.05443043560961 0 394
12.4436523678337 3.2496401669017 1 394
5.02892516006672 3.66516169468053 0 395
10.3800353189417 3.00045475714613 0 395
12.6309987815652 3.4120090361846 1 398
12.7869624744859 3.33373729442782 2 398
1.97634371383843 2.99111216719628 0 399
0.444590982187712 3.72898163962514 0 399
10.6111801442132 3.09007812176067 0 399
5.71943297018626 3.55946444034349 0 400
1.62605046597514 3.16464629871004 0 400
1.15450040611892 3.00538850830348 0 403
0.0985489410751336 3.13203312831919 0 403
0.776666080718336 3.09670394309213 0 404
0.300643347247017 3.16344111432281 0 404
10.7801751575694 3.22117142524152 0 405
1.25268053194698 3.50650290354502 0 406
0.866019779052077 3.15145950577573 0 406
4.98944865964282 3.44245695923452 0 406
0.0151434430575526 3.04759144037795 0 408
10.0242117589295 3.1914558208519 0 408
12.9151134767194 3.00103672190395 1 410
7.89681771878136 3.24271322836436 0 411
10.3642217232908 4.66427531320009 0 411
12.5628900764467 3.01740666028816 2 411
10.5798337290785 3.18918676420608 2 411
11.5974815751282 3.23740414880292 0 412
0.0528940121230622 3.01747546740382 0 415
2.90802975076279 3.72160269642277 0 415
0.148840208500272 4.2332108768886 0 416
0.333368108006475 3.32206769673613 0 416
6.56830251855173 3.31616630220417 0 417
0.762432777102685 3.09423081034137 0 418
8.53355216939985 3.47025500657616 0 420
3.61298510548438 4.28287542531019 0 421
12.3619627812036 3.23554200659899 1 421
7.89195156841211 3.06977120727612 0 422
0.224628588234566 3.16678907016366 0 423
0.267580556499402 3.16199581160991 0 426
0.51226802381243 3.02563727618068 0 427
11.5156213383606 3.34830165238112 0 428
0.589787680983139 3.38856474222605 0 428
0.146630296072609 3.65600152690322 0 429
0.877333711756338 4.39511493889904 0 429
3.34544829587674 3.34666332911513 0 430
10.8768100355391 3.12422077146023 0 432
0.0756360635297584 3.74463980554546 0 433
0.00350326108427568 3.45868073116506 0 433
0.0962719828036347 4.26264907192688 0 433
0.800591265698694 3.25866134871641 0 433
0.0411767842155146 3.14723138030123 0 433
11.974560086346 3.5163274989847 0 433
3.35124232791252 4.68061722886154 0 434
9.41577030903451 3.30826807715868 0 437
10.2682012244658 3.02289307126261 0 437
0.015117774070023 3.44686652286893 0 438
4.5232411260129 3.54705673000098 0 441
6.27602505799083 3.4563561967816 0 442
4.6880535672761 3.01962663009446 0 443
0.00510840785307004 3.71810140125487 0 444
2.02563253753359 3.09689247221066 0 444
0.0752788732166296 4.94732937381191 0 444
12.8531641102486 3.08854167415813 1 444
12.2835150646601 3.45089164288095 1 444
12.323740904971 3.39278341526617 2 444
12.3910095550265 3.91195470239979 3 444
12.6869233540965 3.13538520031746 4 444
4.66842997260527 3.11765659526482 0 445
5.64370896929448 3.16012421849304 0 446
12.7834440063775 3.49225329691824 1 447
12.9136463140856 3.11359907309053 2 447
0.210451631123761 3.3428348129076 0 448
0.136784497002276 3.14733294376594 0 448
0.979079954240977 3.37633332706931 0 448
0.0471474583806859 3.42936969613666 0 448
8.13167976102356 3.68537051645724 0 448
0.00120850961618892 3.1308299094007 0 449
0.0641275660249079 3.21044298655691 0 450
0.529775580073589 3.58679645205329 0 450
6.85530431541731 3.00520553855569 0 450
0.0201621347374416 3.34749952541202 0 451
10.8996430875604 3.16554069166566 0 451
1.6159420550174 3.37476418225323 0 452
3.66887970662144 3.234406998338 0 453
4.93867199012747 3.10622272067137 0 456
6.74632498284052 3.15620223063748 0 459
1.4089581037516 3.37615038017752 0 459
3.42107481445264 3.03621176841898 0 460
10.3838562416532 3.10883899770857 0 460
12.038629602091 3.09311405856614 1 460
0.535434157167722 3.04871997405904 0 461
0.86677366881781 3.12233862813125 0 462
6.86186575908774 3.16963250888384 0 462
1.44922286150752 3.13725657958446 0 463
0.0374680386964024 3.58240544731893 0 463
7.36501792085858 3.21415915308652 0 463
0.278331996067699 3.0658961938175 0 464
4.90108780130277 3.07938712315925 0 465
0.0397276262468483 3.85545473640184 0 465
0.807183663355629 3.43317475729597 0 466
9.9996124247328 3.96695207890123 0 467
10.3671765677634 4.48606681341193 0 467
12.1469983872116 3.52898689617169 1 468
1.76263826817195 3.24508772597579 0 471
1.90597948209218 3.27701627449744 0 471
0.223129275869486 3.14760502917219 0 472
0.400344933907863 3.12637311061881 0 472
12.201687062075 3.50880869867208 1 472
0.158974969299413 3.04823407806956 0 473
12.9083433110822 3.01279067662274 1 473
2.18865846757855 3.23015782164714 0 474
11.9155594437392 3.38430763202764 0 475
0.0715826466523641 3.18752285562065 0 476
0.635916062396893 3.09856318972517 0 476
3.11005276617314 3.18647968924596 0 477
0.0335419143142829 3.06058087159263 0 478
2.4476068912919 3.17700751463501 0 478
0.767601453880278 3.51910581064049 0 478
0.678867678933852 3.00719034053427 0 478
2.67437205191444 4.51050272093391 0 478
6.17595703535137 3.02481301247619 0 479
4.56831320334124 3.29986198407659 0 479
6.23876493082104 3.27067495806905 0 479
8.16450719892318 3.08093456859439 0 479
0.0130243371949022 3.07095715966745 0 480
12.2780296301093 3.30298626412016 1 480
12.2892966655413 3.76118945901171 2 480
0.383340498496545 3.06343452870521 0 481
0.0755931824467268 3.14327855907055 0 482
4.14557025419746 3.50308822766737 0 482
1.14429990527141 3.07993318112472 0 483
0.264802812126359 3.1637412863154 0 483
12.9116780475337 3.07394484076887 1 484
11.2753292802266 3.27129310579376 0 485
1.76285531801226 3.18090551345763 0 486
0.297189431185728 3.15627530079561 0 486
0.247216676359954 3.05027663229245 0 486
0.187527093844188 3.44557823207302 0 487
10.8235805337143 3.77655803526557 0 488
10.7460757107017 3.32511027356914 0 489
0.00694156624964608 3.4066528546559 0 490
10.6594532605798 3.0249800769328 0 492
10.5792711111226 3.19683857854775 0 493
5.97866231097192 3.41234899062806 0 494
12.9079333815799 3.10641221584737 0 494
6.93871834685765 3.49802219961821 0 494
2.77272616405848 3.0855136586148 0 494
3.24259422043681 3.68676183293111 0 494
0.175730219312353 3.20708609271851 0 495
3.19553728906298 3.68531734297689 0 496
2.83297227404582 3.98671285266276 0 496
10.1885293009904 3.00497002945018 0 496
1.08883584312645 3.11867752123591 0 497
1.93437041122997 3.03660097977333 0 497
0.0177597942477336 3.17143127907337 0 498
3.82887731115739 3.07624917797548 0 498
8.38352487210967 3.03201986445215 0 499
0.0581787026522518 3.10298103783954 0 500
5.4008073740852 3.12209672172134 0 501
12.0072183419322 3.08988436827113 0 502
3.82051500659573 3.17583556855871 0 503
4.44726317801856 3.79693885949614 0 503
0.00814238256440861 3.10581524420164 0 504
0.0229671275778483 3.30859208638659 0 504
8.09769066884968 3.00352401801118 0 504
7.46782280359753 3.03653564291973 0 505
10.3862663523323 3.02903547125048 0 505
4.45005417061666 3.10053038324213 0 506
10.8144462492335 3.16662797992914 0 507
1.43556417651726 3.07786531758588 0 508
0.0180383825830103 3.43700049533803 0 509
3.41768383456646 3.12716028289893 0 509
10.6830099666186 3.21645387760447 0 509
10.832910197708 3.41240893113852 0 509
0.0104966615135955 3.56447714650323 0 510
10.6348117086589 3.66006883385505 0 510
0.164495316844884 3.18987518997277 0 511
0.260275872044305 3.89734696298519 0 511
0.0401192834774822 3.15833395745775 0 512
0.0100110331032171 3.12797939696228 0 512
1.50537408106171 3.14722010965109 0 512
10.4455649575707 3.02707021548201 0 512
0.123981882410097 3.51113048468669 0 513
0.0376593185921374 3.07259296000473 0 515
10.2066595429177 4.10909275494672 0 515
1.4965600584322 3.21399765032982 0 516
10.1445047340668 3.30871800756944 0 516
8.39805524954616 3.17330246758392 0 517
0.00152067915397434 3.58347605932806 0 517
6.26325703049581 4.27544142519951 0 517
10.5473286250647 4.03426643522499 0 517
1.15388328291376 2.99036252181176 0 518
0.190295826450618 3.40496340527742 0 520
10.4475169894445 3.45828089328476 0 520
0.83286486017432 3.07017087779391 0 521
8.02755212593882 3.09669101795006 0 521
8.09514952549202 3.01343769361909 0 521
0.0450544460719982 3.13973420586647 0 522
12.0869713968343 3.09853257203923 0 523
3.02291025554806 3.00895887658829 0 524
12.5786734432072 3.10571714197035 1 524
10.683445146071 3.15718717089629 0 525
10.0218172543901 3.47921159269071 0 526
2.18450187668857 3.36670783263361 0 527
5.62350287394496 2.99677561482579 0 527
10.4820354326734 3.07469188027586 0 528
3.83400007436195 3.53671693781179 0 529
10.5609611665355 3.01128584268446 0 530
0.0544323543154513 3.60907365930141 0 531
0.594015409008526 3.65429252130001 0 531
0.333652272683222 3.23096081076544 0 532
7.9281153244171 3.22154578347538 0 532
7.43591720616346 3.62700642532258 0 532
10.3846787175914 3.08114424707305 0 532
0.160276426301759 3.16609875921326 0 533
10.386089328621 3.24301238870953 0 534
10.384630390922 3.30074539767381 0 534
10.3641340995554 3.22287145565924 0 534
0.217943131328771 3.39814167117862 0 535
0.219872003683134 3.6145723270596 0 535
2.39736138508295 3.34298113255073 0 535
0.734930338391116 3.2492958361321 0 538
9.22719218374158 3.17653540040638 0 539
12.2929776973646 3.71695517521837 1 539
12.4762178274546 3.29405060954483 2 539
0.113126355754338 4.0635352766897 0 541
1.77355018298936 3.09879157658821 0 541
10.4060238705749 3.35792063311553 0 541
11.9672685097507 3.10820427191125 0 541
1.61325692907637 3.09231408668155 0 542
1.54790580226917 3.35455441757766 0 542
0.0178478082979587 3.0234428241711 0 544
2.04684658201554 3.42668101032176 0 545
2.84273614904623 3.27566353937925 0 545
2.54702369283065 3.28067449995 0 545
0.0520712912549338 3.14014985410924 0 547
12.243210263799 4.09562380886171 0 547
2.43354157296131 3.37679030400786 0 549
11.0891549778476 3.05487921567203 0 549
12.1041230188307 3.0862729474841 1 549
0.00244126454627596 3.06004181193475 0 550
0.0195619406592342 3.29532480027367 0 550
12.2580334776171 3.08853591198278 1 550
12.6858472792987 3.07136406774714 1 550
2.19663860217287 3.05877217956206 0 551
3.87083591863463 3.09574239184168 0 551
12.3689553082884 3.55573624949671 0 551
0.0879178621256343 3.54664467059532 0 553
0.00251090472925083 3.19446631608452 0 556
0.00462764796084047 3.06893662461615 0 556
11.5543645291275 2.99988855019827 0 556
2.01899267632709 3.13178068987491 0 560
0.215900036081574 3.00669157424641 0 560
0.00160399350972763 3.00317407638935 0 561
0.166741637725023 3.05947250872255 0 562
0.0157619235174349 3.35018753380293 0 564
0.121025435575819 3.28975748422887 0 565
0.673361491777346 3.57417961142819 0 565
10.4026875135107 3.0084866620791 0 565
0.00908110846818916 3.76080435013909 0 566
0.172618001822471 3.14108276464759 0 566
0.0660933137196585 3.56963018582244 0 566
0.0561366969485733 3.56071277636108 0 567
1.2779621013438 4.0245356383204 0 567
0.599499418485993 3.26029407748451 0 567
0.571539728626351 3.99374349207275 0 567
0.555489459534303 3.94270114323944 0 571
10.6513210235218 4.12767104542333 0 571
0.643207072160348 3.54270906807613 0 572
4.11954312097877 3.1048443407285 0 572
8.27089720062077 3.11297565408074 0 572
0.196930526918693 3.44662198444614 0 573
0.0231285299893813 3.47786903711011 0 574
10.0054172747878 4.11179111041344 0 574
11.9000301881165 3.44392000074355 0 576
2.63665154383879 4.41101976893807 0 576
12.3578175566249 3.58811184826407 1 576
0.0638020714797066 3.04263811510942 0 578
1.71637260255234 3.29148150116377 0 578
0.123753457737321 3.21045831554689 0 579
1.085034309343 3.03117506037895 0 579
0.0131608759210966 3.75427912839823 0 580
0.0362973934801427 3.51030913407434 0 581
4.76170130327105 3.22455197950286 0 581
10.3203980289788 3.12379005326037 0 581
4.60505174142525 3.68200631901822 0 582
2.59409477590249 3.63784959422606 0 583
12.935918754581 3.375176819573 1 583
0.08887680408573 3.05938787260767 0 584
1.65632744391723 3.0305316392343 0 585
2.71245502959964 3.61892572661262 0 585
12.4881682541777 3.00860563724237 1 586
0.784206783031302 4.20859813652425 0 588
0.772546576485988 3.28980924566266 0 588
3.36681162241271 3.07279619265478 0 589
8.30717966097916 3.29831489755121 0 592
7.62912342338774 3.22743306707328 0 592
3.03533955291525 3.31471141239672 0 593
0.0369962290001529 3.23777393351663 0 594
10.5286681804371 3.10607854748075 0 594
0.178753706642473 3.33755402994133 0 596
9.59063850804886 3.12385566568193 0 596
0.25493945634838 3.3296391282312 0 596
1.05318670250626 3.39955162529578 0 596
12.2214360614337 3.50358422856512 0 596
2.18143676078093 3.21720411103907 0 597
4.89731368871113 3.06238021789221 0 597
1.09977769342784 3.47321445802488 0 597
0.165393913135122 3.86628178709822 0 598
12.0595829858534 3.27368945566729 1 598
10.3823580729742 3.23064861349361 0 599
0.0838766823447178 4.27192669278422 0 600
10.4789766146231 3.00741662998842 0 600
0.0188382940010509 3.37014829971815 0 601
0.437486554839537 3.09309974118097 0 601
4.09824457355534 3.11586319114582 0 602
10.4293872059862 3.21429335211179 0 602
12.5319293045063 2.99508938827014 1 602
0.0868126417551175 3.1425663955917 0 604
2.83513823620818 3.15349355582946 0 604
0.256472334578068 3.18817399322614 0 605
2.17610257194984 3.04593971274748 0 607
0.105159065949421 3.24134167759514 0 608
4.84486647108707 3.09418014514805 0 608
8.36205617038025 3.07144722199624 0 608
10.2925401344967 3.41549133359454 0 608
0.59101211822194 3.39895923165064 0 611
5.43196900925728 3.45318803793654 0 611
8.02128058321008 3.34199116008505 0 611
0.564266537868725 3.168974431318 0 612
2.62713827941846 3.31525994128068 0 612
10.3826507199732 3.0434125497887 0 612
1.83018271309136 3.07961635937746 0 613
7.35112350275028 3.00656586089578 0 613
0.280201460266182 3.0863379780271 0 614
0.0747282614476996 3.1272971178488 0 615
3.06312415728849 3.0376709100717 0 615
0.0315707631660635 3.50243828289183 0 617
0.105025845257003 4.00808905873142 0 617
2.27211933213992 3.69918629187524 0 617
1.47926492932125 3.08732279920824 0 617
2.5611268622861 3.40711734150244 0 618
8.28081479655353 3.21739558177877 0 619
10.7154745076027 3.10316045779423 0 619
7.92009305904978 3.26632424761729 0 620
0.0299059195294208 3.1396178272427 0 623
10.4805088722066 3.2853070400839 0 623
6.12495316962817 3.07906541856653 0 624
10.4070780281384 4.43548334239832 0 624
12.4124895768795 3.52005741708582 1 624
10.4672735579502 3.1983222897769 2 624
0.135677499809574 2.99968617523486 0 625
7.19312157289896 3.08489933228144 0 625
10.5011734854612 3.14747531171864 0 625
12.5948411563035 3.09526679172736 1 625
0.17287694520439 3.50285602225623 0 626
0.0314368103952397 3.04529383088661 0 627
8.258659214012 3.0032785781214 0 627
12.9921518933583 3.55275569907047 1 627
6.80585960027487 3.16174248851535 0 628
10.867339760178 2.9929564367377 0 629
0.27057190701246 3.17285448134149 0 630
1.067398270298 3.03950368870266 0 630
2.12028057041624 3.39196105617226 0 630
12.3458823812284 3.06797402542615 1 630
12.022910391362 3.6514421611002 1 630
5.22814547969859 3.19079710799819 0 631
2.18235936885372 2.99915462356488 0 631
10.9758541560308 2.99957285486532 0 632
8.46294619277335 3.07127170405017 0 632
0.388723198592652 3.17589418103337 0 633
0.0611260075170046 3.44794964131688 0 633
6.19164587603979 3.03641086539948 0 634
2.48608701113148 2.99797976450485 0 634
2.21786196667736 3.51523460642092 0 635
0.106084104731976 3.01125375834563 0 636
10.6985280731932 4.13287514582692 0 637
12.1534498542637 3.77768415669338 1 637
12.1676744780676 3.09016733162278 2 637
12.3109227747626 3.16126149673017 2 637
1.74169457494523 3.32753942540822 0 639
5.42929789027295 3.12080490947299 0 640
0.126739320249321 3.06288678803777 0 640
0.119011778064136 3.41983205383695 0 640
1.50900169626952 3.16680395092072 0 642
7.43350306307467 3.01475111375743 0 642
0.140741360797542 3.32475561135847 0 643
0.15468402825961 3.07767339723343 0 643
0.199617719215936 4.49189414281351 0 646
2.09568656238343 3.13177103552269 0 649
10.0037188845132 3.2688205828164 0 649
1.59439380511656 3.62940883077332 0 653
0.706240225391149 2.99462709547593 0 653
0.128606764783123 3.95315061549731 0 655
0.00957073467130072 3.130420747735 0 655
0.0875305557100463 3.2249778332252 0 655
7.87046776517385 3.53511153795605 0 655
0.468646784290981 3.08815039425032 0 656
11.6153246249076 3.04672159474587 0 657
0.477498874896825 3.68105349444289 0 658
0.107903923412126 3.17254916620029 0 658
10.4758309238816 4.09632887413416 0 659
0.46090762075967 3.44269485866336 0 660
3.07289462347113 3.43443380582773 0 662
0.0404246089659531 3.22426450267045 0 662
1.45840461527208 3.54999608823636 0 662
10.0158445893986 3.27967595623147 0 662
0.806418612961385 3.19400481705345 0 663
2.03836908844354 3.14155720320396 0 663
9.7780833625388 3.36434308182082 0 663
0.327399883032941 3.44295267919867 0 665
12.4066901753281 3.2754873442032 1 665
12.1004731367898 2.99944695807094 1 665
0.189637032115181 3.21123084110842 0 666
12.6782849206679 3.90177327504808 1 666
12.7814432204899 3.38139779395308 2 666
12.7058487996917 3.64137007035526 2 666
0.0595808426855499 3.34949977606839 0 667
0.339996802366544 3.0620281838823 0 667
0.485262938057819 3.03870038821769 0 668
10.1397739077746 3.06225689900513 0 668
11.5720675510965 3.94511520603479 0 668
0.270757729534043 3.02295649073355 0 671
0.955671935459108 3.04195797403343 0 671
0.11240949466558 3.31595357485246 0 671
2.12742907010471 3.30613960129019 0 671
9.99884748800526 3.06639217602845 0 671
11.7173830706999 3.12264353013174 0 671
11.183850313881 3.0199786332022 0 672
12.2896909275182 3.0646591300573 1 672
12.7308060144164 3.49028090070964 1 672
0.0167587829702718 3.3036822651594 0 673
10.3686027695911 3.08364925480664 0 673
0.438214044613096 3.1055138641789 0 675
0.399470660726257 3.0426637856258 0 678
6.48305991912319 3.42552685313887 0 679
11.9902287008986 3.02191901151466 0 680
0.425211165628229 3.02441476161503 0 681
1.84613416699074 3.18313787529417 0 682
0.0646137075132155 4.05831316663909 0 682
3.62011468740734 3.39621199107542 0 683
4.94744222118703 3.43369243222637 0 684
10.4908394756562 3.26629589989014 0 684
0.0395097025704099 3.70813903991314 0 685
1.11742248350743 3.01192240562109 0 685
8.13017953651215 3.19245847970339 0 685
0.121572442729482 4.03373278993316 2 685
8.24717431952745 3.00182830440813 0 687
0.868297716265153 3.19476672135818 0 688
1.42419898923107 3.14072920961481 0 688
3.45828062638281 3.21480395135469 0 689
0.413482692142355 3.27258322918175 0 690
0.221282824246924 3.17468053793515 0 690
2.22151530397451 3.46121988705038 0 690
10.0132024147638 3.96227361860138 0 690
4.38356554487114 3.1056931638575 0 691
12.6212033686783 3.41967844703854 1 691
0.00456780844259725 3.05627348300059 0 692
1.17628785274838 3.11196183304024 0 692
0.0460014109522149 4.13456201065164 0 693
0.0363486849072176 3.19444742955824 0 694
6.41674111926998 3.22962784421158 0 694
0.644113770525699 2.99736949077461 0 696
0.116622577041572 3.0527479557303 0 696
0.104624167384571 3.08496496336139 0 696
7.42397678966819 3.00652401224115 0 697
0.521429172254909 3.36114121891102 0 698
12.958886427255 3.00391301611302 1 698
12.9591197338623 3.04183749827989 2 698
0.384856743785157 2.99820225344682 0 699
10.4335112700415 3.17066079881118 0 699
0.045948561913842 3.19340376551666 0 701
0.0451812914218588 3.23810898543841 0 702
0.00417621105133841 3.276293089746 0 705
8.91284949474559 3.0843394152289 0 705
0.116967041485559 3.44180845846252 0 706
12.6290869642139 3.04662090493566 1 706
0.097515211580543 3.11815715342396 0 708
5.57029693028527 3.1621095759709 0 708
7.96178312560818 3.26266533446621 0 708
12.8320906345357 3.44091097893935 1 708
10.5307670835761 3.0687499654996 0 709
1.45981242711161 3.6968597634083 0 710
0.00703097258637327 3.76815140146776 0 711
6.08303511330612 3.8286655284967 0 711
12.9676819426563 3.67072023558089 1 711
13.0071109057953 3.25447657787501 2 711
0.0458446936734135 3.83409020165039 0 712
0.104415306327137 3.05283346884487 0 712
12.4190067230396 3.12353927111168 0 712
10.6421517528301 3.53061853520998 0 712
12.7218749953058 3.20047553539906 1 712
12.4193188240868 3.12523149545304 2 712
2.14628350308538 3.19167541377603 0 713
7.84373534806911 3.17851260304456 0 713
2.51096241626226 3.00848996436957 0 714
12.8409931491219 3.10919951406053 1 714
7.72395902030279 3.20878719812196 0 716
1.58142612869567 3.21180462331716 0 719
5.14319559704079 3.02101832761232 0 719
10.2130423165079 3.58485828773784 0 719
10.3310627367528 3.02900296565417 0 719
12.7531244439628 3.3579682344797 1 720
1.51969609104323 3.03463137240628 0 721
12.2702681363184 3.75792209284301 1 723
0.11841573727064 3.03728375311168 0 726
0.297589547952407 3.26756579872975 0 726
10.388014268026 3.11888632363611 0 728
0.0612959291645402 3.35748167555728 0 729
0.0211749791757697 3.09810466457329 0 730
0.0644499246897484 3.06557364404966 0 730
2.13025774872378 3.13435607470986 0 731
1.06068460721807 3.32046794211113 0 732
1.39903973704206 3.44313016538068 0 732
0.310510771207735 3.92908633451986 0 733
0.842408614822253 3.00919693589718 0 733
0.351965613938546 3.81406495325449 0 733
10.3635023352033 3.70483270201816 0 734
0.0699987770409601 3.11361611518155 0 735
0.517084440896835 3.41825472055236 0 735
1.46929228325407 3.23856651081428 0 737
0.0266756845749744 3.06748309177742 0 738
0.230311825812479 3.39465138737611 0 738
0.115899308167005 3.40528541404442 0 738
7.86174773620576 3.27922283028445 0 739
11.5678605889609 3.41651018775707 0 740
0.62961825204837 3.03119103694027 0 742
9.0212623856193 3.24192122226283 0 742
8.18914111904494 2.99372179451115 0 743
11.0668204828957 4.21159663565657 0 744
0.0028742044738797 3.18196956825108 0 745
0.0629982680554311 3.48239115489445 0 746
0.188049326928383 3.56405788756051 0 747
6.74040721122885 3.54497430906166 0 747
12.6249162176714 3.16157743004012 1 747
12.4025377742105 3.24972034417736 1 747
12.5546001785063 3.68985598342797 2 747
0.110761999904939 3.03746197066987 0 748
10.8496716831214 3.28903066797219 0 748
0.988027127842724 3.78788801934653 0 749
10.5747824203784 3.03484248966579 0 749
11.3560445685678 3.15932403261331 0 749
0.0600976429743719 3.04878731032818 0 750
0.0117345465768259 3.58002689050829 0 750
4.60747588657901 3.51139166972658 0 750
0.670236360354186 3.09808015370101 0 750
10.0138887850276 3.075440587029 0 752
10.0145653673109 3.26227523912716 2 752
1.15458468046371 3.0038236428317 0 753
0.847217354612082 3.07361517992835 0 755
3.60629994157359 2.99827392814656 0 756
0.708659805736857 3.30426294779188 0 757
0.213018141337514 3.24736911949221 0 758
2.17728999338026 3.01616156096285 0 758
10.3658606227284 3.10968830000861 0 758
0.0290288095322936 3.2432824043665 0 759
1.19610297641588 3.33905168138068 0 760
10.3668682143874 3.00415540259592 0 760
1.09835226957044 3.72553635883705 0 762
0.317712566647541 3.55009252219106 0 762
5.6077558590409 3.36675315763061 0 762
10.6151626306372 3.1758538067454 0 762
0.676325511774962 3.05632235568763 0 763
0.00516638412455263 3.15000050226894 0 764
7.62269980142621 3.36109828150561 0 764
8.01600687076989 3.02093375028059 0 765
0.161430362899095 3.20573736079437 0 766
0.115523728017291 3.6129064416204 0 767
5.64361231047517 2.99763774143393 0 767
3.8191470011261 3.25378948602537 0 768
10.0018485953194 3.03868247798783 0 770
10.0009577357212 4.14899819025551 0 771
7.57484561992673 4.12867929953643 0 772
0.126851407427153 4.53911582082459 0 774
0.789012277877374 3.05550283126167 0 775
1.11869906010902 3.13920555672804 0 777
0.0424363490485721 3.07695511656387 0 778
1.98235116184202 3.12603865297417 0 778
0.741252325941663 3.14342932711101 0 778
0.0240744032557832 3.03070452762978 0 780
4.87413394444678 3.33165960803066 0 780
0.0471140899581663 3.13761668602827 0 780
1.48141403843625 2.99872355952803 0 780
0.129442612567154 3.4219590770006 0 781
0.234799077378258 3.27253871590736 0 781
0.220870490130049 3.45608286281188 0 782
10.377399599769 3.19277462735926 0 782
0.0542927424596969 3.50463205692432 0 783
10.8115925271905 3.4150305971199 0 784
9.99571669538542 3.03813328178604 0 786
2.1259668488322 3.56727062293827 0 787
0.00769200120755944 3.08681776053775 0 790
0.68515693025595 3.85477974257219 0 790
0.100232794187865 3.72555631674197 0 790
9.97393070728143 3.33359555194105 0 790
0.0716875807041231 3.05390537172855 0 791
5.88824142067581 3.10390273642893 0 791
0.0830552856943518 3.264127123365 0 793
1.64519272422685 3.00281671811774 0 793
8.17332863453101 3.24193709231901 0 793
10.0172909400002 3.2824556049734 0 793
0.609151484420046 3.2766319512064 0 794
2.57092756013504 3.18857293309101 0 795
3.54864559056675 3.84066090168725 0 797
8.31743122710119 3.13665621418078 0 797
1.07626919057953 3.06135475051432 0 798
10.727167070005 3.30553031506599 0 798
0.0277185714230852 3.05753282714783 0 799
2.39740245306368 3.32849151281487 0 799
0.2575053559949 3.02883774191293 0 800
7.98325013787204 3.20820622888702 0 801
12.0384718162563 3.19076288670132 1 801
2.81626337637951 2.99403497141371 0 803
5.57577921245588 3.23201181749435 0 804
7.42808761324326 3.20611106797897 0 804
8.3897468884631 3.04687959152558 0 805
0.557724292398704 3.27963784504566 0 807
3.07939606206616 3.02523059864737 0 808
10.3852750948083 3.08028827035924 0 808
6.71850606289611 3.11849483534625 0 811
0.0451359826245427 3.00901198984044 0 812
1.46467295642128 3.70422863856326 0 812
11.9272752797845 3.18655060463206 0 812
12.8830888151747 3.22930997644489 1 812
0.370929330720154 3.02046933720494 0 813
2.12775319569572 3.2381074591137 0 813
10.4288200977027 3.28173865892966 0 813
10.5728038599642 3.34259857431879 0 813
0.0133693302288706 3.24433720779441 0 814
0.301369962463274 3.27813817775188 0 815
0.167737839363958 3.0467065868003 0 815
5.39550173703527 3.45943225447995 0 815
12.6596511131242 3.00591155710064 1 815
12.6979670483564 3.18305664991364 2 815
0.0121391131590466 3.48167930831429 0 817
6.24058841260775 3.19131513797623 0 819
3.1524487383828 3.39559962463221 0 819
2.92718656501555 3.62726488317586 0 821
0.301850867891274 3.14019263581181 0 821
0.167519581269244 3.16854902677616 0 822
10.4566426161457 3.25100784712259 0 822
10.6296456910472 3.64400104758391 0 823
0.128804171304511 4.63653399486373 0 824
0.576282008291142 3.4521987369453 0 824
12.8460400147919 4.13536206053581 1 824
12.8782345013623 3.06528191235184 2 824
0.0150178975901667 3.18397169106378 0 825
0.0224829179965915 3.39088653236062 0 825
11.9337090000488 3.44240212331204 0 825
12.8214441176128 3.37979361001738 1 825
0.0575054656971416 3.85555162863372 0 827
0.99167242788029 3.2010960151761 0 827
2.16643111661255 3.75292594428972 0 827
2.83559564359846 3.5079250946991 0 827
12.6613180843761 3.09038940125576 0 828
8.26151799724741 3.24779909037407 0 830
7.01198089460393 4.07852845825824 0 831
4.64749148890738 3.51089769138662 0 832
0.0617574031440496 3.76603836661312 0 833
0.859863719227506 3.06500084427725 0 833
10.3650331258839 3.14525837233597 0 833
12.0937061149869 3.11371820806647 0 834
0.0029990939859931 3.01364045622293 0 835
2.65565620963986 3.52409961365866 0 835
10.3894637301756 3.05684226587482 0 835
0.233348214616416 3.35420384533277 0 836
0.173547535852981 3.12132578368293 0 836
2.21993611258478 3.67499539852054 0 836
4.48282690606189 3.00425396869522 0 838
10.0081747332836 3.56991391143122 0 840
0.0097143181055036 3.16207219813282 0 842
3.18603852404691 3.03861304528585 0 843
11.4321474355562 3.3089009663246 0 845
0.47753518811777 3.16479064985479 0 845
10.037610517561 3.09185480614067 0 845
0.133954515501448 3.18134404566444 0 846
0.00811809957701977 3.01265787469534 0 846
0.613522127485116 3.00868987609696 0 848
2.91169364024919 3.18720209005998 0 848
12.9428226411432 3.4223148097273 1 848
0.0153037109673853 3.76793775562388 0 849
0.000335917877659725 3.17241383969648 0 849
10.3888146885684 3.61894609477665 0 849
0.0303342666872396 3.36792039885188 0 850
1.08959257753995 3.64026224926867 0 851
3.82620006633774 4.05575704112569 0 851
0.21071092295881 3.20194166995999 0 852
0.0395932257400568 3.37783752189118 0 852
0.170705579127883 3.12606046172455 0 852
0.175959308240114 3.06282307226828 0 852
2.17451467578923 3.0074892328578 0 853
5.63571478110523 3.13114384709714 0 854
0.705243366310141 3.4877282412269 0 856
0.0168510503386959 3.00069672156168 0 857
0.0878134319072278 3.38183818771253 0 858
3.09128714734562 3.10666607861521 0 858
1.55757379220324 4.15085668828512 0 859
4.62464908725376 3.22227737237235 0 861
12.2486103383448 3.00810041472292 1 861
1.89204895553056 3.20095938502882 0 863
3.26418289935216 3.06836700041746 0 863
0.103619750931132 3.32167821697319 0 865
8.4915587275634 3.81383791356028 0 865
0.162389191851339 3.10269263624024 0 866
4.78237114122328 3.28342732148766 0 866
4.737492921621 3.59356398677964 0 867
1.45141546381724 3.16616611761143 0 868
0.202317425903794 3.26911877556143 0 868
0.0648600896244951 3.10124172981131 0 868
0.0882395690642076 4.53470827494758 0 869
2.8676763365308 3.74010240213506 0 869
0.0622076697164018 3.22716674267061 0 870
0.494981299851488 2.99297378451781 0 870
10.0111465191139 3.54170291520884 0 872
0.169334324062498 3.37803780399014 0 873
0.171914131911735 3.30989867396478 0 873
4.37853118401269 3.87093301050349 0 873
0.191307481272469 3.12573812212258 0 874
0.159619774362104 3.21260012751849 0 876
0.155019783952221 3.4027871564755 0 876
0.41871343671418 3.25865966579602 0 877
3.21221182778126 2.99846112054635 0 877
8.25824485021649 3.02230110136668 0 877
0.012063241697473 3.24999180869287 0 879
0.0278177973444468 3.25176410231055 0 880
7.51261287413877 3.48052964135034 0 880
0.161081719530626 3.25682963373215 0 880
4.60294727894039 3.05030713908034 0 880
10.2238263847202 3.85497743000312 0 880
5.37935408539186 3.45993904258923 0 881
10.1078917423213 3.52583893671204 0 881
0.053886016477469 3.0795426043862 0 883
4.51373455602472 3.09517448680108 0 884
10.5354860709554 3.02475305134994 0 884
0.0199490448886871 3.07574347977567 0 885
2.14193996391996 3.42518703866406 0 885
0.248217460009453 3.56918291148328 0 886
7.60087838917991 3.45989161745667 0 887
10.6431077201156 3.66087406678587 0 887
3.29647127678217 3.48573786995267 0 888
0.363431837872646 3.30607960022072 0 888
10.364967633125 3.02602349150196 0 888
0.25981698693025 3.23998244465238 0 889
10.9808167294494 3.17630826083965 0 889
0.646169018089838 3.07833103854987 0 890
0.0529180220161695 3.21593598120853 0 890
2.20059906090618 3.23434153009641 0 890
0.11522390692068 3.1659193381982 0 891
1.18521792445292 3.06901604046038 0 891
0.814308527104529 3.63313461358966 0 891
10.401473855124 3.21169393069224 0 891
10.6261302278413 4.48521602247066 0 891
12.2673437896948 3.04724870534533 2 891
5.3193292651427 3.14278869170883 0 893
0.156303390537399 3.40617006706093 0 893
0.0931209980591243 3.01300041552525 0 894
1.52421061677306 3.63079456572732 0 894
12.8103321035482 3.49973419364281 1 894
8.22105250443673 3.60961109828877 0 895
12.6614398981069 3.79137753816891 1 895
12.7817861177376 3.51159612097268 2 895
0.194343480748122 3.01376844648768 0 896
7.34102969733428 3.25331347228756 0 896
0.198051206862187 3.24174765781448 0 897
0.235508902751644 3.02969459343076 0 897
0.0418411086397352 3.00004922359532 0 897
2.30126191561411 3.29843324053261 0 898
0.0774653534829919 3.72343296759379 0 899
0.415704042543067 3.05092911594621 0 899
0.0224852425097048 3.01957638832021 0 902
0.149922124726809 3.38299738619022 0 902
0.279215601104652 4.1292323087235 0 905
2.15864568729368 3.30361411891157 0 905
10.8145013277923 3.38462395359602 0 906
8.10149781303645 3.17725862746718 0 906
0.0544645094241276 3.02755209131074 0 908
1.49033105828239 4.01580400180866 0 909
7.81810527278963 3.17830627999429 0 910
12.1230808567811 3.01380139683284 1 910
10.3710042816148 3.13189445438737 0 911
0.477949404435292 2.99525535108821 0 912
0.565469985359722 3.24958689365152 0 912
8.43592949907013 3.37582992924333 0 912
10.0664562772264 3.0717136656348 0 912
8.57797477251022 3.4417189116038 0 913
10.6667692920964 3.66886880060897 0 914
0.141709590922981 3.50586548112068 0 915
5.51994222846303 3.59550367221703 0 915
9.62735583277599 3.33843606778617 0 916
0.953064008818692 3.27952286323016 0 916
11.5764069638346 3.27902893994819 0 917
0.00789296189373487 3.07601602189779 0 919
1.74558652858391 3.51463759532542 0 919
0.109354741497614 3.0778569950565 0 919
12.8223487687387 3.09360700239714 1 920
3.47915217600543 3.19521134795719 0 922
0.18171103669454 3.0906028197212 0 923
4.35395969545725 3.58744479770853 0 924
0.500122343680648 2.99618049609361 0 924
0.0268447327328134 3.76127095239865 0 924
2.14245174649876 2.99538633613657 0 924
9.53608421585714 3.09536289701434 0 924
0.251872111124027 3.6463478666565 0 925
10.6926345120892 3.30732536745208 0 925
11.738888827574 3.30024458202125 0 927
0.0555951259765567 3.04196287820611 0 928
7.72560582439034 3.10150700638492 0 928
12.1671646159698 3.13365846145606 1 929
0.143066327108776 3.03585537560769 0 932
10.6893907325801 3.00036266392683 0 932
1.44291446673169 3.00203920936681 0 933
10.9415804495805 3.38638817076915 0 933
0.0427070540605739 3.40469717492305 0 936
10.0024494901357 3.42210797606584 0 936
0.0800011981756835 3.19530655526353 0 937
12.7095714748461 3.02447255462619 1 937
4.59664810821223 3.46924298785194 0 939
10.7435486238456 3.00978069262206 0 939
1.18203691129418 3.18100745879985 0 941
0.334446515116247 3.43212107942012 0 942
10.1053293596933 3.15494573806169 0 942
10.5105221846705 3.14319139874926 0 943
0.334418817836575 4.00265090253783 0 944
11.8715313029884 3.13291529719533 0 944
0.722634873494456 3.63783904022691 0 945
0.0200328331930267 3.0060346063742 0 947
0.486317085004608 4.01135909527678 0 948
0.132272577918281 3.09285002726456 0 949
6.87750488697908 3.06968354606549 0 949
12.3554296890829 3.35142008312 1 950
0.941962151380851 3.55516637413995 0 951
2.26552384285825 3.10647431551677 0 951
0.143128072529745 3.48503452995157 0 952
4.33704950401709 3.48887235608902 0 952
4.69063716196138 3.06951282900951 0 953
0.00761252326920185 2.99088837278921 0 954
4.43903726929437 3.33617258640642 0 956
2.54617660451848 3.70355085950221 0 957
3.53554977833066 3.08775174347854 0 957
11.8801280770549 3.31926316990428 0 958
0.293643295935067 3.42785107424396 0 959
11.934575541193 3.10866059631356 0 959
0.420085797965713 3.13488035770526 0 960
0.0183621679451444 3.15582430168489 0 961
0.101618425150322 3.02741759511385 0 962
3.42078025431488 3.17122994539182 0 963
4.6131751410362 3.37665222138255 0 963
0.1055057263158 3.06969056958082 0 966
11.7131141241121 3.2546008741499 0 966
10.9713809989162 3.5045661034129 0 966
0.118655796124237 3.57272923055057 0 967
0.464461378885746 3.03025240194549 0 967
0.0641556745628008 3.13967548674904 0 968
3.99165785031137 3.94964101489715 0 968
0.00912261788756871 3.19805727354446 0 969
10.3732805136332 3.21655416857736 0 969
12.7625255365014 3.04620872955121 1 969
12.1709555542652 3.14064119978687 1 969
0.877324783127923 3.01070744302535 0 970
10.3824303988584 3.15766261831755 0 970
0.008834553311642 3.0926516191397 0 971
8.11308801656915 3.16359922299142 0 973
0.359942616324384 3.01511499874864 0 974
3.81423245830184 3.22595869816658 0 976
10.3636646246736 3.21460880068185 0 976
12.2763191693552 3.10555359739837 1 976
3.83980380423245 3.2270254634134 0 978
10.5880322561722 3.41434395731672 0 978
6.32047407686634 3.0016464592912 0 979
6.95427778565209 3.05174811306606 0 979
3.09993849122803 3.22097790909057 0 979
0.0154953861517641 3.47654387763212 0 981
3.71548160186755 3.0367230154661 0 981
7.49185252779489 3.27647050555812 0 981
0.0248579305958325 3.13366511905541 0 982
0.108686724717694 3.33286606575878 0 982
12.9993156459272 3.63268587230643 1 982
0.0856763843337149 3.09182947363429 0 983
0.0211389875002444 3.25971722943177 0 984
3.08476774210944 3.72775673483453 0 984
2.55188351435675 4.21054351992828 0 984
5.14490317491605 3.01300682647386 0 984
0.80483607837366 3.15484920432988 0 987
2.68476650999177 3.33149013848147 0 987
7.60991842629521 3.01461047010839 0 987
7.99254001310069 3.7504502624944 0 987
12.9100062979009 3.2350445957428 1 987
5.39397551820649 3.76606257573482 0 988
3.61790385816322 3.68856332151779 0 988
11.555741349573 3.16383821035834 0 988
2.40974584927706 3.39778631897272 0 989
5.51997878521145 3.78085421580629 0 990
10.1548552535578 3.57743833953214 0 991
10.4420414239782 3.05393952300718 0 991
10.1607467819438 3.98349208937922 2 991
0.413100429089708 3.86612784946484 0 992
0.00795338105874363 3.45337128132863 0 993
0.472859293729122 3.54399052969276 0 993
0.244820753219988 3.60481248729781 0 993
5.2386237077933 3.13492362846553 0 993
0.475817912487172 3.21807349220951 0 994
3.07881947227077 3.19825446754739 0 994
12.0537814338781 3.59076641051182 1 995
0.180153957563001 3.02563776716117 0 996
11.0737979448557 3.42078146870801 0 997
12.4397910990842 3.73203654672601 1 999
3.84744044886277 3.0660464849951 0 1000
4.76896982952882 3.00875156951723 0 1000
