"ts" "magnitudes" "gen" "cat.idx"
93.6339747472473 3.54605684774433 1 1
66.7777352815246 2.99340608638738 0 2
68.3059853675111 3.09146800071386 0 2
66.4524995876379 3.34496029306694 0 3
69.3332547291031 3.21527964675069 0 3
86.3729197762997 3.03363701262624 0 4
67.3274366179431 3.11009144347716 0 4
92.6707132650965 3.30078958565283 0 4
65.2854003502457 3.13835441938456 0 6
67.3157352690628 3.46492050655363 0 6
94.0393409679916 3.10238372862901 1 6
70.642534969825 3.0124201807753 0 7
76.9506406388947 3.05242702188052 0 7
0.20949097272294 3.05306188736749 0 8
73.4736310549364 4.47623235757429 0 8
63.839733686878 3.01012424708082 0 10
67.7893709659477 3.20534874270794 0 11
76.3091253241176 3.00206561823906 0 12
67.2698493447526 3.79341776714136 0 13
65.7906635896252 3.28249779673298 0 14
67.8691946466617 3.30819477267256 0 14
0.00473343880253554 3.1095037711985 0 15
65.2978287092675 3.08042655437841 0 15
67.2867998054563 3.1529070810098 0 15
67.2548074785706 3.01113669358233 0 16
76.8367406552762 3.06270615017413 0 17
70.9571759961243 3.30016626023147 0 17
76.1284891595156 3.42739198467308 0 17
69.3761306449301 3.09926257530918 0 18
91.4639012783469 3.92981246715209 0 18
65.1867721371544 3.91631684034088 0 19
67.2573841692428 3.59360261751884 0 19
89.144689782337 3.00357267612415 0 19
77.3864298613541 3.25503669784158 0 20
75.5472706769057 3.24160187320299 0 21
70.909627124314 3.9919402354641 0 21
91.331527342894 4.05556990002204 0 21
64.4128565981955 3.29803621493584 0 22
67.2724927243757 3.19316134996125 0 22
69.663943632278 3.57389030957604 0 22
93.6933232378021 3.12186952853026 1 22
67.2527995085778 3.29343208885778 0 23
67.2563527480639 3.26892419197424 0 23
68.5939231033597 3.30832927496322 0 24
91.8850606635549 3.72874555918383 0 25
33.8365701280042 3.33851599185271 0 26
72.6306345875354 3.51209710570292 0 26
80.9399184120117 3.01710857377939 0 26
94.1924087514442 3.991676704202 1 26
94.1985312059416 4.31562556683254 2 26
94.2089353111626 3.27373792927331 2 26
70.0660237915672 3.38050632155527 0 27
63.7661615891105 3.70923076946824 0 27
67.393394591896 2.9906557530866 0 27
67.362004442463 3.4290779381681 0 27
63.9199509136855 3.05840639333013 0 28
86.3806510739983 3.032581316696 0 29
68.6168445630161 3.12243138235081 0 29
67.7314323954695 3.13242574959965 0 29
67.2762326495786 3.07250415627286 0 31
70.3715434076254 3.08818323431715 0 32
68.4319327410779 3.39696893967223 0 32
67.2823918478477 3.13589403557028 0 32
91.0251107887174 3.14437843038521 0 33
91.0878787650635 3.36678457695514 0 33
0.258344665124966 3.03798380919612 0 34
67.3947478002669 3.34846753884357 0 34
82.4788710262991 3.32456460460743 0 34
6.67004780327338 3.47773815794712 0 35
67.2613739804895 3.00395323479183 0 35
69.3412508057228 3.15654763492733 0 35
72.0793398743566 4.05128569378504 0 36
67.2711651168371 3.46237819491509 0 36
84.9685760730291 3.14985758163679 0 37
68.3711393486842 3.07483237420362 0 37
71.0182947840148 3.15184387693484 0 37
67.2547750086501 3.38666826969559 0 38
70.4459513137037 2.99410084323607 0 38
86.2330667281342 3.70840293124322 0 38
68.4472243238441 3.94390656484072 0 38
73.518017250281 3.36451370238326 0 38
67.9846464635839 3.15686201984866 0 39
84.5083513389555 3.23547856929618 0 39
67.359389191983 2.99476257145967 0 40
77.8107404325404 3.13619991732321 0 40
64.22897140446 2.99992152847258 0 42
92.4637768132297 3.09856275512557 0 43
67.5577923392343 3.07894775659391 0 44
71.5966213320882 3.11675675640808 0 44
64.7651762368258 3.02987178600568 0 45
67.2656489934839 3.30705674005898 0 45
73.5700774261582 3.03526603173383 0 45
0.112290372885298 3.20350083261851 0 48
67.2865540307193 3.20229422112676 0 48
72.7845007846391 3.16309457832356 0 49
69.2640755115001 2.99200686311433 0 50
71.3343910653546 4.04466551392444 0 51
64.4094614601643 3.03653478660221 0 52
67.3139509417849 3.79966856855438 0 52
69.7812852127591 3.18934746744492 0 52
89.2180667730145 3.01976948808889 0 53
92.9722447346909 3.03877490567712 0 53
51.4340937174939 3.19152585198047 0 55
67.3538020380146 3.74167143203046 0 55
63.9450119658419 3.40643507526487 0 56
67.604152821497 3.0365265832622 0 56
71.0087129547697 3.20611605867904 0 56
67.0566662547987 3.00144360347442 0 57
71.8485942723397 3.04620282272384 0 57
90.9792508136848 3.44148814550302 0 57
91.8832052226094 3.10499274290161 0 57
93.7276829401769 3.48528367604199 1 57
89.7333754020619 3.01448829463466 0 58
67.8730701094837 3.17568338613816 0 59
63.775262131234 4.06133051488184 0 61
82.8067411168788 3.10853130346185 0 61
72.8732695860024 3.40485391071742 0 61
26.1498658711971 3.20633953982297 0 62
67.2566875938697 3.68661929509717 0 62
68.4518549250992 3.23819235080563 0 62
2.58759689688663 3.03711142964484 0 63
67.2984606357156 3.58460739884731 0 63
67.259656833562 2.99019196305365 0 64
67.7225092818213 3.04275387947687 0 64
0.0876306261434955 3.06967702237553 0 65
73.5804926844333 3.0711725373783 0 65
67.3136419539916 3.46340658391115 0 65
91.9258971249427 3.1868610181396 0 65
93.641289367554 3.10680606649508 1 65
0.0522992600838917 3.26329166334982 0 66
64.1855880619113 3.13466610767504 0 68
64.7472976110496 3.08506591809014 0 68
67.4742786182049 3.19667572730529 0 68
67.2641787345201 3.07351470986167 0 68
90.622206296436 3.18682008210172 0 68
91.9323214711726 3.86335218162204 0 68
67.2804124098618 4.33665212397037 0 70
84.6723515984339 3.29694349671559 0 70
63.7464631316966 3.00768740177345 0 71
67.2566044260768 3.05064076494164 0 71
69.0745779607918 3.40508538491908 0 71
68.0103299112972 3.82784073509968 0 72
79.6848494320745 3.07113046265924 0 72
89.4771032386448 3.0491868967235 0 72
93.5459057139039 3.00115532396898 1 72
86.4055911771522 3.45428696583705 0 73
93.5212097270221 3.12884546596049 1 74
76.1798841183136 3.01847612742519 0 75
68.2234841973841 3.29120050699801 0 75
1.60463289547399 3.09609902951716 0 76
67.2836620212869 3.02669047207318 0 76
92.7482179694301 3.04464557873109 0 76
72.4577901857585 3.03799645986355 0 77
67.7733441186896 3.48107580608314 0 78
79.5691042732389 3.20044461838625 0 79
74.8753728425225 3.05681759094839 0 79
89.2784218445303 3.10880778282827 0 79
67.3241638811596 3.27796574268989 0 81
71.3714645414699 3.08966926169406 0 82
67.2691472646831 3.11252616413634 0 82
78.6444985901213 3.98582254666293 0 82
18.2591077540164 3.05959566891363 0 83
67.9735379606264 4.01536712271634 0 83
67.2723115891216 3.0340069685084 0 84
67.791457024722 3.08613084397839 0 84
67.265297204505 3.04702053585783 0 85
68.3251671715021 3.08355024379672 0 85
67.4871410028804 3.55930710100659 0 85
67.2671915000798 3.58824562314194 0 85
65.2959927067405 3.09993488741321 0 86
67.2813099215381 3.04111041950035 0 86
89.5944024252156 3.32721676921051 0 86
0.0927217646208062 3.93306788569448 0 87
74.8447254467058 3.02012072777494 0 87
71.4461265028704 3.3483210213479 0 88
88.456206921347 3.50424064416562 0 89
68.4281146510284 3.84957529119483 0 89
71.5936187709997 3.05028970556186 0 89
67.3774805010228 2.99356101538022 0 90
67.423912621492 4.16326596536571 0 90
91.8710877396422 3.45576210383541 0 90
64.5402735540451 3.15267213667648 0 91
70.1472915434118 4.01989174539404 0 91
92.4601557986553 3.02813476576971 0 93
67.2596196225128 3.10185506131639 0 93
80.8202502968718 3.24907223774172 0 93
89.4092740421797 3.032951227713 0 93
67.2644109982188 3.20951171004642 0 94
67.4102459445585 3.28049865078175 0 94
71.2374538935439 2.99671664095054 0 95
80.807134973997 3.14255862763504 0 97
71.2169949483775 4.2129040421422 0 97
74.2119776974244 3.09571678113596 0 97
68.3909151249691 3.09325722522324 0 98
67.3658552442904 3.18346142280734 0 98
67.270657016236 2.9946387690743 0 99
67.7044189748117 3.23331386353178 0 99
63.7253456187066 4.26447970664422 0 100
67.2556152811792 3.1285620137069 0 100
91.3348867176524 4.29012600454365 0 100
67.279462467811 3.0181945657793 0 101
67.4853906567871 3.18519283475432 0 101
64.6979971331604 3.55888720053466 0 102
67.9101231645272 3.29875381144135 0 102
91.86074308889 3.14595399721214 0 102
67.4801243982275 3.56423887734738 0 103
78.6813080570061 3.24561470569249 0 103
75.7774930945958 4.39311083931985 0 103
67.2650209704163 3.10364489729183 0 105
73.9091405998676 3.02137281907377 0 105
67.2561598675897 3.06541956286024 0 105
67.8036613849647 3.27977479535965 0 105
67.5360491654803 3.06960065876109 0 105
67.3981840371493 3.30040983497371 0 106
68.2271116867936 3.2697541612195 0 106
93.3956967438378 3.0681989618501 1 106
67.9130686005511 3.32373949436222 0 108
78.5020713143601 3.77267166137119 0 108
68.1751137754309 3.18716822537422 0 108
77.5350270920724 3.16255536291601 0 109
76.3131504860246 4.62413409786328 0 110
67.2819866073981 3.43644452474488 0 111
69.9586427845247 3.39722156095434 0 111
5.52570593257149 3.32756575361815 0 112
77.6037568449106 2.99844609442332 0 112
82.20209451369 3.27278778612984 0 112
82.5224766828755 3.36666106735321 0 112
67.3976449715156 3.66535156668751 0 114
89.1337140710185 3.85443672932226 0 114
67.348171177383 3.09648816960785 0 116
71.0592515008477 4.09096284693433 0 117
67.3742876590231 3.16580705244535 0 119
77.6396925196947 3.00948126985555 0 120
73.7341387369736 3.03491672756689 0 120
94.1306919911683 3.14180535291211 1 120
17.2558573346601 3.31159312767664 0 121
69.5552379570999 3.23634390724885 0 121
67.5035217535979 4.64179432101845 0 121
69.407598308739 3.98581368561784 0 121
75.965944611966 3.25251476375892 0 121
63.9682483065229 3.27602267054231 0 122
70.225286219354 3.49434611168525 0 122
71.0176262508298 3.31281410256561 0 123
2.95414694913156 3.09416460427916 0 124
67.2766036181922 3.51441614918012 0 124
73.5405877715114 3.85440139784391 0 124
67.2548654341473 3.58559757882006 0 126
67.7035125129617 3.32862049052933 0 126
94.0614035073474 3.25340581571894 1 126
93.8776972130679 3.71314457497144 1 126
75.8980695760911 3.18489737822044 0 127
90.1791411351323 3.20376783567855 0 127
64.5915853669937 3.01033286085475 0 127
64.3101987476767 3.08292156222084 0 127
67.432772657258 3.02770897934373 0 127
67.3632982373737 3.29118525314272 0 127
67.7556851339277 3.31734747933618 0 128
63.894513984873 3.42809110743718 0 129
69.8721365370226 3.56876689256598 0 129
64.3646248812983 3.10805452618701 0 130
74.419825889942 3.1495758017358 0 130
67.8783808549457 3.06160906801561 0 130
69.3843566566781 3.60345938923063 0 130
77.2989807251721 3.26856741190642 0 131
83.35152243366 3.01774936820944 0 131
63.9419301767818 3.11945260152812 0 133
68.5853728588553 3.16678432599467 0 133
67.8075850246831 3.57970250583543 0 133
93.6467096856602 3.03473793240924 1 133
68.3585824506073 3.18818687215896 0 134
2.60457956298076 3.25295785903434 0 136
67.6084954250142 3.20860892003267 0 137
67.2698366051058 3.07642042160005 0 137
67.4953711679299 3.60827222370166 0 138
1.28912746787565 3.05849197764087 0 139
84.2800098187739 3.2207351420763 0 139
67.4862452756778 3.28618915816777 0 139
75.4888891049574 3.195810981344 0 139
67.4258842891839 3.83703556675285 0 140
67.9782451068465 3.01063032378782 0 140
68.4108644991321 3.15751445363324 0 141
67.2529622159345 4.04560794250243 0 141
63.6510704522902 3.17268272521743 0 142
63.6614643491512 3.68813742420756 0 143
91.911358071939 3.09568009488946 0 143
68.6642242181595 3.17935275981779 0 144
67.3439909098156 3.06998689628543 0 144
91.8501666502703 3.44798887199886 0 144
68.5877831994076 2.99887550185624 0 145
67.4950399759642 3.05309728519462 0 146
67.2617283050608 3.12714817152142 0 146
67.3403326786303 3.30061046511495 0 146
67.2608531161666 2.99116272995923 0 147
0.083127161447374 3.00298994561996 0 148
67.5395668359822 2.99083573291586 0 148
63.9737302691608 3.01215597334847 0 149
67.4803514467823 3.38926288689938 0 149
63.7509450908407 3.27340416677596 0 150
65.3334491998951 3.18407886602631 0 150
69.5249653392732 3.41608239753759 0 150
63.7559780974778 3.56223958886732 0 152
63.8870337403395 3.01474084363409 0 152
89.4984843797967 3.09198095757497 0 153
67.2721890096615 3.32982503183112 0 153
69.0439829142931 3.7486211487261 0 154
93.7472154502563 3.11867753547514 1 154
67.5089992731958 3.432890364647 0 155
91.86580193127 3.38931182636621 0 156
84.9515386693967 3.01695915937506 0 157
67.9165187382343 3.48888125541288 0 157
68.7207250103434 3.03178294889379 0 157
67.252693569927 3.58887453921075 0 158
67.3891391399728 3.04170523179375 0 158
46.318060496003 3.31215192793888 0 159
67.4834529882135 3.37148916355656 0 159
68.6546043503163 3.19604259899837 0 159
67.3092430298472 3.19095313665392 0 160
67.3983848819613 4.43052387799574 0 160
93.83342295953 3.39919975806669 1 160
93.8756380993485 3.10644398731143 2 160
93.8904321001298 3.57025253305988 2 160
67.2968177887768 3.00805133036738 0 162
73.5133668232646 3.27025390525826 0 162
93.919882965022 4.34063132944813 1 162
94.1273790964724 3.13200169778505 2 162
85.9352543088937 3.2332654554209 0 163
67.7771500663299 3.00785628739769 0 164
67.6647519402112 3.65320080527947 0 165
67.3880743973459 3.01902138599497 0 165
70.8783542863479 3.12487553976747 0 166
67.6549525147381 3.76040462513434 0 166
67.5311765279588 3.25998059082771 0 166
69.3363309079618 3.03318569280813 0 168
67.5604668654591 3.19642004973822 0 169
69.3890238885928 3.05432128480334 0 169
67.3654974041869 3.14121891091467 0 170
67.7638807801324 3.59029175407678 0 170
63.7319507289792 3.44584032887762 0 171
81.2421894121533 3.1606406181031 0 171
67.6224997166592 3.11013520594545 0 171
78.8072013754313 3.05006910816581 0 171
67.6264979164605 3.55351355291902 0 172
67.6991856499848 3.31597026824437 0 172
79.034352250368 3.08518267700957 0 174
82.4562465115505 3.2077054842545 0 174
82.6587653145054 3.12897278970791 0 174
68.2999306589627 3.02300807867987 0 177
67.2590776230801 3.2432703819541 0 177
74.0868015961927 3.08401743836996 0 177
94.1072793786686 3.08475996671261 1 177
67.4516619862426 3.49916941047854 0 178
67.5594548764282 3.81790156790819 0 178
84.4751438292046 3.40123052734029 0 178
10.3903756953743 3.09607115457879 0 179
63.7886075311799 3.26703108731313 0 179
67.3453280809184 3.21046363435527 0 179
67.4967981508765 3.1288113579959 0 181
71.1847523538224 3.26035475795737 0 181
93.5641619043697 3.2203423941265 1 181
67.3496354973058 3.01840690835808 0 182
69.4188478938326 3.75036128563878 0 182
76.5107878395256 3.02732457475535 0 182
73.4738133936151 3.10062132544341 0 184
79.0724024507692 3.02278435279955 0 184
26.9261683445267 3.12627692671308 0 185
77.1108085881961 2.99930021261412 0 185
67.3911395619116 3.2769203979007 0 186
74.1593880908496 3.38938620212748 0 186
68.381855238839 3.29519812774399 0 188
78.8042473069506 3.47927878915133 0 189
67.3650334848196 3.02787226503431 0 190
68.3116865332266 3.60868462888312 0 190
67.2556738431397 3.00418006691867 0 191
78.0854553918876 3.34602641704293 0 193
68.2893776097645 3.03562676576431 0 193
71.9880088214969 3.0700413253034 0 193
72.755667484274 3.2457926594109 0 193
92.5982076567257 3.5855754862017 0 194
63.9384445345677 3.6321802025652 0 195
64.7073875148959 3.62813945021846 0 196
68.0094431911791 3.2082688721253 0 196
67.3414138170978 3.30180200307561 0 197
67.2812681352365 3.04779106414037 0 197
67.4625096941376 3.43502439775531 0 197
71.1779765666709 3.69875074851402 0 197
63.6557543930423 3.28772830884061 0 198
0.0597772895506818 3.16379525558788 0 199
70.9540730102235 3.03993307042552 0 199
82.4335256036899 3.29892552478784 0 200
67.2699762505901 3.19223215586301 0 201
91.881401581888 3.03774962637567 0 201
67.3262824235432 3.3007593387929 0 202
67.7587579186432 3.10559890315727 0 202
79.0518136157198 3.44405049931279 0 202
74.5362536795044 3.00780823767279 0 203
74.3959552947541 3.37738683195362 0 204
91.8925758682704 3.03531834016629 0 204
67.9513165345626 3.73529865104326 0 205
63.8857967352696 3.14109458745338 0 206
67.4537623261559 3.17873340115322 0 206
72.5481080144154 3.44866778656309 0 207
67.3181638785142 3.18886909370957 0 208
67.4163160252742 3.14190915283883 0 209
68.6700568619957 3.97584739965349 0 210
67.3024188648197 4.4148637050005 0 210
67.2564067916321 3.4846191454376 0 210
67.272263538905 3.2293525421448 0 210
67.5367255410714 2.99191535796449 0 211
67.458128754396 3.28252057617498 0 211
69.7020739462536 3.27817518606971 0 211
71.8414455303762 3.69083192449305 0 212
65.0703434997919 3.11991110941114 0 213
87.2074377168629 3.05510195834503 0 213
67.8870308361636 3.07471161201353 0 214
77.5815884964277 3.12578196660566 0 214
83.487289437983 3.25741588315537 0 214
71.5944115560378 3.17798138963213 0 216
68.100593924132 3.21421146863859 0 216
67.4823561820922 3.03332090320501 0 216
71.485927380886 3.65294299359939 0 216
67.3073184564889 3.71142947650074 0 218
93.1621878717231 3.54721024206782 0 218
71.0027982667798 3.2563005807448 0 219
82.7208105231469 3.12001780353794 0 219
82.0061729860259 3.16829508009919 0 219
63.9775693948125 3.60247784489111 0 221
93.659407593989 3.0649003043585 1 221
84.6090453316155 3.34482465528976 0 222
81.4901666895144 3.30489219530158 0 223
77.9706831852028 3.29878600474869 0 224
91.3221611878373 3.28059911877504 0 224
0.0837995643334969 3.06243847756712 0 225
67.3208418746376 3.38963423625546 0 225
67.2553934563162 3.26606047268367 0 225
67.866506587088 3.10573234144388 0 225
63.906705499204 3.8608124027494 0 226
64.4076189152479 3.06443384477211 0 227
91.4043219218775 3.78366225441548 0 227
93.5500300517112 3.05715838712635 1 228
0.0491390315161019 3.65479682771031 0 229
12.2557408645032 3.30885198465791 0 229
67.5437513597176 3.87709757486338 0 229
67.6161522877997 3.61745166897827 0 230
69.2094124663185 3.11229110584308 0 231
68.5447022710288 3.12105477742884 0 231
77.5953686167088 3.01923676940764 0 231
77.9307672736733 3.33087875859025 0 231
68.1121964895529 3.38100432634707 0 232
91.8966462267487 3.37182184811359 0 234
69.7591975040215 3.90525244029669 0 235
67.4627705686392 3.22949544831445 0 235
67.2903003254709 3.0697267833484 0 236
74.7722662187023 3.02212067618266 0 236
67.2553485140338 3.1083783154642 0 237
63.7660852827915 3.11056492830781 0 238
64.138430998278 3.20057576764024 0 239
67.7640315376819 3.17099277216392 0 239
1.79491491565623 3.50487435841588 0 240
67.3054246864153 3.07649441558512 0 240
67.4219187185998 3.33244778265822 0 240
91.8616981534664 3.17820859509319 0 240
93.5593552996677 3.31830322891341 1 240
93.9871177004922 3.0274244711146 1 240
80.376327583027 3.50783150257085 0 241
82.6197118081057 3.03774779824895 0 241
67.3247850196911 3.09610894017346 0 242
80.5248490222915 3.30107084390495 0 242
63.7107929509124 3.18193185533656 0 243
67.5343496080914 3.04611055730655 0 243
67.3431752158046 3.42856705262571 0 243
67.2884001704739 3.57034702886391 0 243
67.3955121799048 4.09663743389273 0 243
67.3955099668868 3.17514486693826 0 243
91.9288901496634 3.32249438174867 0 243
0.0506573574024883 3.08475076589515 0 244
63.7508401337757 3.29378461927163 0 244
11.8849720254762 3.39589979465554 0 245
80.774463384459 2.99848743879698 0 245
63.8066029851188 3.07115755386251 0 246
83.0759996604991 3.17418145217341 0 247
71.2328368805714 4.05065514414282 0 248
67.9520243700893 4.19834903275349 0 248
67.3139548139223 3.8123295144399 0 249
91.8657081006602 3.40548395441238 0 250
67.426158359106 4.59339780687374 0 251
67.2594543662331 4.22991206031318 0 251
67.3038692678808 3.28228808068697 0 251
69.5175936584563 3.65198045141198 0 251
71.7611410390139 3.20185023650513 0 251
93.7755380896658 3.3909587583005 1 252
69.8468927850484 3.11322776748909 0 253
68.2173032588868 3.45858933103607 0 254
67.4564058237457 3.56593627318188 0 254
68.8583864669404 3.12899869193513 0 254
88.0479860952469 4.0828928332011 0 255
93.790883480319 3.31829253372699 1 256
63.8875807200668 3.53432280388495 0 257
91.9097774542356 3.1579276134941 0 257
71.6921007070089 3.0343465749849 0 258
67.2699956993338 3.17311203721719 0 258
93.8492363807552 3.05025879510032 1 258
67.4466109692472 3.36640009218512 0 259
73.1553674715921 3.1760062944006 0 259
67.2841389586284 3.4283446615406 0 260
68.1193975011103 3.25268415650376 0 260
68.5106587369772 3.15198696078776 0 262
69.8681130045844 3.04645699945681 0 262
76.710553387632 3.27189497313418 0 263
91.0538703486268 3.04750399753818 0 263
67.3328651384327 3.18944902469227 0 264
82.483577467581 3.04586106622877 0 264
63.7431327887667 3.05593896866426 0 265
67.272882973383 3.22830923099046 0 265
80.9724456738997 3.47183444908517 0 265
67.6001398349885 3.1679786830395 0 266
67.3171955644712 3.05448864423535 0 266
63.8095317422366 3.16290186165087 0 267
68.2213042132249 3.08315322803956 0 268
76.3871832844673 3.44843764785742 0 269
67.2946697759704 3.0549680161042 0 269
68.0239023033989 3.63992674644146 0 269
93.6043083674422 3.38189794213381 0 270
63.7537957648916 3.22651619502549 0 271
67.3540817123376 3.48653331567189 0 273
67.2659669876683 3.12243071522754 0 274
67.5282294789478 4.26992955961123 0 274
81.5044725583761 3.01956890639056 0 274
66.8810876026405 2.99793776805771 0 275
67.3550112727901 3.70616355403184 0 275
68.085629190806 3.09234097844317 0 276
77.3532936216624 3.03915843176772 0 276
75.7151093836176 3.1054148465141 0 276
67.5937612969546 3.28301787657914 0 277
67.4056678188628 3.58302489762963 0 278
65.3488221217277 3.17450032618816 0 279
0.524634195866278 3.20598960170714 0 280
2.16869764096468 5.81637136556283 0 280
91.2027699473462 3.00814572709775 0 281
70.4170236452987 3.05486056550137 0 282
68.5831002325257 3.26474609023075 0 283
93.4307937021174 3.02328401614675 1 283
67.5918834722867 3.46568473957906 0 285
67.4683659041315 3.57075679945117 0 286
91.8727138977076 3.11145482923951 0 286
67.2591648063127 3.06453292636198 0 287
70.237091201024 3.30664473206126 0 287
74.132167371112 3.59276703744753 0 288
67.5567622025744 3.41438221117066 0 289
73.8534736794249 3.15403626363641 0 289
67.260494380474 3.21481606030849 0 290
69.5349100186352 3.18923191087312 0 290
69.8200616183421 3.01754831922985 0 291
63.7790821734345 3.32687110089566 0 292
67.2696773610257 3.44392301993086 0 292
80.6395834502925 3.47984189329781 0 292
89.5721186929382 3.22096535353056 0 292
93.9066334885817 3.89404696966793 1 292
94.1626213885033 3.64938595813077 2 292
63.6660565297973 3.92707738930848 0 293
63.788370590414 3.13562078773013 0 293
67.4484630390333 3.36088931403657 0 295
11.398763443465 3.03234840222799 0 296
90.6431191318548 3.07377909703792 0 296
78.8067099225817 3.3564541835711 0 296
0.0549015963600577 3.4319058915697 0 297
65.5863071526133 3.26422432886004 0 297
63.765686891754 3.1322537696244 0 297
68.5220894197119 3.24547774243802 0 297
68.7957178719924 3.17940572325501 0 298
67.2757192297822 3.42019962572942 0 298
71.1250637175946 3.11252863654501 0 298
0.439706679951109 3.0945049981849 0 299
68.8062655855123 4.06345130277575 0 299
94.0701541795668 3.18866210766078 1 299
74.3341624818954 3.28734213923157 0 300
91.3854746839569 3.12156715203156 0 300
63.7298576468093 3.139716913377 0 301
69.5890788408293 3.39384247163401 0 301
67.4506184480426 3.36412520517885 0 301
67.558931330968 3.04126375362423 0 301
79.558070369301 3.54998903240458 0 301
0.0515565076098723 3.14504740569954 0 302
67.2533892240362 3.29720375629482 0 302
69.7673696871849 3.30456314932331 0 302
88.7548451204856 4.18421571083279 0 303
63.766796805152 3.2502971514967 0 303
77.5503863083192 3.09279556688998 0 304
67.6509670399952 3.01582050041988 0 304
65.2681481308909 3.11251607617718 0 305
68.1708448295687 3.19651813109763 0 306
65.0237861847874 3.21026060196339 0 307
93.3422990224596 3.24297970815242 1 307
67.6334649479176 3.87180076154911 0 309
63.8311770412271 3.43051210958695 0 310
68.027255270988 3.01081780693604 0 310
67.5238496541468 3.18512888241538 0 310
71.9833703044382 3.4126275382229 0 310
93.630071302158 3.49030500734789 1 310
70.3178317653215 3.06202018385642 0 311
68.127319403736 3.44643637375635 0 311
93.7337364863877 3.45377307321637 1 311
65.0327981743655 4.6593574876021 0 312
87.1493497917038 3.64591762894655 0 313
63.9672030449113 3.18688462269978 0 314
67.2805975170073 3.83471506402719 0 314
67.3959078631681 3.34560059508638 0 314
69.0293444981856 4.05462876207137 0 315
74.2593364996319 4.70105545235373 0 315
63.7429540295105 3.06911289073196 0 316
67.2720651862674 3.43492432169127 0 316
68.5669857677589 3.34262014522771 0 316
93.3655598980647 3.24068600384678 1 316
93.5544946603284 3.15173653113586 1 316
64.9053277355172 3.03408401033904 0 317
71.2464341223109 3.16761208835234 0 318
93.1866314881593 3.19094480058956 0 318
94.1367113033582 3.03395535537472 1 319
74.4597803736338 3.26331600526866 0 320
84.0829368647312 3.22448718874921 0 320
73.3731825278574 3.01898520198034 0 321
67.2573518836756 3.89427086132594 0 321
94.045091206887 3.24680884791131 1 321
75.1103917594221 3.25691669271251 0 322
94.1014367777195 2.99238875513189 1 322
79.1981224667334 3.93587506041794 0 323
46.7339658955372 3.52615124592926 0 324
1.68077311837497 3.44467083707122 0 325
4.82601538322355 3.72826048240364 0 326
67.4502173528883 3.17825588116599 0 327
67.2782101429753 3.61127667422792 0 327
4.1596901678678 3.12740078366588 0 329
68.7239425090165 3.42781439337095 0 329
67.3826203405734 3.3965590911907 0 329
63.8111100326402 3.29000292287773 0 330
63.7759980091912 3.03260322663583 0 330
69.4751485564897 3.20864916359235 0 330
64.3790218617297 3.35069206167877 0 330
70.3635054078053 3.53622721358907 0 330
68.1069778331438 3.22428329352034 0 331
67.2763795757349 3.03750593021522 0 331
0.916847930179204 3.37115538397156 0 334
0.494804748028459 3.20070948480377 0 334
67.2846050644601 3.08703005539994 0 334
6.75862607450473 4.58840846641974 0 335
67.3507892771028 3.02008400883651 0 335
83.4971774137741 3.84886682478301 0 336
88.6680652610451 3.09802558374297 0 336
0.22261279390169 3.31638095502294 0 337
66.8599741355606 3.06994466877219 0 337
0.700109693295868 3.00061042862183 0 338
77.3205434850023 3.38879633943046 0 338
71.2070659073948 3.35440754381625 0 338
87.5755033240403 3.53437052349699 0 338
71.3984078900971 3.5818385645605 0 339
63.9372100071269 3.00370641591312 0 340
67.4459146073138 3.04634864047861 0 340
67.2674330296283 3.76914967198774 0 341
67.4583387616132 3.41651030318575 0 341
87.8535937646271 2.99760034509234 0 342
69.1278781437698 3.54147424472309 0 342
69.4971723942437 3.23834914981436 0 342
71.0462777970065 3.46786633217144 0 342
64.1094385644699 3.02149057787898 0 343
79.0300004103417 3.42649385770554 0 343
74.1727442654796 2.9966573656205 0 344
87.1820595391113 3.09216512953741 0 344
68.0328619933794 3.13935839566817 0 345
87.1502187597947 4.38709126236496 0 349
68.0607741008852 3.23953756659454 0 350
63.7881060260538 3.04152974039681 0 350
67.3482940437632 3.43198069238725 0 350
67.2882459945428 4.52750070668411 0 350
67.324595295038 3.25391396664224 0 350
91.9134637786704 3.16136499808742 0 350
67.2571141531635 3.05513228983985 0 351
67.7565187795095 3.05487328757311 0 352
69.279145025545 3.6657387763016 0 353
83.7223591980286 2.99737329477086 0 353
66.315612566463 4.05357386478489 0 354
88.715305523379 3.40057640914044 0 354
91.8858822272884 3.31497474521843 0 355
63.8179480589256 3.2326571971417 0 357
68.0722587928905 3.22114771788921 0 357
67.3018361518132 3.70622494283104 0 358
67.4048144497171 3.22798973871864 0 360
68.3210942534864 3.96603221922974 0 361
5.91430129825483 3.27354127241663 0 362
67.2538655964077 3.00207795499215 0 363
70.3260988794609 3.51812752419321 0 368
80.5159691615608 2.99041514647212 0 368
82.2562485055184 4.40152987494797 0 368
91.8848825346832 3.44285017225323 0 368
67.2865999862064 3.03762959671641 0 370
92.4242442501095 3.02474837429747 0 370
67.2721456174723 3.00486744774561 0 371
70.5015973414293 3.18419713176869 0 371
67.3142621796508 3.18286518532639 0 373
67.928257095799 3.03371732294537 0 373
74.0398079963758 3.05193278607757 0 374
93.3463411037617 3.36130858287502 1 374
63.7698345737984 3.28989588413117 0 376
73.7907419065511 3.56586614668477 0 376
70.079839165598 3.46277352937558 0 376
68.2560345616428 3.11588599936925 0 376
83.7483649452515 3.02539268403872 0 376
63.7516276881761 2.99337984687788 0 378
67.2745686339202 3.22681073424809 0 378
67.3606850772265 3.1524727304419 0 379
71.0035301769155 3.26520083961636 0 379
91.8728806628608 3.29102013558982 0 380
63.7069198740135 3.129115247186 0 381
80.899042786248 3.00225593920789 0 383
91.0650849046452 3.07735215194826 0 383
69.6286399035712 3.53182185207117 0 385
93.9128216495544 3.05421843923685 1 385
67.3102253617066 3.91239550617721 0 386
67.2550549959371 3.50907698193815 0 387
78.8178427579961 3.01697454680127 0 388
71.0666147446726 3.0468834199103 0 389
67.2545004643369 4.11955047392517 0 389
68.5090684559037 3.00840444034835 0 389
67.3534315302915 3.07940621054962 0 390
67.3996377931817 3.43717375985359 0 391
67.5718366031278 3.27207929255372 0 392
67.4112088301926 3.25881003822875 0 392
93.4087950303026 3.21376535752368 1 392
13.4460280720281 3.18773351887869 0 393
69.3863688117894 3.34613976277735 0 393
64.0281332851796 3.15667199663309 0 394
67.3822532160586 3.45954991158741 0 394
70.6560978386091 3.0906367269151 0 395
69.8213162116032 3.11611960971035 0 395
90.7855038870044 3.16236580720181 0 395
67.2682041872328 3.18377436572664 0 396
71.3818656962206 3.45337075318478 0 396
4.41699423554688 3.20664815068251 0 397
68.3618002988176 3.86767055474983 0 398
73.2590743277036 3.12015931183475 0 399
0.0371657414592778 3.72246420038313 0 400
82.6386383841834 4.32874989921491 0 400
91.0443883289909 3.02627275954012 0 401
67.2971257457984 3.15057734947258 0 402
67.4815207436071 3.21134830085362 0 402
70.0287209381245 2.99254091483026 0 403
67.3289727796174 3.08697880900338 0 403
91.3202645533519 3.79359029212563 0 404
71.7810115799523 3.23031539634447 0 406
93.7231176078592 3.28287104220284 1 406
93.7242879574866 3.0037518492192 2 406
67.7425851563851 3.05637619286849 0 407
67.2591975951175 3.16113494363691 0 408
67.2881498318586 3.72058334903741 0 408
68.3528666689524 3.11597204494028 0 408
93.1141584551047 3.4056691886705 0 408
77.1891801439803 3.16568165402417 0 408
67.283215120964 3.80402328928666 0 409
67.8566273971035 3.33379129081544 0 410
74.1847718921678 3.12636145957757 0 410
93.6058433092937 3.23351977389772 1 410
67.3239209962114 3.05024216984802 0 411
76.3668866936043 3.0018993660634 0 411
67.3774007887805 3.02814369043692 0 412
83.5811107269589 3.35520764304873 0 413
67.2583052733225 3.11600012367527 0 413
67.5534859613758 3.00442153418454 0 413
67.2804557164726 4.04393245391507 0 413
66.5962668814444 3.10123080117117 0 414
91.9891190391978 3.1680021043074 0 414
63.8197445876408 3.64363196234742 0 415
67.6047636518211 3.43150484990299 0 415
67.3319637813944 3.23252351073457 0 415
64.3167947058591 3.40049705590794 0 416
71.6824611656992 3.24807976706223 0 416
66.8469624087103 3.20360740328812 0 417
65.1495476837794 3.64435850022832 0 417
68.883769476251 4.00487174316768 0 417
1.08347368795642 3.10989550085262 0 418
67.2760869868385 3.02661697793258 0 418
67.7195615420111 3.09768512080053 0 419
77.3171325345395 3.18871942118125 0 419
91.9929144989108 3.41058334529004 0 419
15.8611865795386 3.5430602790886 0 420
64.18495177111 3.25185723354775 0 420
67.2625752081105 3.16466652629951 0 421
67.4441455786182 3.0875533415706 0 421
67.4679382155671 3.35190720701619 0 421
67.2897913527533 3.28871707741882 0 422
67.3483940004976 3.18689418086142 0 422
67.2541074552909 3.71830145542355 0 422
67.5686058067773 3.06243593480346 0 422
67.3270934912457 3.69423747984912 0 423
1.77349455817539 3.35953197029711 0 424
94.1909784804836 3.97001545289594 1 425
67.4829834595191 3.25203315802039 0 426
67.275574173506 3.47547593022845 0 427
80.9382623560804 3.15031020371724 0 428
67.259982878633 3.35322722673659 0 429
78.3045823014044 4.49040485270447 0 429
64.4983965238656 3.24482702414637 0 430
68.2935523411143 3.40039276836319 0 430
73.8132962718968 3.25185518243908 0 430
91.9832727305744 3.0767779787665 0 430
63.7787202524735 4.39319775318121 0 431
67.3062977801108 3.25355843902725 0 431
68.3638826203926 3.02525966530115 0 431
67.4248092646388 3.09070070682361 0 431
67.6016090324408 3.15533371371629 0 431
67.3468748616623 3.15182525746994 0 432
91.86534889507 3.40772996819037 0 432
90.3609895960913 3.28412496945771 0 433
78.720398989902 3.59887077785851 0 433
65.5963779668707 3.00198839490546 0 434
67.3005238766466 3.8982441626719 0 434
69.1686426130715 3.1868965638124 0 436
67.3454691851761 3.04080450363474 0 436
94.0501661633414 3.8433658738534 1 438
63.9311012132108 3.29022574780504 0 439
67.2665811385685 3.07174987346535 0 439
68.5987958386995 3.41949307856806 0 439
67.5654911679902 3.09259682490052 0 440
67.2716890352368 3.08650356789843 0 442
94.0436287084401 3.23646745962404 1 442
63.6979399843782 3.08081913945486 0 443
67.301478229753 3.116189246279 0 444
64.9603168733943 3.18478571222412 0 445
63.7576821896038 3.28928429829124 0 445
0.0113749777569671 3.04473159412156 0 446
69.4107478318199 3.26364340173687 0 446
63.7849295707257 2.99554230634488 0 446
74.7716428794637 4.00012874151652 0 446
75.8439650262766 3.15357522313897 0 446
67.43559768562 3.36691798403662 0 449
90.9856081466418 3.48121581336674 0 449
68.4421541723337 3.10751007331648 0 451
77.7399981764319 3.34467393784403 0 451
86.7874111975792 3.03579654640025 0 453
67.1267825424956 3.03041032499575 0 455
0.0313190620950263 3.43159275081593 0 457
67.2775280621591 3.00246063665573 0 457
67.2626949271587 3.72574554887381 0 458
67.4459521687831 3.317546883508 0 458
81.4092899936239 3.00208497826715 0 458
67.6093829854007 3.13837864188108 0 459
67.9846345024715 3.05246070508527 0 459
84.5262797989185 3.12203192775278 0 461
71.8734300423624 3.23504569502749 0 461
67.4922945823004 2.99230090875218 0 461
91.2586274482236 3.01608095597419 0 461
67.2585848456905 3.94119569761164 0 462
82.1328813064235 3.00962166566012 0 462
67.260161961215 3.69536449996546 0 463
67.2713532415495 3.14820931666781 0 464
84.067267491643 3.55007980374178 0 464
67.4910673067617 3.11995518105258 0 465
63.7560582398832 3.03417323932986 0 466
67.5993017078272 3.25579531403307 0 467
67.4315029342024 3.37592427416712 0 467
80.6307429321166 3.32245761596052 0 467
75.7682347072855 3.15923595764845 0 467
90.767008009991 4.59981836971513 0 467
93.65249193062 3.36536930887699 1 467
67.753430154229 3.4991329604629 0 469
0.119921861576703 3.47791239830466 0 470
92.2380607008809 4.26408467343972 0 470
67.3187190521569 3.42335621308039 0 471
75.9554492914139 3.16431018386091 0 472
87.4864728905006 3.66850210083549 0 472
67.7710488244575 3.05861300658644 0 473
80.4707165418608 3.38734601466088 0 474
73.4735917868687 3.50419187454395 0 474
71.1598569787932 3.22938929271403 0 474
64.0833061807181 3.18414704420232 0 475
91.0324899635972 3.01492838267888 0 475
64.0071863768759 3.51868283994731 0 476
93.2458243663743 3.0164471376849 0 476
0.0306596695526815 3.16705994674983 0 477
67.2938984070621 3.20155652185374 0 477
67.6715500687235 3.11118418547997 0 477
81.2987958209348 3.05636165461046 0 477
78.3448227432765 3.3947117235555 0 479
67.4163795444074 3.13555983062924 0 480
67.2877911573283 3.25905507181685 0 480
63.9953091141461 3.34200036270281 0 481
69.1751366862168 3.13832776323533 0 481
71.6431997665031 3.08985383852371 0 482
0.161951746367566 3.32922712851992 0 483
0.709503890329818 3.02066767149367 0 483
64.3876979016226 3.35970782605031 0 483
69.3166648047201 3.19741689155961 0 483
69.3306154069141 3.21442569443182 0 483
67.5075632461587 3.13379950921622 0 484
67.5998987383928 3.06417924045426 0 484
70.0394488629409 2.99238785424329 0 484
64.0126107001591 3.40394289754596 0 485
65.1502566252804 2.99731382582141 0 485
71.8373619755018 3.01272505888218 0 485
63.7518224768554 3.03778581615342 0 486
91.920386058202 3.09352449040183 0 486
93.7254015549358 4.17106164429448 1 486
93.9975729346766 3.35062595244003 2 486
69.6597207664903 3.09281165252861 0 487
67.5129218745352 3.23610298073147 0 488
78.4243130101699 3.49129410052487 0 489
68.8811610496979 3.02095416631269 0 490
70.8248531717648 3.31601570564044 0 491
67.901900260802 3.41929696704988 0 491
80.5005137796137 4.31351535838661 0 491
64.7615784501374 3.66764334292659 0 492
71.7535802986092 3.30033149858462 0 493
67.2696375386514 3.07577731756928 0 493
69.4721317847208 3.22687470132516 0 493
69.7034360257264 2.99331827794436 0 494
67.3097396341067 3.23908040659136 0 494
70.3435576764986 3.0208182592163 0 494
84.5687481083506 3.50055811329619 0 495
67.3338798019018 3.41032451115742 0 496
63.7876147251072 3.91613919595605 0 499
63.9145176356752 3.32724135945895 0 500
76.2825039393297 3.70754062261466 0 501
67.3076122427307 3.05585416781999 0 501
69.2684367245482 3.10616697800831 0 501
80.3233397224197 3.2060969815894 0 502
91.3062699566229 3.04616515204148 0 502
89.0447767946593 3.15408386130607 0 504
67.3055338501158 3.09102636295528 0 505
69.0317113052115 3.06618907910925 0 505
56.7284030466016 3.11341010541789 0 506
63.9696385678058 3.37362399375901 0 506
73.0492106910806 3.45592218191129 0 506
67.3187040065776 3.65300500793333 0 507
67.4590956074333 3.37071660057916 0 507
67.2963870491442 4.62425301293302 0 507
91.9059100156374 4.37845789910019 0 507
9.44411273503692 3.22774069650757 0 508
66.3813540095817 3.17106079753407 0 508
70.0342432177884 3.06449091259283 0 508
82.0971650827889 3.23916492462583 0 508
63.7431075986382 3.13062015033403 0 510
93.8985103652619 3.46553611879144 1 510
67.7752207744092 3.02022814003054 0 511
67.300526351364 3.03117147209827 0 511
63.8611230546244 3.02634921760162 0 513
69.2413243920008 3.66626980399806 0 513
67.41613267361 2.99472196210259 0 513
64.3191634116368 3.19272643361102 0 514
93.7382244048447 3.267679516586 1 515
67.2706357665233 3.40250949656057 0 517
63.7796029417758 4.06544875102967 0 518
68.3866689916026 3.55951096362133 0 518
67.2876816658763 3.62247083601092 0 518
24.9736922746035 3.15510634244834 0 519
69.668323118986 3.12171716645299 0 520
76.7204997282959 3.05832434701463 0 521
92.0490140209795 3.14740006857593 0 521
69.0467372489144 3.27945519202742 0 522
67.264423052331 2.9983199995134 0 522
71.4198091215246 3.00915660728917 0 522
67.5553810545088 3.37063366340264 0 522
70.2371067304702 3.30564110509333 0 522
82.0458948918332 3.08388479315431 0 522
89.1415386527684 3.11748789396936 0 523
80.2292727974166 3.03199372066625 0 524
67.3728171569497 3.22084344144952 0 526
69.3486362864074 3.01079666970188 0 526
0.0482052030734764 3.57424141758128 0 527
63.9119909829025 4.09061822242287 0 527
67.4360729262234 3.19366009595063 0 527
93.478314174087 3.20058939216359 1 527
69.417192254982 3.40642172764918 0 528
73.3300740919173 3.56009892784997 0 529
91.9717620027684 3.43927854012169 0 529
74.4133584998093 3.17264516863152 0 530
68.3720709618587 3.19566314704021 0 530
67.3001147206506 3.25293681243445 0 531
67.299741424195 3.18608500396571 0 531
81.8248264473251 3.17118913916595 0 531
93.5161766165208 3.02534045487717 1 532
5.9563268507675 3.13796130609312 0 533
65.3933693817452 3.29504505658316 0 534
93.4307296647106 3.15183295407894 0 535
2.19813654377693 3.23855969128235 0 536
67.3188180644966 3.22130541801896 0 537
67.2851899895233 3.00939539106533 0 537
87.0644893019064 3.0654826892271 0 538
68.8479029329089 3.21734587909121 0 539
63.7868752562101 3.4770124732551 0 540
67.0637975980249 3.03064466315511 0 540
76.525391496106 3.08738307237145 0 540
67.2643373619757 3.42723327659331 0 542
69.8969330170596 3.11069554964977 0 543
82.9707456879316 3.06140251102629 0 543
93.871734846364 3.31348079446514 1 544
64.0978475724974 3.78349644686058 0 545
82.0462329650152 3.26241774567147 0 545
68.0280221159582 3.87400810338502 0 546
67.3196744474115 3.07290315126778 0 546
72.2257613635299 4.47339590284661 0 546
63.7397386310972 3.10872976309033 0 547
63.7422501228218 3.00898742732368 0 547
63.7709871262043 3.2835940070977 0 547
67.2634848637379 3.0617828461355 0 547
76.851635197444 3.17362839971436 0 547
87.0845919688817 3.11488501000018 0 547
91.2633595331272 3.69829005872584 0 547
77.6528538285276 3.95101904698836 0 548
64.2359756812116 3.00971756529506 0 549
67.2531866731316 3.0594591647424 0 549
83.9621328350473 3.28352683722796 0 549
67.5734782927678 3.06535572535734 0 550
69.8525198947472 4.23178196550343 0 550
68.9733863720596 3.44946036428926 0 550
70.2897491062838 3.28896955863268 0 551
81.3207062300051 3.32373077868857 0 551
67.2665715399477 4.17042422151106 0 552
67.2594596850094 3.31973386808652 0 552
67.401958663762 2.99322268113968 0 552
19.0250288994669 3.62175379120142 0 553
91.8407360828593 3.19694584375873 0 553
81.1907736383085 3.15220831240878 0 553
93.342387431049 3.13352738036861 1 553
67.4745290756322 3.06974341247252 0 554
80.5975261404059 3.4350615827578 0 554
63.8730663632164 3.74642629474246 0 556
64.4583791177135 3.18898700123324 0 556
71.0064615015856 3.91903377733922 0 556
67.6936303263095 3.10338833810409 0 557
84.0812980078659 3.64648979364739 0 557
67.2552431551415 3.07687317077324 0 558
69.0843050955666 3.10749025033334 0 559
67.4305525753575 3.02662490123395 0 560
93.4539040594634 3.0390548765145 1 560
93.4605405738341 3.1836320327661 2 560
66.0167180856713 3.43432400133716 0 561
67.1336207988318 3.00979781165991 0 561
72.8345594821017 3.88865367434657 0 561
77.3743591523775 3.01373973367801 0 561
67.26084212603 3.53575085303905 0 562
91.0687890665548 3.00658347331357 0 562
68.7716720098372 3.28143473762554 0 563
22.820454983867 3.3678442080427 0 564
67.3537209679227 3.36336811267488 0 564
72.4898704410943 4.6406478226841 0 564
91.9292922177436 3.16555496649786 0 564
91.3549004055849 3.04616969849736 0 564
72.1180855701684 3.31457769477875 0 565
92.5618480876646 2.99596568724918 0 567
1.56119973046488 3.21868921117677 0 568
80.6626007014175 3.11998969230557 0 569
63.7517564425167 2.99807343003539 0 570
67.3308489845298 2.99263938337961 0 570
67.814313715041 3.18243601617342 0 571
79.1604233806812 3.41390699763639 0 571
68.9697174878182 3.10254719412779 0 572
82.9194647001689 3.34937794548425 0 572
68.5571575095489 3.48243506081544 0 572
68.5105524475413 3.33503437149806 0 573
67.296477128805 3.71947882681063 0 573
91.8947446387174 3.70425653291993 0 573
91.8581468835852 3.01327701147777 0 573
93.4073264677815 3.81476210418029 1 573
63.748034082573 3.24737489225347 0 574
67.4173439062731 3.14176005366691 0 575
67.414609408622 3.52433713077744 0 576
67.2664254581268 3.41771978221688 0 576
72.3184025786354 3.18533528056836 2 576
64.0365103975493 3.38994482939817 0 577
67.4651005370585 3.70950971237346 0 577
67.5078139817589 3.05712378572457 0 578
67.3204642194448 3.36522394518571 0 578
74.2101276071491 3.01422918826164 0 579
67.3671835001379 3.56459050035639 0 579
67.926804452483 3.27326086478435 0 579
69.8651591809738 3.47549444849515 0 580
0.0575632402021603 3.42707591972596 0 582
63.8034944833042 3.19060910888062 0 583
87.5225649823224 3.21628333187374 0 583
91.8752849341098 4.15051567282069 0 584
67.4237359996106 3.30841611499729 0 585
70.9921913435808 4.30001577431718 0 586
74.0318239303929 3.49607971916346 0 587
67.3016529446604 3.42202713993375 0 588
68.9571118056648 3.72654204184238 0 588
67.3149823555192 3.26432324306317 0 590
74.4320418404726 3.73033634824058 0 591
69.6278275311992 3.5079464089487 0 591
84.0527429734483 3.3131768983069 0 591
85.2346482286579 3.00816999394709 0 591
89.1654095615315 3.16288475987626 0 592
84.3343704805084 3.29297457132187 0 593
1.1696986464044 3.5672902585483 0 594
68.2051475129523 3.05578513665099 0 594
68.3161184919695 3.1343581233418 0 595
80.581522177112 3.64069123011707 0 595
90.9926218741151 3.86622140911001 0 595
91.8958685349618 3.46927363553116 0 595
77.2087606759931 3.64121136106363 0 597
68.8591843427696 3.57756517960004 0 597
70.1676435355561 3.12568704424683 0 597
82.8289666252591 3.12019745616691 0 597
66.4112382065917 3.45807586674153 0 598
68.1108872915533 3.00309182876767 0 599
67.3675735953813 2.99178404651849 0 601
0.667829185347753 3.20455314807233 0 603
0.144159703075349 3.29004655007329 0 604
93.9495575632707 3.4087183849296 1 604
72.1673916956104 3.48712171810498 0 605
67.2900011849026 2.99128391585047 0 606
67.4978480402555 3.68354734831506 0 606
65.6280269103177 3.56818566359625 0 607
67.3571079563558 3.40039477973075 0 607
67.2687426902385 3.08376703240663 0 607
67.6755884617593 3.19616202012233 0 607
22.6455224292581 3.03813343644836 0 608
82.644501554576 3.2293417378232 0 608
67.293791732797 3.22964033637122 0 609
68.1105333721496 3.3600951413983 0 609
67.3324149526575 3.06841859885526 0 610
91.2738392794965 3.4524065555635 0 610
63.7738929187765 3.40807412411678 0 611
63.9894612273297 3.11427096862122 0 611
67.4710465556645 3.1539402295456 0 611
67.807551949853 3.14443283289397 0 611
63.6860736059369 3.32104620740641 0 612
67.255037415641 3.09358782969629 0 612
67.4316151579627 3.22758275855829 0 612
69.1245038463689 3.85297185629689 0 612
69.1190311245583 3.14644887644759 0 613
8.81120362851251 3.10062577808222 0 615
67.2635862799474 3.32578242055865 0 615
91.1970128902455 3.48574307141345 0 617
64.0457435360627 3.9859401178983 0 618
64.6600039962559 3.07481715367125 0 619
67.3118057191934 3.30687867681873 0 619
79.0145292728558 3.13165340520965 0 619
13.0397803221777 4.43240009469876 0 620
74.2002440201096 3.167567955361 0 621
94.2422880644251 3.60502197672792 1 622
63.6703343697347 3.65816946968721 0 623
67.3478665260957 3.5554934754024 0 623
22.6715649697641 3.3371083142595 0 624
67.2550636732804 3.09447583325227 0 625
22.6036953688671 3.22299382483414 0 626
67.2543980767524 3.5302969630699 0 626
70.4593705350282 3.58981999405991 0 626
91.3626257962101 3.45156059522685 0 626
93.760520638413 3.30780483889576 1 626
93.2642220431814 3.02053906069743 0 627
67.3297455379958 3.30840991932009 0 629
67.259555947544 3.45202817420294 0 630
67.8095556221121 3.00192591111962 0 630
70.9886959980987 3.03933070927475 0 631
68.0455541374305 3.01683281031799 0 632
69.3450165502374 3.17465711787909 0 632
67.319803000465 3.06066497974593 0 633
77.1943106238561 3.19781338348805 0 633
68.1682317331401 3.79630212524252 0 633
73.904762763827 3.01816266665059 0 635
67.2661512708911 3.06734677292911 0 636
67.7145170267688 3.10614878011563 0 636
89.2600297467999 3.02191562116826 0 637
0.0533294622366616 3.2004358061181 0 638
67.4006884759937 3.37527618966549 0 638
72.2159931621485 3.79063830257341 0 638
93.470458970153 3.0657403573671 1 638
70.3851045129294 3.09971155684161 0 639
75.5001385889604 3.09266477785831 0 639
0.014039587450956 2.99897842090552 0 640
91.8587463953241 3.67635378275819 0 641
63.9028405322275 3.29626415133879 0 642
67.3319973926809 3.47238835529234 0 642
72.0312211119689 3.04251984069825 0 642
93.7995749376521 3.1984361806247 1 642
67.3422041624105 3.08267174470452 0 643
82.4765254474849 3.10476367709755 0 644
0.693443572530924 3.56581535866926 0 645
67.508671283938 3.08221646927602 0 645
94.0718815668758 3.48895599312686 1 645
67.2913356672633 3.06670330481241 0 648
67.3474190402569 3.36886374902105 0 648
90.3529013088636 3.39540621160038 0 648
63.7676311016132 3.07821846199905 0 649
68.2508613680634 3.40404938823349 0 649
67.4423033543667 3.26828781060825 0 649
76.2123131534334 3.07509918454686 0 649
85.0111134664445 3.04739202747819 0 650
74.5932720548011 3.11387155446042 0 650
74.4252454110845 3.13090151169243 0 650
83.1449699747056 3.07227309491552 0 650
67.3229204595523 3.10838725240138 0 651
67.2838886769623 3.44319793586559 0 651
85.5720377501904 4.16951846468625 0 651
82.2328481160921 3.02536103573983 0 652
94.1187664980341 3.54487923702804 1 652
69.2740715450119 3.27596073279673 0 653
80.5934418837588 3.47589819451512 0 653
45.9693102642006 3.24360417568926 0 654
63.7602735577616 3.41273628779829 0 654
86.9163401317464 3.13030878312232 0 654
91.9264076783559 3.19288177638414 0 654
65.9038792169513 2.99328831267235 0 655
67.2680342839565 3.25834816837167 0 658
67.3171113690611 3.43770354570705 0 658
28.4384351486032 3.53906020010548 0 659
81.5412623089761 4.17529873610371 0 659
68.4918934133622 3.29911144071143 0 660
67.3388160048607 3.57215866237873 0 661
67.2923851713545 3.58868635591635 0 661
69.6249432205579 3.96417950641123 0 661
94.0218144703929 3.12573763177789 1 661
67.973676467681 3.08483978004353 0 662
87.0287359470316 3.04769243547851 0 662
63.7423452561739 2.99428154622689 0 663
67.2753817640227 3.12873429526086 0 664
69.118912016638 3.03807873552161 0 664
67.258625131605 3.25230582693228 0 665
68.569259048698 3.26008946605393 0 665
77.0193178827732 3.0792919347344 0 667
67.2801491109823 3.03866574991736 0 667
74.3155682323365 3.21091356188789 0 667
91.1014948121718 4.0013569427366 0 667
63.7482602279944 3.12472868751639 0 668
67.5463887813184 3.08070049673231 0 668
63.739086716045 3.01142729296397 0 669
78.0450885807142 3.14508940049506 0 669
91.5448673214164 3.49156287203526 0 669
63.8207421983883 3.48724620112058 0 671
70.6084874237823 3.03035530348444 0 671
67.3294951342891 3.18380989171079 0 671
89.7394267501458 3.27266101680214 0 671
64.1778340986921 3.03703360436734 0 672
69.3615941384225 3.0859581094956 0 673
75.5566643694608 3.35019387420063 0 673
64.0506927194646 3.22714161981423 0 674
71.208710429012 3.0555878979611 0 675
88.2914691082594 3.16800666722453 0 675
67.264738572191 3.24850228603843 0 676
68.3334022906466 3.42117273317124 0 676
67.4281719145653 3.01615317479446 0 677
0.0396510700408274 3.13307678995421 0 678
63.8855967053744 3.1349401530813 0 678
67.3996459882573 3.20364367031446 0 678
34.8519150299252 3.40419286457423 0 679
67.7805331890481 3.48733360322079 0 679
67.3038423201623 3.07540386737679 0 681
76.313469587738 3.48395862455839 0 683
67.4589581148319 3.29249622682123 0 683
63.797956568895 3.75451694299758 0 684
67.3096382192141 3.54863483684432 0 684
93.8796892057465 3.91454950051647 0 685
93.9692903963474 3.38340127146228 2 685
72.666495270552 3.68242927395735 0 686
67.2608313806626 3.2026171810443 0 687
67.8701650409219 3.05236992557482 0 687
72.3580278852683 3.27420743137859 0 688
67.2838746697353 3.62342791007512 0 688
68.8335877727896 3.11378905704212 0 688
67.2985345001106 3.01394647926617 0 689
67.8474110357154 3.01289877223657 0 690
67.3055853674629 3.35560732428742 0 690
79.248136883394 3.0784468364902 0 690
80.1019126415257 3.00511257221906 0 691
67.4033351534682 3.47033258180865 0 691
67.2893102596276 3.15777069349858 0 691
63.6528766480402 3.0409236151311 0 692
69.4407127253963 3.14053205969291 0 692
68.6876467500398 3.03601539681989 0 692
8.27216593193002 3.03159647809452 0 693
69.8772167878484 3.37164387677376 0 694
69.2310718789257 3.28004060117675 0 694
68.8729024078594 3.34752141868892 0 694
91.3765480229844 3.56485269310682 0 694
67.5184013516049 3.45315166624754 0 694
67.2557747478768 3.08640423015383 0 695
67.4650212290992 3.75948467987737 0 695
69.3900993240175 3.57646732434885 0 696
67.2566784541498 3.24037669059306 0 696
92.6512912619103 3.05152273992177 0 697
0.0272031402796182 3.06045508631542 0 699
67.6688028641413 3.55483299973747 0 699
67.7370416825178 3.10603579633734 0 699
66.4073660654345 4.04142304202342 0 700
67.2569956173642 3.41731973850841 0 700
67.3132374655914 3.77224572381004 0 700
67.3465058058565 3.32415660904411 0 700
68.2799968542632 3.17881959653918 0 700
68.3385607762173 2.99587358036509 0 700
67.2668857430752 4.09075618181779 0 701
94.1768725006648 3.04263866508854 1 702
67.8708584559194 3.31247629405653 0 703
70.4485694818972 3.74722589040744 0 704
67.269233242885 3.033549848837 0 705
92.2482991346922 3.02713952661956 0 705
67.628586612421 3.19376236243302 0 706
67.404470884017 4.09648387072091 0 707
67.4761626336799 3.89860746169354 0 707
94.1748246729646 3.08231029644013 1 707
67.4244677367235 2.99099209031015 2 707
94.1130066704743 3.41657246229008 1 708
67.5863891085816 3.50709046980223 0 709
0.873594615892237 3.07336763812283 0 710
67.2894940358977 3.31477610413654 0 710
67.2797436157094 3.18537416352378 0 710
91.8844479911497 3.11434567438779 0 710
68.0994383833109 3.02998167610098 0 711
68.329489549467 4.19557197851076 0 711
67.5996069092076 3.04786014654128 0 711
77.5902513909878 3.28081962988874 0 712
63.6688582723124 3.12256554426318 0 713
71.095854610456 4.07198771585986 0 713
70.2710057149596 3.11578649846724 0 713
68.2457741764465 3.23408873854942 0 713
64.6604039944221 3.09356781630126 0 715
67.2761570306462 4.01739091662032 0 715
67.2987828877626 3.3576830787609 0 716
78.4705799026334 4.33027526414237 0 716
67.5385289374791 3.04724502829357 0 717
81.6950674784263 3.97063013457802 0 717
94.2430896498069 3.94985618993639 1 717
67.4149991870222 3.47873185956295 0 718
67.3369837773799 3.00120746906695 0 718
64.839585132894 3.1030270408588 0 719
67.4893549687134 3.8220604822153 0 720
45.5622881939722 3.2309795555145 0 721
91.9301595471407 4.05588739252813 0 721
75.4347591341935 3.15573873676374 0 722
85.9895935580736 3.20077318265426 0 722
67.3140313933124 3.71498079815928 0 723
93.7445650458734 3.27745633953264 0 723
67.2907571038996 3.13143053256576 0 726
69.0031360237096 3.26621838726735 0 726
85.2011037601982 3.41794785566529 0 727
70.891279264998 4.28220835051766 0 728
67.6383399612868 3.42454565417653 0 728
80.7593577746198 3.30281144479347 0 728
0.235040221665379 3.64554686974635 0 729
67.6367826415771 3.07339390071535 0 729
64.1385179714088 3.14483876173846 0 730
66.1713863071165 3.15754466777322 0 730
69.724536774718 3.09132975937699 0 730
2.02436665886362 3.5317345043101 0 731
69.5488114372037 3.52328774376391 0 731
67.4627935318614 3.01010321854592 0 731
73.4029090854113 3.38657605806926 0 732
67.4237303394946 3.4237719762974 0 732
87.4263510761541 2.99412100431554 0 733
67.3816416489154 3.12397583148753 0 733
67.2959697372716 3.45852647229792 0 735
71.8596923682903 3.37668657540166 0 735
67.2536701423085 3.19994972547302 0 736
70.2565552825382 3.51503640961236 0 737
64.6258123070987 3.45179118949713 0 739
63.8622706679533 3.28524718046441 0 739
69.3437738641878 3.1579938239635 0 739
67.2553939633527 3.1066495807962 0 739
67.3322303631444 3.12452177538765 0 739
67.7216781740194 3.32414723356881 0 740
67.5527225671672 3.41713190392377 0 740
69.108907274222 3.26367994819497 0 740
92.0576428044536 3.15080056143439 0 740
67.4621253081905 3.0111679101664 0 741
87.8036424992105 3.00303448820089 0 741
91.8638163626707 3.30672962243656 0 742
67.2732742133561 3.3819902675803 0 743
67.25894583772 3.78140425498432 0 744
72.162665646127 3.27811883051366 0 745
68.0691147411768 3.4556357654733 0 745
64.9585847934328 3.04517898419236 0 746
91.7846667400207 4.50055229198879 0 746
74.0375303682025 3.1596114174707 0 747
67.4173318021455 3.36669008297383 0 748
73.8272180111283 3.34356257016559 0 748
67.4569579239213 3.08832520781277 0 749
75.4709908518908 3.09186647884022 0 749
75.7696458683209 3.18962091769691 0 750
91.0948752654338 2.9950110357867 0 750
82.0679955769252 3.09250175226098 0 751
94.1833156489108 3.82254979198542 1 752
94.2231021812617 3.07590204743236 2 752
94.2098104149178 3.23780772170288 2 752
72.2526987670574 3.58534451067619 0 753
67.2800155586512 3.28770363951885 0 753
85.7407815710473 3.41164871054748 0 753
67.6050865133775 3.63204672883198 0 754
91.464705174824 3.31866176372025 0 754
67.3915755817657 3.20842946145027 0 755
89.8115048038199 2.99125821432471 0 755
90.4202286602403 3.35457185670094 0 755
63.8757477817493 3.42913531470754 0 756
0.829246953182296 4.00908466355722 0 758
67.2621241905317 3.06718107325759 0 758
82.1784085537995 3.04185489739788 0 758
63.6531312710659 4.83613201469853 0 759
68.752483982554 3.03876889328969 0 759
64.2279474194187 3.75640965163952 0 760
22.0663885436489 4.00411351303979 0 761
93.8754732950863 3.01915390187679 1 761
69.7867767849706 3.25330972125878 0 762
94.2390233126741 3.08832170870398 1 762
94.2512249951734 3.50545958851441 2 762
65.1465838418412 3.41571391736376 0 764
69.3361720634063 3.17526119799694 0 764
76.8313405116783 3.0121304032097 0 765
67.7020608020336 3.36395175403844 0 765
93.8873708897543 3.96222795704849 1 765
94.0832369284754 3.43180506234106 2 765
63.7694322381288 3.89099004424503 0 766
67.2964134282149 3.05629705481133 0 766
90.9800836858007 3.04247010393785 0 766
67.8150628237657 3.45652458755579 0 767
83.938111802136 3.15063481417408 0 767
93.4328548377186 3.104439322341 1 768
67.9151388029627 3.09596782974538 0 769
79.4992087371054 4.42901628847986 0 770
93.0453634240832 3.24468787424674 0 770
64.1318527774722 3.00035820111134 0 771
63.7548979786413 3.35637636939181 0 771
64.1829261649319 3.77103409357698 0 771
68.0699434638255 3.02540235443833 0 771
68.1566431832977 3.0156318603764 0 771
67.2588953011955 3.32874405401088 0 773
87.6486209458999 3.02241539424562 0 774
67.2641290702218 3.01452264827564 0 775
68.047086045682 3.29283725449959 0 776
80.9318782562538 3.19362975986827 0 776
67.2579981313309 3.11080455235027 0 777
71.0195270180707 3.39707030059993 0 777
91.5146887496897 4.34127927640481 0 777
91.5344138764947 3.2436485219493 2 777
66.8326939909591 3.40282328777467 0 778
67.3223994183093 3.87918690313877 0 778
73.2269101720929 3.03948392434274 0 779
79.014735984184 3.05080725870137 0 779
63.807921250059 3.41967849036216 0 780
67.8871741135835 3.78324141914791 0 780
71.4083228421347 3.35172308069167 0 781
67.3577065494154 3.10815712850326 0 781
67.5287652150446 3.18649036648257 0 781
69.5929328593281 3.04622535340259 0 783
69.0967007111887 3.03107850576165 0 786
91.8603640010193 3.01232800350448 0 786
66.1689332529888 3.22418859503939 0 787
63.8905390415411 3.39709136073015 0 788
64.368489058411 3.38916989786051 0 788
67.4770735581283 3.09175536724505 0 788
67.3465370100306 4.57970070584343 0 789
76.8432987972261 3.02709165901038 0 789
70.8038077727179 3.40095426802066 0 789
68.1272756677704 3.00198137073833 0 790
67.4758271491724 4.09408734823829 0 790
87.5286455931349 3.76908507191514 0 790
83.2599860893567 3.19014037540973 0 791
67.5536159555381 3.0517294166487 0 791
85.0458945679318 3.00688295338554 0 793
67.7115462939901 4.31106854656464 0 794
67.6312777341598 3.07400611016744 0 794
70.8504446679664 3.08388680566691 0 794
67.2669584845147 3.15623894863683 0 794
67.3513176331095 3.28280459064962 0 794
78.2784464894724 3.17234070275244 0 795
69.3107646183274 3.20055773380171 0 795
67.2609396604969 3.46893887780223 0 796
91.7240403298261 3.12883051915763 0 796
67.4819848442753 3.53633612131085 0 797
71.32522526907 3.22966472377181 0 797
63.9020854217123 3.1159930543243 0 798
67.6319534826284 3.29523429146014 0 798
66.762264536508 3.14267069340142 0 799
84.8807595019989 3.5802163651747 0 799
91.5847314857661 3.63755343209268 0 799
92.1159463426135 3.46053771493503 0 799
93.4812790008534 3.06589844604019 1 799
64.9684611012896 3.32202970221803 0 802
67.6203714620049 3.14251475943287 0 802
83.9634970735106 3.31328234104739 0 804
89.1834200541993 3.16872547436647 0 805
67.2878405027299 3.42625703288443 0 806
67.9333120798828 3.18868700192923 0 806
83.7579219210394 3.40059142628058 0 806
67.2865480959328 3.73939360634627 0 808
67.3220206749957 3.05139451919523 0 809
69.7659903915688 3.00356321877936 0 809
76.4133231345468 3.29734734472327 0 809
64.9576444505344 3.15703986465602 0 810
72.398125607784 3.04107816823266 0 810
69.7614893836616 3.0239765115843 0 810
71.0070566596417 3.1042633181362 0 810
88.765218790857 3.25696187652903 0 810
94.2426236604613 3.08008637559127 1 810
67.327685665097 4.27522033549023 0 811
71.0345638591678 3.4098615336697 0 811
91.0338866887183 4.15724521761428 0 811
63.6802179088235 3.34276999223648 0 812
65.443997288799 3.67111553835733 0 812
67.4868368048038 3.27067230548247 0 812
63.6512313505896 3.06463726025999 0 814
67.5078187117722 3.15838056110768 0 815
81.3149954839803 3.23556902950884 0 816
75.5918281800642 3.44529252936637 0 816
86.7422586960234 3.62035881463782 0 817
82.0633096215535 3.15642047614965 0 817
63.8085131702464 3.48703169887413 0 818
67.2544203930444 3.29185168807861 0 818
70.0550207455761 3.31751743508061 0 818
67.4664928757605 3.39607115917959 0 818
94.1814080288204 4.12568766920574 0 818
67.7733144906831 3.70976430745578 0 819
67.2902034300088 3.51375295854445 0 819
71.0458173769973 2.99399893348218 0 819
71.380410923874 3.46752018412791 0 820
91.0035748843899 3.13409516195203 0 820
67.2846680280531 3.62805988991288 0 822
68.621235731897 3.02212862588602 0 822
71.6874788206059 3.39990083827104 0 824
63.7960594934156 3.42222979392556 0 825
68.2069192098654 3.15234571102025 0 825
67.2923407439676 3.464135711366 0 826
67.4434587189898 3.19329128963775 0 826
85.9542140719032 3.45979357558681 0 826
93.5008416057369 3.06316175219302 0 826
63.6847105255122 3.15595405534245 0 827
67.2611099057603 3.00580798735467 0 827
75.7881118154004 3.76105893067921 0 828
68.200956290837 3.28769793325535 0 829
0.0520667210651005 3.39325325939733 0 830
67.4175497449374 3.43634292265909 0 831
65.9048396135228 3.00598450205116 0 832
78.0128555014063 3.1206943471182 0 832
93.843244806844 3.28393999749073 1 833
69.5122109676661 2.99875710898676 0 834
91.3712255072435 3.12280812505864 0 834
78.7938210590355 3.00816473424338 0 835
68.1669512581482 3.19192955259693 0 836
67.3104758735557 3.11622122502365 0 838
92.2978781663901 3.66460855012091 0 839
68.5487152620272 3.75106117661339 0 841
68.0384350023214 3.28148956110059 0 841
69.8348913128561 3.8794121969069 0 842
70.7927859112554 3.96585422032032 0 843
67.2665051921148 3.04605922334926 0 845
68.0210560241088 3.25437619824262 0 845
67.3317376528319 3.27642505543763 0 845
44.8758557528109 3.0644493575088 0 846
67.2896865425977 3.53077394562957 0 846
67.7830557930926 3.07893638414177 0 846
93.8525713830993 3.11388147694264 1 846
73.62012665326 3.09180663572054 0 847
67.7607428299996 3.38584341372434 0 848
67.3507240037173 3.34229492840752 0 848
93.4597818492718 3.18905464744157 1 848
64.9344970282727 3.2126225384067 0 849
78.0343436008819 3.03330471780871 0 849
80.5888830433198 3.03299111753564 0 849
67.628331374885 4.26018002023899 0 851
84.6663053506873 3.78611122256658 0 851
63.954232728092 3.93157783678279 0 852
67.2528739188993 3.66840012035321 0 852
67.9817388939907 3.41472819183977 0 852
64.4315142010368 2.99733836623253 0 853
67.2636162514534 3.27324897057545 0 853
93.3229482797712 3.03652753532163 1 853
93.3284869317332 3.00645687827328 2 853
70.9515269486961 3.34451683419977 0 854
67.6949057077183 3.31609789320316 0 855
80.668074943747 3.42894298355454 0 856
93.9660504217997 3.77475603049767 1 856
78.1429652870382 3.32941462761741 0 857
74.7811243064713 3.0680397712058 0 858
69.186028857419 3.19764791949761 0 859
0.0153794508179551 3.1075034617256 0 862
64.1701742901483 3.54744399212325 0 862
67.2597392588874 3.8399614680837 0 862
67.285363387911 3.04836443159273 0 862
63.6566913928248 3.1454864390783 0 863
63.9029676857386 3.08603984678943 0 863
93.9515458382256 3.35592311578618 0 863
91.8874410454461 3.23133607858229 0 863
0.129425073839643 3.25135486271136 0 864
63.7438530583671 3.06950414262225 0 864
76.2142838197188 3.01758144299039 0 864
66.3965438137159 3.74072997604002 0 864
67.673379454026 3.11449075150279 0 864
68.6654124651316 3.13140528185923 0 865
86.333942905571 3.39169349035951 0 865
88.4076678009674 3.52918740923752 0 865
3.45509315562304 3.67717489445192 0 866
67.272613250062 3.62502144821405 0 868
67.418293140774 3.84199645822985 0 868
67.320799089787 3.05260548234668 0 868
71.1460860982718 3.49768036650473 0 868
84.6054646822318 3.81368158122298 0 869
83.9782287162121 3.25362916681792 0 871
67.9396425510825 3.00840149858318 0 871
67.3348673512747 3.33185012025623 0 872
90.3931997449659 3.16661858654023 0 872
93.9433857842621 3.32085547195651 1 872
93.9792934283192 3.01957703592082 2 872
67.3479847961148 4.1871077269432 0 873
67.254623214617 3.26649490653853 0 875
92.7997910461657 3.38803323524303 0 875
63.8499338459862 3.88541195091778 0 876
94.2492498121962 3.09751701350706 1 876
67.2593214854577 3.60748563144311 0 878
78.5876909630865 3.22594399024958 0 879
64.5563930388606 3.50965992929802 0 880
79.5621144259113 3.29259392267024 0 880
69.0330896168163 3.73529149749441 0 880
6.72082114816466 3.09665297601834 0 881
67.3983004048593 3.09164130851764 0 881
63.8815432557563 3.73448016895953 0 882
67.2636496327571 3.07047269438888 0 882
68.0324308524031 3.06539444198639 0 882
68.7074828064112 3.38953919027661 0 882
93.4685988086082 3.43541632691811 1 882
17.7928529927961 3.84223510658181 0 883
67.7260485308286 3.55043425188937 0 883
75.2851067942543 4.25845523817031 0 883
70.8275264309187 3.70118317489539 0 884
67.8529759609714 3.03936076345057 0 884
69.8237639245877 3.52729888570531 0 885
93.7926282060605 3.53625694414563 1 885
67.3585057183043 3.47540387424795 0 886
67.7586507680038 3.23164932809957 0 886
1.167246613486 3.2214992975771 0 887
74.687845233614 3.00205074911759 0 887
65.7770048209603 3.06017910587271 0 888
67.6366642217112 3.30777015416674 0 889
81.9625889962475 3.45914652440718 0 889
0.100016668280669 3.27595949155966 0 891
93.4863064163171 3.30567532591143 1 891
85.9701309384142 3.31515693500711 0 892
93.6400570706271 3.09579202011702 1 893
67.3621311275447 3.42715483568218 0 894
67.7595092799045 4.31133045152442 0 894
63.7542956778138 3.74917542091189 0 895
67.3269981720604 3.08386767722513 0 895
91.1279949696698 3.91507306145547 0 895
93.805287146223 3.2981302738631 1 895
93.8154802897986 3.19131643586727 2 895
67.730683433626 3.36019866214514 0 896
67.2715153801654 3.06133281058121 0 896
63.9999375833756 3.3413824788912 0 897
68.4079029821673 3.06619784547859 0 897
63.7983593121619 2.99066868686 0 898
67.3174157877812 3.15700094430721 0 898
67.8504223559465 3.26664098666369 0 898
68.8884679239674 3.3554575125231 0 898
89.2469600667569 3.65742349075399 0 898
71.2470743301173 3.33599744746233 0 899
68.0334835069151 3.46283171623203 0 899
0.00703192783297488 3.61724776920496 0 900
64.3501219415261 3.37228848659929 0 900
67.5468139057528 3.06850806850766 0 900
86.859781234511 3.1371817377155 0 900
71.0011161674096 3.40790166063389 0 900
63.7384107932097 3.29876020234938 0 901
67.3104394465024 3.08948093797658 0 901
67.4511322251758 3.23333811520218 0 901
67.6754756119338 3.58517459214181 0 903
67.6987870331472 3.22982497470225 0 904
67.5806339458667 3.02191034697472 0 904
65.9903898618577 3.21276573738534 0 905
67.3111041451661 3.20441415996847 0 905
67.2630087239831 3.40899152676584 0 905
86.8679363144254 3.19583768748203 0 906
67.4107982084773 3.1065847368169 0 906
80.8295958945376 3.44651388729949 0 906
71.9715611400202 3.5853900404758 0 909
68.4102903595126 3.03503517027368 0 909
18.406071099493 3.23986560582866 0 910
67.284322446155 4.28573395580076 0 910
67.9661648559519 3.08862809904463 0 910
67.2832600717612 3.21462203877662 0 910
67.5831437035058 3.01022794906983 0 910
64.0792534203864 3.19636000425127 0 911
42.455115588661 3.06874692120777 0 912
70.4125131554095 3.33815345261776 0 912
67.2850587132614 3.69702594435933 0 913
67.2613424624733 3.02048925452784 0 914
67.8480042166863 3.0508537349556 0 915
78.7577918697378 3.26870324237882 0 917
67.2943425208392 3.110366116637 0 918
63.7404418114519 3.39089206021308 0 920
84.6026630690065 3.10729940430216 0 920
91.0472748043128 3.62784720301731 0 920
93.5867452968184 3.0094431110409 1 921
93.6225167960406 3.14659601538081 2 921
67.2851922591704 3.57776721918404 0 922
70.9253408407416 3.12227087649199 0 922
67.5010477109353 3.63142150223962 0 923
67.3818952232468 3.44940390588705 0 924
67.4117500464002 3.57046334280025 0 924
70.0169334698981 3.07176647229033 0 924
67.6082952029589 3.19600123281141 0 927
89.3987683850145 4.39018215727315 0 927
89.4063343855152 3.37586097592407 2 927
89.419372406203 3.46957757193711 3 927
63.9417717870627 3.07596424304365 0 929
67.3478832188747 3.32804675992799 0 930
72.3757638636119 3.54946392624857 0 931
67.2638585668548 3.24903723862289 0 932
88.514068910298 3.08326794976849 0 932
68.3740250871726 3.06367003725741 0 932
67.4023198240792 3.35076597451345 0 933
86.2561011609005 3.29103932644186 0 934
69.8178764530564 3.68264918358012 0 934
67.2875433093255 3.43948479633677 0 934
69.1508275115255 3.33263665949636 0 935
67.3426310878571 3.15111394147604 0 935
92.3251746738467 3.25328211426774 0 935
72.1549096796842 3.7735288151549 0 936
94.1901865501229 3.21328967454913 1 936
47.0570768611495 3.12096617909639 0 938
67.6520425434391 3.05740010045205 0 938
72.6372268416522 3.24697425776827 0 938
68.1356788493445 3.32751648539613 0 939
80.9698612047681 3.6373584600162 0 939
67.2569243642998 3.2313288423247 0 940
64.1686880592892 3.22285977729009 0 941
63.7893050754446 3.26186823415517 0 942
74.2777595354149 3.28088345234633 0 942
65.5312009193706 3.28067740831111 0 943
91.2063800808038 3.20592214682697 0 943
63.7845239383247 4.04880437575437 0 944
67.2561197604494 3.04901246697433 0 945
64.3644977391622 3.45822569243554 0 946
64.0101398626654 3.04632690958958 0 946
63.787358045699 3.00899985308887 0 946
82.0646235894158 3.37637793101574 0 946
68.1803579854021 4.95004684403929 0 947
68.9746389392997 3.23011400146451 0 947
92.8484522608767 3.57582410597213 0 947
92.851499897063 3.07552306213973 2 947
70.9817200795956 3.69502576614287 0 948
68.3092406957454 3.05418801204283 0 949
94.2244900928151 3.01705287989328 1 949
67.9018179573165 3.21022754497546 0 950
68.1255328173801 3.0509677000292 0 953
69.4408193460582 3.06458413222088 0 953
68.2919682906503 3.04365342264228 0 954
67.284178525058 3.81027490687062 0 954
69.36968001279 3.02966879019468 0 954
67.2670170831152 3.47161416510375 0 956
68.8755273562279 3.80713303620016 0 956
68.1516905787383 3.56276894966449 0 956
63.7469926225709 3.06256986131403 0 957
66.3686481642425 2.99673438094193 0 958
68.3741826036104 2.99792333245843 0 958
67.2608579279113 3.3651004903146 0 958
67.281488017216 3.22746597216732 0 958
64.3030208830201 3.11757194197068 0 959
67.7097053270493 3.02684201175895 0 960
69.2969281597415 3.05899107230926 0 960
79.0973895120302 3.73768105062933 0 960
1.54899371873365 3.38976674353853 0 961
67.7716969504508 3.17583921410561 0 961
67.2985202208707 3.18268078906234 0 961
76.2041115972792 3.21506937734381 0 961
94.1189803895347 3.22878847874307 1 961
79.6754964996413 3.33920582662127 0 962
69.7354119917601 3.11629964727979 0 962
67.6930368072607 3.3287091793733 0 963
67.5916969656983 3.49301815901366 0 964
82.0441571379356 3.02514966378744 0 965
94.1501991629873 3.45833155969565 1 966
67.2829281630688 3.14626603309715 0 967
89.2528061881552 3.43664704846284 0 967
67.2751307035291 3.37694092185428 0 967
63.7475253688391 3.18254305658627 0 968
74.1245941520921 3.26009774579435 0 968
94.1965672150061 3.18983986228144 1 968
8.23608511221627 3.15031648488578 0 969
67.2830075463927 3.00438121003685 0 969
69.3924563131209 3.31644137179034 0 970
90.3447743914882 3.36839564390702 0 971
63.7548894730401 3.88393589373141 0 972
91.8916868040848 3.21285414530591 0 972
91.9809741361743 3.54746568605087 0 972
67.5781355523378 3.22873091344955 0 973
93.2914358186342 3.12988785136629 1 975
63.8607201334924 3.07527164548433 0 976
69.4987336630042 3.33950674859949 0 976
78.5644532368923 3.11768030192333 0 976
80.9583655256908 3.0577875015225 0 976
67.7376126404949 3.15443202345615 0 977
67.3390740584073 3.82331713885869 0 977
67.3304585545391 6.02927916437623 0 978
63.7026362221035 3.16872796532355 0 979
67.5335675335257 3.13509065589358 0 979
67.3900821584874 3.37576239134406 0 983
82.1764657386244 3.10570378632615 0 983
53.0836400394524 3.33495518556835 0 984
67.4829904320361 3.01297043137798 0 984
82.1708991838466 3.02689127436229 0 985
72.1602421899238 3.05766256209757 0 986
82.8018355301088 3.21929164464885 0 986
2.30094085477535 3.19359708930892 0 987
67.2834883069837 3.35191053324069 0 988
70.1611892156311 3.07382246882999 0 988
90.6109977640187 4.11244722766088 0 990
67.2776873532357 4.39188625064355 0 991
75.6448458672488 3.34503262748403 0 991
76.4936683347143 3.07556124333077 0 992
67.4134986207179 3.34085539728037 0 992
92.0930075683842 3.0667858925653 0 992
67.2616846452776 3.38435023310154 0 993
82.4610964070399 3.89575281052561 0 994
74.8916970802968 3.85955274798983 0 994
67.3349333820314 3.25262346295854 0 994
93.9138469332636 3.50900646175997 1 995
67.4059696052915 3.41276670401422 0 996
90.9887552345307 3.06763564850806 0 997
63.8074358881781 3.22964713363625 0 999
64.0296716466754 2.99714221175367 0 1000
64.6546183998512 3.24067301039417 0 1000
93.4783942017045 2.99618892996268 1 1000
