"ts" "magnitudes" "gen" "cat.idx"
0.0583475973282886 3.13662477413467 0 1
27.8075013641248 3.05535224212052 0 1
0.0206091724422147 3.17760533085317 0 2
6.31296788493956 3.27808860966702 0 5
27.4650468376181 3.53246846841687 0 5
26.9341381182266 3.01250530627579 0 7
0.0027584132520766 3.24506846531525 0 8
28.4744169618093 3.44556346265466 1 8
6.38884509112037 3.08741621434034 0 12
28.4436962443028 3.35650622908623 1 12
28.6598776731823 3.12414190766299 2 12
28.688392690242 3.46124043102919 3 12
0.0339429978765435 3.22733867051593 0 13
17.3092690919713 3.04946999223883 0 15
0.617278836776938 3.13759230618724 0 16
27.4680137895328 3.30862493320384 0 16
27.6621971900573 3.50770877976235 0 17
1.40535375118405 4.3327992659436 0 18
27.1338054500783 3.12428321474331 0 20
8.18599077576804 3.31188594207519 0 21
28.3123138513506 3.78783707682018 1 21
0.159930977714694 2.99517932304808 0 22
19.5055045014459 3.10433209852789 0 23
0.0515904533958295 3.14905383064668 0 23
0.167361316962891 3.23965287780046 0 24
16.5390474784673 3.39481623256579 0 26
26.9934045772139 3.12300027365945 0 29
28.7536847578917 3.42922249790249 1 30
7.74600333416648 3.19727274779264 0 31
0.355504514308673 3.27001476146261 0 35
0.0115180079438828 3.30893942039398 0 38
0.0258008766810576 3.27785545345943 0 38
0.181115267118478 3.4106305865244 0 41
22.5506659716904 3.84337924055572 0 41
25.2270036346219 3.06104452650196 0 41
2.60387514972461 3.1380822574803 0 44
0.0906982906715263 2.99403394336592 0 47
4.6231195541271 3.09959503521957 0 47
0.150856623056529 3.96415644795802 0 53
24.339738305905 3.12078970545131 0 55
28.2167336246088 3.19735861037436 1 55
0.0942365471852116 3.51957049320075 0 56
12.1483921406683 3.156879953058 0 56
0.0159892694746232 3.07290452171832 0 58
0.131912387490537 3.07223865407958 0 58
1.09009368115912 3.04810466304086 0 58
0.0561747490698978 3.1540001197643 0 59
7.82015356176208 3.26920325642299 0 59
0.162739324440765 3.58978999350844 0 63
1.97798091696605 3.21137485005711 0 64
28.8561220650185 3.03962708272442 1 64
10.0257187327599 3.34223763427387 0 68
10.4737879466095 3.44531650347449 0 71
28.2552618950347 3.11307391332186 0 72
0.00976967288241913 3.14770543258713 0 74
0.193341884152222 3.10886676724472 0 78
0.450132218195066 3.00240182152475 0 78
29.0141307794579 3.08248048058519 1 81
0.0658994144210635 3.02363220846912 0 85
0.899023386318586 3.1038227433567 0 87
1.27073981480773 3.19293298445706 0 87
0.8417365705214 4.29378641598874 0 87
0.118303963542149 3.33699386527822 0 89
0.508654219946209 3.06568642449538 0 90
1.39292925619186 3.04059551437327 0 91
0.263158810249009 3.07476745267268 0 96
15.3369556896676 3.12197939512813 0 100
5.92376770371436 3.03136266744661 0 102
0.139819286891324 3.06297639284657 0 103
0.539739793008453 3.11425304612139 0 105
0.00633297613565956 3.04131253736749 0 110
0.243854258203643 3.02138336530837 0 111
21.8688885617409 3.00737350325894 0 111
24.2332912014415 3.74071656271047 0 114
0.191936512876978 3.65514758434333 0 115
3.07905344901115 3.34899086492692 0 116
23.2757104864628 3.23885252992977 0 117
27.1731266829755 3.49426337215765 0 117
27.1687101153061 3.27324536313249 0 117
0.00215860471304748 3.57773001782158 0 126
3.02359484302472 4.28230833296631 0 130
13.7862711318294 3.83992180545447 0 131
0.746384442186203 3.01135638136722 0 132
1.24038288154848 3.18547628322088 0 133
0.275548119997253 3.17030220184932 0 139
0.0766481216573028 3.16901980418308 0 141
3.16621672319821 3.52463245912968 0 141
0.817390858222059 3.32643098586165 0 148
0.797524493519992 3.02157715204345 0 149
26.9282754096993 4.33562611383529 0 149
28.2094753160231 3.30172237364287 1 151
28.2281783950579 3.09730370947195 2 151
0.229049484684853 3.30217234434764 0 152
1.75577389198614 3.02606630872747 0 152
12.8252444691537 3.13107462245455 0 153
28.1992792826236 3.37436529919382 1 154
0.00710747166476619 3.2245326085936 0 155
21.7179665556497 3.20074696837573 0 155
1.10897598745323 3.33449848722529 0 156
24.2712823473174 3.08822431859757 0 157
0.83296829583132 3.11829782463559 0 163
28.1503281180371 3.3571761153701 1 164
28.3557713571094 3.19654740787186 1 166
13.9428057640548 3.49038909748627 0 167
0.167472388572271 3.16181255721126 0 170
25.2913248829611 3.1384984158753 0 171
5.20052606599875 3.51556068168575 0 173
0.00336260933173334 3.14362008694938 0 174
22.9449382094694 3.02983175002814 0 174
22.5722073350894 3.40409130853873 0 174
1.28625932153505 3.19012822116304 0 175
28.8676254911438 3.01492959134749 1 175
0.152862070823997 3.71588195868961 0 176
27.0707218314043 3.02224791252541 0 177
0.0311149960888814 3.13925270162035 0 178
0.0481387301101762 3.1961465544963 0 179
0.0101047562791235 3.02271406147369 0 179
27.0808238894345 3.75631940944365 0 180
4.5950246760038 3.26329474695389 0 181
4.65156771278327 3.08162245342166 0 182
27.0812327969944 3.26138000427772 0 182
0.01831988819879 3.70713860674163 0 183
3.95337291052778 3.22903215806587 0 186
25.1720594655997 3.15330431792286 0 189
28.4861058170231 3.51893123157096 0 191
29.010192829525 3.14075123423722 2 191
28.7101857201311 3.02603507302248 2 191
2.26089201158855 3.98082316489461 0 192
2.15323399280735 3.32495132703021 0 196
0.00303367426164525 3.28339114325637 0 197
0.550109256475658 3.54272778509494 0 198
7.91243672500266 3.02594474550767 0 200
0.221102320352372 3.02489852747568 0 201
0.0182871708330865 2.99946975417588 0 203
22.5989657861904 3.01542028928871 0 205
8.08707752993474 3.47770496053611 0 209
0.444460660945346 3.07234397223956 0 211
17.6483964749529 3.14733346304354 0 212
28.9662896959666 3.15406054122762 1 212
0.18618714510583 3.16873548924397 0 215
0.441054246935466 3.24818805240883 0 215
2.68290446990167 3.03345184833404 0 216
0.268282571001807 3.12101539495511 0 217
22.5626395749355 3.16368312014439 0 217
2.2596751735571 3.08502703053331 0 218
0.125799940954094 3.13035581909964 0 220
2.13600843641642 3.24525258334714 0 220
10.998384492167 3.33890059492671 0 221
0.032045985779289 3.54328201062451 0 221
0.208228105514572 3.05921779078896 0 222
0.211649642508252 3.14530629493284 0 224
28.8233352488928 3.01465132247808 1 226
0.198949629278335 3.24934747089512 0 232
7.91754026951332 3.48331092212385 0 232
4.72202715144516 3.04757947155115 0 234
28.9287553985227 3.41586126677618 1 235
28.5560134965085 3.5626309472489 1 236
8.63203646012462 3.71451468132499 0 238
5.92428659252586 3.08005203820158 0 239
22.5604581659588 3.31507221398781 0 239
7.44210137956241 3.02045725794192 0 240
0.789612321133845 3.45736234865897 0 241
28.7252073005397 3.00615681817751 1 242
24.2594786230435 3.27292290217312 0 243
3.57363711130717 3.26403853866586 0 244
26.9169624058642 3.03621549916887 0 246
1.29428383186811 3.45126072780383 0 249
0.591803924300439 3.43801378377779 0 250
0.00478706527623036 3.59773463179197 0 251
27.0351748739936 3.64813294309577 0 252
28.7040427375209 3.93390743329498 1 252
1.4726815249308 3.56332657075139 0 255
0.785217934908236 3.61750667362486 0 256
0.0421870229104719 3.47164598614547 0 257
28.3893396711532 3.01519925064207 1 258
0.562344356576026 3.04118082856621 0 259
27.3543284476851 3.24707011400416 0 260
26.9494978190238 3.19246633991211 0 263
4.37027049841536 3.67913218475076 0 264
27.0202071907189 3.01224476845503 0 264
27.0926716529895 4.51388417911746 0 264
0.218533146592381 3.04804912056762 0 265
0.00710691107395788 3.85872360647603 0 266
0.113707453871394 3.43945304375358 0 267
0.103523342035343 3.05371293999202 0 271
1.48722190841995 3.03192337576622 0 274
0.0281989252563339 3.11394054885982 0 275
0.0133188237109972 3.93040676309832 0 277
0.0281546014768456 3.08315677179776 0 279
1.46123347113215 3.03252839552203 0 280
28.464535691924 3.10172228045468 1 283
28.3952090497218 3.05251309977242 1 284
22.6968046698578 3.38621989634775 0 286
0.756471678215056 3.69312724205795 0 287
28.5694697295871 3.29866032541461 1 287
0.120243814890514 3.11789923276412 0 289
28.3754844394602 3.21642234981939 1 289
10.6360092705477 3.46751339610936 0 292
27.6336073975912 3.15201056807459 0 292
2.15213567569589 3.22786815864047 0 294
27.0406772406453 3.52685976412759 0 295
0.252346133823275 3.16872075086117 0 297
0.785416641755571 3.09583166350813 0 298
24.2921173522662 3.18546824668803 0 298
0.382974318212756 3.23843278047189 0 299
15.6224656696852 3.39468150911255 0 299
26.941270384265 3.20570259680049 0 300
28.7083915608559 3.21657475316748 1 300
0.567091561254781 3.57648943486626 0 301
4.62815980182096 4.03434390877709 0 302
0.902452372321632 3.39494121183845 0 303
0.872195802164795 3.96613642133909 0 305
27.2384523024247 3.06931411185035 0 306
26.9933537515671 3.20797570977441 0 306
1.39346669847096 3.00642084831065 0 307
23.3408646213241 3.0712216872215 0 307
2.12465622155558 3.31609525642138 0 308
0.0294005211412246 3.51784507569971 0 309
0.0960344277087956 3.43659040993988 0 309
0.855160151053573 3.28063548517305 0 310
0.0160636559726592 3.17956436544046 0 310
26.7111611366211 3.1242997611878 0 312
0.0585034763286206 3.29328453736942 0 314
5.91882660061775 3.05305107751657 0 315
28.0142467514655 3.03262529885869 0 315
0.0488359561388733 3.02525725301673 0 317
26.9250189380089 3.18415669401009 0 317
28.1559336226994 3.53147046808703 0 318
0.440056168275595 3.20017776892815 0 319
23.4260094067191 3.45936470217221 0 321
0.000356822626410481 3.24177452088704 0 322
28.5525970904794 3.45895084943627 0 322
28.7159751331523 3.41223212438625 1 322
28.596758092338 2.99172009730495 2 322
0.496623475141019 3.09134531604323 0 323
0.136799414857093 3.00108857286314 0 325
0.0484373823011597 3.1208544854836 0 326
0.0451380091104491 3.28415764183484 0 328
1.25268796471257 3.1108891796027 0 329
28.2316017164007 3.20865419367755 1 329
0.00423702258108879 4.24386797981872 0 331
0.0388151672376079 3.03914582671712 0 332
0.0427808057383269 3.10707835125061 0 333
11.4267794021071 3.24365184550124 0 333
0.246536841985033 3.09338026589537 0 333
0.0539011236918869 3.22638733910455 0 334
1.79495780706503 3.04240344850962 0 335
27.1101165224479 3.0494142906767 0 339
1.48187650681024 3.06847868660546 0 341
0.00667518826955968 4.81151581149945 0 342
3.3552226833983 3.33826681388724 0 343
0.0116978141286701 3.41286384679603 0 343
0.143592503611388 3.0401749666591 0 350
5.27011997216998 3.38241314889956 0 352
1.3760840588889 3.3441403489032 0 352
27.5337508353392 3.34025547138334 0 352
7.47451728930349 3.07280075360265 0 353
28.2367986560889 3.79442793824324 1 354
29.0150501403773 3.80694347747873 0 360
27.8766680602206 3.01933962091048 0 362
8.85322834614682 3.25924650862476 0 367
25.0449202551686 3.28450286903639 0 367
28.3446982432246 3.94354505598937 1 367
28.5354296134143 3.36507416863589 2 367
0.120659788338535 3.19561057927191 0 369
26.6372744637662 3.0344564228673 0 369
27.0042721437728 2.99136539337847 0 370
27.2468164659116 3.04278639900945 0 375
27.3114799372481 3.00545872898265 0 376
5.30652168848808 3.42144744677656 0 379
0.105540862161347 3.13108048683718 0 384
22.7313049024713 3.07240824517569 0 384
25.1364007426365 4.03070100613665 0 385
27.7951923229372 3.33114059830679 0 386
3.17549230928364 2.99078415123194 0 389
0.0976453997904977 3.08741721911523 0 390
22.9136930825037 3.62525798855344 0 390
27.0108246153211 3.13208068372559 0 390
28.4442194473554 3.01209238092891 1 391
0.0830622186071937 3.60488554486955 0 394
0.412896279085755 3.45097195444654 0 395
0.303025323363452 3.02731673358519 0 395
0.494359955158988 3.09065826708929 0 396
1.97030616904444 3.31811598160299 0 397
28.5060981047895 3.33144305340927 1 399
28.2228354310241 3.21250251893195 1 399
27.0320662547369 3.05944195450723 0 400
21.0647030036087 3.10555934277786 0 406
2.15949498703893 3.44360259238245 0 407
0.164229734453344 3.119733289704 0 407
24.2530214110623 3.00669847936607 0 407
26.9748165082391 2.99698664306207 0 409
0.0088303503789352 3.07895424710949 0 410
0.266926452399848 3.4232383258552 0 410
2.00093200784558 3.40280878102473 0 417
2.26294418708935 3.2762799604365 0 418
6.68659322832103 3.00206712726645 0 418
12.5559806103083 3.15904336276666 0 419
0.145930008982649 3.62027947241346 0 422
22.5214424522176 3.54027224189579 0 423
14.1738467481404 3.20474437765394 0 424
28.7116612951827 3.44430156314703 1 425
28.9977550660358 3.12136649834919 2 425
28.8480007049033 3.01331150935075 2 425
27.2888546544897 3.33014610484818 0 428
0.137055713233936 3.2969912205691 0 429
4.71713742056523 3.3123573196687 0 433
28.2038155830555 3.23588937513899 1 435
28.3712203904294 3.35574606211954 2 435
27.1726762300026 4.43557103815081 0 436
10.8354368797605 3.33523454625973 0 437
12.7693270936837 3.03722295430519 0 437
0.416154975558046 3.460828983209 0 440
15.253625870912 3.16913135646389 0 443
0.135159204973772 3.53853202854807 0 444
18.2955726753414 3.21169384056092 0 444
10.8211753372271 3.0026725458723 0 444
0.00662387725464663 3.75559897452115 0 447
27.0838467732431 3.14523135884256 0 448
0.00457013087908345 3.24615327260897 0 449
28.3589824937839 3.12617921511931 1 449
28.0452538443819 3.13174903317932 1 450
28.2142163525891 3.10633940255589 1 453
28.2245843177373 3.12118843915025 2 453
27.0547542394205 3.05098284421209 0 458
28.712351558413 3.29022795221943 1 463
23.0504618170636 3.18956700310915 0 466
0.00941614897559401 3.61805829116113 0 467
0.00949455152711655 3.57657705020274 0 469
0.0858327085610942 3.00680732266189 0 469
0.00370014755016524 3.00068980341464 0 472
28.7899269835647 3.13965557333161 1 472
28.8042926062658 3.04277099609643 2 472
0.00291518623841179 4.0825716130453 0 473
26.9358870688753 3.28934534747212 0 474
7.41361701796408 3.48039777952948 0 476
0.0988427491534835 3.19225356061299 0 483
0.0786684158007556 3.12263356190346 0 483
5.07424136019881 3.25356801112516 0 484
4.24509458277181 3.0094868381535 0 485
28.9703364089687 3.62024337807571 1 485
0.100583804405438 3.17946273669398 0 487
27.1012704956175 3.08265003199323 0 487
28.5738882624168 3.19628484124213 1 489
0.564548009858784 3.40724304697604 0 490
0.34568297870268 3.15730629481411 0 490
0.50493833013197 3.02773866556977 0 491
14.3800440814161 3.06712862600128 0 495
2.54044996139794 3.34134665418076 0 495
0.473131989646598 3.17754076062236 0 500
0.027316307086076 2.99234007225081 0 501
0.144996467094386 3.05170534234528 0 501
28.4640498104595 3.5672871776217 1 502
28.572140656487 3.73538744804048 2 502
28.6255882087445 4.65607950077948 3 502
28.6277157283755 4.00511197298351 4 502
28.9414671638108 3.39850572522603 4 502
28.8688258444499 3.25333457478415 4 502
28.7531975834786 3.21271220301542 4 502
28.6393868095003 3.09767825787051 4 502
0.630544564370676 3.14129453826293 0 505
28.6550647757571 3.43437705217905 1 505
28.741796040409 3.57167513191989 2 505
28.9435259411862 3.55340988182992 3 505
28.9455033142957 3.46675154481692 4 505
8.41818271014563 3.31677679724846 0 506
28.7104844447781 3.29218172837958 1 506
2.3547100383047 3.14737579399081 0 511
28.9264297568329 3.21955621377641 1 511
3.33804712202296 3.50997313367389 0 512
28.1094787976794 3.5315460011449 1 512
28.1452066826603 3.12416053177437 2 512
28.120467618337 3.00622355807726 2 512
0.00692590602005421 3.43659953092674 0 516
2.15463673539992 3.59926804764299 0 516
0.122169892299577 3.12852201478938 0 517
3.43452921852426 3.1872409754391 0 518
0.337174670237298 3.57452854801483 0 518
0.00184478421046924 2.99450310656832 0 523
3.00218018565846 3.07584052666987 0 526
1.01036661870127 3.50581701752776 0 527
10.0468752754584 3.04223422045921 0 527
0.117377557510633 3.10851481609504 0 528
9.66137110262681 3.18699240355281 0 530
1.37366427258257 3.01993594625053 0 531
0.709346094021993 3.04284897343772 0 531
28.0314756812617 3.06849942423218 1 531
28.2233401242733 3.16044493876083 1 532
28.2270652631577 2.99671784602149 2 532
28.24406869807 3.42714360880348 2 532
28.2505617592249 3.19757221539758 3 532
27.0240844610368 3.22540761489926 0 536
4.63143932927024 3.09226324024211 0 539
0.0244409096209392 3.16702063949553 0 542
0.205231887871586 3.01134839473105 0 543
1.04450501315835 3.07155555151423 0 543
0.433775402207672 3.26975334530357 0 548
0.0712093253653627 3.03925820974247 0 550
28.06447774047 3.02535408513583 1 551
27.6720122897745 3.24744454657073 0 552
0.0400015276032507 3.05957731403009 0 553
23.0154622392691 3.03257959283978 0 553
0.105923522688904 3.03574845122945 0 554
12.8346685341775 3.01302328161451 0 554
26.9955998716796 4.90107628801604 0 554
27.0062891778736 3.09324870467754 2 554
22.5120947701614 3.02256073449047 0 555
19.5445388428076 2.99864694407337 0 557
28.5948776755572 3.01996370169893 1 557
0.0842176999007113 3.3306784833531 0 558
0.404304664260372 3.00746484043455 0 559
7.51838812173743 3.16305395230386 0 560
0.0861426863612076 3.267796727902 0 561
0.0443809414159529 3.21340622358927 0 561
28.9075032851283 3.16183859592306 1 561
0.00434242362227618 3.14174513397918 0 562
4.6308793588337 3.78623909785797 0 563
26.9158878415301 4.08538380725028 0 565
2.54298674341653 3.09989091682543 0 567
28.8393835461788 3.27359932608261 1 570
26.9380858777456 3.6760283071836 0 572
0.219007357298503 3.41304093045595 0 574
28.3082138715867 3.17622665616906 1 576
28.3092310661194 3.07709401004778 2 576
28.7569158168154 3.40040898594197 2 576
28.8996039551307 3.38577426315607 1 577
27.1833181404813 3.01336501974926 0 578
0.0992737716948084 3.07519899249875 0 582
1.33103318005506 3.14037275144457 0 588
28.9797057499267 3.16989528016469 1 589
0.426645377883193 4.12985872015026 0 591
0.00122600020908142 3.14070854954648 0 591
26.9262416751004 3.01273852819295 0 591
28.6096166427337 3.04014146763433 1 591
0.42194591749376 3.0047895230612 0 593
0.547237060695557 3.12913471600607 0 594
4.76564199647759 3.18416018428874 0 594
28.2214259633064 3.21295592341287 0 596
26.9182640055246 3.05287029695762 0 600
1.54460072316504 3.17158517050498 0 602
25.831605319569 3.85736620270683 0 605
28.171282101804 3.14040393309507 1 606
0.142882677191657 3.05158699308224 0 608
7.73422797489333 4.39974080247682 0 609
0.123559056491377 3.21953728165428 0 610
22.6987970239257 3.60529444295794 0 614
0.0126144354315121 3.17563892488703 0 616
0.236587973711216 3.50043499217955 0 616
27.7742908628978 3.42328294404087 0 617
28.8344554774553 3.24968243739764 1 617
13.6837462324114 3.02816110002136 0 618
0.0372342900015804 4.4087111349066 0 620
0.354179475394875 3.10056633185496 0 620
0.137197243737339 3.15722439588983 0 620
0.135864068203669 3.4463302114838 0 621
10.1929798650578 3.22386536011184 0 626
0.0301943011543475 3.08346555361989 0 627
6.93499134268319 3.16598646724968 0 629
0.318305839906543 3.21440765029257 0 631
1.1606433531158 3.05389112639367 0 633
5.72023645638841 3.38625870102097 0 634
28.3733270204716 3.09966327780945 1 635
0.422235646997505 3.05199043710968 0 638
1.31743718715767 3.08518515627561 0 638
22.8549463559587 3.27766713564972 0 639
28.4623229605235 3.52429319816722 1 639
0.56432172886708 3.26446219526597 0 640
5.80538603976713 3.07025221032994 0 642
7.49259239274643 3.3480664016251 0 642
22.5642341799098 4.81286251058077 0 642
0.0141770207626714 3.10514506544007 0 645
23.8752883530187 3.47836406200929 0 645
27.1129900144819 3.11903466322995 0 647
26.9558035248871 3.7722172023597 0 650
2.39633739182741 3.07522421611029 0 651
1.60737952366562 3.22741856101983 0 653
27.7303039357769 3.60643023637622 0 654
27.2694962106509 3.14448487701244 0 654
5.66862318033131 3.42055846018547 0 657
0.0904261264490141 3.65472577029652 0 658
0.0682699225598065 3.14106882670961 0 658
26.9920264184259 3.35172556134803 0 658
7.86552930053312 3.15529172585042 0 659
28.8975227721125 3.0747917201269 1 660
26.0062739775843 3.09129594142395 0 662
27.0820052669223 3.78060831936449 0 662
0.0605689289989371 3.73180595783716 0 663
24.2511936365311 3.11366221349016 0 663
0.715679901048024 3.78879311354103 0 665
21.0833635065063 3.00340901345157 0 665
0.0108619078494674 3.06945766348988 0 669
0.00860596563747053 2.99849460416137 0 669
28.0017069169189 3.5195576548649 0 671
3.04524606609985 3.01206499357985 0 672
28.3218912728221 3.45715635638949 1 673
22.6580991934701 3.09437205142532 0 675
28.6981194509749 3.57330944391909 1 675
28.8338389717635 3.37202475083756 2 675
0.00723468753291096 3.02262549122583 0 676
8.09698817983115 3.73753287291763 0 681
27.6582131014243 2.99183466183738 0 683
28.2309469819624 3.36944273021654 1 685
28.4496409972093 3.02858381673335 2 685
10.0725759726655 3.08106013258453 0 688
0.11690818327124 3.08395092811924 0 693
27.1547532566863 3.14877750709902 0 693
27.1659441157281 3.5274734171935 0 694
0.0142571187059471 3.02942591133005 0 697
2.18182989842932 2.99177057436422 0 698
10.0368412222727 3.23595720242529 0 699
12.1826971176759 3.10334355147132 0 699
26.9225394643934 3.14350843238638 0 700
2.43839377220618 3.19961108361429 0 701
15.9489866067254 4.00656182270801 0 705
0.0619093612776802 4.01960416120591 0 707
28.922784132566 3.06346474855284 1 709
7.02208817298316 3.90658851382894 0 710
22.9465724205705 3.56085024740487 0 712
2.14102177175603 3.23796732444854 0 714
28.0299196570736 3.28704255489957 1 716
20.681482631581 3.25903328000213 0 718
0.0649390196639863 3.15413005868339 0 718
25.1288111521716 3.082756552977 0 719
25.0940791340847 3.09823188955495 0 719
20.5544843470319 3.14396047720429 0 723
27.0065984241501 3.57501941964315 0 723
22.5923073239184 3.20225511480301 0 724
6.53637735312476 3.24345678654435 0 726
29.0049851500985 4.21993336026935 1 726
26.7953642899487 2.99747096560006 0 729
26.0851007537015 3.11760350780533 0 735
0.071027313899609 2.99998289088059 0 739
28.6370604428552 3.2031067530284 1 745
1.76322647367101 3.11361222862804 0 746
20.4905611854389 3.50152991618179 0 746
27.1013013539558 3.07763469198198 0 746
1.20657342337021 3.08891782913417 0 747
0.0332829281629986 3.11853717873852 0 753
3.98368698273093 3.09827760285608 0 756
0.75368381087011 3.05159477196909 0 756
28.9693366109018 3.39484620100324 1 758
10.9481730590002 3.03431661662902 0 762
3.83099616467309 3.01361955317873 0 764
28.7529063389261 4.18104291841607 1 764
28.9824005176811 3.47391277255333 2 764
28.7914474102334 3.77111921497833 2 764
2.91710084581386 3.66966707741261 0 765
10.0037570668849 2.99913957350004 0 765
27.5487400795086 3.54752232035275 0 765
22.9384835645114 3.54304663384739 0 766
27.1502237192176 3.24847068069497 0 766
0.0164469332547251 3.50635719590139 0 767
0.0160596126339221 3.05194404204938 0 767
1.51548836129333 3.02377676015746 0 769
28.321271386379 3.04051405774002 1 769
28.1473231063314 3.55815397754739 1 769
28.2174590486258 3.01168504748997 2 769
3.65058357620783 3.85859620592765 0 771
0.0571603817537372 3.43856324643503 0 771
2.19993889207519 4.24463230351329 0 771
1.62409215070545 3.41130401958942 0 772
28.9275106866002 3.05608463561924 1 772
0.29653457625315 3.18594850939412 0 776
22.6105888344057 3.20116407114112 0 776
28.8665036451161 4.53736510517206 1 776
28.981588082243 3.34996606432953 2 776
22.5529137876295 3.08426799611118 0 778
0.0569296795776044 3.12478813919697 0 780
28.306068480862 3.0889165444121 1 780
0.00289533419775523 3.37555929199748 0 782
22.5511902130815 3.07898042236959 0 782
9.03049974407142 3.2196078473615 0 783
0.15412501632718 3.79466739505641 0 785
4.90762492320986 4.1036563995618 0 785
24.1597337261977 3.12003974490729 0 787
27.0404611176261 3.20380468666497 0 787
0.0270668949572359 3.49735190857653 0 788
23.0434246693842 3.05905069822399 0 788
4.37466120308629 3.12090914863575 0 790
27.0870523506236 4.1522934127218 0 794
7.86089437769226 3.01470035032098 0 795
8.00007300987022 3.72235920605931 0 795
1.20132368094305 3.4040420848009 0 797
4.64222445082468 4.1154856984441 0 797
9.47925925188869 3.14157639390452 0 800
0.254928015779484 4.47421025544983 0 803
28.2458005558323 3.19623573391069 1 803
2.18790504370299 3.15073162233389 0 804
27.102570535237 3.2084635086709 0 804
0.0741001834942674 3.06704378080569 0 805
0.275752711857144 3.22442886612755 0 806
8.44023027340245 3.18505503714133 0 806
0.000848683788444407 3.62385321418491 0 807
6.56083606136943 3.82495638978654 0 808
0.35634123797361 3.230736837088 0 808
26.9343868837735 3.16396722604358 0 808
26.9551237053577 4.33015668707173 0 809
26.9889463720032 3.56317777564783 2 809
26.9987917393322 3.29063783881446 0 814
0.546171018191489 3.07658604691798 0 818
0.0213012511306142 3.16197169231658 0 819
8.12940874407198 3.71227448796345 0 819
21.2937360908081 3.23076886323565 0 819
28.3138746900108 3.09055733379306 1 819
22.6401196304061 3.74595747397445 0 825
11.2974887293088 3.06991309948536 0 827
0.713632376688591 3.48648122252395 0 830
4.71873451570208 3.08533616883374 0 834
0.0716297987895283 3.0028931638698 0 836
21.0053219093214 3.55742253110004 0 837
28.4479484152139 3.05734714412671 1 840
28.9620554140675 2.99912047133515 0 841
17.729929785847 3.78229827044875 0 842
3.02303416703296 3.2183164778579 0 845
28.4099879329182 3.37113068568729 1 846
0.0387144087407612 3.42850090592991 0 847
0.161147574933158 3.70371590723785 0 847
0.0299180081434804 3.42468576369581 0 848
5.77985533628029 3.02722634641108 0 848
0.131247991676809 3.52199368655413 0 849
5.02648347603743 3.70327780567074 0 849
1.50095544976682 3.58216644207723 0 849
0.640218875697789 3.06850550802069 0 851
28.0778016926268 3.4781220288573 0 851
3.78564028923498 3.82016635384415 0 854
28.5149569748059 3.43236145374903 1 855
0.0179845653484736 3.25612943999587 0 856
0.0920571796615626 3.25364841822679 0 856
0.00472605468660974 3.04467743556985 0 857
0.140236863470636 3.66064318639056 0 857
0.0697550018985468 3.27088763724005 0 857
1.1815605918267 3.17250609372894 0 859
23.8576460551042 3.03133586572394 0 868
25.134687616485 3.28285745161128 0 870
26.6361917815232 4.03715902111617 0 871
27.023634220241 3.06814672610941 0 871
0.0140503969229941 3.26423681902301 0 874
1.58270129052664 3.02304111481821 0 874
28.7700750428869 3.68325918136016 0 874
28.2351569111083 3.01771149551828 1 875
25.1048495371165 3.10107080656089 0 876
27.1623243722892 3.16162982905834 0 882
17.9112400748361 3.37304265188028 0 883
13.3896201399708 3.32225016473304 0 884
28.6353938664865 3.51627850588145 1 886
3.44250148309276 3.18547492928179 0 887
26.9212481240909 3.62374832495678 0 887
2.66492519062815 3.2384564553829 0 888
22.565599953982 3.31731180027946 0 888
0.0920702932419987 3.24124943458676 0 889
1.44598924952154 3.08371330185527 0 889
27.0552231634001 3.00898123082089 0 890
0.0222724978922141 3.39822121063151 0 894
0.44558943985927 3.14992578620488 0 894
0.139676140257549 3.36546512469764 0 896
28.9671905552127 3.05305341150593 1 897
26.9607239016692 3.30892526537831 0 900
28.1061634392567 3.07325269102736 1 900
27.290860273975 2.99802153188157 0 901
0.46967336554743 3.89908366033419 0 903
28.6689455575865 3.48724695610295 1 903
27.063658089044 3.54741491560718 0 904
28.886513419598 4.7734075530604 1 906
28.9695447043837 3.53970912741082 2 906
28.9517261263604 3.00686124478352 2 906
28.9021131860609 3.57587464739565 2 906
28.9303725554878 4.11354622750412 2 906
28.9760291862409 3.02201105849359 2 906
28.905211918082 3.33537844705083 2 906
28.8865730373666 3.92864852670648 2 906
28.9151105259327 3.0164762524129 2 906
28.9212863499975 3.48956621026324 3 906
13.5041727706547 3.95299445411971 0 908
28.6795965388721 3.76568851287232 0 908
0.228408730591851 3.36612088662826 0 911
0.076632758170942 3.00958722490551 0 913
17.1797144527561 3.07198865190766 0 913
24.2385562277442 3.0525248141184 0 918
28.0817822454587 3.59547644316584 1 918
28.0741231582683 3.23745000519603 1 920
27.0882503364987 4.23125307066246 0 921
28.1080331119333 3.36246453238363 1 923
28.5950915122299 3.56443411175697 2 923
0.572120804449844 3.23543411652801 0 924
0.433556301768121 3.88551060275545 0 930
5.06571183105018 3.46170651306701 0 933
0.329793614454398 3.4894836495448 0 934
0.52674627989194 3.87653574166998 0 935
27.1792134576706 4.5668544208786 0 936
0.758304358454354 3.11772974842121 0 937
26.9289323051669 3.11466043333615 0 937
28.3624891009271 2.99013741331616 1 940
0.405169204065499 3.02980319516049 0 942
0.270867074364092 3.06668525431095 0 944
2.12846821830282 3.22662226946186 0 944
3.09135165221021 3.06515637183822 0 944
23.8604962360255 3.00241131697317 0 944
1.1189964733355 3.09892070826391 0 945
27.1251498145957 3.16842549475502 0 945
0.0545338564726051 3.12078559894708 0 946
0.448994033657652 3.17994077020252 0 946
28.4484370375607 3.00747359665001 1 947
28.6314444993686 3.7234171905138 0 954
2.12564180009845 3.08324979398758 0 955
6.62940239511612 3.43025058272427 0 955
8.50808090991957 3.95303193893623 0 957
13.7150428263053 3.03530372183335 0 957
0.0912317820927545 3.0413758739596 0 958
0.0919251065253529 3.40381305299967 0 959
0.000546976743116224 3.39993890459123 0 961
13.2298300817181 3.00776332625479 0 963
28.7571020833306 3.02742299644498 1 963
0.386398786640844 3.13109387299019 0 965
0.112960235271593 3.15258340095057 0 965
0.126008676104477 3.0338953777604 0 966
2.3410089051673 3.13517975911292 0 966
28.7103681363255 3.41389440167049 1 968
29.0099138944965 3.38871609831659 1 968
22.9904546539828 2.99459212497888 0 971
23.8511667029339 3.59428900253061 0 971
0.189204336984258 3.11679430271035 0 972
27.1136239750811 4.61502164595549 0 972
27.1747079169444 3.973742477296 2 972
27.3874433976458 3.0167263700135 2 972
0.110345003355446 3.16431418781236 0 973
28.8576543677222 3.31277488352487 1 974
0.385252260586856 3.53716724353251 0 975
26.4188140814186 3.37961966565414 0 976
0.856487245597461 3.33421509071678 0 977
0.753546588466531 3.31870524628603 0 979
27.0087081713788 3.0538539075009 0 979
17.6664624365706 3.34870985849424 0 980
1.10041630547458 3.29757244429249 0 982
27.4614109934001 3.11654055043494 0 983
0.0257407248199679 3.12561846847496 0 984
27.150288062576 3.12724297876588 0 985
8.90574154984247 3.82348659059209 0 987
0.684675332638578 3.09531016928188 0 990
25.0489999684717 3.15165209853679 0 990
28.5579781963143 3.47573110396646 0 990
28.9006431998309 3.88550759252076 1 991
2.13781279534505 3.25960538640444 0 994
28.9885430197787 3.12333131451998 1 994
7.47629307805458 3.57651378121349 0 995
28.3318214387723 4.13034920420275 1 995
18.106766968014 3.36145893858362 0 1000
27.0878519043479 3.22951437610621 0 1000
