"ts" "magnitudes" "gen" "cat.idx"
0.189267189111064 3.13855369080087 0 2
21.6491378500682 4.17379102553753 1 2
21.7610131026405 3.25590813080837 2 2
21.7140816605133 3.14981820974577 2 2
0.109073607913949 3.53295460132297 0 3
20.6168668468414 4.20721069948363 0 3
21.2354286944916 3.71133309295842 2 3
20.6472915451547 3.05623675884398 2 3
0.0518628014060217 2.9934650499104 0 5
10.1694164768501 3.08641644196338 0 5
21.7539792134516 3.53401331382845 1 6
7.77178306307557 3.1137780190605 0 7
1.1531551652026 3.54021294790715 0 8
0.0733624813151931 4.09349969565218 0 9
0.00520189320566737 3.3837586183728 0 11
0.603303927263453 3.59851684965863 0 13
19.4384388525908 3.03216350715265 0 15
0.0220504965736056 3.23620800161012 0 18
0.0923537523768981 3.03352432520944 0 19
0.0188188016160845 3.02321117868719 0 22
19.0474231683656 3.06588669624835 0 22
10.1883776463985 3.18622078324301 0 23
0.084384897811572 3.16679205722172 0 24
4.52802272616341 3.23924177740791 0 27
0.17157875629549 3.0561434886934 0 31
12.1821586646944 3.01552436659586 0 31
2.00824852689791 4.0339106700813 0 34
1.86140194775545 3.06505183101688 0 35
4.81548770811693 3.04491979500553 0 37
21.2944924041253 3.01911883325402 1 39
21.6016769283652 3.00462976813835 2 39
6.31362374574032 2.99507767908758 0 40
0.063467356473499 3.33728382593175 0 40
12.9215974379784 3.15885472018122 0 41
0.0415573707337316 3.11211762044628 0 43
0.0178103318166576 3.85802617000081 0 43
2.12838647940326 3.18647270377301 0 43
0.141641407754431 3.18151016496261 0 44
18.9611150971787 3.01117505325781 0 44
15.9679722948125 3.85453505274866 0 44
0.258670683054394 3.36843359630056 0 45
0.180747305304944 4.11731093073543 0 47
0.298869875589103 3.10812570636681 0 47
0.0274130575935923 3.52481450781936 0 49
0.555943436449564 3.10300341540188 0 49
20.5641107452659 3.11214474406654 0 49
0.00332545389046082 3.01193027296941 0 50
3.07788918314065 3.3949527995454 0 50
21.8401443419602 3.02919971871348 1 50
0.478223236543945 3.38236798932004 0 51
0.0474258854776198 3.23502496607191 0 52
16.2777502962274 3.0652736713163 0 52
0.0378912999812882 3.73173602253959 0 54
0.0555198786177519 3.03185799914287 0 54
1.94327883737153 3.32867592221836 0 54
0.162894137337529 3.22324621765947 0 55
10.4684610061461 3.52822164645198 0 55
21.6985011393294 3.09621437054733 1 55
21.4334761667155 3.02795500998117 1 58
21.9858718713835 3.73638797184284 1 58
0.0837006998290143 3.20671692269923 0 61
20.3949987314492 3.32877255962721 0 62
0.205308173678361 3.10555068739464 0 65
0.000891509781916049 4.02451999733201 0 67
4.49631200518537 3.70553647889108 0 67
10.6936264711791 3.24480403471677 0 67
11.5009798099156 3.32115489396561 0 67
0.00482688712077264 3.38790761187225 0 68
0.0051432040528042 3.14753083324157 0 70
0.0357892465640589 3.5033142552105 0 70
0.148364141650035 3.07959937718914 0 71
7.95915729472622 3.06680185915173 0 71
14.1504687114614 3.03514159805265 0 72
0.0642674627628933 3.03585423561547 0 73
2.96717580181474 3.43032063218207 0 75
1.2056427573555 3.07151271068161 0 76
7.84938212154101 3.79649401249196 0 78
0.54066938414091 3.08477847392993 0 80
8.71060162767745 3.19362542371852 0 80
11.9733589757186 3.79852884025025 0 80
12.1122424579766 3.12740584121795 0 81
13.0439270199772 3.07584239791731 0 82
0.00837474392315144 3.04180202803049 0 86
2.12441495639558 3.18664815190779 0 87
14.1200702073543 3.2729721220551 0 89
21.0272342194838 4.02233950003509 0 93
21.1100692202098 3.04181376283399 2 93
0.090499220907595 3.0698967608731 0 94
0.774248599311091 3.1332432374587 0 96
3.50580655131197 3.30512458243246 0 97
19.1476746641976 3.22112125357761 0 97
0.47743833629357 3.02088913507035 0 99
17.3160789992798 3.01458453198712 0 101
0.00883397656478917 3.36913057465255 0 102
0.505447351904141 3.03772393682807 0 104
0.240539370242118 3.00509322824522 0 105
0.0625833864480581 3.00222111801445 0 111
0.0403956901952111 3.13722202353844 0 111
10.5453234458661 3.17322924664919 0 112
22.0153396638666 5.15221746231173 1 113
0.0397937896861249 3.36382220851606 0 114
0.00486875105692374 3.04073832630652 0 116
7.90218520356264 3.01221039999246 0 116
1.08644992733483 3.23161845269915 0 117
2.97318723264074 3.12674288035222 0 119
4.60545785943019 3.00607090981377 0 123
8.79162184110059 3.44906093986143 0 124
0.060679954471847 3.53081848684736 0 124
0.0674090659167653 3.07877893145016 0 124
0.0160324759666512 3.09284535467503 0 126
0.107087869773988 3.24459325602557 0 126
10.3666315412846 3.33723300822592 0 128
2.68981811114621 3.50598188362184 0 129
0.289781955931616 3.01511886247637 0 129
0.233895032359837 3.09255521301103 0 130
0.0688418639558409 3.00756361703596 0 131
0.163478373899612 3.17166610812948 0 132
0.183893783018738 3.10548636687669 0 133
16.7665733317064 3.07494935678005 0 134
11.294770630378 3.58396373941491 0 135
20.5267220322128 3.30478829355888 0 135
10.3645749299015 3.33757864976847 0 136
21.8505366238855 3.21662189404812 1 137
0.20474769652569 3.04261469687114 0 138
0.917525731689247 3.11617903826295 0 139
0.599394357380209 3.87584819174196 0 140
0.487869312318375 3.22991175768383 0 142
8.78532723075307 4.62101664518483 0 143
0.00223622161589918 3.43160827642852 0 144
0.318844054839201 3.24110485273612 0 144
0.591369972345453 3.22960548932978 0 144
19.0374936458806 3.43676557645356 0 144
0.984101262502812 3.68534552000231 0 146
19.3208856370772 3.18608896171539 0 148
0.0382181282195752 3.01463308474583 0 148
10.2963556007319 3.07144347364846 0 148
14.397007628281 3.31854663407167 0 148
0.745220740983199 4.45208024892978 0 149
6.753403840431 3.14149408522356 0 150
4.70435371262906 3.33467763769489 0 151
14.2865665143077 3.15619310072667 0 153
21.6888315085411 3.07049330591119 1 153
12.9226476405246 3.06473072947088 0 154
0.0825518822572592 3.04666101034448 0 157
2.14758812893069 3.53851017181739 0 157
10.5796541218883 3.16938835206901 0 157
0.186035173472008 3.48306357241133 0 158
2.0775374779618 3.14202450735921 0 158
11.5187635480296 3.07951484939225 0 160
0.0141358040879364 3.80122014275164 0 162
0.0683099742931962 3.36078040544909 0 162
0.270655980730795 3.58240314904595 0 162
6.45380611571984 3.05193637694847 0 165
21.739288918357 3.23149367420074 1 165
0.110753357044613 3.04052067207219 0 170
3.56392765816468 3.74713185692903 0 171
1.82464329338112 3.14663002594298 0 173
2.24280834593176 4.24575724421146 0 174
13.9784393693564 3.13674512719937 0 174
0.00570528886420817 4.16188316243839 0 177
0.758337278563536 3.03022644494359 0 178
0.0291144561164165 3.20038285964677 0 180
2.00709670325729 3.62782925734084 0 181
1.71468255779391 3.10570711042991 0 182
0.28467416587477 3.15549621200752 0 183
4.68549079663742 3.02427531032977 0 183
14.1542534064828 3.33600896814566 0 187
5.53977313556411 3.22825289539209 0 188
0.777484695772984 3.25119845557978 0 193
21.1858093504884 3.53581936072105 1 193
21.4309113132476 3.49399963112813 2 193
2.22302158348996 3.42901331809998 0 195
21.7838688033257 3.9460887205486 1 199
21.8340765918679 3.08657347375204 2 199
21.8130429872114 3.02372948165871 2 199
0.962863399103316 3.10091202441351 0 204
0.186692732066733 3.57535054364071 0 205
1.70017725761395 3.305409172901 0 206
19.1202738759923 3.03977533405599 0 206
0.0935324814531386 3.16150757144865 0 207
21.9396894899287 3.33195297600055 1 207
0.464512877199503 3.61948616316902 0 208
0.429636513139216 3.19978952136478 0 209
20.9096937169821 3.49229775180715 0 209
20.9299571610403 3.60553127595904 2 209
0.176647647879265 3.03610649906073 0 210
18.1512455069634 3.14141939453284 0 210
0.164874321566321 3.20090783279059 0 212
0.38225274604323 3.01534900647361 0 212
2.36363625424665 3.04741785017778 0 213
10.3315706484897 3.1415272864216 0 213
17.6679243884576 3.33225252828349 0 214
0.00965602790470217 3.08929548770624 0 215
0.00868074430586458 3.32207202152479 0 218
0.0323417197167141 3.25841131513351 0 220
0.0269914139016959 3.12841664900135 0 223
12.9971249318529 3.2379503373452 0 224
1.46000718548153 3.29112514466155 0 224
1.7540310997129 3.09662106756098 0 226
10.3449273317383 3.19515287590562 0 226
0.104579330954477 3.60535694653055 0 228
5.14092559002374 3.03842001102036 0 228
21.7755998872776 3.26781000051566 1 230
0.0152897270106736 3.09470800512917 0 231
0.0853753847968688 2.99719533691285 0 236
1.67614237580792 3.12660620657835 0 236
0.002579019248242 3.40934013108958 0 237
0.0420128476848955 3.13847599563175 0 237
21.60983017032 3.39121389507964 1 237
0.0158317716472576 3.08568111852171 0 241
8.8820615478065 3.61689888797356 0 241
10.5796185095492 3.49342860693785 0 243
0.0319615359393418 3.10457025543129 0 245
4.30916985321908 3.62113746382743 0 245
0.16188433901899 3.17597290854696 0 246
10.1734132749361 3.06642248424026 0 246
0.0647172900451407 3.06808091617557 0 247
20.8140770541672 4.11386473796395 0 248
3.0304455446022 3.47686148344615 0 249
8.17136790297446 3.15482854613528 0 250
5.67468755044086 2.99181901247268 0 251
18.1740853498705 3.08433449930606 0 251
21.4125290833503 3.18816885074189 1 251
1.97780877344399 3.02020729002619 0 252
4.63557107096063 3.32772459604423 0 252
21.9582733154852 3.47788055408882 1 252
0.0807178460561726 3.03350757145276 0 254
9.08553801986533 3.0580501617366 0 254
0.667952092721529 3.22348078270693 0 255
1.72228924633715 3.39904664479407 0 255
13.6405786379284 3.04257267704274 0 258
21.2723780178881 3.10171215211775 0 258
21.3786075766288 3.02594712482309 1 258
21.2198438536465 3.20532945687718 1 260
0.0243567066683031 3.26911395711508 0 264
20.4596168634495 3.76563886460147 0 264
0.0635023737759695 3.6511499914057 0 265
5.45708403461714 3.27603235584138 0 266
4.50425182237475 3.26085628070244 0 266
19.1175421487942 3.07520513265843 0 266
4.27024242784732 3.49416565090314 0 267
0.246256713571818 4.03002289624063 0 270
21.3939943003092 3.66967696453608 1 270
21.4433962233454 3.19053951886534 2 270
20.1584905330855 3.14519472174762 0 274
1.31647820890626 3.16310203225966 0 277
0.00208958704483758 3.82210293694627 0 279
0.182393158586048 3.13149845840842 0 279
0.0405739934392137 3.30022531510099 0 279
0.00735263553155085 3.94087835646083 0 280
8.33582117156902 3.01957669931114 0 280
1.27148693129529 3.05118078536596 0 281
0.00716053943717556 2.99527717965021 0 282
2.1702766568966 3.63871552992081 0 284
0.0683462143379096 3.31545557925332 0 285
0.0673001610085711 3.30617227607823 0 286
0.107178518846601 3.20856998421031 0 287
0.0150035292121702 3.03896486479094 0 292
16.6398254246699 3.60709469482473 0 292
2.13905218501135 3.1093325922763 0 292
0.393308195842429 3.43453041357789 0 295
7.73637388286351 3.02472727841768 0 295
18.7181170012224 3.12981946032482 0 295
0.0892113874821089 3.25068233792771 0 297
21.0431690843866 3.16173062001773 1 299
21.2186581848809 3.33978158512747 2 299
0.0330845355059533 3.0074843984421 0 300
0.583678947392799 3.37928870767998 0 301
1.13364540648781 3.0592809310371 0 302
0.102995901449135 2.99133248744444 0 302
5.00213697442904 3.20440341525448 0 303
18.9185743260815 3.89108598396304 0 303
0.361003533693518 3.60997642007929 0 304
1.33988918963774 3.1310404448086 0 308
21.2115036064383 3.1262391118517 1 308
0.0729193007097094 2.99759641399065 0 309
0.774550023535848 3.03173306446373 0 310
1.08670834213655 3.17404726784181 0 310
21.6361343610661 3.14427421555237 0 311
6.89788463184406 3.7684100164465 0 313
1.09942322254024 4.07182895560996 0 313
0.664675664954077 3.00732166141648 0 314
21.5313844333027 3.64539721705363 1 314
0.000492888749172107 3.05179701378728 0 316
21.48219759847 4.47963366100872 1 317
21.4906771061335 4.0455981001415 2 317
1.78566874687116 2.99774737126666 0 318
2.18484810956221 3.1230481178744 0 318
0.0695024526402408 3.00065550382631 0 319
0.00342290812375252 3.197697813471 0 320
10.114170815537 3.51555866250679 0 321
0.00930570668527335 3.43113703351984 0 323
0.493925734884973 4.12296991198767 0 326
0.0609485430387175 3.19734017102063 0 330
0.165768297814152 3.07337041066802 0 331
0.00350909590650421 3.8824436123011 0 333
0.535520869993509 3.10150836762164 0 334
0.452393162431246 3.046534728686 0 337
0.0591925971901798 2.99397262664863 0 341
21.5960833671592 3.2577577708787 1 343
10.3691867570861 3.28240552952552 0 344
0.117970697369376 3.07428090305402 0 345
2.27588021015174 3.00477826624738 0 347
21.297560400711 3.65841193718353 1 348
1.86136396658578 3.36336237641439 0 349
22.0036071414683 4.33510814503133 1 350
22.0108563273868 3.33096255395301 2 350
0.0737341530098869 3.47725394659095 0 355
0.0741041992553389 3.09639920544827 0 356
0.360880150469986 3.21027980508541 0 360
0.0446425962096768 3.35444218847878 0 360
21.3118010358043 3.09945839855861 1 360
1.23298134249897 3.2859539800709 0 362
20.4491770789543 3.55277311941009 0 362
0.00638107724254623 3.34859285198083 0 365
0.501849515846771 3.08364125446751 0 366
0.100972716571743 3.36471985589408 0 367
10.3924015242308 3.03667166621269 0 367
0.0446853665273263 3.04498055580246 0 368
0.154309550866446 3.24547898488694 0 370
0.0396128411306739 3.16986194217911 0 370
21.2823506495074 3.65126605994743 1 370
21.3361866938971 3.0738769836172 1 373
0.0738377581548444 3.33302977627187 0 375
0.12547159067779 3.04871194052649 0 376
0.0533892564449825 3.03109030255752 0 377
0.934183047488649 3.28734305696972 0 377
1.47589591299009 3.36805685532757 0 378
0.0623289759135185 3.0696347366976 0 380
0.0176927393921355 3.17498029183959 0 380
0.0244956636883777 3.51307375059705 0 381
2.01670296621482 3.06329008601716 0 381
0.113413308414409 4.09935638838085 0 383
1.36734064356989 3.24983439453078 0 383
0.0399370792243998 3.24141266286596 0 384
2.87080206453831 3.40857747377174 0 384
0.705462535580249 3.0233919507632 0 385
0.457899335550255 3.77410717586556 0 386
7.42788977659301 3.01435954299919 0 386
14.0246390841587 3.29769814340388 0 386
21.4399240942762 3.08798329698943 1 386
14.1910300241862 3.22474087902153 2 386
21.1730344874408 3.30153731358815 1 388
0.00527149971423341 3.20775572390802 0 389
0.0150787486305878 3.00381388666322 0 390
0.0723054557330755 3.47767440369118 0 390
0.240027228981936 3.81827420927097 0 391
0.0273810720635366 3.04385508121561 0 392
21.5923695081469 3.18155918367754 1 394
3.95638476354499 3.70155261748673 0 396
0.0645708493637616 3.08499881698902 0 400
17.7789498175882 3.53934005377135 0 402
3.0866334401349 3.51998168257089 0 405
0.811498442958095 3.16080033777443 0 407
0.0371628649853909 3.0845350053221 0 409
21.64557806336 3.02894681520368 0 409
21.5539380741861 3.11372137144867 1 411
21.6611452290412 3.07847037960495 1 413
0.0229243157547245 3.67694417155813 0 415
0.0159968056122351 3.17350135408645 0 415
0.149141816248205 3.10518857750991 0 418
10.0259631442705 3.68508475418125 0 419
21.1140431886629 3.90750006646912 1 421
0.245570871752195 3.20203410137308 0 422
21.8202983184342 3.27700803633691 1 422
18.9125286949791 3.92615509987348 0 423
20.4704339215723 3.04813613516398 0 424
10.4010782718201 3.12543307531304 0 425
19.0842544701773 3.34417157281696 0 427
1.48865865667676 3.52929195825664 0 428
3.48917384792134 3.09870600988617 0 429
13.9779667424482 3.11371268642474 0 429
0.0539225529834952 3.59259360478782 0 430
20.4824091481319 3.6498886855009 0 430
1.93834794495766 3.22747634153149 0 431
0.137180839174637 3.08307338790313 0 432
0.073428188552051 3.38840518342778 0 432
0.950622887249529 3.64400889491672 0 433
6.22785791485401 3.44817505353005 0 433
17.6844357707968 3.26334429420277 0 434
20.5240088364604 3.16085293687325 0 434
21.2992708447013 3.04724294027328 1 434
0.0552407669922359 3.03895653497552 0 437
0.0291702735819124 3.7548063756057 0 438
8.34048902552905 3.03868392736008 0 438
0.0347430218158818 3.83185009261012 0 443
14.0220299335702 3.67583612925198 0 443
17.663686958542 3.03566942842411 0 445
14.9518285636629 3.05017287691156 0 446
0.0194306170165208 3.27639781123833 0 448
0.0309801257921467 3.8030743854099 0 449
21.8259493258406 3.12270113314297 1 449
13.9175111638616 3.06844974596804 0 450
3.87060164987746 3.51331723901376 0 451
21.4256507564891 3.38965852276136 1 451
21.6642876187429 3.28924543167521 1 453
0.320457797984445 3.001767299443 0 457
14.7877117324748 3.57869946790097 0 457
4.30884250565892 3.03833526608793 0 458
0.198200182636 3.2728716699148 0 462
20.4238785314187 3.06650946202838 0 464
21.2791767752819 3.03254173642248 1 465
0.014843681804596 3.18262213659664 0 471
0.00245241610304385 3.29337528734104 0 473
1.6803584483099 3.37631836405795 0 475
2.45435163501061 3.28935601962661 0 475
21.9681647873108 3.64497296195968 1 475
0.0467982101119689 3.02774693343592 0 478
0.0479216823267643 3.04162672260854 0 478
0.0180479462305983 3.50273308783813 0 479
0.862042208534581 3.13566827192621 0 480
1.41007561041696 3.20606460338879 0 480
0.755051956213073 3.37632257656349 0 482
11.4137677078937 3.56406848882179 0 483
0.540385651528378 3.07843785689126 0 487
0.0160189643081891 3.14311509205696 0 488
0.0124984294199031 3.13951319266716 0 489
21.8905697345358 4.31381633338111 1 490
21.9785561325079 3.4358593119152 2 490
0.0355272184488553 3.28193880748897 0 493
5.76879110595385 3.01780554013984 0 494
18.9662548346813 3.12455288356976 0 494
0.00481405134383984 3.59460727789161 0 496
0.417422832558958 3.28084031548768 0 497
0.0401238119855411 3.08709252598569 0 499
0.608441163571554 3.80567152002088 0 499
2.33576995635971 3.05882622972551 0 499
0.00325375332850487 3.50256260785025 0 500
0.174924494444573 3.01361931217211 0 502
0.428475811330503 3.06512856972381 0 505
2.13317144735269 3.81366130940099 0 506
21.0861778365538 3.44089942152865 1 506
0.0138204590243608 3.01189483105243 0 510
3.26800889350196 4.5125592202006 0 510
7.09407607831957 3.23291034376637 0 510
3.15392459622018 3.67354245645443 0 511
7.0087886886017 3.38059650498715 0 511
20.6219832253744 3.42619994173561 0 511
0.141561298846028 3.02937544977945 0 512
0.69652420681483 3.09382804890844 0 516
2.38807007454428 4.16281006377719 0 517
7.94762655476206 3.05545235661247 0 517
5.84574547425287 3.91303216354198 0 519
4.68462688111245 3.12586606800059 0 519
10.0087291546626 3.02883029403609 0 520
0.549853991230518 3.15794103185152 0 521
12.0912196874327 3.44856333533023 0 522
7.37235879909962 3.32691602083191 0 524
20.8606122901093 3.13560321484894 0 524
1.13930968389645 3.05438123752969 0 527
0.624562929101605 3.02680294793496 0 529
21.7527125409428 3.6185295699121 1 529
0.128591935458946 3.16148710402053 0 531
7.45768996366953 3.16945202310733 0 534
0.00239525555559487 3.5693938349569 0 535
21.2898161866792 3.28460863685557 1 536
10.0398974555762 3.68784707107578 0 537
1.07993491594735 3.09139694341614 0 539
2.29183678873514 3.38895809424626 0 540
0.461404854030662 3.02845292105874 0 541
7.60391584165522 3.08641206409041 0 541
2.36024794717428 3.75986838798335 0 542
10.2119629638794 3.90147714018132 0 544
0.00804025474872535 3.14592119520232 0 545
21.6346515299842 3.39004506239675 1 548
0.0717807597511619 3.34088928059832 0 550
0.0344535091208053 3.17522492475987 0 553
16.4837093260258 3.78400712517667 0 553
0.0287016627245816 3.18650531798135 0 554
18.2827866579229 3.05943313845206 0 554
0.117683097000283 3.5059689113766 0 555
0.342376384261254 3.2958214965954 0 555
7.13773556141452 3.48810922419463 0 556
0.0950289263826142 3.00782902911063 0 557
0.0442519575468554 3.06255600108591 0 557
0.521274972653621 3.31614581942215 0 558
2.35859390516958 3.01074119532125 0 559
0.0396998811890112 3.88714470332202 0 562
21.233683526199 3.54743512623075 1 563
0.0659848187179733 3.18348616999031 0 564
13.2955525372043 3.15532069309292 0 566
7.36808175192322 3.09142761790754 0 569
0.206275317963476 3.1189253069347 0 570
19.0417375223478 3.23669765857393 0 572
0.0158960065243631 3.14783940499651 0 573
0.137921962272163 3.29736896321325 0 573
11.155703654426 3.04415909359536 0 576
0.674487457288204 3.15922653051806 0 577
21.715990138156 3.25748646202038 1 580
17.8864923894866 3.27236353082671 0 581
21.9597368581776 3.03095903752386 1 583
1.49131170555113 3.93170897801978 0 584
13.2295404025414 3.00385730816818 0 586
21.8839276795654 3.3732427706825 0 586
0.184411744932119 3.26452963409653 0 589
21.4851087109741 3.04066707306073 1 592
1.54585287430557 3.02094704608971 0 601
20.758297133183 3.3603186994462 0 601
1.00052662409327 3.14988067237268 0 601
20.7414105354852 3.14824310500704 0 609
21.0726901095375 3.75564921296282 2 609
21.4263239736005 3.13024057355535 3 609
14.4921720546316 3.48843255715031 0 610
0.00260304257364471 3.48591205297924 0 611
0.0454203045119689 3.90603712948102 0 611
0.0735324916579213 3.01376326548374 0 611
1.45241390802572 3.37308395505106 0 612
18.7153887316983 3.60119127919091 0 612
1.9911929176759 3.18022789208852 0 616
0.12067665826106 3.06155590044916 0 616
0.209905479019566 3.27879882385808 0 617
0.0778195083621407 3.08076381306218 0 620
21.4905116797049 3.05894007839352 1 621
0.113542385441188 3.12414819453838 0 622
5.60814523137031 4.0441747996205 0 624
0.213904567193851 3.12703200890986 0 624
0.966534777276136 3.1222241716526 0 624
19.9737982958037 3.26602182584996 2 624
0.100898489209179 3.15797963820225 0 625
2.78114330522491 3.13860971915749 0 625
2.26726738453001 3.16300364880756 0 625
20.4746587586603 3.00729721325742 0 625
0.0949816831641701 3.13226207535976 0 628
2.36726802115402 3.27336881281888 0 628
0.00116947834919398 3.36736549498943 0 630
0.0426416436073894 3.00284383814262 0 632
14.6978421526881 3.01975267655227 0 632
0.0470583648737878 3.28464592728899 0 632
0.0284963178396955 3.34153642016013 0 636
22.0131394049708 3.36708028403894 1 636
0.502139305689567 3.30548477228251 0 638
0.101982067221531 3.15545970973086 0 638
0.0112883936980221 3.22406302566335 0 640
1.11241488376362 3.17155320993808 0 640
2.26817841158998 3.08779882513626 0 641
0.0835466094938419 3.33073135075555 0 643
0.514788741800813 3.76066798675023 0 644
4.59461622312796 3.92214781099049 0 644
2.14646795339732 3.41255656109415 0 644
0.34935470808113 3.05461455375414 0 645
0.000664320091217542 3.04865788842311 0 648
0.361332386680627 3.41227917111874 0 649
1.46368544538741 3.0696255263038 0 653
9.06439233087164 3.17958111396089 0 654
0.0200818791808241 3.03398993582597 0 655
0.427034199658526 3.10809453661711 0 660
0.0370115153779224 2.99391844333319 0 661
0.00957871877010188 3.01917526212698 0 661
0.0383875592101683 3.90497553468859 0 664
19.3460594842666 3.31999558096813 0 668
4.75177973597449 3.29862628885243 0 668
7.76445864847689 3.31173366104036 0 668
0.606774493428203 3.14255562239924 0 669
6.25365103589563 3.50137606216604 0 669
20.6683039189428 3.32113895254998 0 670
2.00419795050562 3.35457316440644 0 671
21.9385873371825 4.25676826096524 1 672
0.0183313859515425 3.28932259596494 0 674
21.4815725969706 3.62035377637264 1 674
0.0553787817153884 3.11188310041184 0 676
0.0809101119078377 3.02397738581581 0 676
0.186619983246706 4.16851043406577 0 678
21.9195077797953 3.01557327103595 1 678
0.121236877155159 3.36713912449283 0 680
6.0855857529697 3.69357725242554 0 680
4.81350891506344 3.5652947643929 0 680
0.443850626424491 3.77870149565575 0 681
0.00647445953553467 3.06943834403029 0 686
18.5346131990442 3.24011980736279 0 686
0.0689580524232311 3.07501613803065 0 686
0.547762197242725 3.26367544406246 0 686
10.2715958758882 3.66488051525108 0 687
0.675099562125587 3.088887217356 0 688
10.1768023642098 3.02287796742998 0 689
20.3986095304024 3.26459468861277 0 689
6.7213947154623 2.99433415587218 0 690
21.8597655681983 3.09602807400083 1 692
0.397256860526179 3.39911632948511 0 694
0.266659815803609 2.99640929301629 0 697
0.0372832992473164 3.07448564688066 0 700
0.242979031496031 3.1653106382063 0 701
6.6967591822529 3.42617289143226 0 701
20.5345387694015 3.16080405754712 0 701
0.715230746094059 3.01296513838967 0 703
7.44965019609563 3.39764769639304 0 703
21.4766855842058 3.76347540118424 1 704
21.2951310066596 3.64074483043256 1 705
0.122073477757126 3.1399798576494 0 708
2.99467099920463 3.17645913779511 0 708
0.0715521581985147 3.23178753243879 0 709
0.0803102606178974 3.1503808404677 0 710
0.0120625134792336 2.99574806433825 0 712
2.35588535892029 3.35421065523842 0 712
0.0520052492579941 3.07408161694404 0 713
0.098660715871241 3.20362591686765 0 714
3.09996054234863 3.13832168065867 0 714
0.0508213920114598 3.05952176087003 0 716
0.263404400811502 3.54321716697011 0 718
0.0102000235297067 3.39695395939202 0 719
0.120564146852293 3.46634248981194 0 719
0.479494398811205 3.14311135198578 0 719
0.132921435749461 3.28836523607398 0 721
19.3478875906644 3.07790110261988 0 722
1.56399178779652 3.5239369276822 0 722
0.714963007799712 3.55777652726348 0 723
20.6550015000446 3.08302721052133 0 724
0.384153205808911 3.87542295246613 0 726
0.100690175546267 2.9967427908433 0 726
21.6769679138992 3.22836779298403 1 727
0.110680936986769 3.1572626623167 0 729
19.2909963693212 3.82629016369821 0 729
20.3981974428804 3.00975484674584 0 733
11.8385995199941 3.63587149860612 0 735
18.1461680787146 3.452367768648 0 735
21.4249879584272 3.79285035244545 1 739
21.5628475288054 3.1765880114983 2 739
17.4230616966334 3.36572128820218 0 740
8.47110792199177 4.28409583941082 0 743
6.71604317828876 3.01330983871522 0 744
0.0415658326365234 3.68038460273028 0 745
0.426009585435775 3.17130322668894 0 745
0.685558614556984 3.30867474604953 0 746
0.11513394000237 3.23639143489249 0 748
14.3975417235004 3.35566534202206 0 751
10.3115597086137 3.18077727188554 0 754
14.6133503753777 3.41523619742132 0 755
0.0619767752656282 3.25564158443205 0 757
0.553912895285055 3.11826264208665 0 758
21.2869782870725 3.21489817524498 1 759
4.3945744368587 3.38177033113592 0 760
21.5913705161397 4.04903372020284 1 760
21.5962694440297 3.00995092993703 2 760
0.0189984299183047 3.09517508727261 0 761
0.0707826709885324 3.02537482425211 0 762
11.1510104076924 3.57277010054506 0 763
7.01482875187205 3.71113425459109 0 765
0.0471310058392591 3.40158913821006 0 767
7.35802777760267 3.35705253760163 0 771
0.00259984224347677 3.39214799853255 0 774
0.161742358952429 3.21910585514144 0 774
0.0187253041337705 3.10417031452323 0 775
20.4666168384397 3.0034167521537 0 775
1.10380100294596 4.03341155523517 0 776
5.20618382571068 3.42098299567958 0 776
15.3116448073419 3.10326086048149 0 776
21.3359452915933 3.76203862513014 1 776
21.3945759699776 3.36974278996155 2 776
21.4415485377805 3.8428993769818 2 776
0.609969406830235 3.63104773567438 0 779
12.8297037494591 3.03441563257514 0 779
0.0861904094295495 3.09719685810766 0 780
8.10319228479024 3.54312007114748 0 780
20.4221685394777 3.14826145544131 0 780
0.113338439840206 3.38119430802644 0 783
1.66333403974678 3.63918810101677 0 784
0.553521620066737 3.45633323648624 0 784
0.859072287204217 3.22605431704737 0 789
0.0487130058459872 3.04646683222473 0 790
10.5120060501535 3.19325328148634 0 790
20.3980907119867 4.05706397014254 0 792
20.758249557567 3.14059227059734 2 792
20.7667576376413 3.2973660880998 3 792
10.6129806702199 3.76485350692207 0 795
2.1164597837896 3.1988281855281 0 801
7.23023110996991 2.99346112727097 0 803
0.485330668061694 3.05605820668514 0 805
0.00855085482312354 3.15783473475699 0 805
19.135793304389 3.4576457560013 0 806
0.0371302623812274 3.25519609667351 0 807
0.0971309003716832 3.04446699264468 0 807
0.170569888889391 3.12319099159943 0 807
10.1716239874602 3.71545406521544 0 807
0.43306795091227 3.01037573012268 0 808
19.1927159581189 3.09950713142848 0 808
0.0223440062980111 3.29289717451881 0 811
9.94796032878599 3.34799093107621 0 811
1.38726850715824 3.06101207501382 0 814
4.73442616911572 3.09140986779332 0 815
15.3739009376263 3.07652047479042 0 816
0.00398631566128434 3.77696692305324 0 819
21.3675821343527 3.06112488564907 1 819
17.6517380605894 3.58565457757316 0 820
20.399912747581 3.26407940254111 0 824
21.3484157967937 3.45437004407461 1 825
14.1485840090302 3.26674831315797 0 827
3.65810717195458 3.29348555142561 0 828
2.16528044571863 3.28059066976691 0 829
0.0600901767361876 3.0018075757188 0 833
4.6544466691894 3.14747313281285 0 833
0.067901755006624 3.34415878732224 0 834
0.0372710806294657 3.37322232102157 0 834
4.02650907258568 3.01270414051619 0 835
0.308536821098056 3.48602999747478 0 835
2.46367640469459 3.41948671090375 0 835
20.4465174999852 3.02700722747168 0 837
0.90688947405242 3.79587643085351 0 839
0.021307539839177 3.18634668685404 0 840
21.2153008204509 3.12459851274105 1 841
8.50990494467182 3.26731990351651 0 842
7.18855114635806 2.9980958489521 0 843
0.0257582751536409 4.42650711002431 0 844
1.55166802286884 3.02814039130828 0 844
12.8382746197036 3.64740158028192 0 844
20.5048758423658 3.07075800080169 0 847
1.04058370896042 3.14769875362893 0 848
21.0240293034908 2.99747371984761 1 848
0.683676333413314 3.02697091341422 0 855
0.735043002734297 3.08475737941347 0 855
4.61301360247684 3.1812297882321 0 855
0.0280164142201192 3.2657285937587 0 856
0.178208539618918 3.04786803144143 0 856
0.382974466615063 4.01075594488481 0 856
0.713319937228474 4.13342989098255 0 858
3.30473599113856 3.14273143661105 0 858
0.000573087473687406 3.34364347234348 0 861
0.105199488447296 3.7088291488335 0 861
13.8287123417573 4.11593409253239 0 863
0.00977311701025959 3.18133735170959 0 864
0.00852230444644258 3.20287644371727 0 867
0.0154142785414462 3.06504688776319 0 868
0.129683756430703 5.06573676451885 0 869
8.11106473694713 3.69118788142243 0 871
2.64578828504046 3.18500659193427 0 874
7.86298258260262 3.47117281944949 0 876
0.157906044508596 3.16881793380359 0 878
17.5118830343179 3.04944295253917 0 880
0.0872966684083857 3.11560454742509 0 880
0.116692147987997 3.17895960729271 0 882
5.07640385958451 3.67177484761692 0 883
0.0460772965451472 3.15785611890553 0 885
0.168378973898455 4.09159055649936 0 885
0.0363245257196112 3.15566689588911 0 885
0.271303548330452 3.12957201606469 0 889
3.94295744133838 3.06420756395239 0 891
0.333145149090765 3.39846994278493 0 891
1.14933842793726 3.78755533631019 0 891
21.6529982738752 3.11062211937001 1 893
0.0203691734253558 3.04015809172825 0 894
3.07425382926559 3.07896038240813 0 894
1.67145708943264 3.21337008774567 0 895
0.0282726083098586 3.2084911423284 0 898
15.3284094368176 3.08896365962399 0 899
2.23202677033184 3.11884461531569 0 899
8.43277390095129 2.99552350904103 0 900
12.5561114976016 3.28256646680284 0 900
0.0477099904156353 3.36679795577596 0 903
0.395310337678781 3.45771516675492 0 903
17.3337411319472 4.06181006562622 0 904
8.14559453603693 2.99573426894409 0 905
8.40335646123276 3.36836189539456 0 907
0.0869385050678779 3.55251088603903 0 907
1.82093965407526 3.31677270816457 0 908
15.2890721983054 3.57230496015728 0 909
2.12610105684686 3.25409594994401 0 911
21.0918822485578 3.17333440724641 1 912
8.3975886097331 3.12561808357046 0 913
21.6780750694774 3.07077969760746 1 913
2.9102872222214 3.23660379235534 0 915
8.56629520231718 3.6928368567037 0 916
0.019901510242214 3.68084383997358 0 917
0.387357966866876 3.75140770717187 0 920
5.3795602641945 3.07960190594891 0 920
0.150825011740396 3.97304190146385 0 923
1.93547437757558 3.20945473159962 0 926
0.191572785106478 3.25072058844906 0 927
20.8083648220542 3.10142041300154 0 930
1.42695456683146 3.67426995882441 0 932
0.0207925047261419 3.15405884191136 0 932
4.36630023481462 3.11614311436894 0 932
0.227750589657799 3.01274142915401 0 935
8.14105700797984 3.24823725965675 0 937
8.35218995658244 3.3711699683541 0 941
21.2475192150191 3.00764934573012 1 942
11.0976722869817 3.41529249723229 0 946
21.9993953915868 3.49325529192525 1 946
0.156669467113711 3.36978253651137 0 947
0.559038390137362 2.99832027518732 0 949
17.623305360644 3.04914346764772 0 949
20.4235876767554 3.21823178413491 0 950
1.29026879835511 4.05810914931636 0 951
20.3963650371444 3.00549729999065 0 952
21.3767710483257 3.7814386509147 1 953
21.385287002117 3.08433124594403 2 953
21.3899455979317 3.02476700652732 3 953
21.3935446700877 2.99274745007374 3 953
0.0644829480370328 5.02051293757198 0 954
21.5703028891325 3.1977004962033 1 954
11.50860384921 3.17829304164356 0 956
5.98656824556391 3.06608889458466 0 956
0.00751182968395864 3.02095232905643 0 957
21.2953635017943 3.33017453625623 1 958
0.0689021239403639 3.22543923515192 0 962
0.00830226962945652 3.84874246202236 0 963
21.6659283695367 3.481888163947 1 963
21.1147051140756 3.73158646816662 1 963
21.6366995874709 4.69509242514726 2 963
21.2700657578705 2.99441527913431 2 963
21.6521886336524 3.28104920127294 3 963
21.6894494550521 3.29259579773365 3 963
22.0094172747827 3.20051168411857 3 963
21.8825272214219 3.00341852579303 3 963
21.6902940219668 3.36451617607149 3 963
21.703604377244 3.11080351894543 3 963
0.0058977165019105 3.56204051770918 0 964
0.00255033819905283 3.04165013024313 0 964
0.871185196408829 3.29328844316104 0 964
2.89879999897486e-05 3.66797048425995 0 966
0.430904611394482 3.60503843667663 0 967
0.0402628264740693 3.27968635690445 0 969
20.3995790901638 3.06655148776455 0 969
1.24130436665752 3.02554239414139 0 970
0.43328584331772 3.05367030151434 0 971
10.0631424426463 3.10001434188514 0 972
21.98534729626 3.13411657215533 1 973
0.169283162014819 3.14525171716032 0 974
17.1562258046834 3.25880903847282 0 975
0.0169510588798945 3.12952397122248 0 976
1.94354290224367 3.11660601169572 0 976
13.688312818587 3.02038741301214 0 977
0.025104933376502 3.2547054441761 0 977
4.26597408949238 3.32192033884076 0 977
1.63589335596615 3.33534056940231 0 978
2.58849283632172 3.13953573578579 0 979
6.64751525499022 3.01038719310673 0 980
0.000930195016724363 3.05239491173221 0 981
0.473858065869657 5.31693603004235 0 984
21.6297208214268 3.06344319838089 1 984
21.3778618617539 3.65174295916465 1 985
0.0451278707661061 4.25750750867924 0 988
21.7885939734146 2.99802420000548 1 988
0.226396817795945 3.55327443558123 0 989
20.3985194690318 3.01573056174843 0 989
4.38969241238168 3.64122584690917 0 990
8.9305720279266 3.01594583577929 0 991
8.05588011075501 3.47355070882076 0 991
1.19967369260923 3.76044565231909 0 992
2.68916062870249 3.32518368197138 0 994
0.0334413487478423 4.18589813289679 0 997
1.15800126326072 3.47057653211809 0 999
