"ts" "magnitudes" "gen" "cat.idx"
0.0256013026514347 3.30168455908446 0 1
104.149670849973 3.56850180104738 0 1
63.910876183195 3.26241615214156 0 2
117.69286881525 3.04179905172759 1 2
83.194212629073 4.66647067701 0 3
69.8040208446495 3.19717896804526 0 3
67.6600141207156 2.99912305760654 0 4
67.3728498960069 3.05332435068703 0 4
67.2589729048786 3.53749535977958 0 5
67.5525641449914 3.18540314506113 0 7
68.3913080727515 3.16114900163028 0 8
0.0415487161044508 3.51093495486888 0 10
116.707720304004 2.99671903422865 0 10
114.09326131244 3.31762931170765 0 11
112.281400812317 3.12077993188338 0 11
117.7518485112 3.15673324062408 0 12
67.5731895870776 3.61310699992358 0 13
114.486125964721 3.14902329854763 0 13
68.9688926408142 3.50606050116007 0 15
115.602904362758 3.74623743307125 0 16
67.4131040995889 3.9018156922117 0 18
117.700607708403 3.07054185377223 1 19
71.9603309298058 3.30895599844079 0 22
68.2834640235366 3.12243352895647 0 22
116.935552470551 3.12465302886072 0 22
0.0667509940516258 3.6820417704697 0 23
67.2660555702175 3.25319752219128 0 23
67.266706993106 3.08594438711539 0 24
113.000518667769 3.18115678147364 0 24
63.714425776458 3.3955395989893 0 25
67.3584462821931 3.37211686504899 0 25
67.2550350856437 3.21421831952797 0 26
68.4968585140283 3.94261648099485 0 26
67.2527250409545 3.14541947094079 0 26
67.4595605910709 3.2851801399813 0 28
68.196574682323 3.20847253240682 0 28
116.839211938226 3.37905717682435 0 28
63.7495279239907 3.26924607470887 0 29
68.181028141883 3.40686312027575 0 32
68.6332677865373 3.06775189397984 0 33
116.110889344856 3.01751814050586 0 34
104.471510591151 3.42774642587096 0 35
109.523000724359 3.47228392899624 0 35
1.48271598941169 3.24224811781379 0 37
116.878330138897 3.21000925630459 0 37
110.814994412695 3.03901943129006 0 38
117.390471949462 3.3786418825131 0 38
0.0573821678612294 3.21909504951882 0 39
69.3292386823252 3.03613868349568 0 40
116.817086259987 3.50922600530122 0 40
116.947580919967 3.22500075338836 2 40
117.420811875471 3.01804365216539 1 41
63.8254046510793 3.12401605964705 0 43
72.7504166125744 4.36067388327577 0 43
67.9713659594594 3.14972241737322 0 47
67.4656018936446 3.11784544780322 0 49
97.1573342951517 3.57248044846834 0 50
71.1805277398914 3.07394273379849 0 52
68.5719132421289 3.70593976308569 0 53
74.6521299214075 3.1062476826547 0 53
116.91012614656 3.21904487746954 0 53
67.3881996371032 3.06121620488709 0 55
67.8873531392471 3.22480053430558 0 57
87.1799311156052 3.66850342061691 0 58
22.9904955082681 3.14885605450145 0 59
82.0006981497421 3.0868288321482 0 59
67.2653001049584 3.26287105058891 0 59
67.6910868265467 2.99675288841813 0 59
110.910278485695 3.02944582807546 0 59
67.3803618835765 4.18224884460681 0 60
116.060684301877 3.08165447986263 0 60
67.2632427824758 3.03837573428573 0 61
63.7379968424298 3.03747778394529 0 62
71.2301212322283 3.08692122541693 0 62
112.941596922964 3.93271252773229 0 62
113.580599097879 3.21420950574502 0 65
118.023164913737 3.15199017521912 1 65
67.5321159619497 3.39637421685194 0 68
67.2740164563433 3.15105446364164 0 70
0.0712418420172394 3.35269960191413 0 71
101.101120105854 3.11871864671922 0 71
64.3418330675793 4.41711792772105 0 72
67.2689246630392 3.0983651636982 0 72
91.0952035553281 3.26067699087012 0 72
96.8169099515166 3.04442614528088 0 73
67.409758566539 3.22567270345229 0 75
117.784715508324 3.19491728959492 1 76
63.8914330262206 3.09142877704179 0 77
68.3104491927034 3.15548769770292 0 78
114.603156367361 3.982493617317 0 78
117.581653261771 3.706580012373 1 78
112.688394438384 3.2896602790368 0 79
68.1521546188374 3.24049386712755 0 80
27.2461196231366 3.68469115993695 0 81
65.3474942525074 3.04520312417627 0 81
69.932361496913 3.06615750391056 0 81
67.2969454506005 3.12716025548083 0 82
118.166187251356 3.42877553288797 0 82
67.3841025233747 3.03116689267117 0 85
68.9294520849673 3.01310304262761 0 90
67.5675691545926 4.82384971226959 0 92
103.175411139356 3.41641659842157 0 93
115.655801760261 3.1700705181775 0 93
117.279767220391 3.32196369518791 0 94
63.9023243091878 3.0415078694787 0 95
96.2558919094547 3.01582341067096 0 95
67.7814891394926 3.14320977372348 0 96
118.056004822701 3.43388943324224 1 100
118.099452891862 3.39517677542697 2 100
0.269252507675798 3.16509882808399 0 101
71.6170976568064 3.42147906847998 0 102
63.7902874361622 3.20764501295387 0 103
28.2629249812994 3.26937125918913 0 104
18.1836366393456 4.09089273061966 0 104
22.6258933213142 3.32318341919651 0 105
63.7694086091124 3.08799926841123 0 105
63.872750972256 3.41399655060346 0 105
67.3643121577965 3.18136179805087 0 105
75.6142103624164 3.00083945110004 0 106
67.653559931734 3.38765920570641 0 108
67.3984783433309 3.45847795114088 0 109
64.5218728393688 3.20402125178259 0 110
67.6243864589185 3.22260459649157 0 110
68.5468100508722 3.57548526315544 0 110
117.740920673338 3.04164212991429 1 110
74.1750039189197 3.75908031578167 0 111
68.7015901178937 3.22401844344539 0 112
97.7361464924569 3.42415723877197 0 112
69.0946824097418 3.43985334376826 0 113
67.2697611916712 3.31049952177093 0 117
112.147422566475 3.00317027269607 0 117
67.558831842291 3.59736893917544 0 120
116.150339097539 3.28428104812657 0 120
2.08609921024474 3.30920552501383 0 121
65.9278999138022 3.15550037137869 0 121
112.559158488146 3.16265497120606 0 125
67.259801750632 3.12321794825163 0 126
117.778180699543 3.05719287293169 1 126
67.3784655890749 3.76070834619304 0 127
117.947606404758 3.14343308051253 1 127
67.4398322424454 3.04805263856733 0 128
69.8996311239457 3.4143786943828 0 129
112.589367441093 3.06008863856504 0 129
116.736518995558 3.53947287795313 0 133
54.4319822791468 3.12700935405488 0 136
51.4903734497916 3.15518213844006 0 137
65.1078823174032 3.75743466927704 0 137
67.9630815276924 3.43278648670745 0 138
112.650096176907 3.04936001990708 0 141
116.965890340646 3.15932459203343 0 141
118.027701987633 3.0434953249055 1 142
76.2508022478847 3.17042583554272 0 143
94.2876485083264 3.22485848071734 0 145
96.0895889039542 3.05001685684177 0 145
65.0450413218942 3.94871669977057 0 148
67.2716061336855 3.4806755159929 0 148
115.973784010244 3.11090461296323 0 149
118.107560544255 2.99382894995457 1 149
1.85224163241373 3.07142376225211 0 150
74.8684792494047 3.42925623337477 0 151
84.6951249159588 3.38521365334437 0 151
117.666492220693 2.99454389171554 1 153
68.8270982135284 3.81065431399034 0 154
72.2999060629572 3.75301355254096 0 157
117.830774250421 3.01701264693729 1 157
117.626695171678 3.6008712799737 1 157
118.072417861955 3.01825936398933 2 157
117.627129966428 3.08966205042439 2 157
98.7090037161045 3.05446879080448 0 159
117.309156216196 3.09331205451062 1 159
67.2947590312831 3.07833033143556 0 160
68.4650721654173 3.28527247905523 0 162
81.2437490511874 3.21463594429763 0 162
65.1002168766553 3.11652897122842 0 163
69.0651565067743 2.99554742565841 0 163
63.7417656343147 3.10258041471543 0 164
108.329249065435 3.10397776605002 0 165
107.396343769172 3.20660217446776 0 167
110.88131761156 3.78684493303716 0 168
112.543916523276 3.26773301096488 0 170
63.7476200425327 3.12536374660936 0 171
67.3949521095787 3.09934663729315 0 171
67.260970524929 3.62517387891232 0 172
110.349672656499 4.3462392263876 0 172
117.295198468308 4.23822060058236 0 175
117.34458647533 3.81737240767214 2 175
117.484749243858 4.00007071211284 2 175
117.527781241714 2.99113660308536 2 175
117.428945971949 3.09848654371495 2 175
117.794308665185 3.33041778085119 3 175
117.85121215525 3.06568487744341 3 175
117.57124548765 3.45520527222304 3 175
93.2390292812183 3.02468180421167 0 176
85.3134657089101 3.65535133741864 0 176
118.102602410059 3.3405495685248 0 176
118.191979601235 3.01818588214255 2 176
0.00615868923264535 3.29082325666781 0 177
118.249025611886 3.11041809953632 1 177
67.9200845111827 3.7767953372525 0 178
67.3438736349294 3.2774344193021 0 180
67.2745299638352 3.16725386285077 0 181
7.36781843289829 3.25827020926953 0 183
110.002623090478 3.34925296586504 0 184
67.4091838063203 3.00547018879185 0 186
117.581363398795 3.6349436355733 1 186
67.3383832962877 3.34690382462901 0 189
84.0396256451717 3.09780019733088 0 189
117.410955908922 3.30437565011808 1 191
67.4725739366623 3.26329402819153 0 194
68.714003146963 3.00415293224028 0 194
72.4361234179227 3.17576293392252 0 194
98.3735158262876 3.38853095434127 0 194
67.2621308545344 3.59146221826103 0 195
68.1805077364546 3.17124125011118 0 195
67.9886408245838 3.18527438633218 0 196
116.88537852705 4.10863917898906 0 196
52.1968693684134 3.04400549618879 0 198
63.7401524366287 3.00535668891427 0 198
114.661148938005 3.10994713550456 0 199
67.4334836801613 4.35893502932217 0 200
68.2489691068834 3.20903049982534 0 200
112.996324285582 3.06599667713737 0 200
115.427187293095 3.06667200000769 0 200
0.00127139236138314 4.3675559536679 0 201
67.4953377555169 3.16913155626387 0 201
87.6635266364292 3.1812421657621 0 201
5.72317349586512 3.04919509306903 0 203
71.0571474324252 3.05833880392725 0 207
109.869791789748 2.99901271130092 0 207
117.453291848515 3.09030726042498 1 207
67.3717959816719 3.13259514679981 0 208
67.4548875384319 3.37382781355025 0 210
113.244884609639 3.9713980958591 0 210
105.574457022313 3.09713124112514 0 211
22.2105075000151 2.99638235230365 0 212
63.7460939884785 3.15831844013136 0 212
68.1924043051313 3.56942331459363 0 213
69.859504665288 3.02863260832513 0 214
116.739758209104 3.66353694414041 0 215
116.745822612576 3.06946558313769 2 215
67.3741916302796 4.74987864745199 0 216
67.2994017912056 3.24168493701781 0 218
67.3767864106446 3.06591774095983 0 219
71.6141024760387 3.01660730087595 0 219
116.756561644843 3.00513568555136 0 221
67.9080318915704 3.0417975696354 0 223
64.6794139320277 3.04862956231898 0 225
67.3335609526039 3.00907367950448 0 225
63.7723042487146 3.82713565064092 0 226
67.2948850326475 3.48350702974493 0 227
67.2556634656655 3.19882814129559 0 228
109.773428312137 3.29662051943404 0 228
65.4573543042686 3.19398826727637 0 231
68.0447457000827 3.07505743362737 0 233
109.555577910249 3.68822952577745 0 233
117.070427130023 3.39482746005041 0 233
68.7353712549629 3.34078746219735 0 235
67.2582842728915 3.37807839550218 0 236
67.3964369363226 3.12562291157045 0 236
66.3340730927152 3.14612487957077 0 238
112.429618447641 3.29973519975378 0 238
117.356204392369 3.20962688606084 1 238
117.421915097725 3.2673230064577 2 238
67.2584995338344 3.10563809558881 0 239
65.7344937891118 3.05266832584313 0 240
63.749330559269 3.71619071248097 0 240
69.398777833659 3.17474082230797 0 240
110.890320135635 3.95238543904687 0 242
70.0296359696792 3.02124180921299 0 243
117.670546630378 3.1302450232282 1 244
117.814068975606 3.59560538639891 1 244
70.7012996425178 3.50664884711927 0 246
117.70818713841 3.52362304103494 1 246
77.2302272315919 3.13073563627901 0 247
67.7556968077804 3.16792378488421 0 247
97.2742352021327 4.5833759067024 0 248
67.265459589018 3.24063028451183 0 249
67.2589221947702 3.21835473719485 0 250
71.9764989690652 4.11316171243786 0 251
90.0340448062022 3.24215817978148 0 253
67.8680717301222 3.71680740179442 0 253
67.3000589636126 4.14018251703342 0 254
67.373451879338 3.01162841723706 0 254
68.1719841764719 3.71788423131723 0 254
117.538586454679 3.65877125304688 1 258
67.2839804995549 3.06395868380183 0 261
102.290090854318 2.99869744492952 0 262
115.05387361321 3.20237927874357 0 263
67.3226688172376 3.07474237269774 0 263
63.9632629110959 3.05019181658359 0 264
0.0520510428865752 3.03946154496263 0 269
67.2999661598361 2.99630464388588 0 271
93.1609031905727 3.00436860039639 0 272
115.134378686047 3.20912770804703 0 272
93.4718487325446 3.11386502742148 0 273
114.500932757656 3.13520069911854 0 274
104.993747369562 3.57086958936147 0 275
64.0606773460063 3.15459849494814 0 276
116.73902022941 3.00959951730306 0 277
69.1439668635486 3.33434143392629 0 278
69.3280032023289 3.27543799283582 0 278
63.7649845001699 3.05930608701326 0 279
117.255248595243 3.21366173982886 1 280
86.8364665213535 3.09002778546214 0 283
91.3200983284392 3.14384374272386 0 289
115.57822449982 3.11299829123944 0 291
80.4548834487663 3.01242242365357 0 292
74.5525981831135 3.04755720141568 0 292
118.120841292878 3.14828292760043 1 292
67.2623413450197 3.81893924815599 0 294
77.5630850651574 4.02551165238375 0 294
117.669518964579 3.02790637785785 1 294
117.710429663521 3.06413535033573 2 294
67.283287661841 3.4940192031069 0 295
87.0404952334891 3.00405321109673 0 296
68.1123934148659 3.12430144687075 0 299
110.828157010922 3.09352356454865 0 299
116.012948248439 3.22741616872771 0 300
110.705279134779 3.20181260629936 0 301
67.2660882662232 3.39062068088641 0 302
67.2910222337772 3.28225631840898 0 302
63.7802048252654 3.30815951431507 0 303
67.728303656182 3.18715603219686 0 303
68.2808847335792 3.23046302993565 0 303
67.3778637518314 3.01315401071365 0 304
69.0375648306004 4.19261208406287 0 308
64.4798682534048 3.14073312722197 0 309
97.6911685667868 3.12015204149388 0 311
67.9123030881984 3.52937598472997 0 312
68.6308778091777 3.07041914262778 0 312
68.1665668296379 3.29633506484543 0 312
72.2540737438427 3.23391936316255 0 312
116.523765570958 3.70591888291515 0 312
99.5481878431339 3.22800826134279 0 313
63.6594776294703 3.30894038722271 0 315
67.3609504317507 3.18239310972547 0 317
68.2158060384337 3.09211863959668 0 320
75.0946154896037 3.29227191696182 0 321
78.1793747030822 3.37797925650093 0 321
117.341952652418 3.41365187115797 1 321
48.9970454454849 3.07256191711102 0 322
65.0608820289464 3.19192717888631 0 322
96.0351777287877 3.37087417709427 0 323
112.632062778231 3.32232793328182 0 323
108.378058615607 3.42916709001291 0 326
68.5719232128722 3.16443128703567 0 330
70.5280761874591 3.28874250222914 0 332
68.1945845858212 3.4011758017221 0 333
67.9641930483933 3.10326558166676 0 333
73.2376141692304 3.24482209497881 0 334
109.529984473877 3.37267317645905 0 334
117.532514384696 3.51745533257906 1 334
67.2988609020511 3.02537878625548 0 337
95.8342464179965 3.65663666763807 0 337
68.8115808843826 3.25837510142856 0 338
109.546711689205 3.5221959377697 0 338
67.2692182793807 3.41813575296316 0 339
63.7534732208174 3.16604667300374 0 341
67.3902808367191 3.04488058801404 0 341
67.5227866965826 3.24488895368467 0 343
67.4886647333725 2.9906578833784 0 345
118.04737517748 3.19232340102671 1 346
63.7383886958852 3.27281629333024 0 348
64.2153611892931 3.13392256069475 0 348
117.710540894865 4.85252505240327 1 348
117.783321030777 3.51274664321235 2 348
117.851567027904 3.29659402682819 2 348
117.737467150688 3.05487107309642 2 348
117.722577643315 3.14146999728683 2 348
117.719306097784 3.01302312805889 2 348
117.985412841962 3.04893497178741 3 348
114.656006393973 4.21000812045752 0 349
116.813695708527 3.01720299853378 0 351
116.164570594163 3.34372225984363 0 352
118.035023575629 3.02160427884481 1 354
0.0179022628265166 3.16036910196325 0 356
63.7800591922415 3.37997535111871 0 356
67.2789916502108 3.03335382756632 0 356
67.3492883089914 3.06219946050988 0 356
67.3970889412021 3.33968396851242 0 357
118.087315808729 3.08650193174984 1 357
118.120713729064 3.50583469962691 2 357
79.378406600929 3.39529608990815 0 358
67.2760131855077 3.84004211547019 0 358
69.1449940668394 3.24447544971663 0 359
118.0437528045 3.43024673964587 0 360
67.2972298014669 3.18266888869817 0 361
110.696814302775 3.58708272731078 0 361
67.4069375266254 3.22423814089016 0 362
82.8098607252463 3.60053820429217 0 362
114.410978468872 3.15915941812952 0 362
67.3393137453706 3.27409480769604 0 363
63.7396937698513 4.69369777139227 0 364
116.015528166643 3.21510962029757 0 366
65.7087387858196 3.04120313998234 0 369
67.281643093892 3.00954050339094 0 369
97.4933429216635 3.20819720409073 0 369
67.4741126065592 3.63214769166704 0 370
66.5391270719457 4.30093710487412 0 371
117.584047676743 3.04766690392582 1 371
117.598887994816 3.39672747346673 2 371
89.2891379338855 3.54846678419141 0 373
90.8729108016414 3.34575965793516 0 373
117.654994193137 4.49935106466972 0 373
117.703453027451 4.43030016084409 2 373
117.96727130021 3.58944895658022 2 373
117.881330566701 3.01079667604471 2 373
117.661432730962 3.31742222507255 2 373
117.711470334716 3.23241610913621 3 373
117.756040058448 3.04907297293922 3 373
117.703558749322 3.01745110427524 3 373
118.057432945615 3.2161497611701 3 373
64.957266783399 3.2189582624564 0 374
67.9517702071152 3.38864444467273 0 374
115.001633621126 3.13088635266438 0 374
0.555731693085102 3.20871556447363 0 375
74.6301845700404 3.27013573145285 0 375
74.6325014149549 4.0865359055005 0 376
68.99788026239 3.17501343835291 0 378
68.3458632674295 3.25113934160227 0 379
71.663185704082 3.3799462564249 0 379
74.1997927615877 3.03365615301338 0 382
117.879835252165 3.16351123118975 1 382
67.2534236297837 3.2114860993755 0 385
68.1745382724605 3.17395937783551 0 386
71.9421496121095 3.37202186815005 0 388
109.522842602367 3.66695755111524 0 389
112.064158218561 3.27962300018965 0 389
1.51693815591872 3.00000787972879 0 390
31.9287752503794 3.28333174356898 0 391
117.45805466243 3.51417514964697 1 394
67.7647739785224 3.19103039553959 0 395
70.6801487708997 3.20298072732351 0 395
97.7188410115923 3.05630798056401 0 398
68.0890005377575 3.11984214016588 0 401
70.3309394877379 3.02363300463684 0 401
117.047784892807 4.45743669105381 0 402
117.07660017776 3.00713153355773 2 402
117.196970172512 3.54996806509392 2 402
117.641779034908 3.59353610332961 2 402
117.274762808416 3.36827050950481 3 402
64.0698345457482 3.01028530441849 0 404
112.152628800121 3.36398045134419 0 404
97.9876632941937 3.01165302632528 0 406
116.742219246126 3.2404343862792 0 407
64.0573336429747 3.95916553296876 0 408
67.5698007002451 3.59066270829048 0 409
117.816220548916 3.05443649743335 1 411
67.2842595782163 3.03446277199731 0 412
116.883068183796 4.05947217485638 0 412
68.7118267393494 4.02242623696638 0 414
114.747443060645 3.0562954600466 0 414
63.9197619187477 3.45637070324379 0 415
68.5244083635155 3.56267267134157 0 416
107.88883641287 2.99454132806541 0 418
81.0807439778445 3.16231606561853 0 419
68.1894499629435 3.01248600289427 0 421
67.8095322961539 3.68435772433606 0 421
67.2647096238983 3.17771146045598 0 422
67.3447620900076 3.53573427857054 0 426
78.5172434589373 4.04396301918851 0 429
63.7402988811245 3.70394388457113 0 431
67.2564256069088 3.27896839089704 0 431
99.8086896540693 3.23871640874665 0 431
117.976505798967 3.11776007951323 1 431
67.3964871090999 3.18173792469342 0 432
91.9456705132044 3.55399240191655 0 433
69.0122562515089 3.14901763633133 0 434
118.089031723774 3.49905155187389 1 434
67.4797257072358 3.46784713330322 0 435
68.5134433877367 3.07769621047224 0 436
68.7125760924454 3.02089839501969 0 436
63.9724102475905 3.14827826803829 0 437
77.8931212747245 3.27009493805578 0 437
116.916910971178 3.21617149904972 0 437
68.045972620427 3.33351543504177 0 438
110.725080004835 3.01034781908544 0 438
118.089811915512 3.21229574934704 1 438
77.7213184345463 3.05720877026421 0 441
108.982026244423 3.50439556419027 0 441
40.2433413864454 3.11975289418259 0 442
68.2853845863916 3.01994269221717 0 442
67.8745306454907 3.17169184130367 0 443
69.7751717142656 3.03461370940687 0 443
64.3175599377429 3.22691077585977 0 446
67.9198907833542 3.23102066621624 0 449
67.524569347463 3.08827326747966 0 449
80.9448300299467 3.13525848965613 0 449
117.25625334422 3.78999877676038 1 451
0.0282087260945228 3.05669054890827 0 452
101.089984351668 3.138372555627 0 453
0.339505983470036 4.27696645580865 0 455
63.7435307117195 3.34297807681658 0 457
68.7770647833961 3.19617668501866 0 458
68.3431363349952 3.23547384641489 0 459
67.4770659687213 3.23914050760634 0 459
117.92444774623 3.12481693683612 1 460
67.4986821934475 3.0142064342918 0 465
95.5088821034833 3.24033804022847 0 465
0.558476158330873 3.04566675642815 0 466
67.2940828620774 3.39323425092867 0 467
82.4080048819618 3.42829310157682 0 472
109.781109074735 3.0300691357313 0 472
109.560628906437 3.17801203867468 0 472
67.2829549861537 3.52610457719856 0 473
64.1573908213112 3.34479739079198 0 475
67.2598419780737 3.03975822985767 0 476
116.432824644953 3.48514126361497 0 476
64.0881820391523 3.15623202755774 0 477
107.607112776037 3.18874906272224 0 478
109.625706095475 3.23532572970412 0 478
112.551372216521 3.45533146747072 0 479
106.468876324711 3.42064696096402 0 480
104.628590779182 3.00169261339335 0 483
76.0342467971104 3.19523367689406 0 484
81.1467453768784 3.37298400714013 0 484
2.16771439694718 3.01826247405014 0 485
70.5482438388889 3.81285348432364 0 485
76.3515018399055 3.21876803944806 0 485
67.3451413988005 3.05342265048235 0 486
117.304723106305 3.41525234471281 1 487
69.743978473255 3.91778815983781 0 488
70.3652715908344 3.90525367607979 0 488
67.6279472991818 3.39129401894706 0 490
116.773770189529 3.21688110478993 0 490
64.5284541379796 3.26824238623957 0 491
67.264495039672 3.03909688378168 0 491
67.4321323048593 3.36385766602679 0 494
68.3036158708726 3.03108877820206 0 494
96.1953531883687 3.03488628166064 0 494
63.7584060167677 3.66809492208982 0 495
68.66040202688 3.10082307097262 0 497
109.386117828609 3.09336190737584 0 497
114.47959443228 3.05533359869141 0 500
68.2843189308238 3.23108431463119 0 501
67.4221086274193 3.04076475234606 0 502
67.4604907731087 3.07575264560097 0 503
67.5029047151616 3.07409859382468 0 505
67.9143656691446 4.74621676724505 0 506
100.075764362234 3.00725377829152 0 506
68.5185845805788 3.12783926547822 0 507
69.4651200788652 3.03780570199444 0 508
63.8854505768756 3.01055415161083 0 509
94.3035002953205 3.40588634183819 0 509
67.2855227617775 3.04287266604602 0 509
118.071271364558 3.05465848709324 1 510
95.9382569178842 3.29560946165031 0 511
93.4869058284635 3.13755270087363 0 514
67.2547453422319 3.2532173255905 0 514
63.751906985978 3.37205648918152 0 515
67.3386727722229 3.38747873462358 0 517
63.9746074784441 2.99750734846357 0 518
75.8767117280413 3.11680713828577 0 520
75.4455869366277 3.03561806801596 0 520
112.582086247602 3.1841996354502 0 523
59.0078677520458 3.04395652767341 0 524
67.2870056255824 3.31357439167765 0 524
102.850540018138 3.09591957623661 0 524
63.7649644255134 3.59387000064525 0 525
117.274036879632 3.2390170632069 1 525
117.365657590071 3.10086132029439 2 525
63.823137916151 3.14420256630054 0 526
67.2952072590127 3.03266814618231 0 529
67.404145514155 3.00691849401389 0 531
117.489178006984 3.44263005418336 1 534
117.743040110793 3.02079923587144 2 534
117.820838108339 3.13045374216119 0 535
117.860572483138 2.99261935764548 1 535
116.740300518296 3.05350616554729 0 536
70.762706020664 3.09052133500077 0 537
112.215541927506 3.01493204716093 0 537
112.729773476146 3.28230756117109 0 537
0.0112829639918872 3.02615641454344 0 538
103.424188501335 3.16527284985413 0 543
63.7785258195888 3.04584709844898 0 546
74.060958587897 3.26644422698912 0 546
64.0991309570485 4.16688359366856 0 547
51.1784839412525 3.09366138241842 0 548
117.63304052174 3.06552797630185 1 548
99.0000789069327 3.459854740264 0 549
79.1474820742305 3.58425172760385 0 549
118.050789955751 3.19607544421556 1 549
118.079323467493 3.27001865344031 2 549
118.146347129989 3.21953284043559 3 549
118.156167605808 3.49377708583514 4 549
67.2851415277256 3.30243930225021 0 550
67.2775951343266 2.99139091469606 0 552
78.701367462647 3.09441149122568 0 552
118.139709847029 3.32059702619778 1 552
0.0268794541964245 3.17032042612809 0 553
64.2340740626946 3.43852606476513 0 553
67.2611951488611 3.04860635254484 0 553
53.3594767315187 3.19493339447167 0 554
71.1017259648707 3.6391189698381 0 555
63.7611413912442 3.02951129010367 0 556
67.7998503951306 3.15815463490548 0 557
116.783500728358 3.30139580407949 0 557
67.2716642038151 3.90535881476706 0 560
67.4167759431386 4.30575219096192 0 560
69.2737384343861 3.79536556348887 0 562
69.4796833217782 3.01080577943862 0 564
73.3645457973618 3.16827698726872 0 565
67.2762942948555 3.27256690314243 0 566
67.308591054909 3.05727621638083 0 566
116.24072843563 3.0104839855125 0 566
117.343691305471 3.88660464734521 1 569
67.7963727969261 3.05283196902937 0 570
63.8312368259008 3.35715649885585 0 573
64.308724703718 3.03250554109683 0 573
73.7443422975522 3.12863027397808 0 573
107.279517862994 3.40557928547887 0 573
63.7388735867639 3.38435440428825 0 574
67.6547172574719 3.12845777812021 0 575
73.3632000504281 3.06221729136358 0 575
86.4245674063696 3.23494533027696 0 575
107.717108979577 3.15551848550226 0 576
115.296830728041 3.31584572796427 0 576
116.875318780062 3.12023741054981 0 578
0.0270340678899472 3.05563024710966 0 581
67.2528234361751 3.38423477747164 0 581
111.099627456328 3.08094607177482 0 582
113.564610226758 3.50574191604064 0 582
63.7915123140843 3.23273760882914 0 583
104.613155708333 3.11063579771811 0 584
67.2569989600523 3.50846256118994 0 585
63.7856256473803 3.20134422790043 0 587
112.218392042743 3.13956423083989 0 588
67.6700472683246 3.09047019266926 0 589
68.5939908961691 3.09802940023849 0 590
67.2624899500301 3.63713572810839 0 591
67.2582038314446 3.29107679622904 0 592
70.4538450804376 3.69128072968568 0 592
65.1707630762407 3.58566824966161 0 595
67.4212118475339 3.44997111498226 0 595
104.524143155179 3.07018822920957 0 595
80.3122947930489 3.26260958757085 0 597
118.128802622649 3.11017357204697 1 598
34.3913258742267 3.04370445227033 0 600
67.3529213609842 3.06752507100886 0 600
70.4797149491848 3.00039876725407 0 601
70.0945397704223 3.41183159078754 0 602
23.5835826882776 3.00066543178354 0 603
109.91620654181 3.3606712486922 0 603
96.3890020316273 3.46497709327001 0 604
67.3867036014057 3.59534103168493 0 605
71.6405457661581 3.28861079660735 0 607
67.279376354599 3.18734286397586 0 607
103.321762400795 3.20117344616197 0 608
67.4447921150981 2.997197182257 0 609
117.485760911814 3.07632850582901 1 610
75.3419097984957 3.0540010655725 0 611
64.424902973189 3.81211562902496 0 613
112.623484831324 3.4126956620515 0 613
118.022000011503 3.06559311929337 1 619
109.521042166684 3.228636770631 0 620
117.478121716044 3.15956374527228 1 620
64.1873000887351 3.84983295468062 0 621
67.4057974402161 3.07719363897629 0 622
70.6892033549858 3.84106978527283 0 623
117.98187831764 3.54362347654752 1 624
118.010839691848 3.54624090832601 2 624
97.6941079403375 3.59593278032307 0 625
116.77236292162 3.15861269122232 0 625
111.353491716596 3.16317519086938 0 626
66.8560666961104 3.8963548343769 0 627
67.2564186283623 3.00511491217508 0 627
67.3663815962297 3.279615103171 0 627
67.2724546704276 3.06653089264193 0 627
117.020945440482 3.5487205715759 0 627
3.57293818775271 3.13788402280142 0 628
102.074478429618 3.34017989316419 0 628
117.484818730251 3.46546248587951 1 628
114.487990777847 3.53797005399201 0 629
118.068696192214 3.62424600557878 1 629
63.7741846234679 3.0815291791671 0 630
67.5106605314367 3.16748059644784 0 630
70.9312992185775 3.01983933880333 0 631
66.6357711123741 3.01721608420153 0 633
67.254086152439 3.35123294625782 0 635
82.2388153588254 3.26682741354979 0 635
64.4472298410566 3.90753286939935 0 636
67.5499401764256 3.17088316974929 0 638
118.070580805633 3.17233966843871 1 638
77.4673685802033 3.1922358610935 0 641
68.367435086478 3.00916852065582 0 641
117.557860282929 3.06063631465284 1 641
67.2788711957837 3.58266033203333 0 642
82.1867778142257 3.01026527602985 0 644
116.755292639349 3.13972433307835 0 644
116.954502862632 3.25200160481783 0 644
108.611632168877 3.20403236701963 0 645
109.74839293063 3.37317437115808 0 646
63.6694450765723 3.36746910723093 0 647
85.9302081217653 3.08120716979418 0 647
63.7025620464552 4.84244688260561 0 648
116.969062285474 3.03921869255253 0 648
117.119961512979 3.41043407479286 2 648
76.581942873603 2.9924085162175 0 649
97.7817013290531 4.12998121391916 0 649
99.9880568336248 3.11682888570294 0 649
95.8996399301819 3.15112249218856 0 651
101.830103431003 3.85442092074277 0 652
69.2803608011224 3.12831181703311 0 653
112.601929237979 3.50554042643369 0 654
77.5985622881626 3.08271081943516 0 655
112.147060274728 2.99664937364193 0 655
71.3135669199864 3.34861674420383 0 656
117.999781483532 3.04584612321293 1 656
118.010779860847 3.06675605464301 2 656
87.6464053381468 3.25105348502919 0 657
118.210164639614 3.19474936085365 1 657
63.9486793277716 3.08736585685795 0 658
109.956505272011 3.52022515138114 0 658
5.27553996149797 3.52182162705421 0 659
68.6644330258788 3.47366972867691 0 659
72.079994201308 3.18954663721733 0 659
117.418480449104 3.07759437699179 1 659
70.7508377944055 3.4078321537818 0 662
68.4796076673006 3.24591455124306 0 666
67.3458032671485 3.57542560803558 0 666
67.2556288159549 3.0152812043911 0 666
117.266058812131 3.15752310206728 1 668
74.1042003317615 3.34665762433261 0 670
111.884995899833 3.00557511834131 0 671
117.569266778398 3.04096916328147 1 672
110.165042473619 3.03309898577111 0 674
78.1443679575167 3.27865857898361 0 676
6.94782006286245 3.39953304097452 0 680
71.2748975601955 3.31861915267325 0 680
115.103472571459 3.65587853930556 0 680
63.8512322372343 3.02821348195403 0 681
73.8655437474753 3.04661884509412 0 681
63.8529983128716 3.22694832948218 0 684
117.924568346449 3.15690581832381 1 684
100.249741180214 3.08978439665707 0 687
118.038350857929 3.27338819641453 0 688
118.061997995331 2.99453980033793 2 688
73.095354116494 3.39795952168394 0 689
46.1671253085852 3.43283143603105 0 690
64.3243640181782 3.49801131440123 0 690
106.146067657091 4.07423147185417 0 692
67.3566518151486 3.32987207326659 0 693
67.2549541817081 3.27204361753946 0 693
117.280205609025 3.99806390837915 1 695
117.585730519839 3.06894440938722 2 695
117.324254866184 4.57361643735275 2 695
117.503791343653 3.26074106893846 2 695
117.36959847944 3.00386181624217 3 695
117.506619466168 3.05101732042751 3 695
63.8112875598775 2.99625186948422 0 696
68.941009457391 3.59010624629226 0 696
26.8347378606655 3.00590433922226 0 697
67.2543118551946 3.07137380260287 0 698
67.2642681463889 3.05637542046578 0 698
111.947701999348 3.60196379642097 0 698
8.23765732433387 3.15774841773162 0 701
74.7774417386305 3.85351328166387 0 701
65.0636886603958 3.09934555911322 0 701
102.824021520802 3.07792060519937 0 703
67.2556279189486 4.23519315763151 0 705
94.0211508024096 2.99320047251904 0 705
67.528430825536 3.26619693870088 0 705
117.510100333871 3.04512735439574 0 705
0.0718336835985536 4.33491682789358 0 707
112.670093974342 2.99911119799082 0 707
117.466423407876 4.14748173920279 1 709
117.547627314177 3.11107066406292 2 709
69.7686425619159 3.09770569426078 0 710
113.999198484542 3.73374393463807 0 711
64.1243319573093 4.16188493658637 0 712
67.2879244364613 3.10974688799947 0 712
67.2663923685689 3.10019948464861 0 713
112.638163146686 4.58676894134335 0 713
117.362461609682 3.15269441183752 0 715
117.447710742425 3.4189172731088 2 715
67.5080924693984 3.75115254654787 0 717
66.0888937747625 3.27256089338142 0 719
65.4147475320908 3.11026365428939 0 719
85.1203301390666 3.26958445957211 0 720
116.889384020072 3.07701376291166 0 720
110.851445811382 3.40044221910255 0 721
117.303277938607 3.23506996689912 1 724
6.76578309354262 3.16873646599484 0 727
53.6312344574165 3.06520166141954 0 727
116.887037007349 4.06079853224781 0 730
63.7448666226599 4.37798565686158 0 731
67.355502020826 3.02539831717062 0 731
116.762384882523 3.09772398698063 0 731
63.7698625847733 3.12236624088434 0 732
117.554559690858 3.65495123857101 1 733
67.539576910872 4.90867731964405 0 734
117.959549378119 3.00447176998911 1 734
67.506649906568 3.21126534852897 0 735
64.5051041421391 3.86667040064021 0 739
67.2829586735447 3.65336025137572 0 741
63.7597444499176 3.13701392591772 0 743
69.3808327942028 2.99672134473822 0 743
67.2577805064067 3.52733731856494 0 743
68.820336388217 3.41592568099364 0 743
67.4621353987874 3.15486069878036 0 746
65.6537254845223 3.03922203013812 0 747
70.1427193680791 3.00343737028039 0 747
116.95305485533 3.2205720661872 0 747
117.885299228811 3.29823541000561 1 748
68.4205808917207 3.1489042747589 0 749
83.9478368490316 2.9997448403641 0 751
67.6554411764478 3.19315315588794 0 751
109.941560854476 3.63653553589736 0 752
117.43456426843 3.20447437450845 1 752
102.480138303373 4.08308089773422 0 753
67.3503635518031 3.07299328137827 0 754
63.8208516564238 3.02499310780127 0 755
65.8323267055471 3.07559879552373 0 756
67.6087850580193 3.00951115740204 0 757
12.6271484024725 3.42700716911619 0 758
67.5079305039944 3.07537685782189 0 758
118.002576134614 3.16721767716985 1 758
109.52217530725 3.18776966199339 0 760
0.208103166376081 3.04662881761704 0 762
70.7203579405423 3.62113902832541 0 762
107.822720436888 3.23571613243673 0 763
92.8039810976587 3.06426993193989 0 764
107.470325416938 3.3976222544965 0 766
28.3448991011137 3.64319339883068 0 767
67.3998975636608 3.34224722788212 0 767
63.7461049613437 3.40204633911317 0 768
67.3861209037787 3.06266508573774 0 768
77.4123321926398 3.22329440476564 0 768
70.8137817853003 3.00319915471026 0 770
109.729255722125 3.18202863622975 0 770
65.4606573604422 3.06012512104369 0 771
67.3524414791305 3.55898262885209 0 771
110.729480255751 3.23204849503477 0 771
116.759400651126 3.0235439355253 0 774
116.763138938419 3.04719251763046 0 775
116.765646791823 3.46404227673483 2 775
69.5159788795654 3.06075856423402 0 776
67.500000700718 3.14427085266849 0 776
99.8832052164145 3.25079582406932 0 776
118.068835363471 3.06719056807133 1 776
116.908327736462 3.01781092369928 0 779
85.6147412601881 3.31113786300642 0 780
67.3681250664056 3.20148188751403 0 782
68.1172489450405 3.09400703865648 0 782
63.7729750947251 2.99535210183664 0 783
67.9071979354902 3.07414839637687 0 785
0.334817578779396 3.09808273027202 0 788
77.9600700972263 3.27274419594031 0 790
98.451288189227 3.17113089849716 0 790
67.5037989905253 3.05189324773832 0 791
71.3038462372005 3.45765466528489 0 791
117.620425193551 3.09181233511868 1 791
11.9048493790366 3.18078099408193 0 793
118.115662034582 3.19765132449234 1 793
79.1476717190224 3.3520081598535 0 795
112.157611213139 3.41431104923483 0 795
13.8874567409771 5.00703030547592 0 796
67.2600556219897 3.38644749232737 0 796
89.0405097167442 3.47874860187264 0 796
117.439803614727 3.61133196354848 1 796
67.2662904030185 3.02161388355954 0 798
63.6616217960706 3.1001962621921 0 799
112.674406229066 4.16508519415356 0 799
69.0727664151982 3.08765244944508 0 800
112.171663051967 3.34856048286909 0 800
109.685083884286 3.6407114701537 0 801
68.3714333763499 3.00778065501922 0 802
71.2918676962513 3.35085338947466 0 802
12.8456444448377 3.1069781491542 0 804
43.9801606968319 3.06093136779224 0 804
67.2778792384869 3.31891197926938 0 804
68.6153581933927 3.44392989469603 0 806
73.0395473726492 3.46360897493157 0 806
118.159628818025 3.03468136196431 1 806
0.0609636060993366 3.10862883555038 0 808
63.9000809098828 3.15852195469221 0 809
117.959895938848 3.29191975182915 1 809
63.7714673374971 3.18908211977158 0 812
94.2092299094533 3.22957432812925 0 812
117.792970358375 3.03481026842878 1 812
67.724365793639 2.9987246950373 0 814
118.246527251768 3.51984666890275 1 816
0.37174949265628 3.70851177013455 0 817
112.736023990346 3.53012169412489 0 817
63.902265659839 4.00053105746299 0 818
69.2636157543797 3.12670291794167 0 819
5.69192070434906 3.33594996870542 0 820
109.518162465431 3.15619886537419 0 820
0.150915541683267 3.59006508460825 0 823
67.6232886974798 3.24083431213529 0 823
69.3316280076049 3.27057582527949 0 824
67.3678568885481 3.11882550520314 0 825
96.8811283968676 3.44448386028384 0 828
67.6325341908459 3.23385311406545 0 828
4.35340000739803 3.42165877579453 0 829
82.6486967742249 3.17358089012383 0 829
115.106301620018 3.35889401667115 0 829
67.2838015723164 3.09778623173474 0 830
117.606494765709 3.07116864937861 1 830
114.572343073863 3.12735999012668 0 833
114.729499137252 3.22362949514732 2 833
63.7401596070591 3.3712776448841 0 834
64.6833381974409 3.15979691456705 0 835
67.2818571795013 3.18217227510984 0 835
67.2586162533896 3.03258115309628 0 837
68.4314889306835 3.0603980099761 0 837
67.9207251765181 3.68549180116921 0 838
67.2969389323931 3.04280527740943 0 838
1.2838609885951 3.05052105311661 0 839
78.6529366014836 3.27694690127184 0 840
3.52513580474391 4.31653450743802 0 841
101.2289666209 4.46923758042547 0 842
98.9049485204439 3.08756843372231 0 843
68.3263110393341 3.0362312615466 0 844
22.6661848885816 3.05392246627095 0 846
67.4280230723674 3.57244881494938 0 846
68.3341179639343 4.19040591166193 0 846
64.0290913748784 3.70986754856831 0 851
64.7241614714318 3.33543103557205 0 851
67.4224287020742 3.26627888504842 0 852
67.9358939706363 3.07697669879118 0 853
67.650997212552 3.19970659327713 0 853
116.884224242127 3.11480491732993 0 855
84.4899055326443 3.10392616506841 0 857
113.251967681998 3.41726667191248 0 857
67.2321959850003 3.03392274040897 0 858
111.388701438237 3.18261319041911 0 858
63.755409518613 4.0160313624863 0 860
0.159915294185255 3.41421330658741 0 862
100.791100984151 2.99684350566963 0 862
67.2732980219529 2.99610213414165 0 864
68.1105697702028 3.0610733559635 0 866
67.2748847850771 3.53922903015998 0 867
67.3533763727683 3.1370380102189 0 870
63.8134560768284 3.10978981968862 0 872
67.255376654932 3.36156899442596 0 872
9.22201312812562 3.76783145003629 0 873
109.513414288044 3.1085730180556 0 873
68.3684347605842 3.51502122920973 0 874
80.6575601319361 3.09913011564138 0 874
67.3947625310823 3.33476105459065 0 875
67.3974904026818 3.02265136910563 0 875
75.3415376177623 3.09470236685237 0 877
68.9483400842048 3.87972956216876 0 878
67.276177827066 3.11231288321521 0 879
95.3978666797542 4.38243133132592 0 879
97.8039064443121 3.51613735265661 0 879
116.259752108255 2.99540324753359 0 879
118.218469957336 3.25721361046754 1 879
0.0533428097994985 3.53290630519709 0 880
67.2528934765288 3.32829373489932 0 880
73.7977231956972 3.29203679630437 0 881
67.7952766410573 3.12718653513261 0 882
82.202615853375 3.22901667427684 0 883
99.2865771195326 3.02340199336176 0 884
65.1994884482273 3.12182227695216 0 885
7.96032365719419 3.16938656231847 0 886
67.4369005931826 3.06208073195804 0 886
114.731992700716 3.03884834386881 0 886
0.106620132159286 3.0998680658686 0 887
104.577327288261 3.8568780187451 0 887
99.4825101190388 3.1030015026889 0 887
113.175634955603 3.08052899703345 0 888
102.096686994731 3.08992648285471 0 893
67.2770957971288 3.19653203570974 0 893
69.336774827269 3.8839974144939 0 894
117.493346956772 3.11005752183447 1 895
67.2736750529357 3.26152236147525 0 896
67.4624896501591 3.21691336890353 0 896
83.481714395136 3.20675230219713 0 896
115.892876381211 3.40919134937676 0 897
2.41497036177404 3.63989344965877 0 898
67.3232456607892 3.38114562873585 0 898
67.3481326533433 3.3747409569998 0 899
117.538441047053 3.26407304820715 1 899
64.6438882425941 3.42120193026635 0 900
67.4248956889783 3.26079519711474 0 901
116.87864942105 3.3390191223115 0 905
63.8428766290514 3.25692578946237 0 909
107.308101053233 3.07863152001858 0 910
71.1439960542401 3.73239513547952 0 911
63.7804072111797 3.00139505223052 0 913
115.344420764367 3.27648584970218 0 914
67.4244688360761 3.25455562046952 0 915
113.135282231331 3.91789099323159 0 915
65.4926403471376 3.36479897332031 0 916
64.7659923961602 3.27009574101827 0 916
94.9898690446516 3.82389599099219 0 917
105.842598387713 3.33998842818077 0 917
63.7744869834591 3.07247628387517 0 919
67.5761423110803 3.35150967931407 0 919
68.1191153757598 3.2428936610967 0 922
118.031221680557 3.25297216825278 1 923
63.7547250940686 3.54662416549227 0 924
73.4839759679398 3.4263806727602 0 924
72.5810067058701 3.45153479878979 0 928
98.0928362473148 3.04593441912917 0 928
109.54298796955 3.19828269122423 0 929
118.026822802126 3.55869134199011 1 929
68.0995468712542 2.99729775124091 0 930
112.544643274738 3.29407744427386 0 930
0.560719093234216 3.11732404993948 0 934
67.2599330731913 3.433853342843 0 934
109.547465812422 3.31155880142762 0 935
67.7544936858191 3.0398344660221 0 936
101.284634748007 3.03046366841662 0 937
67.6715932267874 3.11568085457184 0 938
67.6881231856104 3.02496668250941 0 938
63.6652746646615 2.99313710141352 0 940
115.095586046824 3.77690660808121 0 941
63.9199848727615 3.06283759557389 0 942
63.6664466876848 3.67305155386301 0 943
118.247318546734 3.84594854493475 1 943
0.194266770088513 3.12270115948632 0 945
65.246230784696 2.99023643309069 0 945
85.8497432230802 3.16056602829888 0 946
70.2815606483847 3.09141625060576 0 947
67.4122855298885 3.06866777340242 0 949
112.715215037706 3.32316439905406 0 951
112.659719265327 3.03805976174215 0 952
67.4571622196556 3.85466868220456 0 953
70.6526749642071 3.19035557083421 0 955
116.045068537311 3.34789845028024 0 955
69.0856537819097 3.45382829086539 0 956
116.911867928109 3.87267039338548 0 958
67.7281572049012 3.05587687473457 0 959
110.703476935094 3.23251394318109 0 959
117.574486499633 3.28094956655703 1 959
67.2670117961541 3.91406354481202 0 961
72.3314865428963 3.30298659629735 0 962
110.793730494761 3.07983308052073 0 963
111.20336468867 3.16271586604817 0 964
116.90066071666 3.0142584924565 0 964
116.907567256932 3.13973129621531 2 964
67.2549204593461 4.05221119552869 0 965
2.11075570966322 3.42182213586239 0 966
63.9501859740011 3.28099742121936 0 966
67.2840915442297 3.18487922365138 0 967
68.1977958355206 3.03572974405693 0 967
115.06703172541 3.88281838651937 0 967
77.3519142853019 3.59998819902922 0 968
63.741181031157 3.25349964320303 0 971
116.313271400914 3.40273595461332 0 972
116.768579639066 3.31620151825384 0 975
110.832497211127 3.12080799090014 0 976
67.2707500572202 3.66370594324794 0 977
71.7251736514054 3.00516334946983 0 977
117.468998444713 3.43831902478625 1 977
65.1023319973543 3.38553018299074 0 979
67.3047948134031 3.3899927043095 0 979
82.5042718922235 4.26249390668974 0 980
93.2154570833362 3.35105930243331 0 980
112.137239736433 3.08488874210449 0 981
67.5205131660158 3.56200526940409 0 982
112.968418036107 3.56101643441515 0 982
117.467695120237 3.87462332676392 1 984
107.707610608102 3.97506658791806 0 985
67.4808465803715 3.15909403883755 0 988
117.872165533462 3.43199940910309 1 989
64.228993121593 3.1793977308032 0 990
68.7169957406619 3.04361834063195 0 990
3.45070555101787 3.03886466088866 0 992
69.224198819748 3.27602406749853 0 993
69.8230748852596 3.5334423684084 0 995
99.3244490348403 3.32333976083676 0 995
117.694313047202 3.00898382817562 1 996
97.0710391118862 3.28415289348226 0 997
67.3320661774263 2.99435336319335 0 998
67.6644218742125 3.59088178587551 0 998
117.856650853743 3.02293876221515 1 1000
117.925803099196 3.00965673296945 2 1000
