"ts" "magnitudes" "gen" "cat.idx"
0.0546241374503406 3.11296219941059 0 1
0.200703056813952 3.03756435470169 0 3
45.6949396009189 3.78548657917778 0 3
46.0666885545618 3.31381063571978 0 4
40.0215313602713 3.35796473838794 0 5
41.4730800768049 3.76305066737885 0 6
45.7938663258089 3.3039980004834 0 6
46.4137354056906 3.09653478022592 1 6
45.7054175349694 3.00676060302378 0 12
0.120134187697006 3.00377572102548 0 13
22.7194449985901 3.01404471045144 0 13
0.40741384238744 3.13288515606923 0 16
45.7852598465397 3.26905343756382 0 21
0.110718537360285 3.27950226841053 0 22
45.7229208014567 3.16569981571284 0 22
12.1386228897571 3.09190623825431 0 23
45.704999802851 2.99493586448343 0 24
0.496767533164153 3.00089496275425 0 25
46.3965467916891 3.47046023150714 1 26
46.4022111132398 3.02721192933802 2 26
25.1362151467994 3.15828373249791 0 27
43.6851370982553 3.29213908445567 0 27
46.542120120538 3.62111350807235 0 27
45.7758830694555 3.59238063613719 0 27
0.0677154308798217 2.99579952509559 0 28
46.3493997814689 3.29914141290196 1 28
13.7930719080317 3.20805771594739 0 30
37.7916958512962 2.99127832576811 0 30
46.2563937942367 3.06016186170575 0 30
46.9367892873824 3.41333927452473 2 30
0.58786420441254 3.48109814740779 0 31
17.6428004671346 3.07394187310041 0 31
45.4044460879319 3.02771478728496 0 32
45.693761124381 3.03958752223484 0 35
45.761152626778 3.10990876910008 0 36
0.00609798058427098 2.99412254548541 0 37
0.0249336781899743 3.47514158937328 0 38
0.0395761387463533 3.19225194809547 0 38
1.17450029523738 3.49720203185154 0 38
43.1675157079001 3.34396656511005 0 39
42.1279432887281 3.25948283022527 0 40
0.367099108532766 3.13661302361373 0 41
41.4917547066459 3.37327099314748 0 41
45.700032156284 3.12767849392135 0 41
45.6918271977297 2.99346705476689 0 41
45.4634845674422 3.13083824465451 0 46
0.0998886499953084 3.1777246691169 0 49
45.691606645539 3.35322149286968 0 52
2.17189457287383 3.2077667122038 0 53
1.14930961081186 3.79077044872527 0 57
0.110073384664283 3.04498080798523 0 58
7.53816753335435 3.02471003214376 0 58
46.274004072376 3.38232751722278 0 59
45.7883962296601 3.04624861846517 0 61
46.0166501369326 3.27012027400681 0 64
46.1112155161046 4.01716924988106 2 64
45.5284263800821 3.69413817594385 0 66
0.0727701658458145 3.40910349864962 0 67
45.711948321505 2.99666593627611 0 73
45.720005248881 3.15965563419845 0 73
13.3041203188192 3.21938012171251 0 76
0.214699005453043 3.15199231746645 0 78
46.2838233124272 3.72575928519029 0 78
45.6951997481333 3.14774847092535 0 78
47.0101242404521 3.1169955522376 1 81
0.0104962423913027 3.284815381057 0 82
45.855249028649 3.15683774463549 0 82
46.6679271363277 3.48576698656476 1 82
46.6788410769099 3.47482965683367 2 82
46.7872188858778 2.99618681664726 1 84
45.6721485044191 3.25309101829256 0 85
46.0581892511431 3.46987772504083 1 86
2.04832804413464 3.00937105348756 0 87
45.6966117638065 3.20927008736082 0 88
0.0637992862105877 3.09964675177829 0 89
46.0080299162772 3.84543798537993 0 89
46.1401180046845 2.99091053994414 2 89
7.65062710234676 3.31386052546368 0 90
42.5478212945473 3.22954272123106 0 90
23.2550716710805 3.40809929393234 0 92
46.4382894881894 3.29162628539404 0 92
46.8257754998371 3.27679272574102 1 92
46.8642822312684 3.40456685099307 2 92
0.0716646769990553 3.19817394801105 0 96
0.743309553706599 3.32640737054631 0 100
46.5785356300705 3.19240786115238 0 102
2.42698236304666 4.60102482055958 0 103
46.9308326858186 3.9897789140576 1 103
46.9727772090144 3.58750095482419 2 103
46.9774802787265 3.08336664038535 2 103
0.388623165361508 3.11140989945699 0 105
46.6826549690772 3.40129802827814 1 108
47.0019463933163 3.21860421603226 1 111
47.0046256575797 3.05079111913542 2 111
22.6374459132649 3.11141964666719 0 112
46.8071026135326 3.11127790221116 1 112
46.8253865454106 3.00257279488694 2 112
45.6016643784738 3.49850104324829 0 113
46.2941589389231 3.04923437931579 0 114
45.9598164538649 2.99425974350184 0 114
46.3759669392925 3.1030278034229 1 114
46.5253765259698 3.62194182604423 2 114
18.7356380290239 3.02265477879628 0 115
45.7339625405656 3.02644923717855 0 115
10.0177777998468 3.59996553925738 0 116
0.175486495168085 2.9909112247411 0 117
0.0110845542682224 3.95699905027263 0 122
0.71307851529071 4.67175392727851 0 124
0.277848968463204 3.78420405755161 0 126
45.4541814415249 4.04323330965257 0 126
45.4724304006374 3.29146779923569 2 126
0.116080496475182 3.0212293738404 0 129
0.0419888931996671 3.17424157340096 0 137
0.142491128627924 3.13658477660879 0 138
29.8508263248851 3.01990091485646 0 139
45.9077633968984 3.08806083779918 0 139
3.22237562707038 2.99833389914642 0 144
0.463332798833804 3.03418430862602 0 147
3.45614170783213 3.45894140003814 0 147
46.0211230058126 3.32318035049007 0 147
41.494361966452 3.12759433547033 0 151
45.4777413124305 3.27218364143174 0 151
43.3066575168685 3.59714066546886 0 157
46.6950489228215 3.00434509646098 1 158
46.7380610873358 3.21989060037636 0 160
46.0590821541004 3.00604750127029 1 162
45.7210341126629 4.66439574931659 0 165
45.874051775403 4.20506377683882 2 165
45.8816361632097 3.91851608837958 3 165
46.4359292130856 3.30297732884285 3 165
46.2976028398943 3.42752921150486 3 165
45.6961103358514 4.16722715306195 0 168
45.8897018436017 3.42148767200701 2 168
46.6092608376274 3.04553890476871 2 168
46.5571293610409 3.27925718911481 3 168
45.7278244623363 3.02412129054543 0 169
45.2812771467108 3.42664098292577 0 170
0.0822637185564817 3.06893008596557 0 171
46.5973182252232 3.16193826344227 1 171
46.6241392955593 2.99779281955685 2 171
0.00633325797746448 3.03132383432851 0 177
45.912878455377 3.04653953013638 0 177
46.1934168749886 3.01225298051375 0 181
46.4079208002981 3.14822784031904 1 182
46.1524374549367 4.13215280012931 1 182
22.9259318263346 3.22280706758389 0 183
3.84081939854214 3.04850740878999 0 185
45.780931521054 2.99622354700928 0 185
46.4139728734818 3.17193338567348 0 187
46.4657143244271 3.58016855998112 2 187
0.181686596274139 3.10444854563588 0 193
45.6212896934237 3.44242452616597 0 195
45.4243036365131 3.7896141199077 0 196
5.91956553437265 3.02059531534519 0 200
1.13811003424046 3.92386657544551 0 201
3.91325399319262 3.35000611565955 0 201
45.7486418119301 3.36240004016565 0 202
46.2450980233584 3.13484107877795 1 203
46.2473834710406 3.48580154477802 2 203
45.7177866535104 3.56060232253075 0 207
42.4943356395926 3.63224240196352 0 208
1.11072388777213 3.59507750466431 0 209
20.1543025271434 3.14121116815309 0 210
45.5524157233063 3.36231682093111 0 211
45.7117695770161 3.48126561048127 0 213
27.8999242658436 3.00576357660262 0 214
45.7077006201258 3.48842324204025 0 214
4.79835297840031 3.28458573683452 0 217
4.20177037890109 3.10919342693943 0 217
43.7323788596093 3.18826477394845 0 217
0.00205741159641862 3.29294671267902 0 220
45.7170784584822 3.96819790857919 0 221
46.7202253186985 3.09206920689471 2 221
12.27464473969 3.89074294081763 0 223
45.6908775028405 3.78335492205196 0 225
22.6516416081192 3.48200091747385 0 227
46.5780187085361 3.40492519111156 1 229
46.5852824538693 3.05634304105332 2 229
8.09258490707728 3.1262545035549 0 230
45.2889440493676 3.12003600968082 0 231
45.7180352357429 3.01771838291675 0 231
0.128463819034441 3.38278187417 0 232
0.0215310091712039 3.25217839093729 0 232
0.677918464462662 3.03341332591046 0 234
45.7759726166354 3.38733607052511 0 234
45.7288348718807 3.25050256759697 0 238
45.6947493422539 3.19520406777005 0 239
0.806053918442478 3.24249829509799 0 240
12.5665380364578 3.215586504353 0 241
45.5056125391232 3.87992184636258 0 242
43.6936381649764 3.11607222680752 0 243
46.5514969587416 3.0969043962059 1 244
0.453875354945122 3.02769409570853 0 245
23.8707248932727 3.10268535287199 0 245
45.9485896042047 3.20577048170737 0 245
6.01049736056924 4.00492147990356 0 250
46.7735389358634 3.06576472872518 0 250
0.0411772693206008 3.21072238168915 0 251
46.6692769002725 3.03943944534795 1 251
0.171867992590115 3.24604650587021 0 254
9.59675886998813 3.21170599056613 0 255
45.7297242912385 3.11725758450675 0 258
0.847223403166201 3.3503285973509 0 260
46.6139118904023 3.03786455577867 0 260
45.7118116100445 3.58792998718962 0 260
45.8477429243281 3.11626134965859 2 260
45.8208795146869 3.41367243943415 0 263
1.49938397410916 3.48294538064367 0 264
46.8014213134624 3.23388773661173 1 267
0.208972159393057 4.34449607267728 0 268
46.0331905126358 3.03473189836953 0 268
0.000226885493481449 3.92757177642395 0 269
46.0448079054799 3.8017839631013 1 270
46.0569429586077 3.40924425014629 2 270
46.5071287509205 3.06498205364373 2 270
46.0763518192207 3.01416777490186 2 270
46.0951779000211 3.02935363133427 3 270
46.7020610290055 3.5983776628803 3 270
0.0444899076753351 3.31924687055674 0 271
10.6831299465514 3.77622271766207 0 273
45.6915487171851 3.13481664758479 0 275
46.4832565120707 3.77784757787459 0 277
0.30993909770255 3.28017420393267 0 278
46.1937593393946 3.22035592461105 0 280
0.0609410484346167 2.99590802319841 0 283
46.9495969704908 3.04379990664253 1 283
0.0528472081479419 3.84972381186 0 284
46.0786312859595 3.11751618672162 1 284
2.72462965663311 3.59040853770584 0 287
0.615309546939432 3.09097603104971 0 290
2.12574767268789 3.24954762699419 0 290
46.112166060455 2.9919835516703 0 291
0.0242805702126061 3.14236746985553 0 297
45.8752989207678 4.7358033831121 0 297
45.7464547087709 3.26978928816011 0 297
45.8944202847851 3.29885814442904 2 297
21.0798424600745 3.52763898671697 0 298
46.8342042420149 2.9997279696332 1 299
45.7203825607942 3.36521221255733 0 301
45.8055589252991 2.99007063447825 0 302
3.42870664428637 3.1317741358887 0 309
0.247212328834941 3.05497633891276 0 313
46.0290891870426 3.02411297316641 0 313
0.0598037338572872 3.43654438600855 0 314
45.7901234733382 3.4090224934645 0 315
15.6090767511687 3.44532232203418 0 317
45.6907897660914 2.99664666976594 0 317
46.4311953025494 3.03884125944387 1 319
13.2636144854799 3.58992349874975 0 320
45.6387632025055 3.11071714587201 0 321
45.6915144726172 3.09491555496308 0 321
7.42815705464898 3.36953658019369 0 326
3.12337163802809 3.52930447547079 0 327
46.2881427376155 3.0937602728807 1 329
46.5042426154573 3.59546711980008 1 329
45.6395784703475 3.51364201473661 0 332
0.268751798635692 3.05443159814531 0 333
0.272545903218839 3.1198946020012 0 339
0.0914350743656773 3.05074183275319 0 340
0.0509967317889917 3.03523443502481 0 341
46.6125149204485 3.24470405880261 1 342
21.0716685645558 3.02101090120636 0 347
38.3752735712148 3.72947857585416 0 347
43.4852855712954 3.17219636327174 0 347
45.3809322487066 3.1504788074588 0 347
17.607446083211 3.04824926481867 0 348
45.5028795226361 4.50749383382586 0 352
45.7811680090315 3.67614132308908 2 352
44.7149573961594 3.25556607015133 0 353
0.614658144502196 3.27094476747103 0 354
41.4810436166377 3.25338826503142 0 354
37.8482792950992 3.22417209051737 0 355
45.7594160180705 3.48035644844113 0 355
4.70757573141546 3.10642576775693 0 358
20.5373441599594 3.33616013252989 0 364
2.67693914863243 3.15230265915034 0 368
46.1587199609816 3.03433047178905 1 369
1.26968253296509 3.13137288729865 0 371
22.583125930772 3.25951206948759 0 371
46.2342641310856 3.28760101311722 1 372
46.1473627701957 3.43299260022723 1 372
46.2364602163676 3.16679136177147 2 372
46.1830959809128 4.62408779419067 2 372
46.2762798894797 3.0331855519306 3 372
46.1866469957889 3.19502090350271 3 372
46.2178509724049 3.21005476868386 3 372
46.2662030667144 3.07261328529958 3 372
46.2289351866402 3.50514020855241 3 372
46.3853826820313 3.080805994824 3 372
46.8120443313182 3.85018491946361 4 372
46.4360396213266 3.19669872056911 4 372
46.21827358625 3.10567649198657 4 372
46.8254381021586 3.09327634429294 5 372
0.00252245005974672 3.2757164211681 0 378
45.9172016120157 3.17509452109642 0 384
0.124908403423975 3.7279285349542 0 385
10.3912927287785 3.89932892328102 0 386
46.0454899765641 3.138519947906 1 386
0.206111470168355 5.10877491871452 0 389
0.0380646749218355 3.79650114786306 0 390
16.4399361700081 3.22201339721414 0 391
3.06504613998915 3.07889437370521 0 391
0.320328806508967 3.10452929960694 0 393
45.6971363774543 3.66066804203408 0 393
0.0140120751237616 3.08843761191831 0 396
1.13771782048997 3.22064690942535 0 396
45.7431844719579 3.67564351018781 0 396
45.6920980354634 3.11916545910323 0 396
1.61730813576189 3.11149905993623 0 398
46.0259951573421 3.11799688296695 1 399
0.126252704826271 3.16729517904893 0 400
0.154959122092606 3.14865058750349 0 402
0.429409431241567 3.01141810365908 0 403
0.077540762821385 3.29146252617463 0 403
46.5787946203813 2.99829554436432 1 403
0.0420372726972084 3.0291526445447 0 406
4.44649218681501 3.40189792993817 0 407
16.4075400504634 3.02239178704929 0 407
12.8651109257068 3.0775963513293 0 409
45.6969737869544 3.05581434707645 0 410
5.19309476746034 3.04948918079147 0 411
46.1083680595212 3.0666456851792 0 411
0.12503913838589 3.28981190879527 0 414
5.69515653837199 3.6783092430601 0 415
14.7133982317979 3.39970762155886 0 415
0.201909816116274 3.1976304418981 0 416
42.477892036864 3.39577942253252 0 416
45.7916498668084 4.18362992670754 0 416
45.7986778899764 3.77932948102397 2 416
45.8778152242384 2.99891871369031 2 416
45.803273430906 3.54399899241782 2 416
46.1283992004641 3.10311772176265 3 416
46.2924096964939 4.04107677127133 4 416
46.4072604918371 3.02387715817211 5 416
3.10458439934455 3.37693039421287 0 417
12.6634396390405 3.48698603847611 0 418
3.18014701521178 3.13329763078057 0 420
46.0332645954771 3.89071459322916 0 420
46.041941424862 3.15101001314568 2 420
46.0433782865652 3.45978813806768 2 420
46.3376661684726 3.00231123545581 2 420
4.66404054516179 3.00101379416184 0 421
45.7191282428909 3.56731662172371 0 421
45.4641429405568 3.20187508714978 0 425
46.1737751869109 3.48394897181088 1 425
1.1374376064254 3.79784388582705 0 427
0.0593330517515363 3.1029067669129 0 428
45.457891405001 3.18862902400938 0 430
45.8611899955973 3.01489081230818 0 430
11.3735256225253 3.62880436069914 0 434
32.0718827057485 3.88773039149975 0 434
45.7289058952291 3.2080467035661 0 436
46.7158875587952 3.07734677012368 1 436
46.6994003936278 3.62381955505916 0 437
0.115261497231698 3.35317166100359 0 441
44.2710147653262 3.37938758613355 0 442
46.6729209403597 3.25389194370358 1 442
1.22201974530589 3.23937208450767 0 443
6.82100856021081 3.02777323552441 0 448
46.210990659831 3.40282605957792 0 448
46.9821682343349 3.04450971852702 1 451
0.616011328090231 3.32659516695769 0 452
46.7010399602909 3.20145136723052 1 453
46.9203768378679 3.3089595249756 1 453
0.619727688641931 3.22809935797207 0 455
45.6944547626061 3.04864433009705 0 465
45.4977654117307 3.0664998888701 0 466
45.6986416946365 3.05686958945028 0 466
46.611234947191 3.03597203615769 0 467
46.8520828433425 3.31939437899335 1 469
46.9403978624257 3.56161134173955 2 469
43.3889695869197 4.7710833416501 0 470
45.778495208928 3.0453578924435 0 471
1.49312625521122 3.04661921258754 0 475
45.5853691029416 3.16873700269278 0 478
45.7799783930534 3.55767348771175 0 480
45.697778453569 3.04992903848609 0 486
46.3207016246483 3.14476426227766 1 486
46.7787371949848 3.17152495884314 1 486
46.8307151929292 3.60281404653898 2 486
46.786483681459 3.25606687037746 2 486
0.139063330661712 3.36217995250388 0 488
45.76487138781 3.10935257537509 0 492
8.42143470077963 3.46453051574444 0 493
43.7035949088193 3.27185775868417 0 493
46.0412179789565 3.01909869467514 0 497
23.5646672061644 4.72667329602192 0 498
45.9170332042774 3.02630533698548 0 499
45.6935465141467 3.08431501533787 0 499
0.301009366046036 3.20141590002499 0 500
3.59888902614653 3.35486107039103 0 500
45.7051693792889 3.02597675733206 0 501
13.9434269938289 3.00870901582313 0 507
20.4177279290627 3.05611471950116 0 507
2.12088425761049 3.37930108278628 0 508
45.7181123039868 3.54214650028454 0 508
0.846809954807002 3.01431722081429 0 514
46.5762918421158 3.87351210905189 0 515
46.9137089773171 3.77211950360327 1 515
46.4168712512214 3.21506975650129 1 515
46.9178684515814 3.07759768177578 2 515
45.2880230939184 3.16287394593535 0 517
45.7342909362976 3.01666492120459 0 518
46.9757446864866 3.4716751193265 0 518
0.000380441550450966 3.08791314452441 0 524
45.8978767822628 3.13543888529935 0 528
46.2477011398036 3.06914770884452 1 529
46.7876819625121 3.01643678928443 1 530
46.1913073037464 3.4641963233434 0 532
46.424654500242 3.26950766089458 1 532
41.6280639588602 3.08720841586517 0 533
0.485540854734649 2.9991315746378 0 536
30.985877854484 3.0057340768814 0 540
45.5439996942485 3.0087878733843 0 543
46.4771600988783 3.40383161247801 1 543
0.132966583971625 3.31817646154971 0 545
45.7196227750524 3.04320719403572 0 546
1.12038000475019 4.01017649589563 0 547
45.9324895743376 3.35092823422177 0 547
46.6467405384496 3.05799640094145 1 548
45.7392972888691 3.05590532108878 0 550
0.0622788194897016 3.35163185237284 0 552
27.3419305516952 3.02165033155757 0 555
46.4638870494996 3.51442476943304 1 555
46.9560525442098 3.12057716337178 1 555
0.172451732025884 3.2516736441322 0 557
43.7290811706001 3.69654497621885 0 559
10.4794503228129 2.99111377456345 0 562
44.2950134792911 3.37511195100659 0 563
0.0351528165108819 3.37957720819652 0 566
0.311669572571392 3.12682944747141 0 567
46.2227727430031 3.22052753767841 1 567
46.7046201136587 4.01294291189151 0 568
46.7149419735463 3.00590279914356 2 568
46.7804947698005 3.15338199370237 3 568
0.133794146236119 3.23927471972456 0 570
46.78891089946 3.47171797457379 1 572
44.5844524604537 3.10581894310245 0 576
46.5584355274162 3.80405521546733 0 577
46.0533123667659 3.50115011399906 0 578
45.7233121290684 3.24518374163861 0 578
46.4671409020404 3.09450241843032 2 578
0.510511762543796 4.34746939376098 0 582
10.4728872408676 3.2619960947351 0 582
41.5338496202062 3.15104857284019 0 583
46.224517617989 3.00812128963466 1 583
46.5395292641219 3.40536696880338 1 588
45.4715115744179 3.10923319999846 0 589
46.2932141641245 3.02400482951587 1 589
45.6983319039231 3.00034894977415 0 590
46.0399920726278 3.29246267210426 0 593
0.0589194999138202 3.19020045664623 0 599
44.2588865457611 3.27348963926834 0 600
45.5767065939505 3.01932683160656 0 603
46.1886469709311 3.22377083727335 1 604
0.604401924640447 3.15813305443729 0 605
45.3197679096059 3.05295326624816 0 605
1.49283616293776 3.11849433186167 0 609
0.0350727021988568 3.05562007166207 0 611
25.1676731713222 3.22449957052069 0 612
0.479504219213275 3.30815386941219 0 615
8.36696519271301 3.1938373098844 0 615
46.0849517405681 3.11287626760195 0 618
46.086350452786 3.07694843906182 2 618
46.1477955751136 3.15840585771302 2 618
0.0329753124955551 3.11809995955496 0 621
45.4727912720544 4.09869733118601 0 622
1.11619193941526 3.24207994367295 0 623
45.4561663893417 4.06678240375636 0 626
45.7687623719668 3.23790713005556 0 626
46.5024392562077 3.57192627747201 1 628
27.8285379264991 3.0862797432149 0 629
41.5431384326248 3.51378605701117 0 630
41.7018794902175 3.56041138330272 2 630
43.9325170659491 3.10210078065637 0 631
46.7017148341142 3.38845942796744 1 631
0.0703793888456324 4.36570780338829 0 633
46.3411488786787 3.89028245731661 0 639
36.5435790913338 3.79258531727785 0 640
5.28857619366082 3.16620687347644 0 640
3.29370315155222 3.05114164151429 0 642
44.2580464781473 3.51503808923606 0 646
45.8113684230517 3.08080478963946 0 646
43.6329242713347 3.49286583302041 0 649
46.7507836531472 3.14146593402851 1 649
46.6278098702055 3.15761890735288 1 650
19.9072799678066 3.01543644794403 0 653
19.6204604794398 2.99147448556877 0 654
45.2704708346091 3.91984522625016 0 654
43.7468780905502 3.46864676702419 0 655
0.0411269938602701 3.11935648804958 0 656
46.2470938628638 3.332659957913 0 656
44.3772639606984 3.04381426913621 0 660
3.40049610392188 3.47854956343445 0 661
45.5112953149778 3.07291848769198 0 661
8.00604282823254 3.02956910003086 0 663
46.0433495679494 3.88776009757174 1 669
46.5284109350314 3.27787967821929 0 670
0.541631985601842 3.00482394055762 0 671
43.6822825517838 3.30821587915603 0 673
37.9493093303614 3.00619317530049 0 674
7.85333709314716 3.55582720002945 0 676
45.7147275745721 2.99566924802127 0 677
46.0773159511477 3.23646369400042 1 678
11.5091166269247 3.21565962115941 0 679
45.760967682867 3.23864764114493 0 680
45.7800198755307 3.16159608510311 0 685
2.35509590522219 3.2171734670579 0 689
0.0153341177466739 3.32164164037063 0 691
0.452502732578058 3.28568970798824 0 692
46.4637829514643 3.02847404077512 0 695
1.33306253813161 3.14223148153415 0 696
45.7364103631416 4.16265649221369 0 696
46.990469191654 4.05992543330941 2 696
46.994545468626 3.04747601998422 3 696
46.2292171683252 3.00596487402433 1 698
45.702308431624 3.46415526345065 0 699
37.7763396612293 3.22391973430569 0 700
46.1498814971742 3.43004167952646 1 701
46.210337984064 3.03171964656015 2 701
46.267356149287 3.05775482490579 3 701
45.5603282520918 3.59628698096878 0 707
45.7080968491626 3.32446097449114 0 707
46.634522280106 3.07392888343483 1 708
45.6786439301421 3.76367473009614 0 710
46.061042531775 3.48483547636526 1 710
45.7398211200075 3.15639558248434 0 711
45.7313614119797 3.06763874575663 0 715
45.8776407709243 3.14185837830515 0 717
45.8964507599351 3.04974792759618 0 721
9.46758526248443 3.00566789090269 0 722
46.0360164941844 3.20518781088395 1 723
0.00534444073979682 3.44244261396355 0 729
45.9824958888331 3.18587725656956 0 729
3.76583114175098 2.99502947457185 0 730
46.7783282642808 3.26481138854867 1 731
0.753583236333612 3.15125730425831 0 734
41.062304412276 3.32527106088006 0 735
46.0505786881838 3.2099264857574 0 736
45.6948575465908 4.18811192268852 0 738
46.6497810486667 3.0570679915159 2 738
46.1876853590601 3.3283467842264 0 742
46.4438587313062 3.24658553061537 2 742
46.2840452814116 3.4649605066793 0 743
46.8268797045198 3.96613307101549 1 743
45.7913568571639 3.94019745446308 0 747
46.8558238194414 3.04799048479893 1 748
46.0677142716982 3.68287803402425 0 751
46.8488146103077 3.2492286144327 1 751
46.8786008906837 3.70104165155962 2 751
46.8902558582647 3.95250054537993 2 751
46.8797729326821 3.1888337663212 3 751
46.9886465145108 3.84970560018252 3 751
0.0899750302577398 3.77871541141571 0 752
0.21705363367378 3.01111151249857 0 752
45.6944114448868 3.47344733055862 0 754
46.4852791641929 3.22612721223126 1 758
46.8734173114967 4.12436805471629 1 758
1.28545430473497 3.27299072667484 0 760
45.6929893348083 2.99060567491206 0 760
8.42828138026792 3.04442617334042 0 762
0.223776857836534 3.59897989947176 0 763
46.0209185921354 3.56657829198588 0 763
46.0595461636871 3.06646480021613 1 763
46.0538739438893 3.6299835456082 2 763
46.1154258255828 3.21402021330517 2 763
0.595245549712996 3.11115479918482 0 765
45.8689761043145 3.02619491874973 0 765
46.1295146328952 3.0048705340462 1 768
0.0825709223797629 3.14457757970765 0 771
45.9868031251489 3.13902917639539 0 772
0.751132354774598 3.00025008733623 0 773
0.213538565578803 3.31985762036135 0 775
24.8593946939054 3.38957123276359 0 777
0.378960639792133 3.15306851393365 0 778
0.365397786700111 3.22391647026123 0 781
45.8108301230395 3.21614765166516 0 784
46.5741463470362 3.25743921992092 1 784
9.72923119095285 3.50686966647597 0 786
45.9146288182004 2.99957746281212 0 789
4.83334126050635 3.44182035519114 0 791
27.41506457598 3.55747948787751 0 793
45.6927637572081 3.06504516242329 0 793
45.8153687551166 3.18771867129602 0 795
0.704716629714117 3.15177725792061 0 798
45.725722341321 3.15151067446353 0 798
45.3802007767534 3.01568590266284 0 801
45.9607411614128 3.1087687472352 0 801
45.3313765367332 3.43952743648074 0 803
45.8080677379504 3.25157418478708 0 803
4.87070004617552 4.99568145895418 0 804
44.2134290596266 3.28617484354202 0 805
44.3629969017081 3.00891485117194 0 806
45.6915646584644 3.18646460998027 0 806
46.6433520858731 3.43715562876412 1 808
46.7423464010094 3.895326416357 1 811
45.7897737139788 3.03187297244088 0 817
32.1022534679495 3.11206613804088 0 818
6.58375821629714 3.4738256351057 0 818
32.3266581501351 3.1164874378062 0 823
46.1194838109619 3.88251667714394 0 823
46.353349930109 3.01905702465074 2 823
15.6028440346585 3.05928800197151 0 826
46.6332612134606 3.14231122624409 1 826
45.7050621143935 3.0435085404715 0 827
45.777835508188 3.53020287478308 0 829
0.157322124477348 3.12520767687139 0 833
45.7605975363569 3.14535663971432 0 833
45.8634696243919 3.18857083477323 0 833
0.131554174221644 3.01737465189514 0 836
0.267227196943084 3.19432866843793 0 841
45.9631192340893 3.01578620019241 0 841
45.8141808296254 3.44155175536762 0 843
44.2646911532342 3.0605520757832 0 845
45.8254590740826 3.4662643274628 0 847
46.1275139052045 3.64787185007529 1 849
46.8202215916567 3.11838547727082 1 849
36.0991190929866 2.99073900852516 0 851
0.487038593049602 3.16564987222746 0 851
45.7002069495876 3.16130547702844 0 851
0.0327100834550935 3.04048810542895 0 854
45.7666504186012 3.89976418465124 0 859
46.7330478533726 3.16879850592005 1 860
42.5636867806337 3.53668208259037 0 861
0.240618372452708 3.01021114706063 0 862
45.6144889431149 3.75049778404667 0 863
46.3846183250748 4.53469953557348 1 865
46.5368544747211 3.10750003450495 1 865
46.4480192736979 4.15323134428721 2 865
46.459026324448 3.65994375642256 2 865
46.4093759005128 3.30655511363935 2 865
46.4702473509951 3.04845917809322 2 865
46.612506149437 3.43678447737056 3 865
46.5943692985039 3.16660536207877 3 865
0.0419832496713591 3.16264536017747 0 868
45.7399672513875 3.44350615205459 0 868
45.74181263857 3.04306530493672 2 868
46.3979017556735 3.24469807802132 1 871
2.25508422759131 3.38918061727714 0 873
45.8104359552317 3.02647287233887 0 873
19.4073564229064 3.20998733894218 0 874
45.7334263628423 3.16713550012605 0 877
46.5888993831208 3.00613387616149 2 877
45.703991499749 3.03748535240118 0 878
1.24527872112139 3.39385815024263 0 882
1.09678029568888 3.15428689293775 0 882
6.41606185685204 3.10400274303 0 885
46.3485136899721 3.04706601551716 1 887
45.9331048614969 3.06812069499089 0 892
46.3222621633768 3.00947929772163 0 892
45.7171917171239 3.81296396260264 0 895
45.9330708654238 3.04395172618436 0 896
45.7857758168113 3.11176875562026 0 897
46.5157444862739 3.34375465137459 1 897
45.7381638698023 3.68173932913705 0 899
46.1433006899055 2.99097132087238 1 899
45.6835628218252 3.11709741372437 0 902
45.83378050971 3.63281064374686 0 902
46.509251177921 3.22780993844643 2 902
45.793840914122 3.48363892928537 0 903
46.3603055499584 3.39042688745961 1 904
1.69171061022154 3.18870038953596 0 905
0.669626616783604 3.46847079236797 0 906
10.3972443984637 3.32759583973898 0 906
46.005716679102 3.08421336720179 0 908
0.329655150893242 3.3778015301611 0 912
7.2864879846677 3.23172018559361 0 913
46.1048672662972 3.0394883837982 0 913
0.807844800319798 3.29284280415741 0 914
45.6984431120267 3.85228681946792 0 915
46.0078064464444 4.28438483260064 0 915
46.0754304232336 3.03339018964008 2 915
46.4868994368752 3.70257441298768 2 915
46.1514058134081 3.04023324838241 2 915
46.5543259284904 3.30811470545912 2 915
46.3971898452507 3.84746541358387 2 915
46.9596799199886 3.05053013154587 3 915
46.4070181094428 3.51119078754022 3 915
46.413292927618 3.73807402810759 3 915
46.5303791111206 3.55936187540173 4 915
46.5843558761305 3.09156078595167 5 915
7.64095690918935 3.45617005849881 0 916
46.1048159516799 3.05414641318072 0 917
45.7097801678236 3.36933546364224 0 923
46.2710606089417 3.69649216036434 1 924
20.2358867809233 3.50431381248414 0 927
45.7024182753531 3.23256006315151 0 937
8.84633165667691 3.19458773418532 0 938
44.3264969035424 3.19364228842504 0 939
45.8076332294487 3.01036040392378 0 939
1.13497204697605 3.01454687451472 0 940
45.7609675488537 3.12847311347239 0 941
46.0985220511534 3.48549238310733 1 941
46.7788862184775 3.09372223514178 0 943
0.114743125087255 3.1761523804597 0 949
0.134055094277984 3.20390660080206 0 950
18.0868242893877 3.21268599055467 0 953
45.4793264717739 4.02977216938259 0 954
45.5164767677985 3.00713016995961 2 954
0.18266768655545 3.10563602165951 0 955
8.90776167227963 3.37745470492933 0 955
45.5320316883904 3.05090175737859 0 955
46.2337887553183 4.22590451709983 0 955
46.3388658672184 3.28640427735089 0 958
45.2932110135642 3.00028443392965 0 958
46.4744590359388 3.67085836567067 2 958
46.8799278534004 3.37878483541484 0 960
43.1652572038019 2.99705417804957 0 961
43.3472939073176 3.16353543080798 2 961
25.0147467926792 3.12105418617556 0 963
45.7340875838642 3.4945838650862 0 964
0.0241425035775875 3.07462495688209 0 966
0.908054834364848 3.06470081253703 0 966
45.7059600370914 3.76837252730955 0 969
45.6870809468698 3.03411631844318 0 971
0.142414899702012 3.20767547143305 0 973
2.35188426827881 4.46472985820386 0 974
0.902229683710526 3.12506629763658 0 975
0.140515210803643 3.07495151243025 0 975
46.4641144973316 3.25713359320954 1 975
46.5842587784395 4.03972526220839 0 977
46.6187762993686 3.07225596095976 2 977
0.131200781369989 3.59439249207233 0 978
45.5826761104855 3.57221985219158 0 978
46.2661161338069 3.02663262221398 1 981
10.4107490932551 3.18382922237608 0 982
45.7899376109983 3.33585652024745 0 982
0.0996684156764754 3.05401696327974 0 986
46.7217633143623 3.18365352128519 1 986
45.7129355288937 3.14767189411023 0 991
46.2647826219067 3.02377709234322 1 992
0.0135391344698868 3.20002757863704 0 993
21.1066125954562 3.52759297889202 0 995
46.4552502109759 4.14412912047942 1 996
46.4587645251696 3.01201756385967 2 996
46.4600816390657 3.15143689372004 2 996
46.4881784682657 3.19129577261783 2 996
46.5742690937351 3.24714552753783 3 996
46.0248380491134 3.41567003355902 1 997
0.00671790467305941 3.2746519257962 0 999
