"ts" "magnitudes" "gen" "cat.idx"
0.473056556131558 3.16945191161716 0 1
5.49256059332364 3.64031416071622 0 2
5.93212412473989 3.03712675683101 0 4
0.25954497413525 3.24126972488946 0 5
8.19062459728796 3.03513108620914 0 5
16.3400145828814 3.14518419621547 1 5
16.7278148718007 3.0711300186678 2 5
1.79359431678327 3.97269280943085 0 7
6.83395874684278 3.41306194241515 0 7
0.160207906077749 2.99271843207592 0 9
14.6985492602594 3.18539324803601 0 9
0.502315187660383 3.01873494032111 0 10
2.80522318104243 3.22337553780091 0 10
0.631852437116203 3.01333531867614 0 10
0.676539779778085 3.64397627374024 0 11
0.453323772251664 3.38606581450425 0 11
8.03111122253938 3.66280467668076 0 11
1.63662255416492 3.14073971771515 0 12
12.8794009556266 3.13895289818155 0 12
1.44697360617858 3.06846127220387 0 14
15.2444342629484 3.54315400415127 0 14
16.9735926814933 3.08656689119114 1 14
0.79476936584481 3.20058367813099 0 15
10.7667913650982 3.03391502534144 0 15
0.00942913405043408 3.16047970218522 0 16
0.14656267080878 3.19478705634783 0 18
0.0583718855874427 3.33149783825334 0 19
4.83964733914706 3.89835247537548 0 19
4.65597790372616 3.10328100957397 0 20
12.8956161695674 3.71040582652478 0 23
16.9558880528525 3.08708905220617 1 23
16.6364768451635 3.2486375502796 1 24
0.053108068249774 3.21695839063515 0 25
4.71202988603833 3.08429944943128 0 28
3.08024239022504 3.78635239611126 0 29
0.41876132212645 3.05647343911197 0 30
0.0250242322756804 3.91733857639914 0 32
9.31213077993229 3.17287725345396 0 32
2.12562488746594 3.10599392859608 0 32
0.896215914511144 3.44351061665678 0 33
1.4833057119797 3.17616450668236 0 33
15.291495935493 3.22090463046815 0 38
8.70733538374882 3.20039575069809 0 39
0.00339818500493883 3.06610628962691 0 40
1.42048903669536 3.10509349472113 0 41
0.0557137833433286 3.16695081968325 0 42
7.50888108142401 3.36162998208161 0 45
2.47636389385741 4.11487183354872 0 46
10.0465054472605 3.00213041187619 0 48
7.02769354511322 3.39702026756679 0 49
1.51468305755217 3.52002033726722 0 50
0.0140465184226427 3.04295477613512 0 53
14.6815535390993 3.03704587555752 0 53
0.451697295016412 3.32138008442356 0 54
0.349816358754592 3.60678196499911 0 55
0.0275065131510223 3.13393812319523 0 56
0.00209844847433334 3.06049611303298 0 57
2.06249682177098 3.5536568765667 0 57
0.477259856586996 3.20432107173284 0 60
9.50545331824401 3.3176634046756 0 61
15.2984755304222 3.24832465361196 0 62
9.84532797964367 3.03895963907512 0 64
2.12174725375777 4.18731176964306 0 64
8.39507245324774 3.32488491102854 0 65
0.00937352015706936 3.28538324168697 0 67
0.118513046939964 3.1913207391456 0 67
0.074441667101187 3.37469115346291 0 69
0.919766896938432 3.0533508879235 0 69
0.127765145277553 3.16423978932891 0 70
16.0414155739449 3.00010359505043 1 71
16.5070677608341 3.24815831946354 1 71
10.3753221017764 3.00012779977917 0 73
0.078664867569464 3.0976750578228 0 74
0.430771572365974 3.09218948918937 0 75
12.8581389110849 3.07238055668199 0 75
3.08133514549975 3.11057200082907 0 78
0.168087377711573 3.12728787279883 0 78
13.458333950965 3.51082106500609 0 81
0.105796323920327 3.07079649929779 0 85
10.6377095237055 3.11514061896895 0 85
16.7495510682088 3.07342004909955 1 85
15.2875536468954 3.10466201560322 0 86
8.89162213646694 3.4048461651156 0 87
14.0934722258093 3.23464009919157 0 89
10.4243063354575 3.28741490178287 0 90
7.84049857968066 3.37737819994812 0 91
0.062916131162815 3.05325072733295 0 92
0.0992970089348753 3.30615446705061 0 92
14.3483634350057 3.30042450077893 0 92
0.437734736119821 3.02206063372534 0 93
0.0346768205088205 3.60250030773738 0 94
13.1188072260879 3.00499883686197 0 95
10.373426049565 3.05240040280072 0 99
0.102803053455931 4.25243694922826 0 100
16.5647964923732 2.99208277357853 1 100
0.308386538188975 3.01753735310514 0 101
1.27290139518001 3.08590454594224 0 101
1.18737710413726 3.49350751715096 0 101
0.164811714523364 3.90568776532751 0 102
0.0655754747271693 3.78331967070752 0 102
0.489617653190896 4.24180760786668 0 102
0.187046996267669 3.75485404202016 0 104
0.731839468294713 3.05156214496431 0 105
2.73826203151087 3.05621725059876 0 105
0.581632072999677 3.06943239843191 0 107
2.69645954525053 3.35387183807694 0 107
15.2852387067875 3.08367002711226 0 108
16.0919360904088 3.06384159897264 0 109
0.130669071034247 3.07889103890622 0 110
0.00803443905728413 3.2912215416232 0 111
16.632864384595 3.59292137135576 1 112
3.56956684146784 2.99788558749829 0 115
11.3598045893157 3.08640811231438 0 116
0.331131846532594 3.19293369354062 0 117
8.96892994853945 3.22658129353024 0 117
12.1023504391857 3.4057123341558 0 118
11.2035727984457 3.26160884543292 0 119
10.3815486040135 3.16312118190881 0 119
0.351565745089217 3.67223788206157 0 120
0.00463797971363985 3.39197254268976 0 122
0.423225030654708 3.39005808947819 0 123
4.4780415014106 3.31125527821614 0 124
0.978774238013179 3.22584313428397 0 125
0.140571241806526 3.17290598171472 0 125
0.0461857789575985 3.02022048098888 0 125
16.7206449340187 3.44271796750637 1 125
16.6629602926873 3.10342704125131 1 125
16.8740658177153 3.25948147446841 1 125
16.7264296861486 3.6416650103382 2 125
16.5557202302475 3.03301744595631 1 126
0.183098395841917 4.25082066867599 0 127
4.31663672442449 3.53914002525194 0 127
14.5088201469213 3.40109652857318 0 127
16.7857658585158 3.22513624902661 1 127
2.59558440638342 3.57620702690771 0 128
0.00568163815171166 3.33071575348803 0 128
0.236033215399335 3.35096222084991 0 128
15.4651073749979 3.00349893466947 0 130
2.70529109504557 3.69738200519435 0 131
13.9490315844404 3.3340959846235 0 131
13.8343520294 3.25278924287132 0 131
0.153120713603159 3.10089932467626 0 134
0.00157388823501307 3.54940531312691 0 137
6.89877561786324 3.52918881128618 0 137
0.0715418386432666 3.66818753979387 0 138
0.08048714623107 3.24986686335491 0 140
1.27570912068007 3.39723056439177 0 140
1.32468675239346 3.03918360526189 0 141
3.32284448575067 3.08135173498188 0 141
0.769615005642361 3.74632185658144 0 142
0.361904921786733 3.06605527363218 0 142
0.170365555150208 3.12485380781806 0 143
7.74578202057744 3.36638790885404 0 143
14.8667801116894 3.09655188570162 0 146
0.389555596742591 3.52612947646867 0 147
0.0675829878264485 3.02073926076191 0 147
3.32739018790118 3.14930533475483 0 147
14.693953870559 2.99452174377722 0 147
11.7020029762075 3.31083393655194 0 148
0.570168805140533 3.12886180124017 0 150
0.0617726772020439 3.00337578710765 0 152
16.8589794101002 4.05079276421983 0 152
16.8997554448125 4.02052949099985 2 152
7.9434653231992 4.1843020533741 0 153
10.3714804259636 3.21085306347211 0 153
15.2078837887706 3.23109206936832 0 154
8.06660777255577 3.15649130355628 0 156
3.06164052660412 3.18091002396226 0 160
7.18908418494735 3.18687482620626 0 162
11.8549393350215 3.32336869086836 0 162
0.213216237067204 3.44951671891753 0 164
2.78737540613722 3.12505901275351 0 166
3.34150089265519 3.18082812094798 0 167
0.0294136414565877 3.24051401328824 0 168
0.451722063611774 3.53308329188537 0 169
12.5030821651932 3.15825565453803 0 169
0.761655088400529 3.01162772381748 0 170
0.135166673284422 3.25031013586045 0 171
11.2947086609041 3.03423263335771 0 175
0.414929320728309 3.65151901054969 0 175
15.8151770862396 3.1893051010275 0 176
16.2201667981312 3.17214889208889 1 176
0.0838366942666403 3.04292877726288 0 177
2.05797717529527 2.99022969259329 0 177
0.0569323816925053 3.63611458353988 0 177
0.149273998094355 3.19302674966224 0 177
0.0136348050024089 3.05208372287682 0 177
7.4776594169073 3.1138951456985 0 178
16.9335689632312 3.16980687227412 1 178
0.0479042775402872 3.18817804080418 0 179
15.64226182412 3.46910079304227 0 179
1.42704934699467 3.14403666680161 0 183
15.2311773634962 3.13939115438959 0 185
14.3900218994889 3.18971173113916 0 187
1.57134177990486 3.35219671215614 0 187
16.8835422715169 3.29128289884216 0 187
0.152278852909011 3.12553236882513 0 188
6.50059727961558 3.30628561736497 0 188
0.124966460444254 3.16138740505736 0 190
3.87309064869513 3.28954328391567 0 190
0.0528177200936568 3.27076495724525 0 191
14.2038694093165 3.01168114767507 0 191
14.7528023299483 3.06244934982829 0 191
0.179035402937998 3.62675017303578 0 192
2.78479073343118 3.04377868624518 0 192
16.6921977998313 3.18133074788606 1 193
0.0769513661680973 3.43856161316458 0 194
0.120870714983161 4.26121310784083 0 194
0.415670738780793 3.17730348090317 0 194
0.0698916841586075 3.35205643328086 0 195
10.0200868525987 3.06212411375403 0 195
1.03474542119721 3.26649869946182 0 196
6.56912244849349 3.05137521827521 0 196
11.8336474198923 3.00611922389061 0 198
0.155539799591342 3.10141070344149 0 199
0.102327065677551 3.42857232901936 0 199
4.45589574571083 3.06733299378219 0 199
14.2039384483971 3.13571603597459 0 199
2.02223046947217 3.23174747687557 0 201
10.3659055758089 3.60793254162142 0 202
0.285297820933889 3.59764713563683 0 205
0.128728882232458 3.53052597148815 0 206
4.31722661616502 3.04942333981195 0 206
16.7099211976487 5.13665963875943 1 206
16.7222470785186 3.22717066876071 2 206
16.7267416127698 3.45937070991716 2 206
16.7114452283463 3.12091399306075 2 206
17.0048645964605 3.11416607969605 2 206
16.7916416443681 3.60447413599326 2 206
16.719687866326 3.271186431511 2 206
16.7347182476568 3.65764232778685 2 206
16.7241591747633 3.62016145945887 2 206
16.7621273217148 3.10447602578471 2 206
16.8097341789431 3.02617921334775 2 206
16.7384071323358 3.07042606023233 2 206
16.7245432779345 3.13290006121477 2 206
16.8416760988383 3.55355832107109 2 206
16.8445852879993 3.27814561905747 3 206
16.7985603534743 3.21775336401261 3 206
16.9683037214858 3.39890168908779 3 206
16.8196356694348 3.14016111688899 4 206
14.8060461010152 3.22158891608024 0 207
0.150695325359327 3.3817537378446 0 209
0.0398795554861041 4.12763065204873 0 209
13.970388812935 3.0422185263446 0 209
10.5398408506379 4.5033639372601 0 212
0.0610413331353505 3.32488798761199 0 213
0.0361955042872425 3.35958245928871 0 213
0.51325516011857 3.52411873647249 0 213
0.686343994701777 3.04244714531809 0 213
0.106158808670959 3.66110547736542 0 215
14.893679885897 3.39373063329227 0 220
0.075377511337725 3.49482388525203 0 221
2.01214169667063 3.06296439883185 0 221
7.79307674578567 3.11375090346874 0 222
0.34479346330226 3.21266555195187 0 223
1.96839880833971 3.13507135430877 0 224
2.23017053086726 3.47771555092667 0 224
1.00807431602243 3.20395320187682 0 227
3.49328909680734 3.46073472245922 0 227
7.43222892735553 3.0697871348274 0 229
10.7606596241213 3.29617360652711 0 229
15.1743016553634 2.99104640995869 0 231
13.3184899321027 3.14209240392548 0 232
6.19540525874824 3.14674783879089 0 232
0.48065551534133 2.99306113479654 0 233
0.03845802867594 3.01973354006201 0 236
0.0145975690213162 3.24409872396857 0 236
0.0305095163754752 3.79889389058643 0 236
16.0434099169538 3.1271053673233 1 236
16.1006364064435 3.23977846221697 2 236
0.012466352969149 3.01822283420443 0 239
0.0162141558878888 3.06849176413015 0 241
15.2405544899379 3.16827112994461 0 244
16.3952225769494 3.01274915070916 1 246
12.8542794869245 3.26270964638779 0 247
0.00663595511760793 3.22551971070046 0 252
1.14438702865606 3.12032535993675 0 252
13.4256586309422 3.0529543362355 0 253
0.0448963069870089 3.22623950093743 0 254
0.00450943704850525 3.33228061623316 0 254
0.0534884541963877 3.17809434447751 0 255
0.209427998394452 3.3673731926588 0 255
0.373659402666884 3.15869304806853 0 256
1.76243467256889 3.07235076896162 0 256
4.2922101439718 3.50966649631161 0 256
1.19012568294608 3.24678378589569 0 258
0.00314831968290736 3.65029987459117 0 261
0.00714316713365754 2.99056290752387 0 261
1.46685164266719 3.21830467295658 0 262
0.497120460390762 3.59874624578787 0 264
1.39738223859959 3.55762813433027 0 264
16.7453350221362 3.03086886935213 1 264
0.94372441952535 3.77539256821576 0 266
9.0443020199669 3.95572846065498 0 270
9.12332390856754 3.28718501177174 0 270
15.7492133895431 3.22098368578708 0 270
0.585682930480059 3.39520713044448 0 273
10.0068301955 3.09078948996315 0 273
16.9045862533707 3.44138189281717 1 273
2.11958121364827 3.10715059627712 0 276
0.586222214553697 3.13645284253063 0 277
2.03914906332472 3.14690880337536 0 277
0.197993348976438 3.0533845918877 0 280
10.3657167500853 2.99591862998511 0 280
0.00858573008795982 3.19827476633304 0 283
13.8014086784654 3.71633038792154 0 284
16.3958161302466 3.25356049928635 1 284
0.0086513986747238 3.78100555158163 0 285
14.1554882998508 3.25366998191623 0 285
9.71170179185754 3.4416059581201 0 286
5.87704773184259 3.75273814393983 0 286
16.9726834009957 3.22294195530268 1 286
17.0057149729961 3.4091437631438 2 286
17.0113453765742 3.1856527226312 3 286
14.327160875563 3.48242263511442 0 287
2.34429314361401 3.24879794858676 0 288
12.9761458750981 3.28283038790399 0 288
0.00106644693195571 3.00814648792351 0 289
0.933541562019732 3.538674719195 0 289
0.281511265979983 3.24588067034881 0 289
0.677697821224119 3.08953789924118 0 290
8.50042853684571 3.24527313615633 0 293
2.30525291616229 3.02693036666109 0 294
8.91176318103754 3.28412765643149 0 294
16.6350594729315 3.79888084865983 0 294
3.64620277342278 3.29962696885007 0 296
5.41411693072277 3.26756157149499 0 297
0.489337791316319 3.97760309358463 0 297
16.575338262282 3.10149903608531 1 297
0.0103698100041393 3.10571931731952 0 298
2.37070856744116 3.10637689961433 0 298
10.9223477650187 3.69874437148812 0 298
11.7658551106941 3.03741649146499 0 299
0.124096658329711 3.35743458746261 0 300
0.037647452305502 3.86527441763542 0 300
14.5634605196712 3.16194439964328 0 300
12.4524745146515 3.4914878698343 0 301
0.0232557259525608 3.00866272658756 0 302
1.89801053715879 3.13112760225175 0 302
0.0960753644404799 3.70608638357051 0 306
0.0430934543841906 3.47775836190552 0 307
0.139771481089705 3.05533012980179 0 308
1.13337513669186 3.0963267433878 0 309
6.48784419922884 3.16554497010106 0 310
5.7623669590608 3.07621586564369 0 312
1.70819715537944 3.02922752231471 0 313
0.528577470377761 3.47106232691811 0 314
5.50182397328224 3.30747754123821 0 314
1.48243859315975 3.57358983265176 0 314
1.07623980578297 3.22336857184113 0 315
11.7164840978377 3.83799542249138 0 316
0.0374768869364605 3.59628422340476 0 317
0.543980059195038 3.39296997892343 0 317
2.12414731146672 3.66230423001179 0 317
14.4667429259287 3.07415562596929 0 317
2.11765403535543 3.22305253228752 0 319
0.344983022584408 3.17545915531371 0 319
14.1826185617433 3.25637144335376 0 319
1.98449783610589 3.0386194771959 0 320
0.0946164957111193 3.41504969006195 0 320
4.80075996044687 3.83470589037959 0 323
8.40809470959061 3.46462370352171 0 323
1.05291386557469 2.9943767421684 0 324
2.1252720742992 3.86882551538907 0 325
0.132669991266697 3.15847924460492 0 325
0.441897367310594 3.0846648298517 0 327
14.2608315147637 4.26478748738671 0 327
5.25683421624415 3.02075883371092 0 327
13.8500900302072 3.50445546499106 0 328
0.0481558374491414 3.16119618696808 0 330
0.578458879358784 3.8392948550059 0 330
0.22392105302523 3.52503501682038 0 330
12.8618710808692 3.29746611720467 0 331
0.326467258666948 3.01549086516126 0 332
7.74354654320448 3.40868934628384 0 335
1.1876535932021 3.35649666850089 0 335
0.2006235582 3.55295400433959 0 338
0.0768731497234008 3.03469942473799 0 339
0.149446602540553 3.80783825519663 0 340
14.8161226583336 3.1471901721158 0 340
4.20153505454437 3.03916985001716 0 341
2.35807540071836 3.26840435177137 0 342
0.632487771066402 3.42462357368932 0 345
12.1507250024053 2.99402329105547 0 345
1.8625266426182 3.08766231617395 0 347
16.8591506564148 3.3908074431099 1 347
9.29367585766048 3.05084115868225 0 348
16.417257593162 3.52011944900185 1 348
14.700172837978 3.08924395273687 0 349
13.0615327052307 3.31743456170262 0 350
0.0500865191466733 3.16329268340182 0 351
10.0551497328558 3.70257169462961 0 351
10.2168459740631 3.06147708906862 0 352
2.19639174991944 3.4256731752057 0 353
0.16564231802216 3.41919344297045 0 354
2.5621043906821 3.0374795247674 0 354
0.0140077654860972 3.47945333913646 0 355
0.20022748187293 3.24082927114345 0 355
1.02516546961072 3.02142082094439 0 360
12.9713623593701 3.78110341329328 0 360
16.3792725325652 3.19265517836276 1 360
0.0147674610189296 3.04604894664953 0 361
0.0829319871006563 3.20329910084433 0 362
0.127557942757188 3.17763122020449 0 363
4.9267705578835 3.51513774084973 0 363
13.286136986261 3.05157928769454 0 363
16.0789461650289 3.10611210881715 0 363
10.0099585416013 4.65247288213431 0 365
2.09378979871019 3.1878410982617 0 367
1.08673858364732 3.21334403055316 0 368
16.9157133751173 3.13668818846067 1 368
16.086712180087 3.15670667778728 1 368
1.63806696091538 3.16730804359103 0 369
9.57455447160537 3.38921463026301 0 371
5.90726097699071 3.1652001090296 0 372
0.081694972893517 3.1385436280553 0 373
0.821278099662124 3.01941673105914 0 376
0.319782533176511 4.05125822115207 0 376
0.00183450445582607 3.17084683627746 0 378
0.126203972579667 5.17034704423873 0 380
2.12596945443359 3.1688745299118 0 380
14.8387756258787 3.67451991460656 0 380
0.129468482916473 3.1572113210918 0 381
15.3758632483793 2.99408723602465 0 381
0.118651290571862 3.48787046406451 0 382
2.15354801603171 3.04553055440808 0 382
7.54079145536086 3.23938437303688 0 383
0.311361527192103 3.2577358822135 0 383
0.289349045572419 3.38050910517406 0 383
3.07822507788573 3.03448831309332 0 384
1.12956139055744 3.29916256396048 0 387
3.06770707708969 3.65596281739379 0 390
0.0887646090828602 3.452934487631 0 391
16.818358408203 3.14259164260513 1 391
16.878003852764 3.17955598928673 2 391
0.00648677598946636 3.35758482743956 0 392
0.146195645886894 3.8009576543346 0 392
0.160370909059361 4.04798405287093 0 392
14.1521550172093 3.14957651642233 0 393
2.38372030853304 3.36370565008409 0 394
8.51268644194954 3.06319618715271 0 394
0.692592158439124 3.28557706680324 0 395
0.0329846797170815 3.67935083273507 0 395
0.0418908858891415 4.18472747591896 0 399
12.1430505525207 3.27891265387944 0 399
2.60708146561602 4.13599037657377 0 400
5.38526757450587 3.13238698603447 0 402
0.527123648886955 3.06875691337363 0 402
1.59027872708586 3.59202571747052 0 402
10.0478024450774 3.70770325866149 0 402
0.547496048722797 3.38556022080659 0 405
0.214952399195844 3.24724938818 0 405
5.91709155979777 3.00693756443837 0 405
10.0863856061187 4.87911253743764 0 406
4.61818513454647 3.61228351593017 0 408
14.1656161812731 3.27520994210839 0 408
0.550378813896863 3.54827145280149 0 409
3.57345702862209 3.08996344715459 0 412
0.172002032588618 3.66566145483664 0 413
8.79642751313034 3.23569347384864 0 415
0.105887129479754 3.37595323481009 0 416
10.0706844378108 3.08382911461315 0 416
2.22080037868171 3.01471778561813 0 417
10.3746484855225 3.78616434369663 0 417
0.014643811538443 3.46246345460159 0 418
1.17816474285611 3.0959276680601 0 419
14.0338986324126 3.29559102359871 0 421
0.00373707647900656 3.6843011503441 0 422
0.109658518526162 3.26022349394705 0 422
16.0222386267592 3.42365563605058 1 423
4.80999735616654 3.76605752547611 0 424
4.40033134028295 3.37574778370763 0 424
15.2700106840147 3.08417520276004 0 427
0.122703597155765 3.22123900131406 0 428
7.454023909611 3.46752076140603 0 428
0.0040894445944896 3.35875303238431 0 430
0.0156992319259695 3.36141553860988 0 431
6.3560267377495 3.46492018783715 0 432
0.292231050893433 3.4915283308531 0 432
12.1342300147463 4.31837091055999 0 432
1.09123518548167 3.08577791335118 0 433
8.54124614224967 3.36716189090745 0 433
16.4304782963913 3.21681451741362 1 436
0.120046656619872 3.18623319394739 0 438
0.178630708124874 3.25555800356855 0 443
2.12976521748241 3.0698655816463 0 445
0.0692812497137935 3.25102172886105 0 445
2.68222180048105 3.29570587792822 0 446
14.1667945169686 3.65526334864659 0 448
7.01666354158369 3.0423515917257 0 450
3.07403008853957 3.00154111162892 0 451
0.00355374686467885 4.25927034818816 0 452
0.201976910735963 3.02054324253619 0 452
0.00957096085474526 3.22465431262283 0 452
2.41456405811626 3.91994730762251 0 452
16.3047059349805 3.28348067488341 1 453
16.9073399567601 3.10930642207881 1 453
8.30001322994947 4.05320132764119 0 456
1.21962467496726 3.93732655583435 0 457
0.0196381624135939 3.09708494984599 0 457
0.190729114907915 2.99269297758066 0 457
1.99540849727588 3.35781238889083 0 457
0.328245092665961 3.00695220721844 0 458
16.2936656856068 4.0205557784438 1 459
16.5058564569343 3.48187812441338 2 459
2.84010594062808 3.33258178300288 0 461
0.37391775648583 3.44050576245038 0 461
10.197085673139 3.26768646624113 0 461
0.0514899619744057 3.39110067832325 0 465
14.2535999403389 3.14774257593229 0 465
0.506202797160275 4.10825366293494 0 467
16.2290148811039 3.20674721318575 1 467
0.319837378635921 3.52583706502055 0 468
16.8194452714265 3.23020047633331 1 469
4.60690450559861 3.76875977752061 0 470
16.1941468584202 3.06735840658354 0 471
12.8975213525499 4.1665470872405 0 471
2.42250369791594 3.00939305507353 0 472
10.5782764206005 3.82339131212284 0 472
0.130076982993814 2.99410279157769 0 474
15.2051147018899 3.20252638320462 0 474
16.8664533713922 3.00102356602005 1 474
0.531551483862558 3.30836726736058 0 476
0.0636273483031111 3.32701301364732 0 477
0.0427383600804185 2.99652711283234 0 477
0.431186003936338 3.02872506266235 0 480
0.0969936241700917 3.28430565231128 0 480
0.366329196022932 3.35033591571131 0 481
7.51033488114838 3.34399417074353 0 481
16.9593931803583 3.21944700771584 0 483
0.0620705378033815 3.01561516351107 0 484
6.04890258690388 3.02069560181664 0 484
1.16917577192947 3.36691509316913 0 485
5.78167870370415 3.25019469084959 0 485
14.5195519697722 3.06924070095834 0 485
0.73632129848659 3.23541639714503 0 486
11.4068510145302 3.76601956306351 0 486
0.0552813877662009 3.34870206357392 0 486
0.16754654441068 3.0986708189455 0 487
16.4041143489626 2.99238185634568 1 489
10.0553365031979 3.03104104919819 0 490
0.0592926068067861 3.11774910711444 0 492
0.127356698122358 3.47288604863877 0 492
7.38607257804754 3.04744934978735 0 493
1.16218945554408 3.5706147450841 0 493
0.409626522258643 3.36850124356926 0 493
0.0642549852668733 3.31586617880592 0 493
10.0826160301289 3.03660578908479 0 493
0.0362020017713358 3.17049273616052 0 494
16.8326234537266 3.14423914492374 1 496
2.57469776314339 4.55143763724319 0 497
0.0727243551448677 3.0613853148356 0 500
4.6643211679891 3.07583712137218 0 503
0.0615909015498639 3.25908885212757 0 505
12.4577455860716 3.01067239933546 0 505
16.9126366874293 3.08020699208834 1 506
0.331784209022442 3.2006657721728 0 508
15.754469816792 3.86145153349943 0 508
0.0116204929431991 3.37808500674828 0 509
0.842939737184063 3.59903527857991 0 509
9.16544674676847 3.13174780587853 0 509
2.33129239769799 3.01925042437871 0 510
3.86150336715104 3.20807939139431 0 511
0.156336878896507 3.30129731056834 0 512
0.778859964101266 4.69553887978897 0 513
16.1468488661662 3.45468563712572 1 513
0.593212878373148 3.0657908713531 0 514
9.94158138015079 3.54227476521482 0 515
13.3363583704077 3.03678324969864 0 515
1.51000308135073 3.15799697295497 0 516
10.0253842502952 3.15390045622856 0 516
2.31681871375665 3.35948726899772 0 517
16.2540919046473 3.05335175894048 1 518
16.3265150022866 3.16495734292781 2 518
0.316308551006868 3.11286380565666 0 521
0.0936739462854652 3.04948211634076 0 522
8.26035285649397 4.41059453443467 0 522
0.00442219559340195 3.34383113514843 0 523
0.612419341691163 2.9945684543729 0 523
10.4080742181072 3.72155001489209 0 523
0.0643312832647457 3.03651707897857 0 526
0.053616661369396 3.7107008976243 0 526
7.93716574960142 3.0930519158658 0 526
0.233393103011268 4.10812477302326 0 527
0.0987610187304824 4.44669194058909 0 527
5.38898753237093 3.19919344975943 0 528
2.26132173195648 3.07826680657662 0 528
0.00904238234015102 3.2140798525195 0 530
2.88876629995703 2.9963031435367 0 530
1.1891899084701 3.3498552733933 0 531
1.00937554345128 3.4479942065613 0 531
2.42292451428674 3.02681823511345 0 531
16.3763295199346 3.20097186359679 1 531
16.5984087695039 3.03538546739999 2 531
0.00589203679594975 3.21302489780849 0 532
12.2403835679567 3.05147707091322 0 534
0.311918711416743 3.30699047854042 0 535
4.67981675826626 3.35541551193281 0 538
2.42754820556112 3.73579830347511 0 539
0.101150748823245 3.40679763555286 0 540
2.20449195305686 3.34573789584099 0 540
0.0297028639830812 3.00505472713316 0 541
10.1124174387074 3.25588555617644 0 541
4.4178997178416 3.33635891095512 0 542
10.1591269269623 3.08069273322917 0 542
12.529521608909 3.47957642917354 0 544
3.96963063146076 3.13415205541787 0 545
17.0023438235835 3.51687263883389 1 546
8.04955938578319 3.27629392390694 0 548
12.8468223001837 3.00719002776706 0 548
0.891737631612918 2.99516689329293 0 549
0.404174802896277 3.73606611734415 0 550
3.36878853499812 3.42729544387761 0 550
6.09946403122311 3.40687223153246 0 550
2.16462034216195 3.41793959903024 0 550
0.203012901964919 3.32304457757499 0 550
0.132189458419761 3.60893229521471 0 551
0.0506501275722893 3.12664334825722 0 551
0.0556641703505014 3.16559140818203 0 551
0.0678595774026472 3.02787021110053 0 552
10.3931530206588 4.55571657193395 0 552
0.707968585066308 3.01112384645705 0 553
0.646363961666849 3.11999314027556 0 556
0.0121310079146779 3.39302905761304 0 558
0.0128373647727396 3.24260122532958 0 558
0.13281199967661 3.1634763374921 0 558
0.0551448572649329 3.04027182691379 0 559
0.169316054181437 3.14047870134416 0 559
4.16329266356084 3.23873409005 0 560
3.05228431925381 3.28719672590114 0 560
10.7083698065954 3.39122534009129 0 560
15.8937585211497 3.23438235176522 0 560
8.77714202317112 3.24884270371144 0 564
10.2580038648215 3.00386459529729 0 564
12.8410209715732 3.32736333618951 0 565
0.0617195589892518 3.6101714903156 0 566
16.2206090590075 3.40045970124649 1 566
16.3097869531137 3.37927398703857 2 566
16.3214273540738 3.02169544886653 3 566
0.00313492503975731 3.21809590456583 0 569
0.849711648305228 3.03470312617922 0 569
2.98246783897706 3.21758938521853 0 569
11.2907663094072 3.1326145186719 0 569
4.91928726278084 3.36076071561793 0 571
16.5889140089598 3.08168285326198 1 571
16.4794187728871 3.70025840562077 1 571
0.10314482029622 4.5176285620528 0 572
14.1539414069475 3.12733638814169 0 573
16.7564283934512 3.7266390677467 1 573
16.8860501209084 3.19970104224804 2 573
1.43350025456308 3.25458682463113 0 575
0.399369444878396 3.57840663653653 0 575
16.7932040155024 3.01545790693784 1 575
3.56743288290424 3.05554758017562 0 576
16.8643166470897 3.20833328814823 1 576
0.0810513163421396 4.1310333480627 0 578
7.97634951914337 3.88418060041609 0 578
15.2199868134377 3.46119321675848 0 578
16.3883559060373 3.19894364132832 1 580
16.3990535942744 3.64699301181665 2 580
3.99466171525562 3.04700060168747 0 581
6.13530608533279 3.11288046605527 0 581
0.0113570622968721 3.42317744070789 0 582
13.3792094005126 3.60747255861434 0 582
0.124004206752719 3.03910529750275 0 583
4.82154435549213 4.06573392350392 0 583
5.52966241314548 3.0525149721631 0 585
10.3513986363881 3.38290018402777 0 586
15.2095364743501 3.85646025052274 0 586
0.115433090847164 3.52522313588674 0 587
10.0654662984752 3.08939749757946 0 587
16.4736661594259 3.00702918936548 0 587
9.04237833398785 3.81086653917118 0 588
0.290094332391924 3.10733539805638 0 589
16.4692567765132 3.0484949907422 0 590
0.208833066997963 3.03764587613479 0 592
8.09494016622395 3.07287386557448 0 592
0.00401084085025792 3.36894294491455 0 593
1.25856527733378 3.19434442096938 0 593
1.15913617177385 3.0484551505107 0 593
7.75718435233368 3.01253010846751 0 594
13.8072872099747 3.01898657333977 0 596
16.4405655513142 3.97427383461558 1 596
16.876394695751 3.01530668565204 1 596
16.6496926207527 2.9982096801163 2 596
4.69700516114654 3.25144907251391 0 597
0.0367876064967903 3.086978284377 0 598
1.2084588206854 3.03714294941538 0 598
10.3918725192066 3.08828052615647 0 599
10.6861320974507 3.02440688444042 0 600
0.41829680046795 3.48069916476231 0 602
2.91254233736528 3.01809957842368 0 603
0.678942520499071 3.09961279305933 0 604
10.5867167182125 3.64142714241745 0 606
16.5400238331963 3.27197609156709 1 606
16.6044404192392 3.12862046773221 2 606
0.0556921344529583 3.0260181233107 0 607
3.66371632300702 3.15439691541258 0 610
0.01021171721009 3.33101740166505 0 611
0.303900778795123 3.2546359043011 0 611
14.7377241208484 3.62361102541402 0 612
4.22563469245741 3.30969670224436 0 613
16.6719786502976 3.00750098730133 1 614
0.248176393034919 3.19415968675074 0 615
2.00677993086969 3.29875024011882 0 616
0.483648275576285 3.2557497429411 0 617
4.69511422883684 3.34283304620669 0 619
15.2080545494058 3.10989912625037 0 619
0.020374248818254 3.4242784937275 0 620
3.40273007755084 3.10002534381424 0 621
8.4336650567865 3.06559449337946 0 622
16.5765867649202 3.3286760047999 1 622
16.3026305110283 3.24784099092329 1 623
0.411665964771993 4.30070069238488 0 624
16.884995365664 3.65695236903027 1 624
0.0487460024138012 3.21405642079939 0 629
16.8348110974041 3.60276354452 0 629
12.1245498158639 3.5061352013941 0 631
0.489346282422576 2.99667021910447 0 632
0.107831217549181 3.03365473767969 0 633
15.2589665819206 3.28761679897453 0 633
16.4066297040876 3.68535817777255 1 634
16.4102837323997 3.21230765910304 2 634
9.7726433752245 3.07935176902213 0 635
0.546213988115229 3.57492162943063 0 636
15.2073051325299 3.04592308309223 0 637
16.4609860956301 3.20647261773578 0 639
0.0918101635121717 3.52229179782011 0 643
10.9790334449686 3.02380020204891 0 643
0.161171070648407 3.2265739585069 0 644
1.07040371421096 4.45124052638299 0 644
16.2780728891897 3.59617829137995 0 644
2.12972033157065 3.34421348317985 0 645
4.43764720666339 3.00457660008498 0 646
10.5095334414789 3.59189954391997 0 647
5.75380492036822 3.18750132862533 0 648
0.949500643523904 3.94961946236622 0 648
0.181925457606788 2.99347760525394 0 649
2.12750768231239 3.49310224369187 0 649
0.149029471712329 3.3786387287543 0 651
0.917048738983714 3.27117701271207 0 651
0.724929118210538 3.26531667807205 0 651
0.339845153084267 3.15132681398854 0 652
3.20296998372595 3.00980614226283 0 652
0.00601070306515145 3.67649461566561 0 656
0.205255706674192 3.4982731324907 0 657
0.474046482013973 3.04454514483261 0 657
10.7554386551716 3.5212531453142 0 657
16.6007932672832 2.99607476856843 1 657
0.541841764947697 3.10100833091871 0 658
15.5181018987737 3.05992217176896 0 658
0.0322776695881716 3.04191721343674 0 658
2.54296119273639 4.46619348181218 0 659
2.5224785206405 3.09575038792905 0 659
15.2061405239701 3.07113905967257 0 659
16.9031515951824 3.16416355701388 1 659
7.92402098397389 3.27732453331464 0 660
0.230818164449808 3.03772900908541 0 661
7.43981811492757 3.39184285659281 0 661
0.253450784128717 3.63262838821533 0 663
16.842699111588 3.21112862355446 1 663
0.183402207822553 3.05111557718836 0 664
0.00425640595628144 3.90371196313315 0 665
16.5454948487781 3.49493441261095 1 666
0.709450408569793 3.1262004779314 0 670
0.02210578069475 3.01230975647102 0 670
0.541823979783903 3.16858824405062 0 672
0.519445272701376 3.35368441255345 0 672
15.2048088660625 3.98101407000347 0 674
0.619894933662842 3.02210609745356 0 676
8.61015978898034 3.35603752803232 0 679
13.9441865780809 3.50550518799538 0 679
14.6941711304889 3.24216742680071 0 680
0.0816808585321101 3.02429347409104 0 681
16.2725547751501 3.25507714181091 1 681
0.126844325606159 3.53399993016023 0 683
0.0376840148554847 3.69090712997165 0 685
0.501670375493534 3.25231254573004 0 686
16.6760961142458 3.27465762504499 1 687
0.0919699164315128 3.08548265646954 0 689
12.2822773928437 3.00472780662858 0 689
0.0532308149273049 3.24563730684379 0 689
9.02725450777021 3.15527319424463 0 689
14.9256557917489 3.0851322701208 0 689
16.4456792412415 3.01462939277788 1 689
3.61054868455845 3.31091981488771 0 690
0.452148771159446 3.46434159564542 0 690
8.64258480958489 3.04034634324963 0 690
15.8992294291595 3.62461960127321 0 691
15.9119326396714 4.38145018504291 2 691
0.0422735167615958 3.52831056842796 0 692
16.0646611942534 3.6871517015253 1 692
0.109505765696667 3.431377244552 0 693
0.0106375085062665 4.20720644340919 0 693
3.48400343945326 3.05302961050781 0 694
0.578890738999315 3.29071420170629 0 694
16.6307702596855 3.91950126209897 1 695
0.204550225221813 3.70831927119834 0 696
16.1480157062501 3.60320783153506 1 696
8.00012179685286 3.06580295670488 0 697
10.9769762009116 3.28173389738938 0 697
14.3700815587761 3.37573951495408 0 699
1.23049948214748 3.45091200607764 0 700
4.39089051986211 3.4104222613789 0 700
7.92866832288482 3.49065206232178 0 701
0.038462839847137 3.02813034219039 0 703
0.032134629076376 3.42279650696049 0 703
0.0256783414847259 3.13004073090339 0 705
4.49347894896327 3.21039578864618 0 706
16.8077277649749 3.42777875196203 1 706
16.9649748615125 3.22737430101821 2 706
0.141400034685235 3.07786341634516 0 708
11.0792741199754 3.31685818265143 0 708
12.2355217386003 3.23835382785722 0 709
0.18615782798922 4.15718248465822 0 710
2.81726091976023 3.00175023917041 0 710
0.196462223623352 3.01966666959628 0 711
0.00620198173004581 3.11860333467468 0 712
0.0643806524501809 3.09035594785049 0 712
16.2612073271625 3.04166333691446 1 714
1.36937250862558 3.0563717566633 0 715
0.385904500652117 3.83440846368104 0 716
8.70095453856471 3.17571937807461 0 716
11.2386528057343 3.18868747318729 0 716
1.15329381710467 3.00330160569677 0 717
2.53253568759417 3.13740866248186 0 717
16.8756764646709 3.78965275139059 1 717
5.48711649109872 3.1245406126917 0 719
16.1879810231362 3.18478659228309 1 719
16.6901039544709 3.31602790230187 2 719
16.7720108518409 3.10712942041526 3 719
1.50204819819192 3.24084804480016 0 721
2.2560469333582 3.55033921413875 0 722
0.00483695189849429 2.99918197698214 0 722
7.77345540612018 3.20224454574077 0 723
0.515225366865056 3.37079949943883 0 725
0.0223438136226798 3.3138833257981 0 725
0.190722739608137 3.62684935081622 0 726
0.944793852398026 3.22481407088609 0 726
2.36212696095284 3.28455132969453 0 726
0.0472572679631509 3.49672150435628 0 727
0.175664311995973 3.04235595031814 0 728
1.03200507743858 3.11849905031103 0 728
0.144554298896425 3.19256857034197 0 729
2.99710488375236 3.18609437232139 0 731
10.3358135040179 3.86600058827917 0 731
6.87948739496586 3.81572391033098 0 731
12.4195949127602 3.70693696630393 0 731
7.05778586194479 3.18275796419645 2 731
0.191038178493063 3.46300147588273 0 734
6.78557964748947 3.0274715832797 0 735
0.0132211384363234 3.62926825616302 0 736
0.0363508728077864 3.25977606452974 0 736
9.21094436224216 3.29762427109188 0 738
10.4151342717498 3.57011990519776 0 741
4.9421262750156 3.97224965053332 0 742
0.096668721548 3.83147344608404 0 747
0.0605672758868603 3.09687751601595 0 750
5.3854467132553 3.1728198561616 0 750
0.00757569682355059 3.12371442073718 0 751
12.2854230839052 3.07758468485213 0 751
14.4643696929383 3.02043948306035 0 752
14.1492836395796 3.31864053564513 0 752
0.570547192344995 3.24400578524219 0 753
5.1912727994667 3.47795225967724 0 754
10.3894969678249 3.07279170613192 0 754
16.1607708271217 3.08279742609261 1 754
2.1357699763754 3.04387898397706 0 755
0.0267127792608915 3.08315787442951 0 756
0.356107130498667 3.38789432212238 0 758
10.5676446710333 3.23498828762898 0 758
14.1619717741481 3.34182297838453 0 759
0.00965626002171423 3.1539426945994 0 760
0.0695097277144022 3.84926632647517 0 761
15.9462837301774 3.34891284725953 0 761
1.21904330155305 3.02832419696882 0 762
0.0149197044567879 3.51863116715154 0 766
1.53538290610279 3.06536050231743 0 767
13.560894682629 3.1145102170778 0 768
2.0688433445838 3.12206086021021 0 769
0.0184141076387463 3.0109999009886 0 769
0.0330431849319678 4.52423985178391 0 769
10.5016674596893 4.18200879342096 0 769
10.0198225195047 3.85690364209541 0 770
0.197648718127712 3.40041251090982 0 772
10.6875894281988 3.03169177164249 0 772
0.00649068797240418 3.19459025952864 0 774
0.220061359646495 3.15967576911411 0 775
0.095033913013138 3.03179036586103 0 775
0.00886807977650017 3.25907288848056 0 776
0.100633288745747 3.04150916343112 0 777
0.0838346544745959 3.33633581438266 0 779
15.3920485973163 3.10288468669855 0 779
6.06743958836751 3.83432103963096 0 780
13.3053045163331 4.24673833350141 0 781
14.0690415833678 3.18694414542505 2 781
0.010036927526967 3.20152382008926 0 784
0.165704670873323 2.99740774168934 0 784
0.0817930492876216 3.21763965411772 0 785
4.668911649977 3.33204699342195 0 785
16.4305044046227 3.2646963646214 1 788
0.497510770058156 3.53336085046508 0 790
10.9546433413822 3.13214948956462 0 790
0.121018547638075 3.25881432804868 0 791
5.24604660698718 3.95668352721517 0 791
16.9647434404158 3.01139972747301 0 793
0.077466138825418 3.28300884738989 0 794
0.204951247956087 3.17931052034163 0 795
12.8795584443439 3.28811876651489 0 795
1.59522342102035 3.42539053277068 0 796
14.4644061306736 3.52354703200322 0 796
0.647608931487549 3.2451826934841 0 797
1.86162058460374 3.69081151117194 0 799
16.2868427801036 3.03234604607215 1 800
4.37739446414127 3.92780387715192 0 802
0.0471210190303834 3.0379356702496 0 804
0.117192503076458 4.2872265717016 0 805
0.60000036485235 3.06147259638513 0 806
14.1621816805718 3.05312151688702 0 806
2.13093160580453 3.70069594035835 0 807
0.364558290162496 3.17887928483342 0 808
0.0256716992105465 3.2868251136017 0 808
16.5905166574844 3.53839306901993 1 808
16.8440515110447 3.08461472394943 2 808
16.1665350824219 3.72588666150169 1 809
0.163230415721987 3.69487476085093 0 810
16.0250543834731 3.21937670005485 1 810
7.93839320809017 3.55246347484274 0 812
0.141152628151944 3.08548135666885 0 812
16.632436151285 3.54389776782321 0 812
0.0489491647645988 3.10675878011931 0 814
0.0532577390524354 3.87243149175693 0 814
16.6188729136806 4.40904027672347 1 814
16.7702464195021 3.02384021503208 2 814
16.7661566874249 3.47320540030543 2 814
16.6525028785806 3.63368003381922 2 814
16.5994225450881 3.30028446094101 1 815
16.3363437230323 3.60890234798463 1 815
16.5562386948823 4.09841624991638 2 815
16.6145633768177 3.12107733971824 3 815
16.5664306056465 3.21938583406909 3 815
0.0123802671854807 3.11221821881755 0 816
3.11702291510996 3.1207846741613 0 818
0.0189299410426583 2.99438400472377 0 818
0.0891139183407555 3.11683499509179 0 819
0.169111603864279 3.24098234957538 0 820
1.71768529027819 4.05163089644664 0 821
0.810190122815756 3.33377501281392 0 821
6.38668170349748 3.16140764565398 0 823
0.949373187651251 3.47229411943503 0 825
10.3944071564881 3.28855879338684 0 825
9.37475457125126 3.16402540008745 0 826
0.690108359951448 3.64893816269624 0 827
0.192990644779814 3.14732453231708 0 828
0.781823563555482 3.51661431307223 0 829
0.481283925159534 3.39303976995428 0 829
1.10643741040218 3.32412970931308 0 830
11.329940574136 3.1487284697519 0 833
0.0124113715082373 3.09950586321262 0 833
3.53788967681249 3.18686008880236 0 833
1.93526370100021 3.15590018291487 0 834
15.4370080269519 3.02922692268896 0 834
12.6284853783507 2.9963220892199 0 834
9.98514463036572 3.17116123533091 0 835
6.03900879955166 4.4283859521232 0 836
16.3459300328136 3.17833561845335 1 836
0.0394783595745605 3.19030875783723 0 837
3.19182202368703 3.22110789311148 0 838
7.62441708019266 3.18368992843165 0 839
0.0406362001641234 3.40360039034109 0 839
0.144564863637318 3.21353270267743 0 841
0.690652623735168 3.39521750387802 0 842
16.9784763317179 3.18962947290144 1 842
0.37703248013048 4.12591693174422 0 843
2.32179236147585 3.07906653437716 0 843
0.232972216659805 3.66091177167188 0 843
0.0804258643747933 3.17030305153581 0 846
0.0200383818371266 3.20263223267217 0 847
0.137538000565583 3.3540990668661 0 847
0.193828493218815 3.10677803930176 0 848
0.32064603544487 3.24391382584456 0 849
3.96922225431608 3.14577784595431 0 850
0.0989318958746044 3.45219623484562 0 850
0.469660031540233 3.37511357761187 0 850
2.04173560606823 3.47163362616201 0 851
4.75604945722467 3.00916855042297 0 851
9.18285433127331 3.06454448377269 0 852
0.483458532400598 3.60252419874853 0 852
0.0215158240517515 3.00103666464405 0 853
0.248198726930589 3.11390648255256 0 854
0.112541892981663 3.17420584534478 0 854
16.0597592025295 3.16931499895742 0 854
0.208019784172591 3.17736229333303 0 855
0.767749509481696 3.23124026247295 0 857
0.876252116039621 3.60287495811418 0 857
16.2725889570169 4.41939317411699 1 857
16.4766892352452 5.30443687638427 2 857
16.5015096819308 3.05990147616992 3 857
16.4976592691293 3.01903804449443 3 857
16.5059089283795 3.01825950259464 3 857
16.767708561551 3.0235971043857 3 857
16.5110141711441 3.63368226362269 3 857
16.5899274667033 3.03437973817577 3 857
16.5188951821126 3.17635858941264 3 857
16.676275330123 3.19815839422295 3 857
16.5013712100903 3.11509782716164 3 857
16.644406343039 3.13159141152281 3 857
16.9029874407126 3.16361406012189 3 857
16.5135506368309 3.04042803072003 3 857
16.5032967745308 3.05175817190492 3 857
16.5068302774889 3.59207800212043 3 857
16.5044633766678 3.11798180589024 3 857
16.5326773089962 3.1092664705749 3 857
16.4787356070998 3.05987027289605 3 857
16.5795888479497 3.45484242745333 3 857
16.7000792510675 3.08085030489687 4 857
16.7291680120552 2.99958479340275 4 857
0.338457832369745 3.45970282041942 0 858
1.44493394877352 3.03941016541298 0 859
12.178406243678 3.05874799494445 0 859
1.39639030121617 3.3443609297878 0 860
0.0165168434847599 3.2228051779641 0 861
1.47335311353116 3.07700655710179 0 865
0.394181327237023 3.65938650005686 0 866
4.47750830144063 3.1056033620068 0 866
2.22095761730318 3.01291433193243 0 867
1.1176302543398 2.99677506470602 0 868
8.14371026538446 3.17481936486634 0 869
0.142574571627116 3.00488978155221 0 869
1.07493269399623 3.02340419605009 0 870
12.8411796164256 3.42595691587953 0 871
14.1488253450705 3.13295877154629 0 872
0.191911040088073 3.73479343453382 0 873
0.00834951121118709 3.53006961992923 0 874
1.11096737390361 3.24275254447369 0 874
10.469901496262 3.84955132929047 0 874
1.52849528486116 3.02868489238797 0 875
12.9396831012327 3.01189455086319 0 876
15.3967121181675 3.22407686249594 0 877
6.87568332059207 3.31162331273224 0 877
0.190171175958083 4.05827433897432 0 880
1.33746567862561 3.3835714148589 0 882
0.596830832964816 3.30856129631503 0 885
2.23574798308906 3.17484036924813 0 888
16.8663999982268 3.22498592973972 1 888
14.2180184330672 3.15693772435747 0 891
2.3546636751869 3.00701716828147 0 892
0.098876811885161 3.05209614616636 0 893
1.56990031915999 3.01135005067599 0 896
16.8819566149354 3.05793482685758 1 896
0.655843703240932 3.23187555862753 0 897
16.1873982545544 2.99240715706977 1 897
0.502148240535195 3.11279779336495 0 898
15.7105099188703 3.40960902206 0 899
0.038590900630373 3.16538389543028 0 900
12.7825308345989 3.09675553334467 0 900
0.0174925893264008 3.14216554842687 0 905
0.125121135737079 3.20041506334102 0 906
14.0137492823008 3.19980137870829 0 907
0.504358730528854 3.07157365503411 0 909
0.207287438852244 3.29455317617684 0 910
0.0259466737936193 3.61279091376909 0 910
14.6986826407929 3.54243016934783 0 912
14.4951217144098 3.08208874001651 0 913
0.000303894922818055 3.62888964059367 0 914
0.848704726354233 3.22355029842089 0 914
0.0299826404961132 3.23434621389554 0 916
16.6872940267526 3.13936272212313 1 916
3.58716957815949 3.47247937126497 0 917
0.471375519119012 3.11102800762752 0 917
16.2855050609537 3.38955170262489 1 917
0.587405371487954 3.07176239740441 0 918
0.900926695613894 3.32519890825709 0 919
0.0943231051603273 3.09375922932662 0 920
0.0582767089549217 3.6216412745912 0 920
0.086608798971723 3.13753103279358 0 921
2.15348835636863 3.03098840387151 0 922
1.48586907347292 3.11199632277304 0 923
0.257695928705711 3.19027630616824 0 924
0.0401253827044256 3.91674067814954 0 924
0.0497876281738618 3.69358830361127 0 924
0.1272947251728 3.7902863911118 0 925
0.0826082465647228 3.25704753101544 0 925
0.125825121029644 3.09177550553787 0 926
0.129818947668259 3.75266623398976 0 926
14.0767708996093 4.39147357218998 0 927
3.46204903214001 3.51437264498731 0 929
5.2018115007386 3.77011856279849 0 930
0.000220060549719923 3.35886155352603 0 931
10.2613048705938 3.04095374550197 0 932
0.104119924309529 3.5807059753374 0 933
5.6028461081677 3.06413920138939 0 934
0.172921308041101 4.24893158896526 0 936
0.0325731647470438 4.0848221488405 0 936
8.20597679235967 3.14049594369335 0 937
7.42502552487432 3.06947782336724 0 938
13.4132194932063 3.14114265047333 0 938
4.89752620071846 3.32146382475348 0 939
0.537847147442163 3.24491427776625 0 940
0.0428596456335395 3.46246553068935 0 940
0.300795364745712 3.05764366178649 0 940
8.0443585975229 3.03809598923189 0 941
15.2575644126062 3.07191535272338 0 941
13.9390878045963 3.22048310763242 0 942
0.0409585066842157 3.0924933474773 0 943
0.0740528511482915 3.63839951465953 0 944
12.8773562519382 3.07992174731992 0 946
16.8188443841968 3.55110318687122 1 946
0.13672955885093 3.00570848661628 0 947
0.130977246495344 3.4546311117657 0 948
2.39976211855618 3.06957497900035 0 948
0.11143592748181 3.25283218866117 0 949
0.295327631179274 3.06429976560973 0 950
16.905432645613 3.98357576117066 1 951
0.126788889287178 3.02034264649799 0 955
0.134663760335572 4.39776325788451 0 955
10.4723896255515 3.1818592732147 0 955
0.0100972219112784 3.61084177303339 0 956
13.2397026522745 3.27548179858783 0 958
0.730425951591817 4.10307789159362 0 960
0.101866576217863 3.06679310075535 0 960
8.43753840186205 3.08847833180879 0 960
1.43721921151693 3.18506737028733 0 960
1.26075278858668 3.14236843312457 0 962
2.06131961835729 3.51557131159234 0 966
14.1066670926471 3.16866977669333 0 966
0.0398954824834942 3.07679804790662 0 967
0.424234635487794 3.05992096552405 0 967
3.16092474388059 3.12056267843513 0 967
2.2036815636058 3.1760590999944 0 967
10.0059930325194 3.37843924253763 0 967
8.77714584374765 2.99096413793617 0 968
6.06648080788426 2.99880525786847 0 969
3.70289119821611 3.00112188230683 0 970
5.4534605353349 3.07594311429244 0 970
14.3152646336465 3.23218301217059 0 971
16.2322539672345 3.13801746108804 1 971
0.378591651615683 3.45781005183919 0 972
14.1003725656049 3.08243653673648 0 972
0.679000162641969 3.14947805984578 0 973
0.0406252162136579 3.08931614307866 0 973
1.73720704160811 2.99494637565021 0 973
0.00726577230284697 3.07764595324691 0 974
1.36291314588879 3.338780405793 0 974
1.24591403453516 3.09234075787524 0 976
0.0101768317827103 3.05674823073012 0 978
15.1078884736095 3.57184688253219 0 979
1.82549427037132 3.77999296268211 0 981
8.28811328075416 3.04863379200343 0 981
16.0323542534929 3.92347070249175 1 982
16.0512671219426 3.67653922264166 2 982
16.039128143083 3.17077107383285 2 982
6.37565827239128 3.34481784651215 0 983
10.5926592869034 3.25471098172336 0 988
0.0522381134231803 3.79191449665785 0 989
0.153473729988769 3.28957362784387 0 989
0.113814978258573 3.17214860700125 0 990
16.137733475221 3.46185629729436 1 991
0.609674173764936 3.45221196526081 0 992
1.09551437203606 3.73188688328656 0 992
0.0355245924480894 3.44390840919363 0 993
0.0494903411045822 3.81156334063715 0 994
2.74528483979665 3.87629199534354 0 994
2.51351739354123 3.09688645219573 0 998
3.52954423358048 3.30034382639221 0 999
0.565155269159527 3.0828756246338 0 1000
2.39739239837341 3.29875681204388 0 1000
7.89693219747405 3.34182462710607 0 1000
