"ts" "magnitudes" "gen" "cat.idx"
0.478026145028795 3.09714582802517 0 1
0.00925867685379923 3.1395680743726 0 3
12.1290789862667 3.0962509097327 0 4
13.4465355762836 3.82838556469512 1 5
11.3584836312664 3.4806060431325 0 7
0.0439719443010309 3.86417999131299 0 8
13.3151601167951 3.02043719928446 1 9
2.24635440451338 3.30509145702309 0 10
13.3027588377308 3.42202585446417 0 11
13.495342618236 3.0010980202849 1 11
10.9586368952379 3.13346107825309 0 12
0.00134752186258751 3.28897363802177 0 13
0.344412125025324 3.3881593554722 0 13
0.0453828104311806 3.41696518854702 0 13
10.3832324020119 3.39112826184047 0 14
1.65193552327856 3.05421307869968 0 15
0.0260247010605352 3.50094289496939 0 15
0.100358488808351 3.17245852226552 0 15
0.438259096936755 3.05157772127029 0 16
10.3732702404504 3.56915527484944 0 16
11.0266947357153 3.28472115710134 0 16
0.0462779633287249 3.46128701210842 0 17
10.4590095047401 3.1481076196033 0 17
7.44448147793486 3.43039534514052 0 17
0.0508134886053658 3.14929105250005 0 18
0.0302165701822518 3.18294016701252 0 18
12.8050441970763 4.00110503068954 0 18
3.69112163510133 3.39791404520572 0 20
12.3373432442474 4.31585784933796 0 21
0.0214430869242364 3.09115034881414 0 22
5.00830317161206 3.23116346554381 0 22
13.4705822082792 3.78085576700571 1 22
13.9954720459968 3.07570855820548 1 22
13.4791677964901 3.11234212858099 2 22
13.6496059652613 3.10967700920484 2 22
1.27915437117674 3.08388102559822 0 23
0.0333132315401187 3.1653250581575 0 23
2.25593903459286 3.02147817180105 0 23
7.97472825060973 3.28053616505958 0 23
2.71488617818506 3.51387196746096 0 24
10.513962337374 3.4029420236454 0 25
9.85421270264006 3.66145776995376 0 27
0.00549432068040358 3.23727403159044 0 27
0.145587688839957 3.37601393468584 0 27
2.17596114778201 3.07246444332066 0 28
10.3786163431147 3.32289535646069 0 28
0.491448759447848 3.3826165630241 0 29
0.314795533701661 3.01495812934784 0 29
0.372106153085232 3.04267769396954 0 29
3.16867197464425 3.03401934497803 0 30
0.11601593771934 3.02604007505919 0 30
8.53098186118914 3.34157923965786 0 30
10.2803800591192 3.05053067869601 0 30
12.8329713766058 3.02428223799154 0 30
12.9210295107424 3.42482874802557 0 30
2.42305249710049 3.27836484085262 0 32
10.9231539446106 3.14438960784265 0 32
13.7549165765845 3.03317400118507 1 32
10.0921139666004 3.01624195066289 0 33
13.8271716138438 3.03110741612474 1 33
7.80979950941001 3.99212602656717 0 34
3.68799411214668 3.06850110309847 0 36
12.9433873830481 3.1906890362769 0 36
13.6907373952303 3.48570837771775 1 36
0.396892739758468 3.32789163286412 0 38
0.0413541465596771 3.1374730663863 0 38
0.716433771427766 3.0996259658657 0 38
9.36689284634685 3.18881857472469 0 38
1.39978606765901 3.11799450743855 0 41
5.30738565782073 3.34046575938622 0 41
0.30898139796687 3.50520179613989 0 42
0.0541520515301623 3.56761793531724 0 42
0.0107426863532445 3.38481120474178 0 44
0.862168231609903 3.39959970210052 0 44
9.94728713604918 3.05416616507102 0 44
13.0182618327994 3.12264689694621 1 44
0.0461468085650773 3.16618053907331 0 45
0.013132813452978 3.01746051342559 0 45
12.8412132713112 3.85129559911438 0 45
0.216910601946552 3.11391860278465 0 47
0.642865222090034 3.00325877377758 0 47
10.3700053244868 3.15177694571783 0 47
13.1420724735142 3.22648232721758 0 48
0.126953543714836 3.08771500666415 0 51
0.213991983291774 3.41052900504006 0 53
13.6452670229223 3.14202831230487 1 53
0.000115669604154638 3.14079071538066 0 54
4.59378042679184 3.6198216795666 0 56
0.304062278051136 3.71394981484013 0 57
2.61776633726388 3.19405607587257 0 57
13.8759609047879 3.62574918820318 1 57
0.14394734973551 4.20190527961271 0 58
12.9091936834706 3.07677422677186 0 60
7.6038490168497 3.11653689490776 0 61
10.3696290255335 3.12785952427282 0 61
10.3866721220276 3.36180897894927 0 61
10.6886173245027 3.20084820539179 0 61
12.8491002506389 3.10831649340558 0 61
4.90286938302634 3.07118118781004 0 62
0.0683327111893618 3.52934519117894 0 63
13.0702551242119 3.14315497115284 0 63
1.18701112012096 3.02815097812491 0 64
0.119054179913301 3.37571277884473 0 64
13.6460205583457 3.46045729757967 1 64
0.0975062139763655 3.07911479114158 0 65
1.05840970618209 3.1107085671879 0 65
0.150288898577468 3.5646137248502 0 65
10.068650483978 3.28088049603896 0 65
13.1744127403103 4.23491755988189 1 65
13.0177650979344 3.01865612040398 1 65
13.1906521782597 3.54275948344786 2 65
13.18375468581 3.08704578446789 2 65
13.245834518405 3.28307034460017 3 65
8.13510236395206 3.53151572974501 0 66
0.0549467408325343 3.351858295247 0 66
0.0504385081267667 3.06714885989548 0 66
8.02858061831146 3.25413556403987 0 66
7.35469265342742 3.51399089679665 0 67
3.47099163293439 3.6619098123156 0 68
2.40990478309115 3.27487373238638 0 69
1.58762370155977 3.29598711098202 0 69
10.366684657553 3.72076863645241 0 69
0.0249871849826026 3.54927346770634 0 70
13.7306689797315 3.03412692946203 0 73
7.21876569668988 3.26369875781987 0 74
3.67446742008096 3.65620403910861 0 74
12.7570668306721 3.13193350412361 0 74
0.041862067561706 2.99693953694895 0 75
0.270521702836233 3.11389962469504 0 75
1.26143214746244 3.16465328017623 0 76
2.73027356932103 3.96398635030873 0 77
0.845096788147529 3.55814826850752 0 77
0.00682259963089049 3.23272604620437 0 78
4.33065088556698 3.12476045070327 0 79
10.4374891083106 3.11459160284768 0 79
13.2092120388147 3.15400715485484 1 80
0.283180908628929 3.18675171702111 0 81
1.4353956900257 3.16524258423127 0 81
1.80909297105846 3.75883523008404 0 82
10.8872386997077 3.21195537651246 0 82
12.948226303022 2.99260365297849 0 82
7.00599822042234 3.11385364408734 0 83
10.0282530577991 3.00674304756293 0 83
0.134376716737491 3.18100194004058 0 84
0.105566034102812 3.16906301813789 0 84
0.217799189072001 3.43536326910809 0 87
13.9997602787667 3.04938031217903 0 87
4.64104092307596 3.04766618468565 0 87
5.52169557961132 3.01737134027476 0 88
0.0455769400203977 3.37991781461512 0 89
13.1351798699542 3.05127560829095 0 89
13.746815724767 3.41403440182033 0 91
11.4767853913895 3.38884361520254 0 94
12.8430382650435 3.41973758742523 0 94
0.0301050692313581 3.01941344913967 0 95
0.115544301091098 4.05869388619206 0 98
0.0325690297684283 3.15778324402012 0 98
9.58004725169122 3.80201496114334 0 98
9.95086982701928 3.09760591131281 0 99
6.86902941612253 3.11850821204633 0 100
5.91938822451044 3.25064059697575 0 100
13.8133540927988 3.63031370679117 1 100
13.8272614082313 3.00823491984249 2 100
0.119613703297109 3.30643756271743 0 101
0.114091766292299 3.33476302977597 0 101
0.00275661468398133 3.62552593821959 0 102
13.0957680884728 3.42512382070605 0 102
13.717118302276 3.17413870235704 1 102
13.7368707498153 3.09921442821715 2 102
13.7998913892543 3.35124049911115 3 102
0.144324358455086 3.15532217645258 0 103
10.0948125108941 3.20031036558514 0 103
13.7924867411234 3.1069101059136 1 103
3.32971512586069 3.40282425058927 0 104
13.0511664171028 3.15231450467831 0 104
0.221190353346928 3.03028204394093 0 106
3.8449469823754 3.20893617050411 0 106
12.8654503404685 3.78485538483152 0 106
1.63328005239002 3.01947235647574 0 107
1.23292662523582 3.12830670980122 0 107
0.0851772055428683 3.19935290069941 0 108
13.0556446950443 3.07746117585613 0 108
13.0649870272313 3.28657787151292 2 108
5.66492422779748 3.75773671069972 0 109
4.66564595721436 3.11123766031184 0 109
12.1574588198453 4.25875422573128 0 109
13.6565305746939 3.33684050343451 2 109
13.3369333403837 3.10976185216652 0 110
0.00745979181200951 3.72063925772388 0 111
1.26062485449093 3.09701654229307 0 112
0.091952915851285 3.05854811173139 0 112
1.15841900176357 3.85577332805561 0 112
7.20812463463018 3.3817899357955 0 112
12.9603764409701 3.17742538828829 0 112
0.960086950854064 3.03260044119927 0 114
0.113243184911592 3.07187194147284 0 114
13.14196045084 3.31577780742345 0 114
13.3407984627823 3.22611180368304 2 114
2.65748426258491 3.18982222002185 0 116
2.01560639336786 3.0956721801475 0 116
13.0201257038267 4.1508974588014 0 116
13.124721614995 3.80369501131814 2 116
13.1358596645062 3.58018127955569 3 116
0.924900949529254 3.05186278192137 0 117
12.9128351372729 3.0589135035707 0 117
13.2012768932341 4.10753508695334 0 118
13.7238812675577 3.33102486938594 2 118
1.74892153028755 3.34544104949448 0 119
0.861073364236945 3.5701712912611 0 119
0.203314013601955 3.5876187829717 0 120
12.8348052674032 3.01118231045824 0 120
13.9913302081727 3.05154881514055 1 120
13.0442810472021 3.13423812370235 0 121
13.0804692108597 3.02945554460973 2 121
0.815654886644196 3.45089081091964 0 123
13.5038407638571 3.0460122924999 0 123
12.9523312754648 3.38124619887386 0 123
0.641315677326348 2.99663702347585 0 124
0.0806439570209727 3.30461849843817 0 124
0.806788268796439 3.2941346320677 0 124
0.105774761979357 3.03697225691668 0 124
13.1756905714355 3.2189002282152 0 124
7.49299015690318 3.12515735435765 0 126
0.0929863274021564 3.7953506965166 0 127
13.6251953385394 3.35950009440821 1 129
0.119305881854865 3.54928214945719 0 131
0.762328818231374 3.2891516335986 0 131
4.41761894120035 3.06664159621322 0 131
10.0188945762147 3.06534568942395 0 131
11.7279587380527 3.18534878466415 0 132
13.0283084186523 3.19885800248435 0 132
10.0196837996843 3.60945926018501 0 133
7.67194892574672 3.23338222562281 0 134
0.0480517487767591 3.23029219063434 0 135
0.817294992792573 3.08516886040804 0 137
0.0310516784829902 3.16671709491065 0 138
10.6524183313283 3.1174355596375 0 138
12.8382287923901 3.16687300617625 0 138
1.60841327266835 3.50010517416556 0 140
13.658866010755 3.41476815137218 1 140
0.346159272706542 3.20262411494539 0 142
0.0142013577761651 3.85581500962646 0 142
5.71588223932569 3.0316578457095 0 142
10.0821436897166 4.24387518828714 0 142
0.0206877609509889 3.03409027045169 0 143
0.0253738145392559 3.08026089225054 0 143
6.63866206696872 3.50994209517314 0 143
0.560166984623392 3.32064218913384 0 144
10.6855932731057 3.32965600757771 0 144
0.0738469906163264 3.2542797110715 0 145
0.00588733189967448 3.34303579102151 0 145
12.2120594054688 3.44816565939452 0 145
13.9059614251923 4.30187665870063 1 146
13.9788697173 3.63066607173714 2 146
13.9990247971622 3.25046800806688 3 146
11.4804023144648 4.21343134218894 0 147
13.4266890146859 3.35628895806615 1 147
0.0266369456817284 3.04730529344377 0 149
11.0989117432891 3.10909957001795 0 149
10.4131512506988 3.16955157630669 0 149
0.0612058652425758 3.08607262232526 0 150
0.0889204057238699 3.51964905014649 0 150
0.541086122926131 3.09622272180543 0 150
0.0295311798807332 3.33169079837458 0 151
0.199801122771617 3.03328849381019 0 151
13.2354503934361 3.07271943803253 1 151
0.221942011050522 3.73139557242956 0 152
0.480924890775356 3.398085618585 0 153
8.11254698206472 3.47709965857079 0 153
10.009906251985 3.39106549893203 0 155
0.0229530116363596 3.18357688194014 0 156
6.72596240715519 3.52639738789336 0 157
1.70067065424635 3.16214405854853 0 157
12.1634688125468 3.12372420104405 0 157
12.8074795968275 3.2792275412116 0 158
0.085596508156313 3.63121916332874 0 159
1.78834681877885 4.06028680966315 0 159
10.4639219507451 3.63258416418379 0 159
12.8508707491985 3.09606127834138 0 159
6.7367661507857 3.00685305650644 2 159
0.129571621651842 3.07790717320864 0 160
0.0242367259980581 3.14688563594944 0 161
1.42638112868947 3.78015122621353 0 161
12.8377178906766 3.08410201336137 0 161
0.0460768836450489 3.51291408085153 0 162
0.207810431660124 3.19642868583371 0 163
0.111354142489143 3.0176543718031 0 163
7.42790591123937 3.36987765459528 0 163
10.3762905116226 3.08987071474281 0 163
2.56773846611759 3.15553786479694 0 165
0.934194786590922 3.09139189418827 0 167
1.08554382692592 3.11628252397433 0 167
12.9558101544726 3.03297220487989 0 167
13.1147101084304 3.18880682296359 0 168
12.9644030540377 3.10735460435951 0 169
13.5800598905958 3.11601194842464 0 170
13.7822956301886 3.07520924526177 0 171
3.52319866056545 3.23354200043329 0 171
0.47407087069353 3.35780397712965 0 171
12.8841134813631 3.02040640963689 0 171
10.4589165598826 3.17476783686175 0 173
1.05769891318272 3.76945486543109 0 175
7.79816424316497 3.12440825445698 0 175
0.209937045548044 3.04783837687305 0 176
12.1896842165352 3.22538759614755 0 176
10.773625175616 3.13402808501009 0 177
0.14704648113713 3.9431252033855 0 179
12.8076492756843 3.18001646248702 0 179
13.0413294910491 3.36647827618411 0 179
2.24723069421107 2.99275728865811 0 180
10.3630657600574 3.1829466638903 0 180
13.0392687702008 3.09517569153118 0 180
13.8887781926055 3.02660080261707 1 180
3.09232058360455 3.33221597132211 0 181
2.91500473391864 3.41569205044459 0 182
0.600754447947658 3.67749711159948 0 184
6.62235485182095 3.06122260825919 0 184
6.00183903089919 3.44852541542928 0 184
12.8774412110038 3.68274153248453 0 187
0.183410529079056 3.2877846519752 0 188
10.4992550958948 3.03752517706076 0 188
12.9341860335439 3.1625131278328 0 188
13.7437025879947 3.37732607798904 0 188
1.51242117261185 3.0758639953514 0 189
13.3655828520241 3.31026841264454 0 189
0.177817681111423 3.09026455665889 0 190
7.52132532252407 4.05899717097211 0 191
8.12965257141657 3.19898863639925 0 191
10.4010126487334 3.17044922666586 0 191
0.16868691234009 3.45924451515923 0 192
0.0551959734394583 3.56321302532633 0 193
12.7206351859307 3.27719403285469 0 194
12.954970080683 3.50646938652404 0 194
0.106824322228063 3.0296696640995 0 195
0.09558621219095 3.42116549115736 0 196
0.00284294603076919 3.17901895520866 0 196
0.116631101058423 3.54936169779018 0 197
0.448479719551987 3.02189358705918 0 197
0.648463322213747 3.1419515849991 0 197
3.84336834835691 3.33902030628867 0 199
5.80907915817834 3.20841715754015 0 201
12.7699582513123 3.30738161182092 0 201
2.22040211096377 3.19192321189628 0 202
12.9463337002574 4.35479832700842 0 202
13.1432403190328 3.08431693793744 2 202
0.364169760156181 3.00861854866738 0 203
13.8629122487359 2.99829712269499 1 203
5.28718350525045 3.03855577097329 0 205
0.616877516717587 3.36435085735153 0 205
0.700579874587701 3.16438965757096 0 205
12.8403647638218 3.31844920438444 0 205
0.143837577210272 3.147632132191 0 206
0.0933365919000009 3.0715973030694 0 207
12.7706565420776 3.2241043140697 0 207
6.11854178058718 4.03805691934708 0 210
4.63736465752166 4.25837738609424 0 210
0.0902699817563837 3.12133772206888 0 211
2.95418413101427 3.29029720248243 0 212
10.6231966079387 3.24932822584528 0 212
0.318114555927536 3.0402396485169 0 213
3.19362906678055 3.87580355204597 0 213
12.831851101441 3.10475985855551 0 213
12.8628034356344 3.01702798834872 0 213
0.164996448619148 3.26686949266581 0 214
1.74513346089757 3.33442448736531 0 216
0.0582890761863228 3.2033243512479 0 217
0.0729729337195115 3.05665770919217 0 217
3.50121858883629 3.5644504941473 0 217
13.0167483257179 3.13662275238323 0 217
13.9062562155627 3.11886851026535 1 217
0.0297116099330173 3.13039329358273 0 218
0.00888421293154311 4.0133150757855 0 218
8.09581398050954 3.18465401001681 0 218
0.0843504241390343 3.09423595888487 0 219
0.706178878528994 3.22275652389359 0 219
0.647973931553176 3.0281974396072 0 219
1.25578694953416 2.9996789971539 0 219
0.781336504453605 3.01547721305353 0 220
0.0588046262362238 4.32604177381581 0 222
0.0804330039552301 3.00533940396319 2 222
10.5907650595174 3.08444291357279 0 224
10.8225663055338 3.37916538431001 0 224
12.9548884262664 3.14175566358984 0 224
7.50098588975998 3.07096728754994 0 226
0.141972775496028 3.45565759331032 0 228
0.047170319905599 3.1499658035858 0 228
13.6618118231314 3.20622718120765 0 228
0.0879468001580815 4.16288645766246 0 230
0.0863297090067818 3.06505958215912 0 230
3.44578179659151 3.23995305617735 0 232
0.137732851826711 3.05597304318218 0 233
0.128129407816772 3.07705834012596 0 234
10.0068884160366 3.27282015546762 0 234
3.99674984355482 3.03791089300584 0 236
8.70298383090713 3.34932798518081 0 236
0.178336846699546 3.01233198997472 0 237
12.8886416762665 4.3447932211726 0 237
13.2928165649167 3.24137553391152 0 238
13.3428469659132 3.71197692479108 2 238
13.4248281277123 3.04250218757397 3 238
0.123261505736348 3.11226164484605 0 240
2.21102603916846 3.03660839940687 0 240
0.356424479856189 3.39771998716688 0 242
0.0164325469007426 3.02367616426438 0 244
5.41064419522107 3.00609589379249 0 244
0.0305773426940498 3.23203484765921 0 245
2.16511272670575 3.16833247377704 0 245
0.12147754465258 3.43564681618892 0 246
13.7266070828253 3.24462439656268 0 246
0.1186401208399 3.1416400128333 0 248
0.0591249757583657 3.0508388005742 0 249
2.15411571434727 3.08502077540284 0 249
12.8023284263766 3.05923425199538 0 249
12.9519594554572 3.10058256246111 0 249
0.518275472733219 3.19815891365204 0 251
0.57506601536402 3.30562035156109 0 252
0.0580192912384863 3.4325330804497 0 253
12.9774183253239 3.1452694909056 0 253
0.663366340736683 3.05346754330346 0 254
7.5093992690156 3.24371439290485 0 255
12.8801947279099 3.02335936568367 0 255
3.44745684757976 3.40061520065119 0 256
7.6309209142565 3.97034911874828 0 256
0.0495977753612883 4.1625065960991 0 256
0.14363136777581 3.14245477559878 0 258
6.69117446377894 3.82946194643272 0 259
10.3920785045618 3.0774952461019 0 259
13.8991446089816 3.13072093648218 0 260
13.1349749378317 3.28730099427214 0 260
4.20333571238129 3.2615150555363 0 261
12.2708070036724 3.1536684010578 0 262
11.4999661674822 3.02735978504503 0 263
5.46313315337923 3.79308620384827 0 263
10.1328391501263 3.03282621916228 0 263
0.00683604708533794 3.00770938295229 0 264
0.0731654776107803 3.15739238840469 0 264
0.453593560834567 3.17923687199315 0 264
0.0429635791095199 3.40952859505169 0 265
1.07185691868103 3.64080959652857 0 265
10.4287993530687 3.27376240288121 0 265
13.3880819985522 3.02458216971537 0 265
13.0528331732881 3.30612434167862 0 265
1.92454148754121 3.1637854921692 0 267
13.0569575241257 4.93310989194277 0 268
13.1084945023829 3.07322606316577 2 268
13.0589167192398 3.00819771590484 2 268
13.1103148130293 3.29682156857754 2 268
13.0892047778626 3.006326670847 2 268
13.4468951751531 3.02540366869895 2 268
13.3999422400157 3.08017556333713 2 268
13.3964264842418 3.05457682963001 2 268
13.0875329896433 3.13102537985038 2 268
13.2566867388163 3.43259320308719 2 268
13.0637263574008 3.001511513866 2 268
13.0586018477439 3.33965887777006 2 268
13.213602898189 3.05046988952284 2 268
13.0668245827014 3.00661591776742 2 268
13.0886358858732 3.34092760140695 2 268
13.5130387871201 3.09140637024357 3 268
13.6349813750524 3.20312946899977 3 268
13.6456918405896 3.21072799846109 4 268
1.44032387939661 3.18272752006664 0 269
6.27266122720583 3.14724081364898 0 270
1.68812346566461 3.17170673872366 0 272
1.77195944895299 3.25722412483501 0 272
2.93319141329885 3.24282451047754 0 272
0.231034537081503 3.05352606458642 0 273
7.2905625223842 3.00915013752652 0 273
5.74593533470285 3.142250932025 0 273
0.097742543907631 3.12831434480013 0 274
10.023441595921 3.00283677786602 0 274
0.0834713053981988 4.09531294517355 0 274
1.07132934403112 3.26483561160664 0 274
7.76317565526195 4.76048483369093 0 274
0.00420052626311603 3.2117117142838 0 275
1.76071017720917 3.03345518288674 0 275
10.6348222883528 2.99823456704898 0 275
10.4895756167988 3.50723894441711 0 276
0.156436138668755 3.09521765773522 0 277
9.78191314776832 3.03404920165032 0 277
0.0625532521875079 3.03859190493721 0 278
12.8376294458971 3.56266398711945 0 278
13.2254944098343 3.25882232150053 0 279
9.90318882012789 3.17355184444138 0 280
12.9012504604424 3.34731830949294 0 280
0.0419341384747971 3.24217615636011 0 281
12.9671456431401 3.03497656879831 0 282
0.093467127092911 3.12517187079537 0 283
2.16019346243962 3.58402992216324 0 283
1.09184512307495 3.6854980437711 0 283
10.3671381810945 3.03571015713448 0 283
0.330529477757597 3.08563607058385 0 284
7.5149418979178 3.22520705090902 0 285
8.10939365277081 3.40304896600212 0 286
13.6564987010124 3.22281925877251 0 286
8.14148097063559 3.18878444312903 0 287
10.3709888793561 3.66120577550092 0 287
4.14593609734548 3.26655324679165 0 288
7.00249473045676 4.05445735169903 0 288
0.165136212232494 3.31224680577358 0 290
0.00317380162834006 3.12482501926778 0 291
10.8556053537512 3.08002781931614 0 291
13.6997889130466 3.8550869594038 1 291
13.7578915092027 3.3477253090704 2 291
0.0597157977030682 3.06185142902627 0 292
12.9107748484449 3.16768557825147 0 292
11.2151624133629 3.09164496481162 0 293
10.3644940442746 3.10041702416697 0 294
1.60516837948614 3.048675041174 0 296
2.21854505154432 3.06495379737051 0 296
3.08114132404885 3.76727297661193 0 296
2.71445673148108 3.42718029088834 0 297
0.0360416281560324 4.68582467310694 0 298
0.059254356167558 3.51637408386232 0 298
0.245953153193793 3.05241578545199 2 298
0.449995014911062 4.68172565447184 0 299
0.0171856884192904 3.0260723652279 0 300
0.20105360206037 3.19392051195479 0 300
13.1910735549495 3.16091241872468 1 300
0.349041847824538 3.28418142650618 0 301
0.0831271024265806 3.27960052401304 0 301
0.373561434702487 3.77202546043006 0 302
12.8748959439057 3.01922550033242 0 302
3.78100789390045 3.094853970427 0 304
3.51239134489831 3.00947923288767 0 304
12.8349501521301 3.48876079347161 0 305
13.0682233401278 2.99733145308436 0 305
0.695196955391444 3.05681621140898 0 306
7.77247366433297 3.17271962978548 0 307
13.0220751438793 3.01297007262623 0 307
5.20955220727046 3.15505107279608 0 308
0.0484877415055393 3.25304430815133 0 309
4.45043958421716 3.40773586383922 0 309
2.95662717350845 3.43480351784679 0 310
13.3140709802273 3.2600543797524 0 310
12.1175176144718 3.0810652831138 0 311
13.0186785294202 3.00245121485272 0 312
13.1231444294124 3.21319511997534 0 312
13.1920402483464 3.02676306807384 0 312
13.1381466530513 3.1009607235285 2 312
0.243286785517856 3.79234027739167 0 313
0.503559108996425 3.38554795416084 0 315
0.0223479912920404 3.34719610383206 0 316
0.00416541884335747 3.12236984568279 0 317
13.1848556689443 3.10935287132362 0 317
0.966632472065737 3.19111506219468 0 318
0.273886302385683 3.05565724742421 0 318
5.46167392433712 3.04609420710709 0 319
12.8780329715875 3.94223803248736 0 320
13.3203541535508 4.03893154763982 1 320
13.9955599465497 3.261676159631 1 320
0.0031020411817392 3.1529183207644 0 321
0.86795252858327 3.28586938250426 0 321
12.9716022802416 3.12771281120718 0 321
7.35937138817159 3.20250010803064 0 322
0.2553877790762 3.08498036860459 0 322
0.121876554900593 3.07564165667879 0 322
12.9564310561875 4.26210078749052 0 322
11.9203465500811 3.68775139311731 0 323
0.448018888222639 3.34565217595456 0 323
2.18053697770025 3.41850429585021 0 323
7.7776121388279 3.08069394613925 0 323
0.44957767883963 3.07931677831309 0 324
0.135488496068534 3.07594689980798 0 324
0.0761846247730267 3.18823744067819 0 324
7.99533306350813 4.2828989594316 0 326
12.8777747333689 3.26668865647567 0 327
12.9926134276063 3.15298425475546 0 327
0.243879876437408 3.04364939612013 0 328
1.07863287098396 3.17638733920905 0 329
10.3672125467815 3.02597942273866 0 329
11.52678463103 3.381113307645 0 331
11.6617957719272 3.78038884595195 2 331
0.019551490982078 3.52506538153269 0 332
0.185523018447065 3.25057506529415 0 332
13.9024759167235 3.3319198143391 0 332
14.0022828626788 3.14414925566838 2 332
8.73333863048074 3.27449873336998 0 333
0.0366205580888557 3.02201440532959 0 333
10.55471118463 3.37458458491404 0 334
0.0646621729009507 3.23500091630845 0 335
0.180028926194783 3.64033719555779 0 336
12.4350162788522 3.05746691285346 0 336
0.381623552097774 3.89020748138677 0 338
0.879763072726181 3.02849635527258 0 338
12.1191171044642 3.64295024906297 0 338
0.000556313849513277 3.2640732736112 0 339
11.7463280355225 3.07736995053646 0 339
0.00151275094467035 3.05719534783177 0 340
0.0276244092346062 3.03076533339316 0 342
0.0525218405843329 3.23810030889744 0 342
0.00841739427857349 3.60645505808794 0 343
7.82600450451371 3.10803909373537 0 343
12.8626320430307 3.02102940409074 0 343
13.6819665072575 3.25064610634797 1 343
13.2602440135509 3.02585879552128 0 344
12.9463430746494 3.56964416693257 0 345
3.04773944097716 3.35106601335405 0 347
2.50781300432968 3.50114724252117 0 348
12.8507002703734 3.17303448686412 0 349
3.36475829321258 3.14408193665946 0 350
8.81343051145537 3.04526369287794 0 351
0.00789025280731574 3.03684915069191 0 352
0.0519305815816929 3.13361823035124 0 353
13.1819787511226 3.02636773089452 1 353
0.0262433398117474 3.05222036979873 0 355
0.619490352665472 3.07755821759997 0 356
1.12007154820402 3.15188006928094 0 356
4.30059252908292 3.02714118987742 0 356
0.0150027342373314 3.09420409556891 0 357
13.1774288412739 3.63998784790395 1 357
13.185784541574 3.1303709264726 2 357
0.0399701642350654 3.00675273327175 0 359
12.2014739828942 3.04872858364532 0 359
0.555074508053458 3.04503687193994 0 361
4.63207639439227 3.07816318418587 0 361
4.17435636966221 2.99141690168322 0 362
0.014697272589589 3.12550260246362 0 363
0.6617197170515 3.48211366797106 0 363
13.4368897496347 3.77482633111133 1 363
13.6083264117929 3.00893713296228 2 363
13.6091020166906 3.85783989658156 2 363
13.7875349266009 3.87836593676313 3 363
0.0663810540603279 3.18602034708765 0 364
0.139046208981119 3.69560027467214 0 364
5.53937242888046 2.99600794834924 0 364
0.123571824967628 3.25343097243305 0 365
7.98199950356578 3.51988441196203 0 366
0.0230640755978099 3.70526370969863 0 366
7.69337321729161 3.40853383869915 0 366
4.72861015180948 3.46312696790883 0 367
5.4294281376296 3.0064256494847 0 367
0.0604577662966509 3.37989084944421 0 370
12.3924228597998 3.04550473121901 0 370
5.80220328622131 3.3488217288856 0 371
12.8464319223962 3.97154450911762 0 371
12.9949965312867 3.38098707051606 0 371
0.332413052303572 3.18795619323367 0 372
2.12418451114525 3.15407781205527 0 372
10.3955236060094 3.3669902696601 0 372
0.0144742807035269 3.37177508465098 0 374
2.0463263775177 3.02033042029773 0 374
0.1225697668463 3.03324601580866 0 375
1.96546573195077 3.10956807194423 0 375
0.885931029008596 3.26916225508224 0 375
13.3679509312503 3.0807710777498 0 375
3.16075214284299 3.2251388585612 0 376
0.00146206249207086 3.00162661257998 0 377
3.71042455822727 3.22061286431961 0 377
3.11943904559782 3.65408729455126 0 377
0.00106737892255754 3.08890200161953 0 378
10.2001763932814 3.07271857380166 0 379
12.9078704670282 3.0008591756204 0 380
6.48591786112791 3.15939084809867 0 381
13.2655923465873 3.12585582090513 0 381
10.1614304341015 3.00092307827349 0 382
0.721586004542442 3.04905344237932 0 383
10.0842620977018 3.35853388390607 0 383
0.110247490557101 3.05080264046265 0 385
13.558529806472 3.59650486367 1 385
0.1318973190163 3.04786313375082 0 386
3.18267871486345 3.03818507452568 0 386
9.23291961009808 3.49422256784857 0 386
13.8281980556526 3.1561247557355 1 387
2.46945992206526 3.01971104088023 0 388
4.65584626649506 3.16926365591474 0 388
0.0348922412573949 3.11704851331627 0 389
0.0397742045723694 4.00840182744732 0 389
11.0002433779613 3.14466051513315 0 390
12.2111250440152 3.39589893454521 0 390
13.7334594332987 3.37606764447101 0 390
0.280401687549234 3.69920101865182 0 392
0.313037761080468 3.04809861160097 0 392
0.3244409178852 3.14759059628763 0 392
12.7216650011161 3.04388028757357 0 392
0.00542206508526833 3.28012114658097 0 393
0.259964219889616 4.21827069535261 0 393
7.41645273852326 3.13849762790652 0 393
10.0091684804034 3.02066673161799 0 393
0.371443404988803 3.11584666787795 0 395
11.8527410800203 3.03092611846498 0 395
10.8145077714276 2.99297999206648 0 395
10.4853063530849 3.125367939368 0 395
0.00645789868726324 3.97701874692454 0 396
0.27289145855538 3.12147778144788 0 396
0.140125849204513 3.23822737588419 0 396
12.1206387347554 3.43190079907424 0 396
10.3661109241275 3.34064436001521 0 397
0.0104705086505191 2.99448247021381 0 398
0.574117413732757 3.04566626107413 0 398
3.45399782108273 3.10907498728442 0 400
0.000537579774708828 3.0566827228306 0 401
3.04110376904739 3.04567143777631 0 401
0.356794901642813 4.5855874568917 0 403
13.3663747246933 3.07596398598003 1 403
13.4561394992374 3.00933437443233 1 403
13.3424474433154 3.25375869849415 1 405
13.4659509118881 3.33746538800836 2 405
7.42389066634719 3.08962026857945 0 409
10.3667775916017 3.82667640311773 0 409
13.4285212811288 3.34236601805417 0 409
0.0768339400402887 3.60090174708731 0 410
13.0796362203661 3.10482748704414 0 410
0.00621784190737415 3.02093185358431 0 411
10.7668727830478 3.05268164770701 0 412
0.141484328730986 3.08423408013707 0 413
11.784385323456 3.60752485417089 0 414
1.24917368385524 3.08545155344866 0 415
0.0432269080028407 3.40618939757865 0 415
13.4413590741613 3.10059175389076 0 416
10.6722354483124 3.35184318438998 0 417
8.03925715285381 3.00686052291693 0 419
13.7063795355238 3.16553054954393 1 419
2.59839072170795 3.03431108198602 0 420
0.0971592926542858 2.99150464790218 0 421
0.26652057310406 3.26287482453318 0 421
9.58343383708882 4.14005889436155 0 421
0.00782358086613601 3.17034612688531 0 423
0.203255213772336 3.20929023966413 0 423
5.72465162095727 3.25036362191096 0 423
10.8454362435866 2.9915021744445 0 423
12.8405354306204 3.33970326982184 0 423
12.9246077981478 3.11817873555845 0 423
12.8566950269551 3.64620245377992 2 423
8.510808487618 3.16356750903593 0 425
5.62901231565228 3.31371454027909 0 425
5.40530959616989 3.49295610552324 0 426
12.9544251510082 3.36133314403906 0 427
13.0497192624401 3.4531924262029 0 428
13.5282522627708 3.34442093240556 1 429
0.030470523282853 3.02647104380914 0 430
12.9993190573872 3.06463028700552 0 430
13.3251806911194 3.17491943638259 2 430
0.278027590580365 3.09882457146884 0 433
12.9258352120221 3.19839567060956 0 433
13.442328929926 3.5308472928334 0 433
0.496543722744787 3.15424093247985 0 434
0.0842916130284226 3.05055318652215 0 434
10.9679460897191 3.40493924917415 0 434
0.0732878494122643 3.79146063955107 0 435
8.56712393046919 3.29804388382378 0 435
5.74822422184676 3.19112466474032 0 436
10.5843373141869 3.3728088272961 0 436
12.4217317510194 3.12358301934074 0 436
3.41348985797491 3.74393147211762 0 437
0.944676677545911 3.04167374969562 0 438
0.00254230004390771 3.17664417830876 0 439
0.155220894209022 3.3548692606934 0 439
4.33710010987422 3.07949286007626 0 440
0.760154984310215 3.02695189141589 0 441
0.114121113706292 3.06967396790929 0 441
4.30986162136088 3.11945004210153 0 441
0.000453783086488958 3.17312407876186 0 442
9.98068326794203 3.05215696434676 0 443
8.48686703490927 3.40071290880975 0 444
0.0954751372573827 3.27426394088006 0 445
12.9099524951957 3.32722222314014 0 445
13.2916225849617 4.97120690338881 0 446
13.6639223913704 3.11853663158838 2 446
13.2941713452023 3.07786691874574 2 446
13.623040477518 3.00491495507198 2 446
13.3105444532352 3.13897856682475 2 446
14.000696796246 3.0190372313844 2 446
13.3152992735538 3.18988055937588 2 446
13.3258103536938 3.04453746215988 2 446
13.3023848895298 3.17737777925754 2 446
13.5684081589698 3.10522369558521 2 446
13.3467031899369 3.2348368798134 2 446
13.8062908127829 3.26394813528217 2 446
13.2933056062122 4.42643654159187 2 446
13.3692462042761 3.23116020768097 3 446
13.4021074917244 3.0546406669947 3 446
13.2943885711254 3.06702658787537 3 446
13.999290717119 3.27235001089893 3 446
13.6257459961223 3.04148761786415 3 446
13.4966274334584 2.99632621390187 3 446
13.2955420985111 3.32437686985211 3 446
13.3887173245156 3.78270668370367 3 446
0.273563480917532 3.00981955454403 0 447
10.0310372564012 3.16197252680368 0 447
0.000777038778135085 3.36491209070503 0 448
4.8200418860264 3.65604795589531 0 448
7.41403955409241 4.41231400375422 0 448
0.0810600540974892 3.14652193212976 0 449
0.0315062516207341 2.99165557566185 0 449
6.94720658852736 3.52878597844057 0 450
5.68809110690781 3.84141355499423 0 450
13.3589627377321 3.32723867036444 0 450
7.95982446572288 3.19411943061812 0 451
8.96954422185417 3.17073991623742 0 451
11.306266022235 3.18503973223687 0 451
13.2102155412171 3.02219478377756 1 451
0.0416370374055082 3.12930990569638 0 454
5.66422588731822 3.18982892503483 0 454
0.374930538829512 3.25799135346666 0 456
3.05979131587099 3.39761077496786 0 457
13.3017389044721 3.08167558682081 1 457
13.3025942322915 3.39074144507159 2 457
7.782644488231 3.1231560334865 0 459
13.1454699914533 3.24920439383996 0 459
12.7143329779351 3.42256422415211 0 459
13.9662988615778 3.4265857031893 1 459
13.9871525241981 3.21601597177248 2 459
12.7739024230623 3.02803747922506 0 460
0.3830053718494 3.28607902500899 0 461
6.83393677830117 3.47255796274843 0 461
0.052690926458837 3.47206279429088 0 462
0.0737635348181675 3.0178224535404 0 462
8.93673818851531 3.02510630834918 0 462
13.0654349273183 3.00204619180527 0 462
13.0465310347822 3.81046418082976 1 462
13.0553042115044 3.33138524289112 2 462
5.51493194796505 3.46568805244089 0 463
1.96546141532065 3.35147372231492 0 463
12.7723928385123 3.55398063009432 0 463
13.0744516521087 3.08933002966451 0 463
12.925537484471 3.30948390234379 2 463
4.65489328693492 2.99762740268959 0 464
10.3636884073571 3.47371780073921 0 464
10.9765062686661 3.41594942005683 0 464
0.0271376488633611 3.75998715988716 0 465
0.366180700647624 3.00373145606076 0 465
13.3218361678235 3.03387811949665 0 465
0.154165202000593 3.2543790945269 0 466
0.0211425402856087 3.01104675140143 0 466
0.849340510898415 3.20050878325332 0 467
0.105202049201658 3.14090274143414 0 467
0.323123823900969 3.14603147519241 0 469
12.1384650966632 3.24173537853967 0 469
0.112554491270715 3.36025450660358 0 470
0.956727312593261 3.11952994041341 0 471
10.0351547633235 3.5045696151747 0 471
11.2274238991808 3.39719899964528 0 472
3.65794929967391 4.09415721630894 0 473
2.24796437237388 3.43384486504538 0 473
13.7524384792518 3.06195606564556 1 473
13.8686859902314 3.5711675177658 2 473
3.98777251664778 3.30427095963329 0 474
10.0655828703944 3.40395537450137 0 474
10.8962197979651 3.09855798082621 0 474
10.7460484678125 5.03839489511543 0 474
0.0125415843262545 3.1953046799261 0 476
0.00987583172585819 3.33749787161382 0 477
0.00916717554372359 3.09258010092005 0 477
11.2219069402699 3.75917356519332 0 477
7.69989416088982 3.1142655256193 0 477
0.0544237287390746 3.13435988537128 0 478
0.148256392381132 3.66005055613176 0 479
1.60862789328784 3.75121363942567 0 479
0.4278049968619 3.12760516125972 0 479
2.50719345534715 4.50882112918896 0 479
7.99412809092794 2.99689395826418 0 480
2.25519881016015 3.48351273149782 0 481
0.0427715560995185 3.17352569787495 0 482
10.0682083935097 3.09686548734719 0 482
0.163459406220369 3.73936324487378 0 483
1.01194813152447 3.40253832404153 0 483
5.20138716008733 3.13927660475 0 483
0.0779655359080677 3.03125856349709 0 484
12.9619294320186 3.42774316417746 0 484
0.413293860593449 3.06387737247318 0 485
0.0217113317141836 3.17150821274642 0 485
10.4309602623672 3.08283726913596 0 485
0.0260617269379857 3.21550129011086 0 486
12.9907472121786 3.35079259295309 0 486
13.1063038562715 3.00291524028748 2 486
0.0493584358689708 3.29818869154194 0 488
1.99534995626237 3.00401697099159 0 489
10.0951038924854 3.50587216166783 0 489
12.7806071464997 3.21723911071793 0 489
0.179824354738404 3.58295689165341 0 490
0.0886447312408193 3.05056517157437 0 492
0.532052131018113 3.25587187383839 0 492
1.69271683171331 3.0614046631199 0 493
10.7052467252328 3.86543439755146 0 493
13.7954548845623 3.09995570448293 1 494
4.67070886777257 3.00630607561262 0 495
12.1375192197711 3.26579823563956 0 495
0.538161615169722 3.29719497230719 0 496
0.0201412754335665 4.13359533647672 0 498
1.77613993011962 4.11349110046071 0 498
12.4447371429309 3.45129991539466 0 499
6.98012418551547 3.48684581145524 0 500
0.322839259813743 3.1538385783799 0 500
0.566315403775218 3.05996664497298 0 500
12.9665800881085 3.08973123341612 0 500
13.2927851939654 3.37265095327189 0 501
13.4009293207523 4.28510777366491 1 501
13.509951404702 3.64941735109756 2 501
13.4416054309777 3.63706370818767 2 501
13.4238300759798 3.07950185336445 2 501
13.5712671094182 3.41972982158931 3 501
13.6670307779455 3.13711968234978 4 501
13.6095378313323 3.12200626016995 4 501
8.34361532352078 3.50842399649656 0 502
10.6476757491178 3.01672633835625 0 502
10.4270995238272 3.26657611469868 0 503
10.3734455010321 3.18565429909619 0 503
10.6136336917423 3.07798822997455 0 506
9.95692413437551 3.090293463516 0 507
1.43860824535539 3.21726800375622 0 510
0.449813759770845 3.0887367189521 0 511
10.3641046225744 3.02799422301416 0 511
1.56119839113336 3.1773770885032 0 512
13.380752823372 3.23708618045382 0 512
0.763616022862117 3.17090782649798 0 513
0.129728994147787 3.11543101345486 0 513
2.39867130265793 3.30575236869909 0 514
12.122721592873 3.12094768293719 0 514
0.304547003759529 3.2559361417868 0 515
8.99606942017813 3.04631198581185 0 515
10.3913686931656 3.19040849928432 0 515
13.0068119620625 3.23176519638313 0 515
0.282314924921876 3.19684486592702 0 516
9.57687775561089 3.32476497335364 0 516
2.41162214023456 3.05008910323161 0 517
0.0328993120470865 3.02584684318601 0 518
0.433374610710232 3.4286622031266 0 518
12.853847966564 3.14969288595907 0 518
2.25542202317251 3.24810812392777 0 519
2.61949697395732 3.42973711624496 0 519
12.1216760440261 3.43086903901525 0 519
8.70095876691525 3.70468957832123 0 522
12.9854061658563 3.14125589636617 0 522
3.73577613201065 3.3509024387888 0 523
1.03767923390255 3.23481830489986 0 523
0.341488635196909 3.02418538633707 0 524
9.56336258181254 3.00284744820274 0 524
13.8800288296362 3.34608548554356 0 524
0.0903664255029657 4.49535610222592 0 525
13.7290084635929 3.59553990531157 1 525
4.67969837010445 3.04097341185355 0 527
13.8141216148246 3.41658818331343 1 527
0.000282707538874435 4.67839113985716 0 528
1.85331287611972 2.99609810379501 0 528
13.6731126954869 3.06032961944308 1 528
13.6764692982161 3.27459138321899 2 528
11.4467148021509 3.47681219757634 0 529
10.4210039516212 3.200561198783 0 529
13.1759616911035 2.99371555925596 1 529
13.912950043948 3.10103732148705 1 529
1.77504657876109 3.06006355660858 0 530
3.4948327190638 3.01980013349589 0 532
0.0871004016844135 3.31402432511804 0 533
13.0141463504362 3.51595457542377 0 534
6.92458134753063 3.45003876180894 0 536
3.11646132889769 3.25403337014828 0 536
11.1899886712138 3.1230260051935 0 536
13.8547940043822 3.25030119089476 1 536
0.0935581621781224 3.37115167280357 0 538
0.041017649463223 3.03219797924469 0 539
4.61039935972861 3.00535403526916 0 540
1.65211232455422 3.6625278241607 0 541
2.21342670955571 4.08144086495067 0 543
2.28329594857391 3.39948358922555 2 543
0.00449327687021797 3.06428012737358 0 544
0.0834008262605628 3.17100225382755 0 544
13.1964469616064 4.4899117927947 0 544
13.9584038614725 2.99279387573325 2 544
13.5143137156368 3.01690631812387 2 544
0.696671179939311 3.07444452624474 0 545
2.1157088972642 3.6052364141404 0 548
5.70567962386598 3.07769881822134 0 548
0.0790971092794025 3.29848457357753 0 549
5.10200199491986 3.38667652980223 0 549
1.70850824014744 3.66474326842378 0 549
0.370708306673068 3.10784302554082 0 550
0.189646693578347 3.64164315705234 0 550
12.8565571362541 2.99387266495291 0 550
13.1085219384708 3.32782271830357 0 551
0.146016267484473 2.99032318922623 0 552
10.3816964000226 3.05051479710257 0 552
12.8454148930555 3.12709652748557 0 553
13.0814798073001 3.01572568930725 1 554
8.57359650949797 3.45652845231423 0 555
13.4889004343745 3.42045534995271 1 555
14.0155921789863 3.66444347377089 0 556
0.366530945924556 3.08073836739933 0 556
4.77315063697457 3.28597760243312 0 556
12.8647841495299 3.25938775031463 0 556
4.71827782562655 3.44058594751621 0 557
0.0213233725888106 3.12388886248701 0 558
0.0528661617666699 3.59708857229121 0 559
12.8565486808681 3.95831768039666 0 560
12.8337523988311 3.00788469300346 0 560
2.44142260238687 3.09550231688271 0 562
0.0958432266866549 3.20669161821687 0 563
0.402418171174588 3.12964504076501 0 563
0.379938573909482 3.68276796964086 0 563
0.0753918745098329 3.00021683149938 0 563
13.3764868937075 3.37919539222253 0 563
0.560957037715127 4.32819969036121 0 565
1.60577497596009 4.22629908236066 0 565
3.5428692274436 3.39327947594807 0 565
4.76880473385272 3.41419352526159 0 565
11.0020275239644 4.04398198221281 0 565
0.0466207141548546 3.43504872351754 0 567
10.1656057664642 3.41038113029079 0 567
12.9513704802183 4.15782765895184 0 568
0.383232714196077 3.29920010933117 0 569
13.3338809981101 3.64778213805295 1 569
13.5224681458409 3.03169155193255 2 569
0.0693211609873483 3.21861371008426 0 571
3.21268107755589 3.30861923161278 0 571
13.6945609313007 3.05920196145654 0 572
1.02506682868703 3.10158791207341 0 573
12.0165704187278 3.04151203587844 0 573
10.3904079767171 3.30305621208554 0 573
10.3811971791744 3.46257380794755 0 573
3.22770263072119 3.86215941611917 0 575
0.0463589115473412 3.14314561976305 0 575
0.942315647106915 2.9996818977976 0 576
8.15997685658337 3.08492828259657 0 576
4.22702163844376 3.5844679918979 0 577
13.3634006901004 3.15205656973818 0 577
0.424522055921477 3.3111729015201 0 578
10.5256421958656 3.07832506261598 0 578
0.0170919268127459 3.20886217480921 0 579
0.0219446714720309 3.05689455128213 0 579
4.30743082188707 2.99902534798203 0 581
0.0331944190023825 3.24525986984223 0 581
5.66597452717621 3.28355290307668 0 582
6.69377559976414 3.22913631905704 0 582
8.11940876425006 4.24429593765979 0 582
0.707468658336392 3.03003519000309 0 583
3.59302507960713 3.20515334512073 0 583
10.3803817470458 3.26705397210349 0 583
12.8526544421362 3.43826533136105 0 583
0.0671359523905875 3.02004189493828 0 584
12.8348872843528 3.01965540049761 0 584
0.0659226879519129 3.81898154413464 0 585
1.58277186863425 2.99223142235005 0 585
7.97941613154526 3.27089157302495 0 585
8.56420933253131 3.35050826708147 0 586
12.8433572947637 3.6719975312585 0 587
12.9830596901112 3.12482312287446 0 588
0.0650025444873702 3.56801207484165 0 589
0.253925525341398 3.29624165786158 0 592
4.85116792682872 3.1746494751974 0 592
0.0279232953775146 3.26023750266537 0 592
0.0955539030103501 3.11432759149852 0 592
0.049312407690196 3.95428249767064 0 593
1.82149131722849 3.08217553117808 0 593
5.99631063539494 4.28774026509977 0 594
13.8143776528627 3.14389608602428 1 594
1.70908149003473 3.37960036694748 0 596
10.6117966899421 3.66219445642339 0 596
1.17544613697954 3.48138727313511 0 597
7.41153374913479 3.23962713231049 0 597
0.00717341589927224 3.56482501872453 0 598
2.05002285243749 3.0259923547953 0 599
13.8747152284809 3.02301542057469 1 599
0.326747797598706 3.17246045455989 0 602
0.092657819416706 3.136498551684 0 603
0.0101362636417682 3.39696345908191 0 603
10.6228749298136 3.62556517548957 0 604
3.10434683830775 3.419851026859 0 606
0.118062781069634 2.99559574074038 0 607
11.2206785969999 3.24187566792327 0 607
5.3521965397742 3.23266139998022 0 608
0.262112773611714 2.9957549532725 0 609
3.06627773087342 3.67778098828634 0 610
4.54924053234153 3.17357025501369 0 610
13.0700152938878 3.17895573210029 0 610
13.0574844653342 3.29058894825263 1 610
13.8620000413564 3.29721941550545 2 610
4.62518109815336 3.0605558587386 0 611
5.99252155821993 3.01786415754425 0 612
0.00828734111024802 3.48561660499938 0 613
0.0244620008238129 3.50101203644879 0 613
0.28740232995909 3.21500118383385 0 614
2.14158915408122 3.45381378518068 0 614
10.0394712027119 3.03497335806134 0 614
13.1331151688095 3.05167161873606 1 614
12.8360709318458 3.0172129971325 0 617
8.96758446857336 3.26374638472541 0 618
12.9111115566972 2.99123945952603 0 618
0.0066143947483313 3.03058537974326 0 619
0.0239050479366586 3.1659216879748 0 621
0.0591087004976648 3.1757794215923 0 624
0.0220521065148432 3.13966351140166 0 625
4.99877821442333 3.15624008716964 0 625
10.3958479193884 3.20094584245681 0 625
0.0391683163620467 3.07345024769515 0 626
7.43622931354866e-05 3.57974463010889 0 628
12.85305337097 3.0693624717861 0 628
5.99390323746466 3.20728187930948 0 629
3.86419652892326 3.11940904810391 0 630
10.4579419161678 3.41957083902557 0 630
10.646093582422 3.37189312759885 0 631
13.1094933144432 3.70687927138831 0 632
10.3816498162321 3.18537906666772 0 633
0.0945743017569003 3.39127391526922 0 634
1.47141407846602 3.0127718827858 0 634
13.3617914480563 3.16675592819477 0 634
13.6455992778387 3.07017640590166 1 634
0.130440463264249 3.23626033112178 0 635
8.31743438148169 3.63941296457826 0 636
13.0582022656866 3.1516491996408 0 636
0.0537115454695594 3.85237135446829 0 637
7.86549189623604 3.62443381017014 0 637
4.20813964162511 3.42563143879865 0 638
12.8593064778539 3.10980951224644 0 638
5.24573714426648 3.66274941633388 0 639
13.9763235796228 3.39364706874495 0 640
0.701038453584842 3.63798584612474 0 640
0.0469455208796649 3.14939659703592 0 640
0.000799729724504451 3.08596420992195 0 641
0.51024672671751 3.61994977112746 0 641
0.796615018013807 3.32256984574015 0 642
1.85335504099413 3.62461638926555 0 642
0.104515580831038 3.12063191186151 0 643
0.0398243372528264 3.09820758227342 0 643
0.048597298629824 3.37815826518412 0 643
12.969456985243 3.71684588697578 0 643
0.623499802789893 3.10734463280563 0 644
10.0246847030167 3.00100898609995 0 644
0.196154370832919 3.28692605165543 0 645
13.4698092728011 3.11773584122819 0 645
13.9100235881509 3.05019962695499 0 645
11.7159679845171 3.01177168868514 0 646
12.9802237828995 3.63356084173486 0 646
12.8593374084349 3.01331847078404 0 647
13.9801021915268 3.23451128637769 0 647
1.3428143826018 2.99041282281517 0 648
0.0370263035102429 3.64955248991228 0 649
0.214913980008033 3.48617353598343 0 649
12.9029644292081 3.18762972000165 0 650
12.7666403392279 4.647055853856 0 651
12.8191030985129 3.31189033598317 2 651
0.0230912157353399 3.00415493219136 0 652
10.3439366717396 3.03032446792121 0 652
0.676044606357416 3.19946624045855 0 653
7.62807970004723 3.02645714873135 0 655
0.152322838202294 3.13669020601894 0 657
12.8357111781988 3.33721514253154 0 657
13.5506310164087 3.16258465559577 1 657
0.385355845757091 3.21289303204836 0 658
0.122740638581577 3.27924803995244 0 659
0.092793682153352 3.55374871403636 0 660
0.31766463919498 3.22648969107686 0 661
0.256651459817505 3.96688880065656 0 661
2.13019677659364 3.47108957899444 0 661
13.3799247426536 3.19234081212597 1 661
0.193256072803143 3.41175634794821 0 662
8.33811075053904 3.41110418042153 0 663
13.0093852374408 3.70271478741992 0 663
0.170474294488875 3.21081943555149 0 665
10.9060288591974 3.63820985714995 0 665
12.8668220929947 3.50233852350813 0 665
13.7003629688729 3.00238841498287 1 665
0.116880423603503 3.02692501209663 0 666
0.879730994480901 3.62037473894896 0 667
0.0448791808086953 3.07123752867242 0 667
0.92922613505878 3.05542820374393 0 667
4.51583467262304 3.64056460959669 0 667
2.27577548951287 3.14924337590868 0 668
4.21123141475816 3.04059137379902 0 668
2.17441801157532 3.00161037474774 0 668
10.896976621171 3.41443763093204 0 668
0.141288585018295 3.31842882204482 0 669
1.4668102372205 3.18888022969954 0 669
0.036038457192086 3.34776804676827 0 670
0.344198767069413 3.25749352196588 0 670
2.27577271220385 3.53645597203553 0 670
0.223398168458523 3.09369084252663 0 671
10.0265651115173 3.33927312684699 0 671
12.7964428678824 3.00243520798432 0 671
13.9092472988736 3.12230651517424 1 671
3.47015088567873 3.85811807547113 0 673
0.352344694358654 3.14157485361672 0 673
12.9584821921632 3.37695180141836 0 673
0.354470840217633 3.03069637656936 0 674
0.713523251915016 3.15279901128209 0 674
0.0319557722421688 3.14468828414811 0 675
0.00167731371734726 3.07575123970382 0 675
3.2168065971772 3.04102613456756 0 675
12.954134493169 3.38825397880413 0 675
2.39276994365648 4.03351219935376 0 677
12.8356375850007 3.79154950206676 0 677
0.0276302766246996 3.56168384186043 0 678
0.531463130423321 2.99317387196341 0 681
5.70771249769179 3.0772749086476 0 681
12.9419958275243 3.24199636785163 0 682
3.11672931292381 3.52703211704659 0 684
0.799197385810849 3.06306738954593 0 685
11.7515694557853 3.06891527588816 0 685
12.118297937511 3.12034869137629 0 685
13.8965484634131 3.02636919647526 1 685
1.50297191529548 3.2671013079447 0 686
10.3844760162852 3.02575717904477 0 686
0.350698935834153 3.16809322798317 0 687
12.1819865724031 3.10551289591098 0 690
13.3427873080112 3.27546562132135 0 692
9.99947419902109 3.46085740774992 0 693
13.0597143330701 3.16222067917935 1 693
0.119651819631324 3.13777164600836 0 694
5.26785475377874 3.37715603128338 0 694
12.8500336292157 3.32416897172894 0 695
12.8399541784605 3.87997548889009 0 695
12.8786478478125 3.0087155142499 2 695
0.866262602251545 3.81054022924659 0 696
10.1098918688479 3.42793338368234 0 696
12.7183988461145 3.14678497213829 0 696
13.5916778255809 2.99917169883029 1 697
3.36913272506724 3.77651297869327 0 700
0.713433441837757 3.0189107884974 0 701
3.52023505850445 3.28211014165734 0 702
0.472313403004926 4.8813329150626 0 702
0.00858344656067534 3.30734941085333 0 703
0.0040426775039458 3.08641479138113 0 704
0.0254212480152739 3.38224658470107 0 704
0.208327379120048 3.90084476249629 0 704
7.51292274162688 3.09763671615461 0 705
12.9021089261056 3.67741382762002 0 705
13.6572449106347 4.11455896546114 1 706
0.172670796071849 3.27346412561566 0 708
0.0593659408243004 3.75534871422525 0 709
0.423340819821876 3.10154764170155 0 710
8.10049486958881 3.07095535239675 0 712
0.0513603149466638 3.43843476067523 0 713
10.0571661945627 3.4577697278991 0 713
0.0890554356463464 3.25490193162905 0 714
10.855784276954 3.04063529427129 0 714
0.0687901080921957 3.35033681641861 0 715
12.9502787709145 3.47989709365813 0 715
11.5313680151535 3.14525366596613 0 716
0.0693420229985889 3.34121951661301 0 717
12.9707971547446 3.42262136619862 0 717
13.2398196467288 3.31630158159346 1 717
13.129751892512 3.40544454657455 0 718
8.67472632815229 3.09520099692242 0 719
0.012202392417641 3.22667336118397 0 719
13.0637412819917 3.06718459250157 0 720
0.0113909405362835 3.29146721451821 0 721
0.0154779767580888 3.26782040441576 0 721
12.9543690929661 3.29944004973932 0 721
12.842981093181 3.07707991869634 0 721
2.13673581938894 3.41460468496451 0 723
3.43668935339051 3.04298456461289 0 723
12.6748674313428 3.66008259501445 0 723
0.0585043558309013 3.08507221978646 0 724
11.0211754504891 3.1506404141316 0 724
0.107298883923956 3.0887265048768 0 725
3.07696420379693 3.09077875693092 0 725
13.1224066848915 3.08347015734516 0 725
1.15374564915361 3.26662230919786 0 727
0.0491155262635249 3.07115122388668 0 727
3.08661987986685 3.33772557423622 0 727
10.723998553658 3.03510893495973 0 729
1.36549876335379 3.02962637023048 0 730
0.467650539552935 3.30318397830958 0 730
0.426231480574117 3.16733343017621 0 732
0.0573658239949421 3.29828291340143 0 732
11.812462933929 3.41706765104611 0 732
12.8347526506669 3.04643780247267 0 734
14.0127027024605 3.0159791816057 1 735
1.5398838083738 3.84399614910313 0 736
5.27281427855805 3.21939672314468 0 736
0.0571548574447147 3.00070578392531 0 737
0.526565661581719 3.3024231693655 0 739
0.0889618008269011 3.28987918455627 0 739
0.495784438880042 3.43518338637829 0 739
8.31724211852914 3.11101207282757 0 739
8.45952932179002 3.10164419022256 2 739
0.014389208984352 3.09548821696825 0 740
0.114220519914161 3.17224126699949 0 740
0.0511337217124358 3.0385769525386 0 741
0.0509827830269772 3.37365492985846 0 741
9.10311027151416 3.79347246518997 0 742
6.13136102782591 3.00345052081902 0 743
1.03779605745703 2.99168334353326 0 743
0.171001654252549 3.09280733728327 0 743
7.69599542695366 3.31457907645259 0 744
1.1348764051509 3.19419217447227 0 745
10.5287891551554 3.44224195407044 0 745
13.8149991975256 3.24903048436877 1 745
0.026173549710354 3.52526542585211 0 747
2.56224412824824 3.18164333315822 0 747
10.157164841663 4.00691163811245 0 747
8.58346909765961 3.07306003839188 0 748
10.1286333553272 3.40972818203034 0 748
0.0679031649500528 3.03104387810986 0 749
4.51920796080715 3.24477365169603 0 749
0.00293383686702048 3.26137766811195 0 750
0.746746875784258 3.29877481156413 0 750
10.8537758140435 3.84425798671378 0 751
10.9681867912796 3.96564800328569 0 752
0.0428170721129084 3.37369098131063 0 754
12.1179275928362 3.4260692619219 0 754
13.4588345511906 3.52429441001693 1 754
2.30819245040653 3.5047997569476 0 757
7.80748438959899 3.07669536742607 0 757
10.4547866678806 3.34060601830217 0 757
13.1884050386794 3.19872468901825 0 757
13.3776431140869 3.02258819916717 2 757
12.8882388170036 3.10670463686216 0 758
12.9629656611862 3.2530170012388 0 758
0.970379088252661 3.60920682704257 0 760
1.18240530140596 3.45905581302428 0 760
0.0240595390746768 3.37054644204532 0 761
0.0411800785169697 3.61996253311678 0 761
0.703811513926219 3.26656737029412 0 761
5.37053892431917 4.04362059166275 0 761
1.57381197897093 3.02778921576169 0 762
13.5498211620936 3.15010285804927 0 762
12.9527406100897 3.28322308333236 0 762
13.5618817124717 3.05185125162581 2 762
13.5772135225261 3.21553751346239 0 763
0.104582509161707 3.42955021236089 0 765
0.837071758966852 3.52567024965581 0 766
0.291295278801334 3.16016178856078 0 767
0.00999125159794701 3.59583975449769 0 768
2.12708251957755 3.14774461865646 0 769
5.97564908624293 3.26867263924062 0 769
0.121900936544943 3.22728746744189 0 770
4.69616513616906 3.35357461284841 0 771
0.0461516011423294 3.12914405679217 0 772
10.994264486915 3.49447436416398 0 772
0.451512948876135 3.29147547927395 0 774
0.398522291796348 3.24050589016994 0 775
0.784086008209073 3.14500227986185 0 775
12.8460379472294 3.4881024438354 0 776
2.86854674038191 3.02244130042979 0 778
0.441835793795215 3.33161043978114 0 778
3.3532418294763 3.40487402675092 0 778
0.427556930847004 3.04240702218597 0 779
2.12160881154708 3.31309669960776 0 780
4.69160625780448 3.05820198965229 0 780
10.6262866825703 3.55964818156139 0 780
12.1560265410667 3.6101792716026 0 781
13.0425067552455 3.28586214152614 1 781
12.7023746894513 3.08601542223515 2 781
13.0810613225761 3.97862925156537 0 782
13.5510089773774 3.04026789540616 1 784
2.30333951704914 3.50501642941005 0 786
10.3866365648951 3.3261593697442 0 786
13.3973598729308 3.58904140485686 0 786
13.4316124463571 3.07011387482536 2 786
13.4954798551357 3.07712387036466 2 786
0.00226073310265797 3.25038234917773 0 787
0.509385777765185 3.38697768748308 0 787
1.95724444885275 3.11171178455063 0 787
0.0664427831545104 2.99811156285584 0 789
1.0188805977046 3.10192747235755 0 789
12.7485471120096 3.37785351194517 0 789
9.43076843128754 3.12619498191761 0 790
6.86152704175493 3.04784686773507 0 790
8.33040515683372 3.40117479982535 0 791
0.126350587258295 3.01139375290245 0 792
10.3695782084014 3.07057554380015 0 793
0.0522351614103626 3.10170565524998 0 794
2.88738128587707 3.10394110649929 0 794
10.1065260541174 3.57566533553971 0 794
1.3425841420383 3.27146420405162 0 795
14.0034205501484 4.26055191267865 0 795
12.7860192925864 3.02389905928939 0 796
1.53010132067195 3.12492093262806 0 798
5.1835358830862 3.06214444480517 0 798
13.0610087014824 3.05996687326929 1 798
0.688294504308978 3.05457960468303 0 801
8.5192553203315 3.97632489510076 0 801
12.1398766854151 2.99525765302776 0 801
4.1729886307681 3.12068412971032 0 803
7.52875253769589 3.21146280762403 0 803
12.9880466807745 3.02524048307469 0 803
3.14511222008361 3.00857714983674 0 804
12.8496115901094 3.04352951161514 0 804
13.7159635181142 3.08387930719533 0 804
13.8877855423928 3.1213135740503 2 804
3.05264680153006 3.95476033243583 0 805
5.20594339387457 3.01725826467748 0 805
12.8400215473975 3.08358406606774 0 806
12.8401496655748 3.04670614750478 2 806
5.06902356252935 3.17133621355344 0 807
7.71630607021074 3.10796949007977 0 808
12.3948054645588 3.1107550235981 0 809
0.0118135790662499 3.18048557632724 0 809
12.5939663616833 2.99945344434737 0 810
13.6827988225698 3.20337695597761 0 811
13.6930477919105 3.46171997692617 2 811
0.107234547403036 3.17171063149627 0 812
12.7980804372196 3.32040674825518 0 812
13.02474358791 3.22453409005974 0 812
13.3522141083088 3.45705587519401 2 812
12.1223899148154 3.2844623941649 0 813
13.4765448594291 3.41554350705724 0 813
12.9739253170651 3.20389341830089 0 813
13.0040783569139 3.04707429381402 2 813
12.1343087346038 3.02895574072166 0 814
0.00819984365034454 3.58807914044034 0 815
0.573104201469113 3.05510123577964 0 815
0.0185617833321017 3.65971193926742 0 815
0.154677407654729 3.19406407514104 0 815
0.0604870951741952 3.3575690830881 0 816
0.259506741530317 3.04054665625076 0 817
0.275265736696638 3.06159977895205 0 817
12.8619220938473 3.2407851116429 0 818
1.81716911557974 3.17795913643587 0 819
13.8075134924275 3.13886999554275 0 819
6.78949076727345 3.45329828486679 0 820
1.10815610380013 4.05256437458509 0 820
10.9067675065153 3.06559684568178 0 820
0.0455246380985378 3.14548795377987 0 822
0.34585567827574 3.53372048996404 0 822
5.00824647972443 3.74535108376809 0 822
13.0834332087832 3.03450084028676 0 822
0.0483885386068257 3.04243597251819 0 823
3.43334284215615 4.37776008751774 0 825
0.637129235688686 3.14838538843323 0 826
12.8506032500624 3.02736212023506 0 827
0.485674065964119 3.6980041918617 0 829
3.24502364978554 3.06568972219195 0 830
13.5328480193212 3.12547385375289 0 830
13.661590207061 3.40564157940147 2 830
3.52112079996386 3.00754535584595 0 831
0.0139091746915178 3.10091856869821 0 832
0.165523663809086 4.08258788670392 0 832
10.379338460861 3.23638229107088 0 832
13.1498078960601 3.23799275905326 0 832
12.9734496070945 3.17132951459971 0 832
13.1621287608401 3.11574491082688 2 832
13.603358206205 3.19734543802244 2 832
13.1908941054954 3.28455971175603 2 832
13.5425359067757 3.46733757628826 3 832
12.8356573611957 3.84941198838687 0 835
0.764158296210736 3.87172457982881 0 837
12.839777043442 3.70569769852939 0 837
13.9622326091693 3.52615055174701 0 838
0.0537377306530585 3.15925432959305 0 839
0.15951427054447 3.1101922477114 0 839
0.162231602851111 3.67928315595842 0 839
1.69112227485596 3.07126655764014 0 839
0.659482440417479 3.63340812079858 0 840
0.000528108691134951 3.51273295173431 0 841
0.0520320107962993 3.60392722792162 0 841
0.91610037433883 3.48884674556862 0 841
0.455440002717699 3.32282331260122 0 845
0.191027753677014 3.54540775498375 0 846
5.58930572818304 3.06220056920089 0 846
0.0803673030146265 3.59858195347514 0 847
2.16989797739274 3.4104891991096 0 847
7.27739492656651 3.12042469540913 0 848
13.5022027752962 3.04201195372649 0 850
0.507394779512321 3.31881892246275 0 851
7.77676796228534 3.57652206901096 0 852
13.7991502456457 3.60145802185474 1 852
0.825496241271599 3.30807826150272 0 853
11.4129207337739 3.01014956680076 0 853
0.107964579845205 3.11218226641769 0 854
1.15789649320495 3.3063950931413 0 854
5.28047758935903 3.55155247651644 0 855
1.93316937225853 3.11619731159328 0 856
10.0923312479192 3.30412384653156 0 856
10.1108554826028 3.09846239836684 0 856
12.9540068820149 3.13877085957112 0 856
0.654827109809878 3.58392206525555 0 857
10.1323859820361 3.28995046553924 0 858
13.0327304139823 3.78370785161916 1 858
13.0391964871297 3.1343993198698 2 858
1.82732210443749 3.15691087226186 0 860
13.000198011932 3.12611258125993 0 860
12.7846293815623 3.05322622070214 0 861
13.6823617151562 3.0812085653906 1 861
0.213871209582865 3.1884169354646 0 862
10.0686866543066 3.14387999144825 0 862
13.4565757449608 3.08309326026915 0 862
0.0482614866202697 3.59114441764031 0 863
10.0327036328481 3.07416246428573 0 863
0.246057304881317 3.40102054135476 0 864
3.49761087012441 3.09068171748177 0 864
10.8055241857624 3.34788522263767 0 864
5.2020406606394 3.99495011628892 0 865
11.395837432556 3.4823809439188 0 865
1.2013294158554 3.38569008625729 0 866
12.7177431429153 3.10526020428976 0 866
0.419682813393579 3.06585260091386 0 867
0.00275756479779919 3.124414535777 0 869
0.160581520681904 3.35585229165346 0 869
3.90171386083964 4.10197591787119 0 869
0.00658442116312703 3.1164204436996 0 870
2.14954619469066 3.09918706162103 0 870
0.819725432404525 3.44825095449463 0 871
0.779955672514993 3.05113356771707 0 871
0.483380630543411 3.41415916582962 0 871
12.7237531752153 3.0480865942933 0 871
0.00559958152010485 4.47775425661157 0 872
0.000487634189380162 3.59227864959761 0 872
12.9692648129167 3.4223959239789 0 872
10.4179644639397 3.57180468834892 0 873
13.7837955992759 3.16859404699297 1 873
0.556268918975505 3.18863671895209 0 874
12.7749149137206 3.41432607256708 0 874
12.7639585447167 3.1204858470119 0 874
11.092844277014 3.09807720082645 0 875
9.46038996117471 3.38369485174984 0 875
7.09222889271637 3.25490328186081 0 875
9.53657168601474 4.29512683810792 0 875
10.0034282751819 3.5324403474443 0 875
10.9823586375458 3.12336337461004 0 876
13.0947916693682 3.96766402289463 0 876
13.0971440409745 3.14112915410309 2 876
13.1493419421732 3.33786696468064 2 876
13.3466290409325 3.21249774469853 2 876
2.79522971894502 3.19796238783274 0 877
0.0641777704173394 2.9985618419876 0 877
0.0350763415850143 3.19907611028665 0 880
2.01047264621893 3.35553732659063 0 881
13.3103918790907 3.13136401216581 1 881
0.876120096665331 3.06776200822902 0 882
13.340221647089 3.14635954366241 1 882
1.49032510250934 3.04720529325309 0 883
1.82432929933045 3.02570668877179 0 884
13.4542047096506 3.57517755700165 1 884
6.22607352380728 3.10879495318528 0 886
0.0504340144736717 3.28133903240045 0 886
4.2466424589766 4.67414346953056 0 890
0.430550954361185 3.00326204971032 0 890
0.457904170683939 3.61722514942416 0 891
2.74519957584055 3.12713948528565 0 891
13.2990342605949 3.00892579733263 1 891
0.0774566597577937 3.48088543626661 0 892
0.00935286955895373 3.72509287327955 0 893
7.43231955356243 3.25449471513702 0 893
5.82294232990451 3.40007957913544 0 893
7.49620039031707 3.22501785319372 0 893
0.0426117517374006 3.15313442542296 0 894
1.24820615617372 3.52515781536948 0 896
0.0394320361924905 3.04805037757098 0 898
8.74297714338733 3.30307008867363 0 898
10.362974002536 3.30249276771225 0 899
12.215286976318 3.00341967185468 0 899
11.2596531088866 3.17280297721585 0 900
1.99833685381794 3.0275297035149 0 901
12.9726979480323 3.59114158039902 0 901
12.9910974652703 3.33002019126051 2 901
10.0863790003516 2.99151054491436 0 902
12.8455721554637 3.81982396994498 0 902
0.216801834408256 3.06357604962601 0 903
0.0412788618719861 3.21690498138871 0 904
12.6400943848961 3.59054770375279 0 905
10.3715947327115 3.54105326631084 0 905
12.914464211218 3.07242888358221 0 905
0.0732116944380864 3.20528175347363 0 906
1.07613594711271 3.29519222573293 0 906
0.0619824374434334 3.50708876170006 0 907
0.0604873177037528 3.4385426395366 0 909
0.667296514889754 3.04246058301631 0 909
11.7746381206895 4.97833397574701 0 909
12.2195408497905 3.01452967624657 2 909
8.15561421817911 3.09718619716971 0 910
12.9476625919211 4.03587567469472 0 910
13.1377087069635 3.41624214356664 2 910
5.45838929929146 3.1846648192618 0 912
0.193036249376756 3.46495725896215 0 912
12.1808023497345 3.12191100908554 0 913
0.204220032411659 3.22964309517885 0 914
0.0568213112935584 3.24352024129506 0 915
10.3958933807642 3.88773447785698 0 915
10.3947329338669 3.04117415248614 0 915
13.4341345582247 3.2671311276276 1 915
13.578827052293 3.58688106703574 1 915
13.6883887718501 3.16845508918536 2 915
13.6706781011667 3.23533361868219 2 915
13.6761789168242 4.02909405948657 3 915
13.6767488115745 3.04431661057835 4 915
13.6827138866934 3.15968636416466 4 915
0.659494119700045 4.1407326621594 0 916
0.0985250164746481 3.79683220339112 0 917
12.9483950636351 3.19998523191218 0 918
2.764336253272 4.00359454809537 0 919
5.20592946007853 3.4424694521932 0 919
0.492716642395641 3.11315924711875 0 920
10.5542356243394 3.11189785098585 0 920
0.11775386006737 3.23015962548544 0 921
1.77169271131352 2.99003067827843 0 921
8.45083760982408 3.08245912885363 0 921
12.9190833950651 3.34537429788737 0 921
0.231849572530089 3.54478781811539 0 922
13.8564552957282 3.4790793671627 1 924
13.8580399695038 3.91581276724866 2 924
0.227557703439179 3.63629049322039 0 925
10.3723123521678 3.20144340871049 0 925
12.8753519678192 3.13231494699937 0 925
13.1631533628976 3.18334938427183 0 925
13.0078364021136 3.38980303389298 0 928
13.6801907424439 3.74423692732051 0 929
8.49060674870509 3.02789290222898 0 930
2.42323196854612 3.12999271423669 0 931
10.5317454299388 4.30767413128397 0 931
13.7987578923555 3.03717425709825 0 931
13.3107553172066 3.04600999180322 0 931
11.4473152585697 3.09126393200359 2 931
12.8586972198324 3.52658167471079 0 932
12.2613129203899 3.54195921728308 0 933
2.7857558900823 3.02113710790264 0 935
0.875752410967028 3.28269161821364 0 935
2.29802088318255 3.128139540781 0 936
0.918603799518613 3.81206612738792 0 937
1.29198091558399 3.04851429150332 0 938
11.9615210361715 3.73503649644243 0 938
0.375268075474872 3.04566798933375 0 939
4.06016593317443 3.16052089598598 0 939
12.7144055210707 3.11661502244458 0 939
0.0842933033838883 3.20689586124662 0 940
0.0427044753797819 4.41501875427864 0 942
10.3740250437203 3.42342996988942 0 942
12.8550150193064 3.34990762711864 0 942
0.348636408325038 3.07275401422555 0 943
10.1616928057681 3.11799766021706 0 943
10.4676643588002 3.27356873237913 0 944
12.8786722302944 3.11245832775137 0 944
0.824866099101816 3.13863043421351 0 945
12.506268989072 3.28875997104646 0 946
2.91540070946206 3.48559298967992 0 948
12.8758274065219 3.00034426320626 0 948
1.46492081158266 3.17878539389883 0 949
0.862679608214694 3.05382530481806 0 949
0.69560404123144 3.13522823143511 0 950
8.56402380956769 3.4931253601919 0 950
13.9695965840105 2.99756127538339 1 950
0.601404582860322 3.22747628574554 0 951
4.69924390837312 3.03705901352321 0 952
0.0951484939500443 3.2369454239988 0 953
0.652092859474393 3.83379827917324 0 954
0.00114533970708176 3.43232330108454 0 956
1.64581450935227 3.1541482193117 0 957
12.8510309002085 3.10209421985351 0 957
1.79169959885115 3.23177006498935 0 958
0.522453310437575 3.32684641918087 0 958
2.25881719065711 3.03304778885532 0 958
2.99906830664424 3.25541631976167 0 959
0.842870952436614 3.0031793898959 0 961
3.34004450093836 3.39468342565287 0 961
8.02237551229705 3.09604903405137 0 961
13.9794724387206 3.48917295372603 1 961
13.3171197645456 3.00511836809902 1 961
13.9969708212909 3.21373565508724 2 961
0.233631227497612 2.99921070901607 0 962
3.07543162521171 3.04420556485072 0 962
12.8452475766934 3.12862699402631 0 963
0.680146867429247 3.05696277629588 0 964
7.1861356631663 5.06669561879028 0 964
13.3132057798348 3.45839325888032 0 964
3.88795300398924 3.17593952314776 0 965
5.31807655851986 3.12841678091101 0 965
0.35323895901054 3.16015822405633 0 966
1.16446577540081 3.15294212431143 0 966
0.974447429615217 3.25351060641022 0 967
12.868309443117 3.87287501178568 0 968
1.3159717853398 4.43281736659213 0 969
12.9954485219309 3.0817346570717 0 969
0.940553309127632 4.13156610005708 0 970
11.1380860781347 3.22210041983901 0 973
10.4051307848157 3.22375613041261 0 974
12.9115339192824 3.16685598805032 0 975
0.0837489965471 3.26002723406665 0 976
7.84881947820709 3.10209074063299 0 977
8.22096810573195 3.28168508759832 0 977
0.026892198170266 3.64610825609587 0 978
0.427186136222841 3.70769912428217 0 978
13.2435475340203 3.99522745517586 1 978
12.7781870110963 3.5103417632316 0 979
10.5398016415526 3.055011401209 0 980
8.62156945222736 3.73562186442373 0 981
12.6146750033747 3.06661089892708 0 982
5.68271529248885 3.00527873956248 0 982
13.2421675039545 3.67148070987849 1 982
0.0732153805065856 3.61909179849717 0 983
1.28655923412534 3.00004419670557 0 983
0.519961795905097 4.45023157909186 0 983
0.352887207313932 3.47526998485028 0 983
5.42756092515646 3.02936082487416 0 983
12.2557886548852 4.04300045180956 0 983
13.1989323807937 3.29598504477827 0 984
0.0623006022010281 3.3040380342416 0 985
12.8782682681681 3.43745206209977 0 985
0.294260945903899 3.70667914154598 0 986
2.16413768066045 4.49255665183252 0 987
0.00710026355019817 3.73109330592627 0 988
3.34126452275307 3.1124175640052 0 989
12.8285273079694 3.32263951256723 0 989
13.6000298130416 3.13146269414823 1 989
3.09034980789648 3.70349934619465 0 990
2.14580933585692 3.09766635337757 0 991
0.296556607423059 2.99983126800692 0 992
4.76972824235196 3.01049861905222 0 993
12.8404338020254 3.82285904270161 0 993
0.0742280125363689 2.99028059752257 0 994
0.119911971011229 3.71258271612403 0 994
11.0803582707161 3.48046142480245 0 994
13.0741365213502 3.00367088027223 1 994
0.321650130414178 3.13818828986183 0 995
0.024116383407737 3.25693730688204 0 995
13.4694156298442 3.54347358649218 0 996
13.4811105661376 3.42352495951725 2 996
1.55409817455256 3.48788574026396 0 998
0.205381299094325 3.2390413046049 0 999
7.04341567359039 3.35817187440377 0 999
12.1217425527838 3.04511285930985 0 1000
12.826183058884 3.34888440575271 0 1000
