"ts" "magnitudes" "gen" "cat.idx"
45.8259761157259 2.99227351685869 0 2
50.4026550562039 3.52132997842111 0 2
51.7603864810985 3.30544682195341 1 5
0.111096086492266 3.06069336974913 0 11
51.3464123733897 3.75506225935627 1 11
0.078120293314253 3.69260791355861 0 19
47.8673560563745 3.29115823460594 0 19
51.7325489846148 3.61222481770366 1 24
51.7890156318825 3.53806698141177 2 24
0.21087668477176 3.08924272027603 0 25
43.5496727705792 3.30857815223564 0 26
46.9893967572385 3.0761123329127 0 28
0.0925634541368837 3.56646582627334 0 30
51.3963470027406 3.29635824535293 1 30
1.16860960179839 3.11763288118373 0 33
5.65619389187578 3.29042014728253 0 36
1.33667624667508 3.59533299954504 0 42
51.1993367331192 3.24392265962304 1 50
46.5106536038324 3.02424220048811 0 51
51.502203884916 3.07345453137423 1 55
1.80230238317219 3.00906888512406 0 57
0.0189538941507827 3.05167275445533 0 60
5.29898076637251 3.92443259123485 0 67
46.1546484679132 3.2581576785109 0 70
1.32983395054154 3.14634199017081 0 72
0.620665993966655 3.36206851807545 0 78
51.5805689621806 3.26306763588163 1 78
51.8319335819328 2.9926840663964 2 78
2.19549534641143 3.09598355993216 0 80
51.9307663502727 3.30335965955642 1 81
1.22389141322667 2.99794704547151 0 83
51.0088634126233 3.02963002490893 0 83
1.06117820830408 3.08274737700246 0 84
48.9555527119331 3.21986019143154 0 90
22.6617306344488 2.99814924730075 0 91
2.88527288028064 3.04447540248923 0 95
51.6291032916956 4.02682255626765 1 95
48.4878237549158 3.56960784961447 0 98
51.9362265492413 3.00975166874014 1 99
0.0144327653572055 3.2985851452881 0 101
51.569627890512 3.01775717028752 1 103
51.9264551002156 3.11382259922438 1 103
9.83988651356728 3.29469644559424 0 106
51.7577317304999 3.28812202002841 1 108
0.275295872009573 3.40728131628106 0 117
0.773734640641977 3.11679860088776 0 120
48.7826543057562 3.26016944185295 0 121
0.616368119431475 3.16873968360731 0 124
47.5220938012571 4.37324187495884 0 125
50.1528008939657 3.34501155709204 0 129
51.2925916613635 3.05706079085639 1 130
51.7799547716599 3.75174765740529 1 130
51.2738877561964 4.41040417276689 1 133
51.3552915558382 3.09424818675143 2 133
51.3148016754481 3.92280777707262 2 133
51.4628629335999 3.00779233408562 2 133
51.1441204947509 3.3522693534575 1 136
11.9851736301633 3.06278391906455 0 137
0.00375108085748072 3.40442618957337 0 138
51.8590923749466 3.05226081427741 1 140
7.21047339880022 3.18521750725705 0 143
18.9349855623716 3.23908796520097 0 145
51.1254102591515 3.10457917131259 1 146
44.3587850328139 3.09932528322994 0 156
45.8244059846227 3.67117200000878 0 158
48.1290651131163 3.22673908454275 0 167
0.321630001725673 3.96954821911227 0 169
51.1626018527054 3.00225518292498 1 173
47.7238304605411 3.21886122857019 0 174
5.44145182783799 3.33173328400771 0 177
9.83934291300208 4.16797105787136 0 181
1.13385095237513 3.25161043738878 0 181
45.7120806421152 3.35486853780895 0 181
51.2241396428176 3.11695952279895 1 185
2.32460377617702 3.57938958965133 0 186
10.158836147964 3.06944864884283 0 188
51.7267591537997 3.09051416358435 1 188
51.8120668995284 3.48193788436197 1 190
0.391361222037027 3.00071931998363 0 191
0.128902779032294 3.12214214548709 0 194
2.60697926249441 3.05909376022009 0 195
0.0694177009425181 2.99236250601268 0 196
0.317140212662584 3.16332773063412 0 196
0.0906865035636278 3.11199306471509 0 196
5.44488158638473 3.41172538549062 0 197
51.3671156192754 3.18094560886868 1 198
51.4313504103661 2.99692037427241 1 203
51.3522222229835 3.54844191945902 1 206
51.1992194158115 3.14767348792576 1 207
51.2672627764264 4.05157206871985 2 207
51.7885965627633 3.24177735843315 3 207
51.406385962121 3.48504993648086 3 207
51.7106582861483 3.37056167437938 1 208
0.0182831402324017 3.00695032703361 0 209
0.0674069156184122 3.0402151178762 0 211
44.829257933657 3.02634705536181 0 211
51.2543073670563 3.0061809062093 1 211
7.84344024649383 3.02341665705853 0 216
0.0488518839628932 3.42398742439254 0 220
51.4827689732123 3.54566657881564 0 220
0.0140834754172133 3.13928547715618 0 221
0.0433643818972413 3.51127036185773 0 222
0.909582727469468 3.61674218792876 0 227
46.1639629716857 3.16997972215559 0 227
51.2044839902405 3.08982175268185 1 227
2.73739759173705 4.0178910130274 0 233
0.0910476319646906 3.05658015303726 0 234
45.7041573119077 3.56252657184504 0 236
51.0702670443893 3.04714213925758 1 240
51.1263750919872 3.60004013648418 2 240
51.3278350938667 3.55010965794398 1 241
10.1248001368719 3.05150878873359 0 243
46.1548687651676 3.00383925857561 0 244
1.25086298282869 2.99753387335947 0 247
19.3514816733054 3.07318750347126 0 253
0.577836148122795 3.14634942850435 0 262
0.670643243360854 3.18497541058673 0 267
46.4239113444017 3.38088033533785 0 267
7.95652458892261 3.11443102291455 0 270
45.6992533188354 3.32958966456762 0 273
6.62811835086438 3.0809143919026 0 274
49.4295721298031 3.55395106156727 0 275
2.14094346203611 2.99343477935051 0 276
3.42595778780523 3.10942918169724 0 279
51.6618208481554 3.00539675221411 1 279
51.5128029430375 4.0119309058917 1 280
51.5350650108052 3.15578107487539 2 280
51.5992343961136 3.27446306785705 2 280
0.000175525427135844 3.39262117464449 0 286
46.3447790577155 3.38765196611623 0 287
0.193709424543778 3.18893502939204 0 292
43.7779372297517 3.25263926768353 0 302
4.30959452528758 3.22468926986545 0 311
51.3743373315405 3.27807238320861 1 312
10.4540057344173 3.43769952145712 0 315
46.2723834113417 2.99584371514312 0 321
0.0111728968629076 3.17055254609417 0 325
45.546572572402 4.18526690784088 0 327
3.51815807821911 3.89024179975877 0 329
45.7212970878993 3.11599958545154 0 330
17.0921313098206 3.03827386059413 0 332
0.0326860283888882 3.37608941323035 0 334
0.0187891672939618 3.41844352976714 0 336
0.00702780181884237 3.21010296515876 0 338
0.913990907210673 3.68575021963738 0 342
8.52353038292781 3.50906829033228 0 343
0.0782761651845617 3.2147939016365 0 345
10.169922265275 3.46528711775224 0 345
50.264323360335 3.02481119749543 0 346
0.0729943074992803 3.10188876679183 0 347
5.93403343756711 3.16711962216816 0 348
4.37637415959938 3.25727233485345 0 349
0.00171126133022433 3.13280096417381 0 351
11.6629924280509 3.19692311521441 0 362
51.7003301020336 3.83082904499962 1 362
51.755760808529 3.15655697556864 2 362
51.7926276383546 3.51229498170739 1 363
43.6424330509946 3.13452766566096 0 366
0.173052684014811 3.05876330957957 0 367
12.9158769003097 3.13779699290546 0 369
8.58952989996278 3.17040628749797 0 371
0.0407870713240434 3.50715769497195 0 377
51.5697090410717 3.48081360009374 1 377
0.462717333106378 3.03929228409556 0 378
46.1727406777661 3.38647534336042 0 382
0.0696887245902943 3.42464674092323 0 383
50.5266589220969 4.55469927742201 0 383
1.91106940768601 3.08784426253232 0 384
46.4620186221534 3.21961685170638 0 384
10.7305478977014 3.12929234023776 0 387
49.1381414572133 3.07125773732673 0 388
45.9744729394751 2.99846687678927 0 389
51.190971276173 3.17257885106492 1 390
51.5545865398487 3.19134205073463 2 390
51.5561570366288 3.25907953421514 3 390
51.6060863465722 3.06599329463902 4 390
51.473161660982 3.5860692761802 1 396
0.0120559934722948 3.56876601700457 0 397
43.6790522864846 3.29534495000179 0 397
51.2300224908717 3.05125018552968 1 399
51.2419342849493 3.50671104571661 1 400
4.74640154843389 3.01507142926742 0 403
51.5063219360631 3.12959502575813 1 405
21.4779945164253 3.39809883653277 0 406
51.6850661003586 3.17674103388219 1 408
0.0346169251669114 3.60440448234265 0 414
51.8626465109732 3.511160768811 1 416
0.360333617092246 3.81074033714216 0 418
50.153337428656 3.24444827610757 0 420
36.4117489168857 3.02005508198388 0 421
0.540218750999072 3.33154620200223 0 426
0.821785749114934 3.50403376068084 0 430
51.1382283462767 3.08020180972968 1 432
26.1458325850489 3.02504989071324 0 437
51.731117220977 3.03604525353696 1 438
0.0603149731638632 4.32368210368294 0 439
43.1766985803087 3.46909191260757 0 439
51.2739382741597 3.12040409349638 1 439
44.5238500603707 3.5356609765507 0 441
18.212228761797 3.43366819492917 0 444
45.339742635234 3.61545837629658 0 444
0.296222960144171 3.06282952313061 0 446
46.0985086596324 3.07220529227066 0 446
51.9481795438655 3.18931622838304 1 450
51.9679916665771 3.1875730692194 2 450
52.0015584625125 4.05809544814351 3 450
46.1551933772798 3.0518732868406 0 456
48.8248433824954 3.01133599548728 0 456
45.4489175708249 3.3806036012761 0 457
45.6973394056365 3.01620850880325 0 457
46.3258956333556 3.23330797992534 0 459
0.392098354432494 3.02832172587511 0 460
48.8330953787136 3.16668679457375 0 461
46.4472263106163 3.21917421916226 0 463
0.102798887294123 3.08217613992849 0 466
51.6482487157077 3.20567737347621 1 470
0.184648744304915 3.60281886970083 0 471
8.04794870348753 3.24656344889584 0 476
17.6401020995453 3.47897540961498 0 482
45.4669892296948 3.17361448313522 0 484
51.2942441542723 3.30537687701765 1 484
0.00759576821185193 3.01818239765315 0 499
28.9656539131953 3.46259759085289 0 505
0.156549354342445 3.06915724220842 0 508
0.423524985462361 3.0382063925277 0 510
45.7047631792391 3.0003742845573 0 511
4.47380627013894 3.3676863331096 0 515
45.6918971244083 3.51386592961544 0 517
0.621315749901082 3.13683056230111 0 523
0.163593773944578 3.17198922406721 0 526
37.7542692876509 3.1176551775457 0 527
0.0433392308488264 3.30160839463301 0 530
27.0167455346977 3.04250985490515 0 531
0.185530965566072 3.1220634237268 0 534
7.36592859502796 3.12131731778167 0 534
0.0893428426591276 3.20938542758088 0 536
38.768615881157 3.21236099200295 0 537
10.4404489091208 3.26200159865353 0 539
0.458734183717307 3.03355478845013 0 540
0.990496921861389 3.21279085084989 0 540
41.6546484000087 3.67578901980627 0 540
0.0272414744565922 3.05421130205002 0 541
2.13809430484354 3.10903942250283 0 542
51.5825321545448 3.56619157377684 1 542
51.6183071440296 3.43188204963846 2 542
51.6469642788835 3.08075069375984 2 542
0.0396446009390352 3.19768858568989 0 543
47.6806514286597 3.25566482772289 0 543
0.0578120537366163 3.60118012472023 0 546
50.1552587637286 3.14665919349926 0 546
51.4943667064976 3.90958253192873 1 548
51.3089885822587 3.04732188246295 1 548
51.1492069549017 3.46575944168646 1 548
51.5023753655992 3.88858853500085 2 548
51.3439714688173 3.5480072586576 2 548
51.9440762281521 3.06901475044636 3 548
51.9728302759052 3.38222150183572 4 548
0.0670807806331135 3.21206727083786 0 549
47.6693620621131 3.39993281110792 0 550
50.404091487237 3.07354918759191 2 550
0.00793530674923801 3.05449219341167 0 566
50.2107599390991 2.99635292188161 0 573
51.6522282720015 3.02280298589533 0 574
50.8669613414124 4.38429475088894 0 575
0.883572035685726 3.29076523693915 0 577
0.0420963562970191 3.28787673126174 0 579
46.1617444173074 4.7304768560024 0 582
29.6921864944127 3.26690311568057 0 588
51.8448771144353 4.35060097654477 1 594
51.856743173233 3.10279115402019 2 594
51.8519092637461 4.25433471647392 2 594
0.382654474891029 3.1828091304181 0 596
45.7187129285896 3.24105403381844 0 599
48.2887271565981 3.10184393350284 0 608
51.8627420039006 3.09801025769369 1 611
0.248680434585302 3.12972699800956 0 613
45.5461417408514 3.09512249011696 0 613
0.0142275996407658 3.05808139599027 0 614
51.5164272060242 3.760963545276 1 615
51.5323793419822 3.80153440689009 2 615
2.64634978216271 3.25772860657079 0 622
0.00452471156008378 3.0198528760735 0 623
4.47940989827602 3.39853656816136 0 623
3.26993179986436 3.15063523165631 0 627
13.346536914314 3.30275952340347 0 628
0.0865288423333328 4.39263591057027 0 631
22.77629106479 3.29002578351366 0 631
51.5838183925111 3.11907865997473 1 632
46.1328609571353 3.02579217135669 0 638
35.3556940602802 3.73206545782459 0 640
5.53345301657703 3.23676962641439 0 645
0.0302726610131687 3.14105699375457 0 650
51.7977266278208 3.41937622353587 1 651
46.128299254228 3.26130805014324 0 653
0.194255958455847 3.56238206538813 0 658
45.7217523325117 3.35465313409951 0 658
14.8340819787675 3.11065840176018 0 660
1.26344603307593 3.00169539691169 0 663
46.0660052624386 3.41851030753367 0 663
0.149784248277181 3.22962590112041 0 666
5.00758391900482 3.06281119239829 0 666
0.376468825484433 3.8645290178221 0 667
45.7112377522785 3.57319731331816 0 668
46.7876781344553 3.21666257933227 0 668
5.3092372565764 3.08798572983929 0 669
51.8882379393649 3.23010644164305 1 669
0.0399673842170238 3.05382715767412 0 670
3.43790942501805 3.11982709035578 0 670
51.7436981028036 3.47152791048864 1 671
45.5471035002427 2.99621299720472 0 672
5.40899090813535 3.51253453688825 0 673
0.0800828046521711 3.04392779480894 0 673
7.80632517377859 3.54840925283818 0 677
50.2929383783606 3.1498284625545 0 678
51.0245086547543 3.3090209084961 1 681
0.0532768484135148 3.10150871429502 0 688
51.543233376145 3.75110165724117 1 691
45.7073141699695 4.33335613997072 0 692
1.35153576431419 3.1199378370595 0 693
47.3932386930736 3.33362256588891 0 693
51.2592951184228 3.31216207475652 1 693
0.176225182606251 3.94394196045324 0 700
41.4843910130051 3.16943128057355 0 701
43.6314662950807 3.21474890126374 0 701
0.00507922073722708 3.3300052226737 0 702
2.6642491832245 3.15876281349905 0 703
47.8733816523418 3.06064267186495 0 706
10.126670868926 3.12273738349199 0 708
0.020578212149196 3.07096307957171 0 709
7.43731543352724 3.03383323697626 0 718
10.4182861060806 3.24332684098765 0 721
51.4921201275751 3.02688442151215 1 721
0.169441215885499 3.97813697397531 0 732
1.55769434614392 3.57439719540845 0 733
0.56719911250858 3.62837289447054 0 735
0.0123195907473827 3.21698479638406 0 738
51.0305392305922 3.37081135268446 1 745
20.8232773512096 3.16874646284608 0 749
0.965250000509901 3.00344815455775 0 750
0.0571748631743368 3.12114333046841 0 751
2.14020434629586 3.34445632992973 0 751
43.9800892049383 4.01846196874818 0 756
37.7644228444211 2.99963376485555 0 759
52.0044884806589 3.97282183043344 1 762
51.0643494819846 4.08391591550727 1 762
51.0728262783087 3.05031150989351 2 762
51.0937094478062 3.19696192863996 2 762
51.137469616371 3.07358500820311 2 762
51.7698660301134 3.0592077166823 1 764
0.0443538282623785 3.00081690993799 0 772
4.46011569381014 3.09230634876599 0 773
51.5150612345055 3.03754251398877 1 773
45.7417982798007 4.00688330704704 0 775
0.0419517368966112 3.06802940953318 0 776
0.600956602222834 3.89169621209743 0 778
12.8424846625527 3.04275470368616 0 779
40.0568033156355 3.05077052980881 0 783
0.0464989668115214 3.03517640551452 0 785
51.847312773028 3.74535141217937 1 788
51.8834745336184 3.94978272275944 2 788
51.3708027482705 3.05883403040211 0 795
45.3617076038197 3.53854202892262 0 799
0.12294792755558 3.01058466871324 0 801
46.5382136266617 4.12427308033056 0 803
0.0129360251260876 3.52161110451179 0 805
4.15848538488944 3.09579565203061 0 808
51.8928358758889 3.39075447497675 1 811
44.8031697267264 3.13484477113254 0 813
49.284074224178 3.02300401297891 0 813
0.867238541607273 3.05305410426271 0 814
51.7029131072663 3.23840135260254 1 814
5.77903608719558 3.10997400918081 0 822
51.40696819514 3.0209149823641 1 825
7.36229236999391 3.22043490115975 0 826
0.0314685564321329 3.03832139931953 0 830
47.3550961993559 3.50332013086383 0 835
0.277934757607794 3.24389069769281 0 841
45.7513675406962 3.02652071299561 0 842
51.1196241368136 3.15757998183124 0 842
10.3643251977732 3.08517247717351 0 843
0.0257071794768825 3.12271929735379 0 848
49.9296164839051 2.99047417405424 0 848
2.25752936926654 3.10594181981586 0 852
51.9159379370135 3.75547376257335 1 855
45.5307232839824 3.04051505696655 0 856
51.7376019734979 3.04941764229014 1 856
51.2416640260812 3.34273471169768 1 857
3.91614852803813 3.07314415439521 0 858
1.05007113107335 3.05408510381066 0 859
3.9543754576238 3.05162830687686 0 859
51.2234188200996 3.30145475269096 1 868
0.0491610069968493 3.11214487994519 0 871
51.349297643555 3.02837801293985 1 871
0.538180583079585 3.7162844333686 0 881
37.7788903421887 3.02239906881943 0 884
10.5233928106974 3.21600120841336 0 885
0.306568158406933 3.4001776335312 0 888
43.9985937219374 3.35406899208883 0 889
47.9192003957744 3.27836931015436 0 894
0.170864467090262 3.31639341409682 0 899
0.11758469090219 3.01458107139878 0 901
51.3830737719868 3.33225893593884 1 902
51.9644637847409 3.2511083709651 1 903
0.977991676861443 3.69027124420441 0 905
0.757883344395665 3.00159248390747 0 906
51.0909632771831 3.83377909438045 1 906
51.4640831853353 3.02124762898017 1 911
14.5789422442791 3.79868412667236 0 913
0.0512659155990428 2.99788469035049 0 918
11.6070658923666 3.48449236050886 0 918
0.0738819280283636 4.04336044388505 0 919
51.4846396969255 3.1742974217979 1 920
51.5100726341567 2.99278432514566 2 920
0.533559007616447 3.20240125260222 0 921
22.6309894515324 3.06991800559291 0 924
0.239989932893944 3.27538873882372 0 928
0.320131602329051 3.20623045971557 0 929
4.60453579132843 3.50788221908723 0 929
51.1619612875244 5.16486079700116 0 930
51.1922963804174 3.10267666905992 2 930
51.2282140469071 3.08351056102049 2 930
51.2144624590189 3.23657368357867 2 930
51.2930126486201 3.73955876691983 2 930
51.1740035558827 3.31070194460795 2 930
51.2827146289083 3.43823078758501 2 930
51.17314244306 3.01595799867278 2 930
51.1672527688415 3.27250849804556 2 930
51.5904591747376 3.2381267759198 2 930
51.2547017583994 4.31015415748285 2 930
51.5795662457061 3.82768882004347 2 930
51.2260790197712 3.36337035429388 2 930
51.1893936593174 2.99577013725056 2 930
51.186926786934 3.52729769879914 2 930
51.1644753209969 3.05593528695106 2 930
51.1784626640481 3.25044075884205 2 930
51.4246961716975 3.48581237326113 3 930
51.6161991785528 3.18583987524742 3 930
51.2588257797958 3.06237010408192 3 930
51.2638191141442 3.15375860629666 3 930
51.3135252189461 3.03384961118661 3 930
51.8137051785183 3.2059824440683 3 930
2.73888404476393 3.28953819756494 0 933
5.13555451390792 4.49583253366915 0 935
10.3661460045567 3.15190227506358 0 940
4.39025629613143 3.03245695899293 0 943
51.7379356226042 3.14146695130258 1 943
0.0467679917059897 3.50773884230458 0 947
27.0809081804036 3.62256255507847 0 947
0.122641144920684 3.15107217118964 0 954
2.15649606187332 3.05458320698912 0 955
51.2202903674074 3.06551973941034 1 957
15.9618807897406 3.153609775095 0 958
0.310698843595075 3.27372826542002 0 964
43.1723199101638 3.82039880704331 0 964
0.151401170354055 3.10699951957326 0 967
1.99139394310109 3.80120672515162 0 967
0.0887861521013915 3.24969092110524 0 968
51.5071260686122 3.43109813193223 1 968
2.13679590710149 4.13285818876235 0 969
51.8474839994774 3.28755875364977 1 969
51.9254098308458 3.10404348784102 2 969
10.5230209748935 3.02998989335772 0 977
51.1299073333309 3.15402369039268 0 983
51.575257147811 3.25350819997966 1 983
51.6251700937008 3.15131023482411 0 984
50.1920101961419 3.35351166634474 0 984
45.7784151221944 2.99930510606602 0 996
51.2695184481886 3.01075693374534 1 999
