"ts" "magnitudes" "gen" "cat.idx"
10.0035746124275 3.03775649718758 0 1
0.255300056965332 3.39561447888005 0 1
0.622262261108957 3.05311559412303 0 1
1.50987244033707 3.12543216475947 0 1
0.0441937176194122 3.45552658811496 0 2
0.165223597645431 3.13095978242547 0 2
10.7824958036573 3.25032616529955 0 2
0.0567781488228388 3.11545373590952 2 2
0.00747959405434116 3.27072953114662 0 3
10.2721296654135 3.30661408377612 0 3
0.0818637991157375 3.89712154872518 0 4
2.58970743220228 3.71153224505063 0 4
0.190189387691916 3.0894860347135 0 5
5.06893491824788 3.1541968455388 0 5
11.5711331531961 3.49612278908405 1 6
11.0371847964447 3.01377629840436 1 6
5.696495055761 3.27625487901811 0 8
1.51206661187208 3.13700087597179 0 9
0.376225209710893 3.41967662320472 0 10
2.1892364962587 3.71851520237767 0 10
0.0153784189566836 3.07175257070784 0 11
0.909071594180393 3.17217934132772 0 12
9.99859110956407 3.09401700884702 0 12
11.1301585645504 3.8759118296059 0 12
11.4639474048936 4.11553815457074 2 12
11.1411664466686 3.63155341147486 2 12
0.176820782192159 3.1558307661457 0 13
8.28761175927055 3.00019635335998 0 14
3.04711009453546 3.05419783915941 0 14
10.8311129458576 3.87925627062814 0 14
10.3895425155946 3.47206359567889 0 15
0.33012726123079 3.10626802748516 0 16
10.4226294063442 4.00243895729427 0 16
11.3269010177387 3.05248861459006 2 16
9.06989096808913 3.16775347940269 0 17
10.5535244057452 3.55983101696301 0 17
0.698279188975439 3.50449807591315 0 18
2.66765716540644 3.12260329201838 0 19
1.91043661630146 3.31601221551327 0 19
10.0171087092996 3.01168273512924 0 19
8.05762538286447 3.46639269915126 0 20
11.4188369849321 3.97210194475258 1 20
11.8917912537322 4.35367734052456 1 20
11.9232410360994 3.013896202411 2 20
5.0187268337817 3.00563800316481 0 21
8.34068604793632 3.12168565805751 0 21
0.491007784682508 3.70767905705467 0 22
0.941482062047267 3.24829290294813 0 22
1.53039111662422 3.89655487568129 0 23
4.88461364882206 3.65489913024524 0 23
10.0234242358004 3.02638860788395 0 23
1.50116752059019 3.03093777815911 0 24
0.0159995495704951 3.09676674994771 0 26
10.7405419923817 3.14137409485375 0 26
6.02715610663557 3.1237728575674 0 27
0.337192371159523 3.07418538475675 0 27
10.0132081147479 3.35755589724984 0 27
10.6321934199693 3.17041452853046 0 27
7.8642115676559 3.05029920713438 0 28
8.49200278591518 3.07888012098926 0 28
0.0021928814743949 3.07706190824688 0 29
1.07510947054662 3.01727612118939 0 29
0.0101058252934315 4.33404656468351 0 30
4.01080404521011 3.14764674194817 0 30
0.0488064598943339 3.03095119175388 0 31
10.9987893454571 3.06747762103338 0 31
11.0587383300136 3.46024953051587 2 31
5.9529772204047 2.99606617615569 0 32
0.116695706765943 3.03003163735376 0 32
2.72260218392978 4.59454103508673 0 32
4.63249053911434 3.02443064751456 0 32
11.2290377401858 3.03097469876015 0 33
1.49084324187163 3.14297901996647 0 34
11.7908706610708 3.52679640335096 0 34
11.8078583692552 3.05094635072134 2 34
0.860165883090129 3.57389000646104 0 36
0.416950367695086 3.42774622591576 0 36
1.10333391007874 3.15482388460388 0 37
0.212841603179806 3.49923354520086 0 38
1.694786374764 3.29741557065021 0 38
0.704842654885832 3.29059721942988 0 38
11.6040637313313 3.33652335236709 0 38
1.09933795021808 3.05603227370722 0 39
7.93524006782804 3.21040445821902 0 39
0.0141558148049082 3.51661978396776 0 40
0.22809584267682 3.10026730596923 0 41
2.12905520995675 3.14856118965319 0 41
10.3314394264111 3.3647877618927 0 41
11.1548753761776 3.25584908380147 1 41
0.0406580892442034 3.39896952752579 0 43
2.87954568731154 3.41754574757084 0 43
10.4136471845541 3.28442664944579 0 43
10.6640686273603 3.19572733993131 0 43
0.0766343302016634 3.17550294323083 0 44
0.0677394470099049 3.4440161044727 0 44
4.74912767773904 3.08993078931414 0 45
7.42980843242359 3.2231944286792 0 45
11.3544505577624 3.09923856508231 1 46
11.255020085638 3.26803515516683 1 47
0.131093325762327 3.39231052121226 0 48
1.12971660946414 3.08754842244801 0 48
0.60984627534921 3.2476267497673 2 48
9.89543747816819 3.22201225868134 0 50
10.0911700031412 3.11982615238411 0 50
0.193789337097005 4.10115211697908 0 51
0.0131255326548675 3.58171586605353 0 51
0.230041940174852 3.75341341285601 0 51
0.0607930035498677 3.09742690141777 0 52
0.0398255170879616 3.01235736452232 0 52
2.29523859628555 3.04597453080843 0 54
11.1540885141529 3.03730297991012 0 54
0.0279222743771957 3.57486705620254 0 56
10.1658495594521 3.04037979937459 0 56
0.369815098925548 3.01365554750152 0 57
0.172767479876585 3.64915345203907 0 58
11.5138778990264 3.36144593210362 0 58
11.384915721509 3.68426447371256 0 58
7.35107548279597 3.0025546619797 0 60
7.76658646441269 2.99057824636012 0 61
7.22671670893539 3.14023221050679 0 61
0.0661223145099012 3.97961258035358 0 62
0.692345182823542 3.09052703255138 0 62
4.19379184732133 3.12713146859684 0 62
0.259080348959329 3.13129029837744 0 62
3.74915997232209 3.52258457121079 0 62
0.115594723780333 3.10014294701214 0 62
9.46701455346603 3.00163464808384 0 62
11.590634356496 3.07827641145374 0 62
11.6028039837239 3.06395059531093 2 62
11.6119570116269 3.11366716026068 2 62
1.10022955979345 3.3041469643826 0 63
10.0009329166595 3.09141969340181 0 63
0.0861765029292656 3.03839875748304 0 64
3.18674052885651 3.77442194413349 0 64
11.0217250004456 3.17983156709238 0 65
0.983968336148829 3.53539547900716 0 65
6.07101032895087 3.03098131364181 0 65
11.7839778335149 3.05246074213256 0 65
4.25149093220147 3.10838039817941 0 66
7.89146844605771 3.47034841289416 0 66
11.5938191682011 3.59352742865754 0 66
0.121513252831382 3.48154683072154 0 67
0.0464798303298735 3.30812822424858 0 67
0.392362305025133 3.50771156603744 0 67
0.673272351967316 4.01487931685172 0 67
7.78422639871205 3.3744837420521 0 67
8.42382044526373 3.09224626858985 0 67
10.0008007477285 3.23438075130938 0 67
0.549961503378901 3.08915125714053 0 68
10.0355813883256 3.48904470970205 0 68
10.8862050105626 3.28088296275905 0 68
0.349274356752204 3.26240915007393 0 69
7.49603162697437 3.28012995873305 0 69
10.1224797155627 3.11200979133636 0 69
10.1850778534503 3.11202697348189 0 69
0.0223034037946979 3.10026406820977 0 70
0.048606020498414 3.2207965474101 0 71
0.416344099866798 3.35423920334904 0 71
4.34879247493445 3.05301221513101 0 71
10.5569112176609 3.18480115129405 0 71
0.0800109783821299 2.99646971464558 0 72
0.874649271824168 3.10127040275291 0 72
8.52069037757528 3.28601060306535 0 72
10.0455229342593 3.70634203289445 0 72
3.75294489986389 3.24830827831778 0 73
0.244237593184417 3.079197660606 0 75
0.0161197280882927 3.41987405624501 0 75
6.21239350010637 3.88683447706682 0 75
10.3799419650173 3.13417819380431 0 75
0.0133860296505286 3.31894655144481 0 76
0.120296487433724 3.47700872742764 0 76
1.77031046205051 3.22735251438408 0 76
4.60193138545881 3.12382263171914 0 76
0.0256661627826269 3.00326611273944 0 80
0.818386515922066 3.13474628055808 0 80
10.4575329741622 2.99575444109143 0 80
6.91422657855062 3.20917932012035 0 83
10.7622262272444 3.35833550592597 0 83
10.9794668866672 3.31174048436017 0 84
3.31882719875005 3.33416534065055 0 85
1.90754635262714 3.14087905846727 0 86
10.8645983940983 3.14867884177953 0 86
10.8262435893956 3.64782753636686 0 86
2.16381853213416 3.11312775928864 0 87
10.8286777597229 2.99768280648918 0 87
8.89974843265538 3.4561417791478 0 88
10.481199967389 3.19637523750512 0 88
10.1832995262192 3.23323030424553 0 88
0.183712106261052 3.04856560394679 0 89
3.46685229859803 2.99603441942634 0 90
0.0184396257665158 3.44396556139261 0 90
10.309923572298 3.30954488171242 0 90
1.1753566486332 3.77433732066809 0 92
5.19351199044278 3.70736835545677 0 92
10.0596484647025 3.52613914097012 0 92
10.3890279101804 3.43429672956828 0 92
11.1248045630377 3.03329633254634 1 92
10.1712782713033 2.99935289066074 0 93
11.9379106402953 3.58314874503466 1 95
10.3994665188441 3.13217276976151 0 96
10.0886903900825 2.99747490700589 0 97
11.1941452437045 3.71038494883058 0 97
0.0371827654306905 3.08322529644565 0 98
0.261707512136384 3.70954154216917 0 99
0.0285675836415299 3.00080221686615 0 100
9.93819991200286 4.14292176686899 0 100
0.0651268741065135 3.30573389915245 0 101
10.0765568531827 3.07544357741964 0 101
11.4660715077777 3.23701248291447 0 102
1.08864806679783 3.0223453296397 0 102
7.4744702275419 3.15423773471142 0 103
11.8700922496241 3.70351023085718 1 104
6.10234709294394 3.42491112502456 0 105
0.45363370056798 3.00402665943868 0 105
3.74585174463326 3.42610482880206 0 105
0.0158810671180965 4.0454490911009 0 106
1.6524382357079 3.02938546207393 0 106
0.0127312098302509 3.25193515933465 0 106
0.621108340104047 3.271058576216 0 106
10.6946632619978 3.00393629077613 0 106
0.712683797302224 3.23062839834145 0 108
10.0758601143118 3.06940266717476 0 108
10.4235372177071 3.04353202229285 0 108
2.14306538331039 3.23831186540037 0 109
10.3694016867545 3.32518008959684 0 109
0.00884600734626612 3.26031996393534 0 110
10.7907105302314 3.87015203274466 0 110
10.7948753407956 3.3914384677972 2 110
0.00797761333014725 3.14941905306553 0 111
0.560431737848234 3.03539981751835 0 111
0.114620407624183 3.56034872400743 0 111
2.17533244784258 4.37396464088774 0 111
10.3700502907845 3.36870360463572 0 111
1.96659297252483 3.83087722329677 0 112
5.53247476859859 3.27993276442715 0 113
0.695454300065276 3.48107158507325 0 113
10.2076121603688 3.30264502488283 0 113
10.7532955102612 3.23025146824253 0 113
0.0374146964020741 3.20343143816548 0 114
0.929828682731904 3.1104499321016 0 114
6.9006739319463 3.02759212381749 0 114
8.17417349591751 3.06716138834948 0 114
10.3447707711551 3.23152821591072 0 114
10.8154766932867 3.35341180629291 0 114
9.58958155903274 3.03165242556018 0 115
0.314887228581429 3.39554443275484 0 116
10.1118932411901 3.07073720455175 0 116
0.440037616123524 3.5171320598263 0 117
0.0623560799412598 3.26969397161592 0 117
4.64715106517661 3.29178139042653 0 117
10.0652699454591 5.63740741721294 0 117
11.9281657822708 3.33836110474518 2 117
10.0763955850219 3.21906442577423 2 117
10.7611768021691 3.45646012226051 2 117
10.1655680121673 3.19533001531063 2 117
10.0727349523308 4.11996970657095 2 117
10.0756342884499 3.01057994855861 2 117
11.9395204866815 3.63935855070841 3 117
11.9952438818281 3.74088665487745 4 117
0.00118144898391359 3.62173643206022 0 118
0.00732887483671732 3.14095990602297 0 119
1.43050697680687 3.02310066980898 0 119
2.17629197918891 3.01217709396059 0 119
0.332071739351986 3.37573910262222 0 121
11.3090443158612 3.46937427419643 1 121
11.4398429090247 3.60744603304192 1 121
11.4616362702774 3.73554695056632 2 121
11.4928010668155 3.33250701520823 3 121
11.6238716615019 3.51459625280467 3 121
11.4632095153533 3.65764648261359 1 122
11.4644556906418 3.13817646410174 2 122
0.139079402431492 3.51713528460122 0 123
11.2142706165646 4.14678754321369 1 123
11.4302379006492 3.04975228702447 2 123
11.7484719053282 4.00436276144118 2 123
11.2371528256939 3.15699224926305 2 123
11.4922384354047 3.25538027147421 2 123
11.4329173545748 3.00708184590176 3 123
0.026058754378065 4.27711833935677 0 124
0.00269725921214738 3.26417263348099 0 125
2.78250049712857 3.14068279577084 0 125
2.18533036276715 3.33770764552565 0 126
0.0153012989060555 3.16470174583325 0 127
1.04021732656885 3.00294032860567 0 127
11.7252158556689 3.0661125036501 1 128
0.29653384139625 3.61607463082003 0 129
4.02234554177723 3.28548359022699 0 130
0.768707817143125 3.29838085148262 0 130
8.32193728833687 3.37753374722088 0 130
10.8901734582166 3.09479441861734 0 130
10.9194781552605 3.27043125932148 0 130
7.69323080730072 3.11349451078428 0 131
0.700850309590385 3.21331786641491 0 133
0.0412605281916984 3.07960975691727 0 133
0.826853358012685 3.21847701206212 0 133
0.1207028370259 4.07919936491957 0 135
11.886462213887 2.99828284902674 0 135
0.271119972873965 3.46991210582309 0 136
3.61422540043064 3.08572840718736 0 136
0.0266573193466233 3.69143190246375 0 136
0.804293710937601 3.14609349113155 0 137
1.85754515256777 3.01248163841753 0 137
10.4515439606224 3.18212947000283 0 137
10.3807956314936 3.03432448282235 0 137
6.53458446898827 3.85740370218432 0 138
1.22560223760537 3.25239668649627 0 139
2.12636454074983 3.52193999991774 0 139
0.830872129611426 3.42457607221023 0 140
0.110859431077522 3.50014193320288 0 140
8.01483960136741 3.01432714949898 0 140
10.1184108588378 3.0310782351273 0 140
0.67864249722785 3.49787304030824 0 141
2.90656305717886 3.08657521559913 0 142
10.1221796258906 3.60182547347113 0 142
0.0479068979698359 3.04292225720846 0 143
0.961649721115651 3.07171824248956 0 143
2.26875184591241 3.14101270443463 0 143
0.0934721041522919 3.15846066558551 0 144
0.147654260684302 3.63921007730538 0 144
0.0653080877641594 3.57895236578777 0 145
0.0406855832967376 3.02087553847375 0 145
11.4504879691349 3.01690697333943 0 145
6.22966437289966 3.28640144216933 0 146
0.116377747461294 3.10893720722109 0 147
0.0359119256689666 3.03682102623527 0 148
3.55934544795203 3.06302086330289 0 150
1.19741760791908 3.09318433615465 0 150
10.0299248122492 3.75706467632123 0 150
10.5853634474955 3.07210449640868 0 150
11.2457355532716 3.00429086542896 2 150
0.0861959584641277 3.02595988607617 0 151
0.0330179873008154 3.23246918255272 0 152
10.4339644407197 3.00138649786064 0 152
10.6922170570461 3.41367808255836 0 152
10.8529688898125 3.07067807173912 0 152
10.8957997341464 3.82329137978121 2 152
0.16147778867546 3.78537159701076 0 153
0.05390379553919 3.21605857624271 0 154
4.80178964601184 3.38252029610667 0 154
10.5593264349949 3.35496714935262 0 154
0.0024272341039867 3.11217962591221 0 155
0.739386460646367 3.39245993985806 0 155
0.959448006100652 3.20963233135604 0 157
0.00568778334289009 3.35112223461664 0 157
10.8007365644759 3.05699516025709 0 159
10.6230905717089 3.1061365608835 0 159
1.17561256171082 3.35962504489944 0 160
10.7776272781023 3.27661333598297 0 160
0.0793922327336068 4.1681497100108 0 161
0.00699370609624156 3.08457503516061 0 161
0.000243195683203851 3.20279015002001 0 161
10.8234926255484 3.13816913165357 0 162
11.1577708229047 3.09333872180853 1 163
1.28832025446327 3.00390441140316 0 164
10.8311720392921 3.16549786747201 0 164
10.8883828596658 3.75774178899544 2 164
0.242226413780917 3.09346155667458 0 165
0.0252867488544026 3.05602486391079 0 166
2.50523654494442 4.04964734083782 0 166
0.739348868788577 3.81222173858576 0 166
0.0360005244165895 3.07562042152016 0 166
0.0413960228176875 4.14015072708024 0 167
10.6139659121936 3.67767605655165 0 168
0.357033493646294 3.03541571741322 0 169
1.85552752058476 3.00953534622526 0 169
10.0959530478781 3.04697638740166 0 169
10.5969187941686 3.41203390394662 0 169
0.442347212574431 3.10740223025279 0 171
0.0940311457378669 3.14170390882123 0 172
2.53273184235476 3.08360400726393 0 172
0.0622463875396105 3.27912348937162 0 173
4.59968480515738 3.21107350726622 0 173
11.3462985542067 3.05305767785603 0 173
11.7117997213822 3.24186740247864 1 175
0.190333521330231 4.69689310730008 0 176
8.23082699166206 3.54687558684692 0 176
0.492020651217574 3.24004853030123 0 177
4.22850460617959 3.05132260127552 0 177
0.624545027451128 3.12385594480794 0 179
0.103843218437467 3.53556294544046 0 179
0.0556676055904171 3.10344681939602 0 179
0.79689190758255 3.49453462520869 0 179
0.145577080771661 2.99027042077919 0 179
10.5510092202508 3.25588537500105 0 179
1.07051608810958 3.47282582720877 0 180
0.0877795517477101 3.31185752086685 0 180
4.24913026168203 3.61561497622422 0 180
1.90698441659693 3.37298617816889 0 180
7.87348822064913 3.00557927729035 0 180
10.3673747166533 3.16943260624532 0 180
0.999463849967495 4.28249498974122 0 181
1.24978070644273 3.09564210595368 0 181
0.54902789663457 3.05850993452694 0 181
10.4887386566769 3.05347573831937 0 182
10.3666743138551 3.57094436594203 0 182
10.4033556535593 3.47086797167313 0 182
11.6345112625599 4.08290580484042 1 182
0.0103994917155111 3.08613664449704 0 183
5.33732612079589 3.21908098486876 0 184
10.8729045096198 3.25892455378508 0 184
11.7962325451985 4.14793571110204 1 184
11.9526078919645 3.26312379718604 2 184
11.9869669594107 3.05335698473941 2 184
0.115135054503966 3.23094824729434 0 185
0.0819284940796428 3.0173372536071 0 186
0.922102375166567 3.07930312366651 0 186
2.10694779132 3.55170034157092 0 186
10.8548064241352 3.1522906004883 0 186
0.107632035744435 3.22356220446539 0 188
0.201813943041544 3.10178901610944 0 189
4.0252216969056 3.20743045314456 0 189
10.5859855376861 3.22871999316883 0 189
0.668974583912946 3.5319930597748 0 190
10.0073818301579 3.47729364935827 0 190
2.97532504898145 3.12286427719678 0 192
8.2232142760416 3.46117689167892 0 192
11.3354717847513 3.03124857432726 0 192
0.0309207790994233 3.1902308257515 0 193
0.0193823292495177 3.73389297362875 0 194
4.82237320688662 3.17884109672233 0 195
2.16499112287426 3.33153179638011 0 195
0.438264835504375 3.75790575468519 0 195
10.0975141426659 2.99908296734585 0 197
0.138926254644315 3.37886872995264 0 198
1.47044751329877 3.2476036510029 0 200
7.14322142340153 3.46738946216861 0 200
10.0393370571795 3.17093288224818 0 200
11.9599764607005 3.10200975907894 1 200
0.0186142877073138 3.25510768492132 0 201
10.8229844641031 3.08863980827203 0 202
3.09091383520291 3.15495170649788 0 203
0.679887121285934 3.26864301397819 0 204
3.07947597340452 3.41078513947448 0 205
0.0405050561419078 3.36142361619414 0 205
7.93919290590045 3.46462065857935 0 205
10.5523761504444 3.08756056684842 0 205
0.0803996892603842 3.03878298562185 0 206
0.11737628978095 2.99059066793919 0 207
1.50496425907896 3.40709659827091 0 207
1.84186087495066 3.29486056007862 0 207
8.42039361074239 3.17389587251764 0 207
10.4209455825521 3.04323069431905 0 207
11.5574911641047 3.04491316680027 1 207
0.0585912621425607 3.39221267767835 0 208
3.23166081525059 3.29245898899003 0 209
0.160898332077498 3.32593812294818 0 209
1.13538626411211 3.45886738449919 0 209
1.49984723991517 3.01396766170445 0 209
0.503559951423651 3.03892118655995 0 210
5.61235925332473 3.46370981475166 0 210
10.8681949912341 3.23291462916991 0 210
0.254773961828188 3.14491347309125 0 211
10.9548546168127 3.13768044416828 0 211
3.91828525635574 3.19713610840501 0 212
10.4390638157394 3.42832032456876 0 212
0.1574535740038 3.19462175459377 0 213
3.58417291781756 3.02768877613615 0 215
10.8418212932886 3.08668714101356 0 215
11.7649909755207 3.00366249772215 0 216
0.0620650341304247 3.02699763072037 0 216
11.7700335991268 3.16536136036962 2 216
11.799297597455 3.12945223623322 2 216
11.820523914118 3.50978741043441 3 216
10.6776089169677 3.06366049863684 0 217
1.78364175167559 3.08961944800572 0 219
0.316373378986175 3.09837606725371 0 220
0.148436824171999 3.13790035868702 0 221
0.248221658862974 3.04139764877819 0 224
5.40153143648628 3.33582987924634 0 224
0.425590055327715 3.53039578896824 0 224
0.802953727635979 3.22322717681387 0 224
4.61261378742026 3.16088462949597 0 225
5.71827170447121 3.12511649129074 0 225
10.7913532380721 3.27613454294762 0 225
0.279441902540232 3.75444833654983 0 226
4.89793965264309 3.74682401680591 0 226
2.16219244498508 3.07749309643199 0 226
10.5641898922497 3.12382302663067 0 226
11.8629757116 3.03886881790733 0 227
10.3751820199642 3.73585710457487 0 227
0.998944839892712 3.24261825124867 0 228
0.441090384911413 3.02420267034359 0 228
0.022320138404201 3.34734852833196 0 229
5.9739366883014 4.88777333767453 0 229
11.089704019399 3.12092204285298 1 229
0.0711450599579754 3.01192088177542 0 230
0.549305523853609 3.14109232356664 0 230
4.12317620719623 3.14388946069042 0 231
3.96544421023969 3.01456665506399 0 231
9.04654466644716 3.16010254395502 0 231
8.4478510617371 3.05306617142973 0 231
10.6926526985722 3.5439918200853 0 231
0.640833218332898 3.00976530304125 0 232
11.6311079428155 3.11095240119626 1 232
1.34327691679968 3.35571868885824 0 237
10.9093570368682 4.07178377538191 0 237
12.0073525085204 4.04905352478408 1 237
5.97913056587605 3.36622634067936 0 238
10.3687974367778 3.3924704608343 0 238
10.9321551121345 3.30271097839425 0 238
0.0876302063879596 3.51373807838035 0 239
0.136725263026006 3.74950202290215 0 239
7.23610892109702 3.10922261752085 0 240
10.3700991455557 3.14388525117896 0 241
4.28878857472115 3.05725580852872 0 242
0.45733012754585 3.38174264184568 0 242
11.2943960755955 2.99854314525603 0 242
9.99877053438434 3.38822546035918 0 243
10.6772744212346 3.09971492128888 0 243
0.00662507820333475 3.47082112519881 0 244
5.34391825442715 3.05320733993215 0 244
5.22543781975786 3.77089494641602 0 244
10.4537500248654 2.99562152889907 0 245
11.759217988773 3.02758486845454 0 245
10.4498183671104 3.16035603837484 0 245
3.65184959306675 3.03272114415726 0 247
0.379798884088137 3.03339214791804 0 247
12.0114932778847 3.03366252538643 1 247
10.049353273554 3.20554626436474 0 248
11.5836821459631 3.13803748508676 0 248
0.00116019305978181 3.66720659229034 0 249
11.1911023351454 3.05235571996953 1 250
8.41262207268973 3.57176906299701 0 251
11.8341154089753 3.02330967449921 1 251
2.85637682590237 3.67886751798548 0 252
3.17838236726462 3.08651363700621 0 252
4.60948688425376 3.23480158835967 0 252
8.11585383654991 3.38911233499919 0 252
3.60016021153118 3.41823897438313 0 253
8.48380904800512 3.23563893942784 0 253
5.06213020455201 3.01397303716681 0 255
0.819161907240152 3.09506998442087 0 255
0.667092012897703 3.47156693144344 0 255
9.85518004250791 3.03016987604046 0 257
2.57382542902819 3.13861359828842 0 257
3.29103252826154 3.00782659340139 0 257
10.3659906993012 3.15789605325862 0 257
10.2901372655927 3.22255760529103 0 258
0.153281361384621 3.9334264356688 0 259
0.0336826635448153 3.13412749985863 0 260
0.61505082706792 3.59600255851377 0 260
2.10098224308599 3.0309745274349 0 260
10.3693467211993 3.94108280762577 0 261
0.401838051116301 3.13397977855983 0 262
1.26793668798979 3.05592050804189 0 263
1.00160938398313 3.9289426935293 0 264
10.4100783640798 4.06095080759279 0 264
10.9747667274434 2.99524580627832 0 264
0.119834426035609 3.59009447376577 0 266
4.48617016382034 3.25008255078747 0 266
4.64601359425692 3.00635017142928 0 266
10.0188330544452 3.03970044868136 0 267
11.7444050682092 3.53903286441152 0 267
0.110644561503112 3.20171665097878 0 268
0.0847863400479867 3.09518551448198 0 268
0.00190382442548545 3.17918557348595 0 269
1.18632936491504 3.29589222011994 0 269
1.35722663297793 3.08977041993989 0 271
3.15204902666163 3.12078896315132 0 271
2.69612539690876 3.5146779929415 0 272
4.02909086433024 3.10598628006848 0 272
6.21772509456319 3.18156917492397 0 272
7.75385999470688 3.16024027294702 0 272
4.97950370207584 4.12468573606328 0 273
9.76802001950198 3.04848981356754 0 273
0.0430972970386181 3.03927403621408 0 275
0.0294391828487839 3.17325532875085 0 275
0.165284991934392 3.21520513950373 0 275
8.99433776963522 2.99194104104277 0 275
7.87319632245287 3.07984243721236 0 275
10.8188775381662 3.0430543741441 0 275
0.00242792754257115 2.99621785817557 0 277
0.0211629204716161 3.58764987176421 0 278
0.303576177632325 3.00426394797464 0 278
0.0690207581415981 3.3318665906486 0 280
11.9764828881339 4.32794957427542 1 280
11.9109381662306 3.27525385177077 1 280
11.9890613363364 3.94707465491157 2 280
11.9970788228431 3.07804957842572 3 280
0.232867260625692 3.44623262409853 0 281
0.363227040953879 3.01218629413123 0 282
10.396458019604 3.76720146361133 0 282
2.48246749340398 3.09078214282131 0 283
0.0276383789283104 3.12390360388136 0 284
0.925074573067669 3.17153719564709 0 285
1.4771888119711 3.31195354299064 0 286
11.4875162564308 2.99298244514676 1 286
11.6131859211816 3.0875383766725 2 286
0.0237592845462448 3.80670063249122 0 287
0.197303325919312 3.10328049847635 0 287
10.2909373950695 3.6149333168204 0 287
11.5261874610182 3.19939751434064 1 287
0.187445597754197 3.15906501806657 0 288
6.93701106994606 3.17809394759673 0 288
11.2563964228128 3.08785050143761 0 288
11.9965745853379 3.21655152542465 0 288
10.6204531085292 3.8478824619675 0 288
0.0209990736942621 3.09033843843993 0 289
10.0760160818702 3.16998457818887 0 289
0.0298884092751121 3.16861776683035 0 290
0.833733818080592 3.30768839362524 0 290
1.99181138823878 3.00749621458272 0 290
9.47388032302568 3.40893283598433 0 290
1.14459421178372 3.27568069614155 0 291
8.42169134968178 3.40858501208287 0 291
9.60664788280722 3.33523160873602 0 291
0.00540368320944713 3.17543866763099 0 292
0.344470328455614 4.07025769061572 0 292
2.74491618479038 3.66486394138849 0 292
10.4308901629212 3.55100271241159 0 292
10.8383725316459 3.14644673155328 0 292
1.13693897853952 3.02488228762917 0 293
0.913527157315675 3.35285092286102 0 293
0.00382109284769562 3.10149775909019 0 293
2.21288155860346 3.11531621732492 0 293
2.91820895722115 3.61712683690441 0 293
5.33087610945203 4.51206831442441 0 293
0.382246733098147 3.56267284574085 0 294
3.85328988034518 3.73568092661125 0 294
1.79083206138905 3.17705908686876 0 294
2.13384434559997 3.31134207361918 0 294
2.62851010254577 3.33978682334785 0 294
10.0713824917774 3.05718045419881 0 294
10.493227548501 3.22776637697407 0 294
7.71761206704412 3.03230730793277 0 296
0.473671422827413 3.08534904852396 0 296
11.4161407176029 3.33335878589465 1 298
11.479044264594 3.14881144010281 2 298
7.96274646696927 3.19067833670431 0 299
10.8527560011287 3.78071014018915 0 299
0.035047660039471 3.46968381463402 0 300
10.06952353814 3.3775071702914 0 300
0.0352153446225329 2.9985098213582 0 301
7.60499279083563 3.04301466347567 0 302
0.122079372666782 3.18744505289988 0 304
10.9018424744124 3.72070046461729 0 304
0.00216115085525301 3.62396922516378 0 305
0.229928962088033 3.33342196324817 0 305
0.0467501910661639 3.24667514023641 0 305
11.3580758575574 3.06816938817269 0 305
0.28337784928345 3.67672000274617 0 306
3.86791581727941 4.28610735578146 0 306
5.83130901236442 3.03390911254534 0 306
7.62603064364253 3.23171355431653 0 307
0.746705785301968 3.02285019705974 0 308
11.0605479631663 3.00823978087464 1 308
10.4653675232314 3.64945944712101 0 309
0.0905956701113136 3.2121741702217 0 310
8.92520866951342 3.22507491828778 0 311
10.0796222099103 3.4846740676784 0 311
0.200479099857815 3.43306138784651 0 312
10.1713360049422 3.12757714662696 0 313
10.3209455275841 3.67700938593066 0 313
11.2533546484487 3.72475296422629 0 313
11.5704671471449 3.55966313760462 0 313
10.355024250993 4.80860436036315 2 313
11.303741833022 3.29224801443809 2 313
10.6956704987083 3.38967172664408 3 313
10.3651233264079 3.15824271047627 3 313
10.4048813635172 4.32837787589548 3 313
4.34121943846799 3.04097585130702 0 314
5.31688948201928 3.23641713035055 0 314
0.0780213489759585 3.24412245577026 0 315
0.442254376317691 3.28016308070642 0 315
10.4569252089821 3.27060618362959 0 315
0.101386367003651 4.57353534007781 0 316
1.6995064558889 3.03811253158639 0 316
0.253938798862186 3.08130570899701 0 316
7.58543922236437 3.29048611733092 0 316
10.0513045610406 3.22789752317577 0 316
3.41356337556953 3.06434059248232 0 317
0.0038716741183903 3.43712568032218 0 317
8.84343464443337 3.12674487347698 0 317
10.3779966037246 3.79648063973039 0 317
10.5880793476336 3.13830470612827 0 317
1.59800056978952 3.19898521852861 0 318
5.09513081167709 3.00755865017384 0 318
10.8951203784165 3.69237435594092 0 318
4.51247551486641 3.5079259195997 0 319
0.262595729038484 3.46561707655631 0 319
1.97785047605686 3.1819868515002 0 319
0.323760002989289 3.3439629707638 0 320
0.519971531759994 3.05598772720856 0 320
1.45987163914384 3.38142450069704 0 320
10.378336819044 4.79461247931406 0 320
0.232925354778105 3.85674061922473 0 321
10.4115074643266 3.18674064495622 0 321
10.6482316843492 3.55173284399817 0 321
11.6095509046313 4.2445964569988 1 321
11.6388903487262 4.05335531738138 2 321
11.6719760130109 3.14676912432516 3 321
11.4086376559546 3.16256413216349 0 322
10.9815117370149 3.20585055922153 0 322
11.5088779996828 3.26102476486199 2 322
10.3629001541619 3.14923941058494 0 323
10.5827247742015 3.17538454611988 0 323
0.0218115465069295 3.15193815717615 0 324
6.80311101698388 3.40259496347337 0 324
2.15495771728821 4.29361951035158 0 325
11.2876716327478 3.06444798371998 1 325
1.22945404141966 3.1744510142056 0 326
0.0844020418128999 3.83351904112702 0 326
10.3672053197118 3.33860174430475 0 326
10.4116331069823 3.42842198631121 0 326
10.3936808917772 3.61855142077426 0 326
10.460497266987 3.41211726708831 0 326
0.0218676481680964 3.03849196799432 0 327
3.4658568822222 3.4352648190434 0 327
0.443837208294725 3.37064973249163 0 327
0.0186144195812952 3.30294772396535 0 328
0.0330845988029159 3.38832398542581 0 328
0.431077014733988 3.38846655058831 0 328
3.21896344000981 3.47867477969086 0 329
4.60613141691723 3.6043949195089 0 330
2.046846015158 3.40590729744638 0 331
10.0169823162585 3.0546872483769 0 331
11.1907539312081 4.52664639141625 0 331
11.2047417206814 3.18875200373001 2 331
11.5499948625503 3.10000322058885 2 331
11.1929225484845 3.17155740460437 2 331
11.1919857996233 3.31924580530976 2 331
11.7167252613205 3.1447526504852 2 331
11.194645384978 3.37531218644934 2 331
10.5506404324633 3.08191010003859 0 332
0.109373109463524 3.01555786634779 0 334
0.202712055730271 3.24533125010631 0 335
5.02451608380414 3.17461074781319 0 335
8.14359298950284 3.55629176786353 0 335
1.92662654910193 3.34425460633554 0 336
2.34884924767619 3.11316003476707 0 336
7.45157268817218 3.07711098310038 0 337
0.00360230017713156 3.18014378381074 0 338
7.11059016558102 3.79577073320757 0 338
2.13363266153334 3.31809552877261 0 340
10.2355396714049 3.08026231511358 0 340
10.8988233126568 3.0750900841912 0 340
9.44848917999393 3.39474064781213 0 341
0.748764740295931 3.95966724764741 0 342
0.125609786802654 3.54702308157458 0 343
8.15033285790888 3.4150372922866 0 343
9.99897389783707 3.21457644596083 0 343
10.1782392547068 3.68857965846375 0 343
4.68495028948352 3.91878797530866 0 344
11.8163080847912 3.04173098970332 1 344
1.24474967687294 3.61931987285446 0 345
1.16313597418987 3.06239242394547 0 345
10.94734489418 4.05796486891333 0 345
8.36306337684365 3.10336166035683 0 346
0.10326289907422 3.29679241692679 0 348
0.477799192425315 3.53876741842688 0 348
11.9948404393249 3.13560397104316 1 348
7.75620701320689 3.17685939857616 0 349
0.910496883112565 3.38755746880234 0 350
0.0459583096944917 3.20447227755401 0 351
7.79642966145672 3.04489858840266 0 351
10.979763005199 3.24009948979348 0 351
0.0115909475411394 3.94580717464411 0 352
0.0127129973502057 3.0710473383073 0 352
5.65660656443519 3.85358957002695 0 352
4.60975265375592 3.19816479718239 0 353
8.24232546541466 3.60545506878989 0 353
10.0875900944709 3.03780306425206 0 353
0.214290667235671 3.04807140860456 0 354
0.168806152862913 3.20504088137745 0 354
9.45120333432707 3.45613797417175 0 354
0.0139723968915837 3.0328669861972 0 354
7.26763801649866 4.77653835224949 0 355
1.64524514450845 3.76034818809415 0 356
0.0942406606371118 4.56273075806776 0 357
10.4035543081986 3.03225055595038 0 357
0.0114778580488005 3.78071025531487 0 358
0.00245776636020913 3.32369655511261 0 359
10.3269840382059 3.0196508012362 0 359
10.4114829031226 3.01018913621964 0 359
11.3606999885846 3.62112693103565 1 359
0.0919319826239235 3.59904388271286 0 360
0.70729884143265 3.11168015284944 0 360
6.69383341634327 4.1035284524692 0 361
0.139325862050825 3.02680705536873 0 361
11.9234474747531 3.06574105978549 1 361
10.6620045180893 3.03208159531908 0 362
10.389785509962 3.10071871226146 0 363
0.00579377793910448 3.11886545040436 0 364
6.65953894888987 3.70905520450338 0 364
11.0172512104364 3.19461850547321 0 364
0.933980476618599 3.0377717452081 0 366
0.174111900020827 3.32528567154611 0 366
5.01021309305396 3.17870943909738 0 366
2.5099277631426 3.05494853014297 0 367
1.77891894325549 3.16375584320562 0 367
2.694994718234 4.24674582408194 0 367
11.9384470073523 3.20708399939961 0 367
10.4566723618245 3.3758731628907 0 368
0.0203572601988314 3.00010347522879 0 370
0.0301521140115893 3.07694794583899 0 370
10.9930954151661 3.0028695571729 0 370
0.0967749308000349 3.30329719900448 0 371
10.6737452788234 3.34631478447499 0 371
11.3212876147253 3.22966224934068 0 371
11.5175992046126 3.12943695859538 2 371
0.469261785299339 3.13850856411204 0 372
0.00736383761454019 3.34933744940538 0 373
0.107265973053531 3.01438977638273 0 374
10.7073021232513 3.13485981389752 0 374
6.04906351581986 3.04010258982927 0 375
10.9667881965265 3.10635979442076 0 375
0.503768518364585 3.00352928483958 0 376
10.3690233247034 3.54802705650584 0 376
10.5814267006029 3.45436713151328 0 376
0.0544389945751663 3.56995876008821 0 377
0.0450324382349712 3.22593206431013 0 377
5.2403210202346 3.21129135649009 0 377
0.144954934774576 3.18248108531866 0 378
0.694411007537563 3.39845705597509 0 378
0.00145203026287545 3.02682519037606 0 379
0.0611680921351623 3.12037869435147 0 379
0.48383224710791 3.05143163306041 0 379
0.0969505589807669 3.0652106833869 0 379
8.25746415413273 3.43226757599331 0 379
3.18359568712651 3.01359770580063 0 379
0.216426484603682 4.12374083334307 0 380
8.10225125103713 3.85878667113505 0 380
10.3634069189047 3.07485406674083 0 380
5.26273864341365 3.34366642674494 0 381
11.3048894607912 3.20303113254599 0 381
0.0204351525760972 3.42909340712672 0 382
0.664037317197763 3.18541727734951 0 382
3.2913790455343 3.01483085134776 0 383
0.0414293166611646 3.1339650507988 0 383
0.926560907999156 3.19393248189561 0 385
10.8366438612668 3.04777025486222 0 385
10.0442907991995 3.71755787534235 0 387
0.277143155636774 3.08058015311973 0 388
0.0809946367231012 3.04549810315223 0 389
0.0453016415350997 3.16316792159822 0 389
0.113968542482144 3.77830492489429 0 390
1.08776593992722 3.56366237132257 0 390
11.3460188381629 3.14023418309516 0 390
10.6330157918079 3.09189292593374 0 390
10.5212321141372 3.05413445389036 0 391
2.62314109419862 3.04679266206166 0 392
7.46140965682912 3.02169109984818 0 392
10.3143420144949 3.12597891544853 0 392
11.5012550071437 3.25451886082628 1 392
0.00238438724347513 3.17275210618863 0 393
8.4210102884241 3.00568243654339 0 393
4.66933839076405 3.39323614444384 0 394
0.0194197430376838 3.00857882253783 0 395
0.225759963275619 3.36709307178007 0 395
10.9598921970477 3.23308321796959 0 395
1.17479145571683 4.30351000723494 0 396
10.3691584839498 3.12301953846047 0 396
10.0425170888676 2.99024983675443 0 397
11.6388522421465 3.13859731201782 0 398
0.150085257710378 3.05791146542475 0 399
8.83828699517873 3.19135333032879 0 400
1.08207722061275 3.40230961437202 0 401
0.100613870703435 3.52380363330274 0 401
0.232871967463707 3.02781695651641 0 402
1.15940220350419 3.1422008397627 0 402
11.1152751752825 3.67117348374649 0 402
10.5959578969756 3.88716196369747 0 402
9.99626430157587 3.50749364432443 0 403
7.8621761312185 3.52276499872329 0 403
0.256364244220443 3.31858632393688 0 405
8.6707431735015 3.79347052427791 0 405
10.0378112162592 3.20811100809885 0 405
11.3117638245282 3.42494325934042 0 406
0.081483542147044 3.74129654229922 0 407
1.17505256701901 3.11983858368994 0 407
2.28811714971815 3.17843331292974 0 408
0.0648462061937221 3.00266176947684 0 409
0.0369007306530455 4.1805696183925 0 411
0.0873526017722918 3.17842693890322 0 411
6.25232849484435 3.59916997567541 0 412
0.929582108805915 3.4419137473858 0 412
4.06019706227601 3.04102542356835 0 412
10.0159289353952 3.26141706228787 0 412
11.8448002400432 3.82251015480504 1 412
11.6398845863648 3.92527757283623 0 413
11.070522748217 3.1622218282464 0 414
10.7156418938234 3.30027831807482 0 414
0.155602969687193 3.63910934842393 0 415
1.25345006317203 3.48154700389457 0 415
0.833773459072458 3.05883993040308 0 416
0.457765430676386 3.08782559580528 0 417
10.3654049272014 3.05067792249604 0 417
7.72013377751311 3.10167976588864 0 418
10.3657586306218 3.6013530690045 0 418
10.3898215579003 3.0143101114486 0 419
5.63675566506025 3.2175994961282 0 420
0.283183031897471 3.18238957021543 0 421
3.08566446876769 3.07246854469663 0 421
10.4238254487509 3.07777789784314 0 421
10.8663392016683 3.27683209865469 0 421
0.0177207150542496 3.0089519253474 0 422
0.150524372747877 3.29880396202248 0 422
0.0770623271267935 3.03962133525331 0 422
7.96274913838253 3.00781811004177 0 422
0.0253005763248982 3.60866958013339 0 423
5.34595233651181 3.43245792577203 0 424
0.0175719537971248 3.32298846772147 0 425
10.9003615585667 3.03553712736184 0 425
8.45684201537979 3.14003914663916 0 426
0.000351810437156787 3.26637660966709 0 427
7.75591734446296 3.01218987529861 0 427
0.0191564459242144 3.2430567875504 0 428
0.174764976027019 3.10221554161226 0 428
0.206743042242029 3.16366100930047 0 429
0.457382279577265 3.91920290712354 0 429
0.00390600413028811 3.0268182707142 0 430
10.8401578205034 3.48670291253466 0 431
10.9837473736481 3.17561774493517 2 431
9.47637558779421 3.11904313902072 0 432
7.83265299440413 3.39208763751024 0 432
10.3385545158832 3.14818461189958 0 432
0.000603243396766602 3.49208105853643 0 433
7.42059104078437 3.3568775368084 0 434
0.216086214449525 3.11293023884369 0 436
10.9882016399888 3.10818667479882 0 436
11.8651867917829 3.76208803418684 1 436
9.05087858772647 3.35166763796141 0 437
0.2180277933237 3.01118177115192 0 437
3.57666772788872 3.58614775920311 0 437
10.0455128617287 3.52721055184281 0 437
0.432588774343092 3.02308762843035 0 437
8.04606852666992 3.30105440261905 0 437
1.10081465178276 3.06317683548046 0 438
3.09507187517462 3.66814809824763 0 440
4.25989575387764 3.25049943074082 0 440
10.3997495451939 3.28723001397822 0 440
0.446470820057206 3.0722746075398 0 441
0.413946026553541 3.11366061112187 0 441
10.6988718770377 3.21745813995048 0 441
2.74510755553338 3.01778976071331 0 442
5.77951353770474 3.46070694751929 0 442
8.22096243087102 3.09403768769903 0 442
0.00498758294243637 3.30981354303731 0 443
10.3905249629099 3.03364983859428 0 443
0.0979477497066647 3.01080768275144 2 443
0.420957509849467 3.03963329860455 0 444
0.123813446658744 3.06459345219586 0 445
0.0372687331642834 4.35702476638394 0 445
3.13614450398412 3.12065184482214 0 445
10.3174875622265 3.05520714058008 0 445
1.30155807407119 3.21469833168414 0 446
3.84909626333892 3.30890691056783 0 446
0.462386441794955 3.27623307784179 0 447
0.0676620208841263 3.12990961429687 0 448
10.4383125723466 3.41014380891426 0 448
0.061801836123137 3.96240271964711 0 449
0.120170431608474 3.20928384942912 0 450
0.249506792753827 3.00436468479973 0 450
3.65462068673285 3.12233241791727 0 450
10.6755535094336 3.33369780448717 0 450
1.22864492879264 3.02008956516744 0 451
0.151997646562812 3.19760907986582 0 452
11.1034807401333 3.74720751855602 1 452
11.1112843579141 3.12530984664248 2 452
0.0338756784544383 3.36138710528305 0 453
0.304342824806401 3.28286774688051 0 453
2.13469333178041 3.07805162160434 0 453
7.21574843986037 3.91034470987527 0 453
7.63197171276991 3.00473330136137 0 453
0.329070726153871 4.56693367584978 0 454
10.947058582436 3.42771569256446 0 454
10.975441418119 3.2411363078634 0 455
0.482651287782962 3.24143953502741 0 456
2.34440926653231 3.16846543792746 0 456
10.014538484535 3.60847112580676 0 456
0.0113625478278985 3.39635493389933 0 457
0.0186567232875841 3.01975291559122 0 457
4.72114658150881 3.2460706599052 0 458
10.5462347351886 3.38818247059657 0 458
10.9722111816614 4.08271649345771 0 458
10.0602996998854 3.10188647836513 0 459
10.1399288892872 3.15651783648458 0 459
11.6081794522792 3.39021787610421 1 459
11.613361010301 3.10100420314923 2 459
0.0175179419878656 3.9064657294552 0 460
0.0324183590177798 3.28886594275563 0 460
0.933359042136623 3.71479468660197 0 460
1.10400032287556 3.29388890742231 0 460
10.8450965467152 3.00734428293946 0 460
11.2043363483692 3.54065541276584 0 460
0.345335755915476 3.15253917298051 0 462
9.53006058859642 3.0788214754917 0 462
7.47535827199278 3.01134090459095 0 462
8.17537053199997 3.25845050497847 0 463
0.762042233384574 3.12610598547973 0 463
0.712695999713145 3.1131070040901 0 464
0.830943769654004 3.10060582649152 0 464
11.1305317403045 3.04371173033674 0 465
10.0111111754881 3.21824840982862 0 465
0.257325847173519 3.30236955864905 0 466
0.665219843366467 3.14557740767822 0 466
3.93542894234349 3.05413054052468 0 466
10.3814283729982 3.42876904282684 0 466
0.0974277356298501 3.56617140253838 0 467
11.4656093123414 3.49493637630484 0 467
5.86117128140009 2.99797256197474 0 468
10.3662296043244 3.54587058523173 0 468
0.0573158258871336 3.0473256799537 0 469
2.12028481877202 4.74108668748528 0 469
5.28108274450477 3.21185805331653 2 469
8.81231499512284 3.00028586871426 0 470
11.3095443557572 3.36834839811543 1 471
4.65229243093777 3.09139657289309 0 473
11.3145981026001 3.96671034851535 0 473
11.3211262265354 3.10605019823112 2 473
11.3397107968302 3.27151737100444 2 473
11.3416978092591 3.19192629953786 2 473
0.0928496446139901 3.08825885010364 0 474
0.475308573296995 4.24544494247668 0 474
10.6554046639498 3.01978847631431 0 474
1.66107465477499 3.10204556253889 0 475
4.68594266252682 3.15282720951008 0 475
10.7158380409105 3.088989120132 0 475
10.9693578009555 3.24119271123433 0 475
11.4618511087351 3.68694563182001 1 475
9.46527705800932 3.60935154734705 0 476
10.4070797009278 3.21469122676076 0 477
10.4080710708539 3.2531815471016 2 477
0.276904088352828 3.48498134912764 0 478
2.9153933278525 2.99778793187652 0 478
11.0210681573369 3.05920903335701 0 478
0.0510382721461345 3.52253035556509 0 480
8.46926849421401 4.00526494477267 0 480
7.02179027878389 3.9784806608436 0 481
10.2238855112061 3.60810066888668 0 481
11.4786873451989 3.08898126308541 1 481
0.0419330957517811 3.35087557359549 0 482
0.070620080461843 3.1093251407639 0 483
10.004761065092 3.00837463066321 0 483
0.98800915288402 3.29539674394273 0 484
3.60555874275736 3.02143925354397 0 484
2.4077752511384 3.07946116126889 0 484
10.5804889903917 3.05222221315725 0 485
0.533509674083918 3.31581310937937 0 486
0.00460436888600781 3.10715236269956 0 488
9.39164548309152 3.0157917342556 0 488
10.3684826091753 3.00321779523105 0 488
4.02180622163359 3.42926666861265 0 489
0.461117162127049 3.06041160611016 0 489
0.0165890639219302 3.13651797869525 0 490
7.85397908508329 3.17604794991668 0 490
11.0491767293223 3.1615544258 0 490
11.2118592269145 3.57676025508497 0 491
10.6267544288335 3.30857918035452 0 491
0.871766581181043 3.2513806914702 0 492
1.69965087236803 3.37236247759828 0 492
1.12163276851777 3.46325591281867 0 492
9.56003059954387 3.4103875882379 0 492
3.83866100180197 3.14918488720866 0 493
1.70353971361962 3.11881627711906 0 494
5.01222422826582 3.41027275287969 0 494
10.4069576538253 3.01823747692316 0 494
10.3347782387119 3.32758505801068 0 495
10.4376464139991 3.06597745968382 0 495
10.586916203202 3.03704996152365 0 496
0.701108577936932 3.92456094550896 0 497
5.5398935365424 3.15174280851737 0 497
2.97465087183089 3.65461607971982 0 498
10.8351159875793 3.41731233562148 0 499
0.00202001114398973 3.08195165966706 0 500
1.50698540932237 3.07410447000591 0 500
0.232237818519068 3.18426470390272 0 500
0.049766098264122 3.51340466912309 0 500
0.134501869718595 3.36808075184159 0 500
0.313805390351646 3.16475053202452 0 501
0.197867283322481 3.40140643914154 0 501
0.451262092081953 3.41701660460365 0 501
11.2118321067278 3.26884417856143 1 501
0.431921336979352 3.32720857013832 0 502
10.0034317175604 3.22384302488437 0 503
10.970960560403 3.13616819803285 0 503
0.264163928257152 3.15451549899691 0 504
0.906677780780032 3.36095793052527 0 504
10.3650842035394 3.67439528357084 0 504
0.0193414070422965 3.1308910825138 0 505
0.00773602750520712 3.41560233387781 0 505
8.8162328029333 3.00701338851152 0 505
0.10054268308399 3.66931915668828 0 505
10.5453985105516 3.26909766991488 0 505
10.5276369582059 3.41968775252951 0 506
11.5016317515724 3.27601225471619 1 506
11.5065086969833 3.22494519624553 2 506
3.40595131182922 3.46832705366176 0 507
10.4252353683762 3.22597588280142 0 507
0.659640495614689 3.02179956145779 0 508
0.12908762666218 3.49211999480787 0 508
0.0887636055782347 3.50863109676496 0 509
10.2747787143219 3.36329296920682 0 509
0.00566138629629336 3.09445902352566 0 511
0.0760110393659192 3.48698411135371 0 511
3.69937575128845 3.01391430229533 0 512
0.52365160669606 3.27610316785561 0 512
2.91523411994126 3.91713545353622 0 512
9.5811233621797 3.30480471017007 0 512
10.0182822668271 3.00484002194267 0 513
10.4060850075541 3.12499657974812 0 513
10.8680382595041 3.1070735003677 0 513
0.054025306800287 3.28084147114564 0 514
3.89934643423774 3.1161245045433 0 514
1.47458574074983 3.13112760952284 0 514
1.32816548263457 3.81579802342382 0 515
0.147108120921026 3.05671861903092 0 516
4.42235680219274 3.26354159078231 0 516
7.81408191550201 3.20473203587351 0 516
8.1015222798627 3.16880861316449 0 516
11.1984444120057 3.1534964301855 1 516
2.87887268216941 3.03491640157931 0 517
0.0321452366144246 3.24844799971576 0 518
10.0950311669883 3.27859840700985 0 518
0.0304139414705838 3.14669960959604 0 519
0.429614049713162 3.56119715574494 0 519
3.06049955769185 3.29923689836176 0 519
10.7591185865799 3.24733067261525 0 519
11.2167385224455 3.19628284668899 0 520
7.86334603008596 3.04068382976115 0 520
1.59280860310439 4.03238500946252 0 522
0.0267261250231827 3.10422234443707 0 523
2.54735121754052 3.17396197619278 0 523
0.00804719965337707 3.92159644603217 0 524
4.67612149874448 3.15868057253019 0 524
10.2657713029339 3.52065585185771 0 525
10.8409272017012 2.99292251573014 0 525
0.00324862174880516 3.32255873041218 0 526
10.3719729290865 3.01635005916979 0 526
11.1706569315688 3.31722606629224 0 526
11.1952251557245 3.61095769235854 2 526
0.0122030845685012 3.21645338728681 0 527
11.272161389281 3.11233624413456 0 527
0.311775635369447 2.99108612575782 0 528
2.32504961093168 3.24063482622159 0 528
10.0298139091284 3.3122787040817 0 528
10.3821576432164 3.23457741755176 0 529
0.0805701556603412 3.39989575637927 0 530
0.0712729566310435 3.48113089299817 0 530
0.230505987426988 3.67772822292747 0 530
10.4356394730757 3.42645687053751 0 530
1.925182309032 3.47123854133361 0 533
11.241749885175 3.12239762461078 1 533
0.0309179374439102 3.26618667207802 0 534
10.0111227916599 2.9935817339203 0 534
10.4200664715548 3.41523456687754 0 534
10.5255633810115 3.54532663775751 0 534
11.6575370453696 3.69873597700516 0 535
0.0319821461661386 3.46482010722867 0 536
0.917996399430512 3.01672731616516 0 537
8.14812848391713 3.09322064468684 0 537
10.1795937845829 4.40002371259744 0 537
0.528170627959922 3.46577499572192 0 538
0.0435800214535184 3.70551820535488 0 538
10.0006528620123 3.24506832173944 0 538
10.6019984189535 3.17517457861506 0 538
2.7586214611329 3.65943936154722 0 539
0.47287905023702 3.35589348484887 0 540
10.2033950977409 3.98470722562777 0 540
10.7856646068595 3.45348988986664 0 540
2.56200542629889 3.0776693504293 0 541
0.039443568044325 3.05279012775659 0 542
10.5060435172804 3.66463482302266 0 543
0.0266069183915608 3.30221720038596 0 544
4.52609700718941 4.18760291297257 0 544
2.21769386913919 3.38595186821433 0 545
0.438971179878876 3.05409074428902 0 546
0.0571843567140002 3.08203431304126 0 546
0.0531814101022015 3.12259619148796 0 547
11.4834543458055 3.51099909169943 0 547
5.33727384941454 3.01001514474224 0 547
11.9066046745606 3.14461946171406 1 547
11.9188649264769 3.00680402799193 2 547
0.153301603897083 3.00385230640997 0 548
10.8306336476283 3.42904605379625 0 549
10.373589770459 3.16686852978595 0 549
11.3315996489687 4.0740869442338 0 549
11.372050974964 3.05088943695701 2 549
8.42159678030167 3.20443118176101 0 550
0.331754878997202 3.42779684821082 0 551
7.89782531546969 3.62507667523506 0 551
9.99853165572377 3.10766483214008 0 551
10.8093916098452 3.04138390272583 0 551
0.353443385025121 3.36465081681598 0 552
7.49345061900054 2.99896817791149 0 552
0.00461825123321095 3.80254735533911 0 553
0.685986909405538 3.37503551873636 0 553
0.631391320229365 3.15787521311255 0 554
0.0151297852838272 3.0075039540609 0 555
11.1441977122191 3.3983053963162 0 555
0.00949589649154764 3.52802207487957 0 556
2.34344273212829 3.67410243474664 0 556
11.6660917773001 3.57917176330113 1 556
0.0612775256177393 4.20523810080465 0 557
2.26701731054437 3.22333585517616 0 557
10.6356236667843 3.24288714240516 0 557
0.0415495267872187 3.86162235341115 0 558
4.61549069527286 4.22115663911644 0 558
11.9517598586641 3.13169237890232 0 558
0.48504318567079 3.15124606663383 0 559
0.243070459425089 3.19973626117586 0 560
8.40253096332375 3.53926611215524 0 561
8.21668588772594 3.04118216332679 0 562
8.22388049490618 3.57017766922613 0 562
10.3638685283595 3.01455581766263 0 562
0.0516060737237505 3.19520356197427 0 563
0.19391269804311 3.03746323069061 0 563
3.75032448379872 3.45151660457199 0 563
6.36790334705045 3.14168883583451 0 563
11.5586044751444 3.44713948108231 0 563
11.1247880346231 3.87074026217123 1 563
11.6903952745845 2.99161792472811 2 563
11.3638622525986 3.53491258084361 2 563
0.0878627974252233 3.21104148913645 0 564
0.00245793179176389 4.05403885394314 0 565
10.5462507808672 4.95355162974435 0 565
10.645064752271 3.31644962660762 2 565
0.29019431867366 3.72621176563581 0 566
0.00209670169541734 3.23875318712246 0 566
4.75702556471334 3.22123341165726 0 566
10.3980004391529 3.81182118053716 0 566
11.3679228661672 3.2585973344274 1 566
1.28658824561146 3.51137954222175 0 567
0.0460828082556952 3.62552473364097 0 568
0.161466436394679 3.0662824236511 0 568
0.634782318316191 3.4002186276803 0 568
10.4236033764372 3.47391863427038 0 568
0.00336559020375004 3.26269311703745 0 569
0.0761491621723071 3.15701880937319 0 570
0.533625067290362 3.05884520401913 0 572
10.4202790089885 3.08368477047586 0 572
0.743611792006167 3.10105737547905 0 573
10.3763626574486 3.80311341933502 0 573
2.20062225898347 3.28316476609459 0 574
2.45555896093787 3.00594085016416 0 574
0.127394347385461 3.50197846659869 0 575
7.88781957383077 3.55389485086086 0 576
2.7547082031686 3.408036648223 0 577
0.014450987046912 3.16872906461178 0 577
8.23174200918162 3.04824753036097 0 577
10.8485197816058 3.37106251974691 0 578
0.779327408627485 3.14645007247146 0 579
0.591616821456272 3.41148994308707 0 579
7.73022231206032 3.74935357251437 0 579
0.257775241623944 3.92859529257232 0 580
10.9470545051053 3.44090928810604 0 580
11.0334854143638 3.67969861542471 0 580
0.143306644015371 3.04491376881076 0 581
0.178879983810018 3.01110735671421 0 582
11.2555517085452 3.07806992364253 1 582
3.88329242015918 3.54938372906425 0 584
7.41939305571002 3.17312145404686 0 584
11.7764042574384 3.02564289298249 0 584
11.1207904852062 3.34260020880109 0 584
4.79776457123506 3.25660144943632 0 585
8.97508414472303 3.19610897306747 0 585
10.0367427722297 3.19000238041671 0 585
10.4315157282216 3.21274044199186 0 585
11.9286698523533 3.33877081430549 1 585
0.0429631816749419 3.30742828871386 0 586
0.0400136201719261 3.03720235731789 0 586
2.08487354137156 3.15426582947774 0 587
1.16021310395184 3.17487237753161 0 588
0.00283136672004529 3.31667767097163 0 589
0.425359544570229 3.12551275155347 0 589
0.0298825760447156 3.17739329123682 0 591
2.9019119227725 3.43151412388587 0 592
10.485516363558 3.21965319356443 0 593
0.0161775961204618 3.17420338998578 0 594
11.9237601339121 3.12176531532596 0 594
5.04902235984475 2.99301961334134 0 594
7.99555622641485 3.06453555910548 0 594
5.07979950745602 3.38475516510879 0 595
0.439768325128558 3.15449454247983 0 595
0.282609939230563 3.07099114008486 0 595
0.0338304197577554 3.22686199705071 0 595
10.3994660774757 3.06301664333923 0 595
3.45061871194217 4.37147709114625 0 596
2.2077859055843 3.20924155360195 0 596
0.626326549741942 3.74075917798253 0 597
0.00495564486794703 3.30245274781602 0 597
0.294865095222201 3.12607581737521 0 597
0.720331992744543 3.13132199657888 0 597
10.3981142930348 3.04750652803788 0 597
11.1434942136143 3.15015952239081 1 597
11.9974333598834 3.20213123824713 1 597
0.159577412845114 3.16910358162589 0 598
7.77195079055209 3.35581697017286 0 599
0.555734515717126 3.24341606775636 0 600
5.2161063256152 3.09091936071569 0 600
7.54993398377935 3.40988895216479 0 600
10.4815200226574 3.29129196503752 0 600
11.7655579286251 3.11881790220952 1 600
2.72224485295084 3.09984094313029 0 601
10.582005104523 3.26411212573112 0 601
10.0093101682211 3.05323073529676 0 602
0.225330959317121 3.50324116480299 0 603
0.202616979580419 3.14227365942823 0 603
7.73878664693486e-05 3.01312501548895 0 604
10.5831489769773 3.4623738558872 0 605
0.131612759556845 3.47965101379437 0 606
4.88709296841918 3.48833593819054 0 606
11.0672992482056 3.27247944637241 0 606
10.2578182482712 5.03550342156306 0 606
0.281027195742331 3.21043290911767 0 607
10.6265503392302 2.9912724056221 0 607
10.3683822007098 3.35038764109257 0 607
11.1858347970811 3.11801931385068 0 607
11.6450284969086 3.24416209204176 0 608
0.0747836442829663 2.99439098015998 0 609
5.99288902925942 3.66938288896032 0 609
10.0087044588749 3.43568979660373 0 609
10.0346356015297 3.17236124769506 0 609
11.4370211306346 4.43534316193094 0 610
11.5305801230531 3.22131624827526 2 610
11.5592363871671 3.01243491827854 2 610
11.4429305135986 3.35289508811785 2 610
11.5024933952467 2.99654724165606 2 610
11.5525495056173 3.04027106905328 3 610
4.46032272560609 3.45659649860875 0 611
4.0532880439345 3.1184185774309 0 611
0.326046021810795 3.11559579893053 0 612
6.72039596658209 3.01835103330047 0 612
7.73603269085211 3.03322844323042 0 612
10.5801243866453 3.0558191637479 0 612
1.98832124273169 3.47482180404754 0 613
11.9403696118076 3.04966511973504 0 613
10.8230025185356 3.27364392790891 0 614
0.459972213094359 3.13879979929965 0 615
2.7209134319381 3.14569780222046 0 615
3.58516984492135 3.15481031813804 0 615
11.0715484378272 3.10000664012578 0 615
10.1792334341826 3.39915498900573 0 615
10.5021296404842 3.8629391626387 0 615
11.1596307634931 3.28997994953978 1 615
11.8057474327633 3.1541909406496 2 615
0.298085015127366 3.53535829189663 0 616
0.0495204670389627 3.09891876430549 0 616
0.0516970962556947 3.22874926967999 0 616
0.0201531633708097 3.48990978956936 0 618
10.5125321510916 4.74734365175016 0 618
10.792186906842 3.55031531678474 0 618
0.0736012603045875 3.4274471656438 0 620
0.031022787074315 3.35546151011233 0 621
2.94364740571105 3.39266706012199 0 623
0.0135198574508365 3.75383015989318 0 623
0.338864013965271 3.16340335793318 0 624
2.12057456283661 3.165258703478 0 627
11.1089235704016 3.15164204033566 1 628
11.2756545461338 3.1701608667239 1 628
0.0537860243455063 3.01933072994863 0 629
0.437866265076257 3.08394733210671 0 629
1.07430384964543 3.3509774271401 0 629
3.07732973807428 3.38918173014263 0 631
4.68008190599027 3.52163542007166 0 631
0.0995507446041179 2.99351581596113 0 633
8.60212056764909 3.16514537280773 0 633
6.89632369019012 3.86607113005091 0 635
3.45059133927702 3.2900821267163 0 636
0.052594654518012 3.13938734963594 0 637
10.4676210577576 3.12730768067335 0 637
11.1687744416287 2.99609604374013 0 637
0.047946602464058 3.20370483327831 0 638
1.1538582107523 2.99048497785084 0 638
0.176548287576761 3.17211667294356 0 639
7.9436621085535 3.1327398668147 0 639
10.0025336195937 3.56868942509819 0 639
8.46627690646473 3.05098930980731 0 640
10.1586564729292 3.04821478087511 0 640
11.1845135599479 3.33615497913899 0 640
0.0308367492553063 3.22499717691689 0 641
0.0611049701427507 3.34244044913873 0 641
8.87081244156444 3.00692509600943 0 642
10.0163728886894 3.02322874141915 0 642
11.0651224960197 3.12268444020177 1 642
11.431588295763 3.60278427571094 1 642
0.0275737878551782 4.04157078180648 0 644
3.10298498073686 3.08400738047179 0 644
6.5852490486585 2.99669636400461 0 644
10.1999176509171 3.4901845205478 0 644
2.75974720586177 3.1556946554275 0 645
0.368426366988129 3.19492366165219 0 645
1.482573971199 3.01658994194216 0 646
0.00758577035247466 3.70794980214091 0 647
0.174712227343902 3.08254750602352 0 647
11.3141678275164 3.43574991187948 1 647
0.140946814547402 3.12214152789519 0 648
0.340265443839213 3.55411187634927 0 648
10.5494471756447 3.12445426111945 0 649
10.3752307601474 3.55133688421118 0 649
8.05930643924381 3.23164727674097 0 650
0.0781877447011053 3.29774548351684 0 651
0.238759171697127 3.65239530574171 0 652
3.56729415398654 3.62089175099757 0 652
7.39847420045543 3.26542713393184 0 653
0.630695409906479 3.04394101745264 0 653
2.22412945541463 3.24304602471614 0 653
6.33770696390211 3.01767741359795 0 653
0.00400752514454604 3.05848617272927 0 654
10.3969238554592 3.05564238832896 0 654
10.6661361070928 3.57794583068349 0 654
0.422959323421399 3.33697396565516 0 656
10.430049508178 3.25913996931134 0 656
0.0433558227075254 3.15745446735961 0 659
4.83366477487704 3.10965116908491 0 659
11.8590458062982 3.05512148639426 0 659
4.60272960935775 3.36016855888941 0 660
1.10082005341935 3.07769803703272 0 661
0.00330015618513304 3.00881092231138 0 663
10.3914160324394 3.44306963198077 0 663
10.5349171457188 2.99356243642548 0 664
10.425928640665 2.99577390445818 0 664
0.110827870311055 3.70546390605922 0 665
0.0473448581841085 3.32215956918354 0 665
0.0541876404623709 3.52118202003682 0 665
0.0903975827444564 3.77363748836598 0 665
0.101438387248424 3.9296235716792 0 665
5.37906763946457 3.44879099278474 0 666
11.1108820179259 3.18602042540344 0 666
0.0779624554369222 3.27898815332835 0 667
11.980604686923 3.1524804165987 1 667
11.0557144239169 3.33530477610692 1 668
0.225562160002508 3.30556221882744 0 669
8.11019432660757 3.28140747325584 0 669
8.51546028357794 3.0764949273322 0 669
10.6588673450754 3.20174654352415 0 669
0.0396306900983681 3.18509599614678 0 670
8.13409279495625 3.60008629462787 0 670
1.12067071066742 3.08970224066916 0 671
0.694042100794933 3.01942630860231 0 672
11.6081380781779 3.07250106922809 0 672
10.0368685042138 3.02998177075889 0 673
10.3882229644266 3.06827022089277 0 673
0.138311161635555 3.09111950117972 0 674
0.820273811515765 3.76301233768052 0 675
0.00104434933162955 3.08219595902571 0 675
0.800302850986964 3.03277478289773 0 675
0.914806668401077 3.03307567639534 0 675
7.41440003710471 3.45574171506993 0 677
0.0915988161372094 3.5380869375469 0 678
8.24259028827751 3.05602638061811 0 678
0.043772064044161 3.35489347191974 0 679
0.612858853052639 3.24653927888271 0 679
1.42381600890753 3.04430898525606 0 680
0.287323217699222 3.84818174521981 0 680
7.64292458066716 3.70899900254928 0 680
10.3710115011117 4.58967543294773 0 680
11.6882221619858 3.38798252933034 0 680
11.0393314011485 3.53795306875068 1 680
0.249799479293141 3.12384444455446 0 681
0.274270886264459 2.99386550882888 0 681
0.0741910275856517 3.49513078861533 0 681
0.0280747240661106 3.21534565196304 0 682
0.360504492501169 3.40833514048777 0 683
10.2710225193164 3.19432992103609 0 683
10.8288874852327 3.10299119101939 0 683
0.0428149086529777 3.06170989367615 0 684
7.84585295915801 2.99844617576873 0 684
0.173071138605663 3.00039107691072 0 685
2.18546642108501 3.03628256683644 0 685
10.9863632612106 3.04085634398621 0 685
10.4953504987228 3.0517910993637 0 685
0.0795185662700911 3.26132725670123 0 687
0.84135652382117 3.07200525106761 0 687
2.43974013655934 3.17701895161814 0 687
2.82844169400563 3.29267690073576 0 687
0.0255659529296517 3.19889971344255 0 688
1.1637925396555 3.14540747637598 0 688
0.481929857749027 3.4207608293926 0 689
10.8641983969008 3.53834764649675 0 689
0.00160225328706911 2.99019803903216 0 690
0.00543363036153944 3.05533977476217 0 690
5.49723161849322 3.28007602734677 0 690
0.663826300456916 3.08410706662319 0 690
10.3797590615521 3.1477985641464 0 690
0.0458539570770483 3.28789988464359 0 691
7.80433749099974 3.09441787600737 0 691
0.176621590115733 3.17010286683927 0 691
4.4814226991781 3.09385063924793 0 692
10.3879982867859 3.52801927368896 0 692
11.2595789163929 3.10824231835692 1 692
0.000422518586604784 3.03475402635919 0 694
5.01951563180102 3.00518570496932 0 694
10.4132317332856 3.39494278242656 0 695
0.130369742097114 3.09745452856158 0 695
10.1170547726669 3.22439514262055 0 695
0.591990045408297 3.35447778777593 0 697
10.887755504905 3.8985282352868 0 697
10.0227514258825 3.52874503048603 0 697
0.0103639956016384 3.34807172464307 0 698
10.5106701746918 3.09843726899676 0 698
8.37782138128087 4.3200539468298 0 698
0.0515247578744826 3.14383581952624 0 700
0.19449384044006 3.09326663001615 0 700
0.13995107680584 3.09019680153556 0 701
0.740120213702487 3.18725251043058 0 701
2.05748478077993 3.37085363321203 0 701
10.0646747166518 3.7120026840884 0 701
0.00741071041310575 3.52095098634252 0 702
0.586166371416173 3.22248110788387 0 702
7.5047905681057 3.1198390581291 0 702
2.13231758005432 3.87848551360978 0 703
10.4375411025299 3.04061388170423 0 703
0.00817796567982674 3.36148483975048 0 704
0.903855925541845 3.04724189513008 0 705
10.0325773535824 3.34024343589792 0 705
10.5139601672285 3.3350100523124 0 705
11.6414721421056 3.15564082294255 1 705
0.0134228371576212 3.31307009861237 0 706
11.4212410188228 2.99847829356872 0 706
7.84166240094469 3.07965518158891 0 707
3.49436957308729 3.11596838060972 0 708
10.3651546210712 3.15141797492869 0 708
11.1843942869037 3.54710103926064 0 709
10.543510349386 3.0012561877642 0 709
1.17064255416878 3.19684212348797 0 710
0.00297927437050938 3.51487794688196 0 711
0.0630202667925752 3.19242724215633 0 711
10.2272929255 3.1278094910882 0 712
7.89043845056179 3.05986621778961 0 713
11.2414735010926 3.3640920813877 0 713
10.9928035941268 3.40389864897446 0 713
11.2508762168194 3.19796214697761 2 713
0.123060139816135 3.13416996670809 0 714
10.3789204234538 3.26682126916878 0 714
0.068972615878686 3.48336392544204 0 715
6.6493563691008 3.03311203128078 0 715
2.5020450250239 3.17603718914568 0 715
0.2048538443081 3.00937880538721 0 715
3.98397670846776 3.34807943185477 0 715
0.727435767875783 3.26030985439065 0 715
0.439851186836229 3.09432303846668 0 716
4.72768463869027 3.47304964097307 0 716
0.256053217367463 3.00963253838842 0 717
0.119676837653834 3.14919776677857 0 717
8.12013981008845 3.29853385333712 0 717
10.4172698691992 3.16434539945614 0 717
6.85872511476964 3.24624482414662 0 718
0.00171214716104477 3.17728983911096 0 719
5.77250171191645 3.45417025208787 0 719
10.4456148939971 3.01214584611474 0 719
0.00973913258615939 3.01514602058646 0 720
7.93060511684602 3.44750966723757 0 720
0.15991289716435 2.9949968540013 0 721
0.705100888448158 3.85835821803378 0 721
0.670722918132056 3.32795920105963 0 722
3.00367917204898 3.18629388201764 0 724
3.83290014543211 3.07904817773216 0 724
7.25379937258589 3.22115458871051 0 724
0.00398988751386263 3.28880402117385 0 725
0.339086607833223 3.07992794351027 0 726
10.0072604340239 4.26453798896203 0 726
0.0516699883799591 3.31181429994391 0 727
11.6906951041051 4.08478491596994 1 727
1.48024271093936 3.28279792889725 0 728
11.7138509668034 3.73319054758028 1 728
11.7185267638694 3.46304123031797 2 728
0.141541277514124 3.25712856312434 0 729
4.84789873394182 3.16471137746328 0 729
8.63139770389926 3.34477840080402 0 729
3.95782636084152 4.04505975044909 0 730
7.42002036749743 3.25356210057019 0 731
10.3684659723348 3.27339337954009 0 732
0.0492577652918158 3.00835746678129 0 733
0.252954550624577 3.18244646565052 0 734
11.235236765406 3.39803269529029 0 735
11.3593413908897 3.62003678914233 0 736
11.7961761842832 3.11273611445608 0 736
0.346659761619522 3.71103644403092 0 737
0.120044866724595 3.27353966551004 0 737
11.4078762591525 3.24120112510688 0 737
0.331106398104916 3.97570139231914 0 738
10.5158837119334 3.20604917760232 0 738
10.3687998901063 3.50273309882371 0 738
11.3228415178431 3.52812169983255 0 739
4.6432699112964 3.03815161661774 0 739
11.9610430378557 3.03842382772589 1 739
11.3236299440712 3.21324034332846 2 739
10.3971254075196 3.30361645354004 0 740
4.26614820102325 3.02383135655086 0 741
0.308875436514642 3.1783219963537 0 742
2.12310373598375 3.00122150656583 0 742
7.4417289888446 3.02784028568374 0 742
10.3683471747443 3.14635081470894 0 742
3.83151091442402 4.16413376208905 0 743
3.79069979374403 4.18525472632758 0 743
10.4593423591879 3.32009738694763 0 743
2.15139854779271 3.1101150854532 0 744
7.04500210419128 3.14108182743332 0 744
8.55297951446727 3.14797442262626 0 744
11.3714553936826 3.13683406969714 0 744
10.7499040400973 3.23686525105147 0 746
10.6188902318935 3.60067628002467 0 749
1.13985103015641 3.24825533919471 0 750
11.5019298674607 3.10374177713716 0 750
2.24797676763134 3.56307964155896 0 752
0.0133585006981323 3.68158046533458 0 753
0.0776902232068471 3.30928202938912 0 753
1.59052878861899 3.24252079581456 0 753
2.26969870732874 3.15071409126151 0 753
10.3833025473671 3.96706186249025 0 753
10.3802323564837 3.39726122752208 0 753
10.7828445650545 3.38798130112066 2 753
4.64683851425483 3.50735650490513 0 754
5.97671289861075 3.63611982781951 0 755
0.0185352491285031 3.23273912091461 0 756
0.492287442225379 3.08804872459019 0 757
0.0299084053540725 3.25039884174456 0 758
0.573386890861938 3.80809540485815 0 758
10.4142337744043 3.07626167231738 0 758
0.788188494377348 4.41746179461882 0 759
2.1494188223742 3.95777405724793 0 759
1.19727801095441 3.00463290516281 0 760
3.72836991673917 3.17314131808142 0 760
4.16837261421128 3.03714208529759 0 760
9.99978868096536 3.55372493344061 0 760
11.5022232319784 3.63792121393812 1 760
0.388406903066103 3.041506899605 0 761
10.6788201557989 3.15034382179158 0 761
2.34768834299721 3.70837864941054 0 762
11.2547422667599 3.2707403761917 0 762
1.72447310050319 3.1869842941575 0 763
0.107903560353332 3.16698978655926 0 763
2.80645638859735 3.34174235917355 0 763
1.01274682927244 3.19109812750384 0 764
10.6847205845735 3.70640281962608 0 764
2.82536271539726 3.56406094505734 0 765
0.375215816730917 3.39516506017284 0 765
10.3954722558999 3.11305211184258 0 766
0.00177127667832543 3.057286987907 0 767
0.00638143101388683 3.01633155513357 0 767
0.906322001903483 3.01909326965086 0 767
10.7270653608573 3.73771692380451 0 768
10.9337262543666 3.57041838559963 0 769
0.0201828732970841 3.15282705935483 0 771
0.179873588715082 3.54166726444929 0 773
2.6665228308876 3.56865573140966 0 773
1.63913725699349 3.642964198665 0 773
2.92651034070207 3.23010592993951 0 773
0.397819603523606 2.99912138246203 0 774
10.5919791580192 3.42688577293207 0 774
10.8166749649473 3.3806949077897 0 774
10.7401832938155 3.11141681987625 0 775
3.04522117777319 3.03699385887788 0 777
10.1097624783969 3.09578140188984 0 777
10.637600839903 3.05535510889824 0 777
1.50501942013346 3.42745190064359 0 779
3.37873750708459 3.66021370927628 0 779
11.9168840466623 3.28024349602369 1 779
0.0136040708683387 3.35005828730447 0 780
3.52831819051636 3.01149037482073 0 780
5.50124075551369 3.46541504545525 0 780
0.007784691107283 3.16801642003953 0 782
5.26402987713764 3.17915349143111 0 782
0.544538707311494 3.34529159794974 0 782
0.10184854401876 3.09093118761148 0 783
2.23075063411489 3.52087850076384 0 784
10.3629499284306 3.12425551504 0 785
6.77156898711755 3.26971966597149 0 786
7.86221740229184 3.66050584140344 0 786
0.0830864940854136 3.34582451825249 0 787
10.0061515450557 3.1414766863232 0 787
10.8430416707758 3.44384330254984 0 787
0.517772674564499 3.1638043108319 0 788
0.0425073384848001 4.1012581344393 0 789
1.39881669049789 3.06857986999717 0 789
10.5908389372398 3.71418778067355 0 789
8.09603034031022 3.61601189760191 0 790
0.535159963191119 3.36399005030712 0 791
5.00387866071786 3.20291417450658 0 791
8.09100948838276 3.8599299206899 0 791
0.0415956070446023 3.41469662254885 0 792
0.0210504236052122 3.04531974659567 0 793
0.573777472842707 3.00177767999233 0 793
0.469997520346432 3.11804609786013 0 793
4.83168690408193 3.16625923098881 0 793
10.9409714856287 3.0900590351277 0 794
10.4268155914738 3.21302425052926 0 795
10.6832776328139 3.09547532682582 2 795
0.303029211501199 3.05128919130016 0 796
4.57786752113565 3.4160427797468 0 796
10.6692969055597 3.20553657653518 0 797
0.352832712826254 3.1332847450311 0 798
2.38324232567753 3.13071123068618 0 798
1.66628860693227 3.00922953182233 0 798
11.7165521210149 3.1967234705484 1 798
0.199903772707511 3.34128700937088 0 799
0.0593907720210453 3.1808182808798 0 799
0.0703178925130711 3.08857094593999 0 799
0.0388334965990759 3.5080523137069 0 799
10.4291379357078 3.25291090839632 0 799
0.606124635017803 3.02657240034388 0 800
0.0682792101664173 3.15728780744083 0 801
5.68727221628118 3.12583774268261 0 801
0.251457584541695 3.29108868278646 0 802
1.36151326096533 3.11052018999755 0 802
10.7405028291783 3.10793039782783 0 803
3.06864993394808 3.16325128003466 0 804
1.0921150656004 3.03215065954306 0 804
8.34451669022408 3.20417162369967 0 804
1.97805966686219 3.27000313426561 0 805
0.0989093284127653 4.52547767385907 0 806
1.00809406161564 3.21651319704195 0 806
0.706589431084272 3.21808727529821 0 806
2.78518113132015 3.0473989196452 0 807
1.3479177176477 3.04324898688749 0 808
0.0570223483054789 3.40042668258331 0 808
7.7836501935502 3.04395207300608 0 808
10.0494302034542 3.33365892350101 0 808
10.4570359780846 3.05532210762532 0 808
0.00742775841801886 3.29461070866525 0 809
0.0977908216882363 3.00122285914159 0 809
11.6582175012768 3.03407254290817 1 809
0.0206653723593494 3.0236864172899 0 810
1.1176674966928 3.11677813298256 0 810
10.3570980884909 3.30592356999237 0 810
0.388340104822634 3.0217263774111 0 811
10.410857137672 3.11966199961506 0 812
1.1724956186205 3.61882135349383 0 813
0.0128781039931717 3.60859834215399 0 814
0.105433397515082 3.43117976939993 0 814
10.0638590237822 3.5451529593403 0 814
0.0719314112023346 3.05626856449584 0 814
0.479420691722544 3.88502065312868 0 814
4.63404817751022 3.42353998402998 0 815
6.87457622096358 3.57452346469513 0 815
0.134971966156207 3.07141091499788 0 816
3.54343352829023 5.90357863027431 0 816
3.80182009332241 3.63861964636314 2 816
6.73748660148513 3.86513953391506 0 817
0.28305804450303 3.05153636424724 0 818
10.1458620287209 3.09622468037719 0 818
0.045234339200136 3.57504357604938 0 819
0.245672632670416 3.64628991842697 0 820
0.265659589329211 3.15641820535063 0 820
10.696763525647 3.39924327074245 0 820
0.0289486855567375 3.17998919874664 0 821
0.0370648289823322 3.20607088773843 0 821
10.4026022709928 3.19011084263224 0 821
0.00163184716808322 3.10712604329307 0 822
6.90204395655257 3.25396779363497 0 822
9.60760097544413 3.36316978983394 0 822
1.06489374401919 3.42661784386736 0 823
0.917660864900806 3.53772342444208 0 823
10.0058040408546 4.05093807469512 0 823
10.3765804695675 3.027143454073 0 823
0.041386800519223 3.08167217273721 0 824
0.507743859215861 3.12240920004775 0 826
1.27231919547121 3.20855590903034 0 827
7.97929036177661 3.11324324402177 0 827
0.169069854211446 3.03400209846424 0 828
0.491403369600326 3.25395578723488 0 828
1.09102765392327 3.07603858087966 0 828
7.80133827662097 3.7870649306526 0 828
0.488528883740819 3.11593367914173 0 829
8.39232561605931 3.16836589371396 0 829
8.42721458019274 3.33808178927911 2 829
0.000334210468606686 3.64249284971947 0 830
10.8800754989388 3.13312523061682 0 830
2.6139827939977 3.83126057619916 0 830
11.1881698547989 3.33030320894386 0 830
11.1886282001266 3.34233355157266 2 830
11.2197111837309 3.17483306773166 2 830
0.0903900525126274 3.51435637166345 0 831
11.554922671206 3.48279886561357 1 831
0.34510283404921 3.00490797454333 0 832
1.11219665119834 3.10493214844453 0 832
0.0158272160722858 3.32669109819275 0 833
10.2996205058484 3.62397260380078 0 833
2.09921466605682 3.18211160582326 0 834
10.3970590124653 3.22185519841421 0 835
3.55286640149353 3.22223086697757 0 836
10.0162760329155 3.32665920291425 0 836
0.104235866619656 3.40243081388543 0 837
10.4745105810192 3.03615303679916 0 838
3.68241876557826 3.35261979252171 0 839
10.5333710320123 3.42175542929202 0 839
10.6279687902956 3.27742357900346 0 839
11.2014670338535 3.85432095889556 0 840
11.2881399117363 3.10464786360564 2 840
0.0252797249501384 3.28383114255874 0 841
0.0837363823305806 3.22596967691904 0 841
0.497296840170607 3.77573125657388 0 842
10.0033933108921 3.04234897152196 0 842
10.3880497949685 3.9795920239099 0 843
0.116136396741205 3.21588793288226 0 844
10.1216520223827 3.14495575331585 0 844
10.40787349452 3.14175194957344 0 844
0.0572755880237335 3.10268777657142 0 845
0.171103505901996 3.6571675680903 0 845
10.0033669989553 3.21948458142297 0 845
11.7691019523513 3.22485873702355 1 845
11.7749146782343 3.24226970085717 2 845
10.2196812495097 3.03300692846414 0 846
0.988626262565786 3.11945522322898 0 847
0.77324460175368 3.09289529212352 0 847
10.0533630198716 3.03797136487971 0 847
0.166788013880828 3.24034667350592 0 848
2.43700506728424 3.27457173792331 0 848
10.8323766575914 3.46484918697656 0 848
0.650785372721478 3.6238354890651 0 849
0.000658327931881342 3.74413184298457 0 849
0.327397493652103 3.28661011679465 0 849
6.00699888644541 3.40206669940018 0 849
0.166066867285441 3.21424112744844 0 850
0.160132952857676 3.00033776910177 0 850
7.88023561599627 3.1759223986947 0 850
0.0486728703119036 3.12709438008788 0 851
4.42675588668254 3.15692418496656 0 851
0.480584456834549 3.10474127605562 0 851
10.8903437902149 3.45912016446437 0 852
11.3765748421751 3.01608792638226 1 852
0.00889352861414112 3.41004093135665 0 853
4.62429087379836 3.23501453446959 0 853
10.4137417570982 3.01926014356488 0 853
11.1137074110188 3.22933603757592 1 853
0.446113810197887 3.24605967549924 0 856
10.001439644634 3.0918367420059 0 856
11.3147065231201 3.42464321989389 1 856
11.5649041816453 3.17761631445303 2 856
0.0659693483266451 3.22333987977049 0 857
10.0065732553603 3.01272705628914 0 857
10.3306038891254 3.42122986128148 0 857
0.131247739548137 3.39845066346786 0 858
0.0497997027222398 3.02192968897099 0 859
1.57342451131683 3.28000722553354 0 859
1.4630094412471 3.13979679814218 0 859
8.18243825453887 3.03932975191348 0 859
1.48087594441585 3.04812837780201 0 860
10.5304675509793 3.06680723115163 0 860
10.9927570163423 3.21145576783757 0 860
11.5802895460833 3.77269412880497 1 860
11.7417155952644 3.31600150912403 2 860
11.627097969612 3.1570411452782 2 860
10.38875262549 4.67385828493051 0 861
10.3655741290643 3.14875032091703 0 861
11.5132018076291 3.09745846151689 2 861
0.00744569940587686 3.44845494455075 0 862
2.13228587483727 3.63220530421421 0 862
10.01895977966 3.00940144127899 0 862
0.101352279208474 3.01762100367276 0 863
0.590499023738624 3.13542976083039 0 863
10.0949200221676 3.14263624963873 0 865
11.0432599065126 3.39467391172374 0 865
3.8590817379023 3.03275274768294 0 868
0.0307755905414585 3.09617143617413 0 868
0.134879584105641 3.23453583141408 0 868
0.20875772077656 3.05574594921833 0 869
0.487035637601512 3.31500931891379 0 870
3.89029791043588 3.03709513709684 0 870
2.12648226122233 3.5472219012739 0 871
10.6518224733069 3.10521874272147 0 871
0.0029554064801851 3.2970094639865 0 873
10.6506604936199 3.37523612773178 0 873
0.422805853760113 3.03976738326151 0 874
1.94497138316279 3.0320292848543 0 874
10.3700968123251 3.01122159435124 0 874
10.5070144072308 3.03486215362664 0 874
11.8180004906423 3.00262546814488 0 876
10.0120817717099 3.58037847174085 0 877
3.07828317902955 3.10984110240405 0 878
0.0768074745767462 3.51131744219511 0 880
11.6331416595817 3.40270151111784 1 880
0.207369073340631 3.17000084515052 0 881
5.68420775008852 3.35026502159426 0 881
0.511820834527541 3.12089906110304 0 882
4.79130015858205 4.34059784361688 0 882
0.0291982759887856 4.2083923242121 0 883
8.12131075987322 3.29991919905558 0 883
0.800618853308786 3.19360526611337 0 884
10.0009813698145 3.20556018654868 0 884
7.97772616950926 3.04976073528325 0 885
10.1337478357833 3.39133136512557 0 885
10.1547964170958 3.52732040394455 0 885
8.96765181571268 3.07972923757334 0 886
2.47898686566752 3.14024492053805 0 886
10.5666673831271 3.06470378767148 0 886
0.228338942465759 3.68539739686479 0 887
7.44506008214083 3.58423618686127 0 889
5.50637857959083 3.27445210048417 0 890
10.2267352284444 3.58984638591185 0 890
0.037199847975451 3.78025488581964 0 891
10.6373776404041 3.03039443769989 0 891
10.7218361361609 3.08508546303487 0 891
0.17253551712099 3.34481133615254 0 892
0.0128424390567173 3.17556368310766 0 892
0.0415808601556329 3.07932378648072 0 893
10.8329477986559 3.39489112821058 0 893
1.49345197142914 3.2145218400128 0 894
10.015636371361 3.6085905026982 0 894
10.7560901137893 3.4877364019943 0 894
0.283679710303938 3.05767812709527 0 895
0.0167746868420353 3.03792184521641 0 895
8.57158819942164 3.16981112826031 0 895
0.00781633346523027 3.5918821393344 0 896
3.24907738424666 3.25363687448506 0 898
0.0259328448529354 3.13243015103781 0 899
1.7557502568172 3.36696066629237 0 900
5.14403248788608 3.22832637954812 0 900
8.33793179839259 3.45098331452665 0 900
0.0721507783877861 3.08740914024104 0 901
8.01626858598152 3.26368927146033 0 901
10.0618504604123 3.59641760624925 0 901
7.55263842411546 3.03424393602481 0 902
0.0538321734301484 3.34759502371377 0 903
0.934143186209009 3.00730026196833 0 903
0.0593219636766924 3.55607309541682 0 903
11.6526895253077 3.02613503105835 1 903
11.668636948652 2.99125863818254 2 903
10.7860726108948 3.10543521816221 0 904
11.706906393319 3.08745348114268 1 904
5.22586315091405 3.1737023829878 0 905
0.166325739213145 3.57508759649018 0 906
0.00692113671215934 3.04980354569211 0 907
0.414898950652185 3.1776279922913 0 909
2.20624826549639 3.27160336022447 0 909
10.4523949413055 3.44842899884841 0 909
0.169997143486902 3.15821466826566 0 910
9.99906890365325 3.12396211031917 0 910
10.0001131850396 4.02746070663126 0 910
2.27273558050672 3.48901383419508 0 911
0.442163075412583 3.21259894566206 0 911
10.36471090187 3.23783292487418 0 911
0.0832581811744568 3.16812864126139 0 912
10.7400064273182 3.33849299260862 0 912
11.3796986848724 3.15577162356803 0 913
2.41472155325538 3.53373096132847 0 914
0.0880530849326417 3.19348338720671 0 917
0.0485939086619895 3.35316714474268 0 917
0.0586952640924803 3.13174711860826 0 918
0.995022328572925 3.89339907603263 0 918
10.0810896876771 3.53986502229661 0 918
10.4123998429414 3.99015358271392 0 918
11.1100661642779 3.23925538813259 0 918
10.918716895096 3.95105953529401 2 918
0.221611432768174 3.30414330471272 0 919
0.715772263007868 3.46302819716888 0 920
0.0370034580240541 3.31347406839627 0 920
0.00443215008612828 3.20132481618878 0 921
3.41033300348089 3.02650311889584 0 923
5.64081199190247 3.0405845665453 0 923
11.0213675467853 3.076230929205 1 924
0.0190943723701898 3.60292378801336 0 925
1.05231953438751 3.86646913300447 0 926
2.22199288692916 3.05305649054627 0 926
10.471339853415 3.33803867863449 0 926
0.124950561635959 3.17496998748149 0 928
10.6552371975224 3.11303965175532 0 928
0.0414188745140031 3.06105373552878 0 928
10.427874824194 3.48509899673914 0 929
10.870605220495 3.69870889017431 0 929
0.981415120278187 3.07368745388778 0 930
1.83162197859901 3.26917743796487 0 930
4.25650375119688 3.4946792621786 0 931
0.00131380900262674 3.1730509406021 0 932
0.226204214256659 3.6214460631744 0 933
0.188897690185688 3.10148718615496 0 933
7.04245469294378 3.10712975594614 0 933
1.00676093501135 3.4633043001323 0 934
11.0367757687581 3.090108159728 0 934
0.20168603856303 3.64145997687948 0 935
0.454333825519357 4.41632535233374 0 935
10.4619724029682 3.73588053615431 0 935
0.216289850035224 3.01463223054327 0 936
2.77575685406501 3.11939898394186 0 936
10.3702088248882 3.34393876275379 0 936
0.065582003808403 3.01924220258434 0 937
10.1827159514378 3.07033682016202 0 937
1.01848644423434 3.70060957104235 0 939
0.112273955987041 3.0270052316343 0 939
0.183588078325993 3.04602558618828 0 939
0.0371122843626072 3.37091274784691 0 941
0.1746370407072 3.69693403767716 0 941
2.52340673873477 3.49210268533958 0 941
11.9228395371788 3.55727099595871 1 941
0.0828564464661534 3.1005204815211 0 942
10.7583018285769 3.06564496086072 0 942
10.4335536432656 3.17131201261173 0 942
10.3955328253609 3.25400229079985 0 943
0.175568779648956 4.58687251596885 0 946
5.33533514009171 3.09228068079585 0 946
5.41978225397776 3.16143040767564 0 948
10.3898073805199 3.68673792562675 0 948
0.012628539956687 3.29391566884485 0 950
0.462341205073215 3.29385017937553 0 950
5.85755026437365 3.34422689799779 0 950
2.18082016503129 3.5106597119757 0 950
10.3966566121959 3.10653916188801 0 950
10.3841346228518 3.14206803163794 0 950
1.67477048225463 3.69821299720265 0 951
0.11162214880517 3.77022769592431 0 952
10.8096493377164 3.42419351852273 0 952
11.4770397827119 3.09868806780838 1 952
11.6823071300807 3.27099671522671 2 952
0.0511522325759326 3.13071327159257 0 954
0.196107031093311 3.43028429426253 0 954
11.8288943929687 3.91781104070581 1 954
0.113461563518734 3.14263414028239 0 955
10.0913497843397 3.02051529721167 0 955
10.3880846389693 3.57334978208651 0 955
0.0335654929439155 3.27677747951167 0 956
0.618786220231151 3.24262659838889 0 956
10.6397588361356 3.2277648472469 0 957
11.5815172175293 3.44859920253456 0 957
11.5820113591142 3.13011134335353 2 957
0.123219005917237 3.50983929638576 0 958
10.3168391929901 3.06889632654899 0 958
0.0995875015787333 3.2237429345811 0 959
1.17486063991406 3.05850962089483 0 959
10.5974733950621 3.4320467451647 0 959
0.186615340697082 3.28784868404109 0 960
0.693231888831067 3.0183076870231 0 961
0.0660555014631442 3.03823896598759 0 961
4.50759270185663 3.00602678651724 0 962
10.4841719097546 3.09216808701456 0 962
2.01508990508796 3.25043358842311 0 963
11.5998434540413 3.18170299145918 0 963
2.5821067024717 3.43203839188463 0 963
8.0777165473303 3.23951430453339 0 963
10.9169402845331 3.14386491543191 0 963
0.474962134226997 3.19348344840512 0 964
0.24626425074295 4.18661763068262 0 964
8.11130660198568 3.46933620715484 0 964
10.3793676548457 3.07103455202562 0 964
10.4061834549496 3.29616794226312 0 964
11.0284865917906 3.11242646549578 0 964
10.8803631448491 3.25013489362643 0 964
1.52290247146293 3.08791891035386 0 965
7.88388216834706 3.41618011261543 0 965
0.252129286519205 3.00064936626196 0 966
3.52065269466046 3.10573863189694 0 966
0.570590892419777 3.35573702444735 0 968
10.611912200689 3.12218208441506 0 968
11.8195293153726 3.01538526279939 1 968
0.0164430252237339 3.53915677520512 0 969
0.218681342886679 3.49453920539468 0 969
1.11239432884813 3.04940970210973 0 970
2.15384487906706 3.34661170007592 0 970
10.3886195830968 3.19198292094344 0 970
9.95858472075733 3.20150262271705 0 971
0.557829136882411 3.67593464415062 0 971
7.03150928582481 3.17901348522202 0 971
10.4120328392877 3.14852636154691 0 972
0.0867428238917152 3.07850494761799 0 974
0.861890733736887 3.00654125025005 0 974
0.00460096337582841 3.59368666596155 0 975
8.43502401257479 3.16898634258883 0 976
10.452450684379 3.51745730981102 0 976
10.6897110537292 3.37420120232134 0 976
0.00406193799738832 3.16898529964067 0 977
10.5125765613822 3.39493675969675 0 978
1.16174804155243 3.42452374969002 0 979
3.18874691447144 3.2282758238916 0 979
0.133323445328988 3.13745867582244 0 979
0.817970861087917 3.58100680975734 0 979
8.95913452069743 3.04819602992711 0 980
10.1377122032459 4.22081373189189 0 980
10.9181069142961 3.23775843185441 0 980
10.9276584659461 3.37130928173565 2 980
0.0533122595423417 3.52632226809377 0 981
0.69734391035965 3.14973174241341 0 981
5.69631443662166 3.56788754836009 0 981
10.4263624648298 3.76160517072511 0 981
0.0061618137321786 3.01536296910303 0 984
0.730243019702492 3.4732663652517 0 984
11.7822186958225 3.23545161503192 0 984
0.424384415396942 3.06597859050905 0 985
2.22483364959065 3.74581996959573 0 985
7.4599036335312 3.70782478319441 0 985
10.0323430127322 3.53487394646886 0 986
0.00523304877846842 3.30079521660446 0 987
4.98802037616557 3.13393340901083 0 987
0.0235655214133539 3.96784691291333 0 988
0.00886926693120999 3.40469598943107 0 988
4.25749831336089 3.24614530590896 0 988
0.0340981991520872 3.37315439351261 0 989
0.128926886572877 3.06376005919416 0 989
7.34643629493591 3.13360659534875 0 989
0.853557498539586 3.17674726733414 0 990
5.03386952362436 3.5802489122822 0 991
10.8636529869227 3.10562322579931 0 991
2.28088686636786 3.42147727888092 0 992
0.770718014955837 3.06588636041449 0 992
10.8870848882606 3.11221913846 0 994
0.0890826081631752 3.31720107948974 0 995
0.00612623603819863 3.09346307794935 0 996
0.0713079684800149 3.29625607011898 0 996
1.48530414282701 3.00796677291031 0 996
0.0540135876267019 3.01767783406555 0 997
11.333863322206 3.96048582546726 0 997
8.1365795505222 3.08493640929186 0 997
10.0808469715757 3.92369021068076 0 997
10.4420385682443 3.13860178790409 0 997
10.828948779888 3.1947559434698 0 997
10.241565973386 3.15973709582916 2 997
10.4834801075095 3.10053512748228 3 997
10.4294093991253 3.00216534040695 0 999
10.7741034354483 3.27663423978458 0 999
5.9100984451139 3.09165669067752 0 1000
