"ts" "magnitudes" "gen" "cat.idx"
22.5536953570487 3.86019176846153 0 1
0.128269710315634 4.30889236986778 0 4
33.6065749686169 3.8611091944387 0 6
0.0140638414692373 3.268452655192 0 7
0.0459646052376967 3.33272931904016 0 8
6.82860174856781 3.1304628646621 0 11
46.1431282841953 3.47389738630346 0 17
52.8009437515024 3.18855959259493 1 19
0.00506937439490491 3.08967579719956 0 23
2.62651264700826 3.11801492210732 0 25
53.0147685519509 3.13506041115439 1 31
52.9412717492409 3.06118437474552 1 33
52.7456676949837 3.80753752540147 1 34
52.9917593463739 3.50374002891206 0 36
22.8143691159168 3.27287345052488 0 37
52.8091729934417 3.02587122043693 1 37
14.4529355906284 3.20165066076307 0 38
0.55201687992417 3.15196874592918 0 43
0.0177685375201788 3.10736825002378 0 44
16.1239382636712 3.70294515710474 0 44
1.38125334994357 3.04783013114465 0 51
52.6848199899864 3.16297073562862 1 61
0.0799207368698099 3.08626455462823 0 62
52.2065928000115 3.00021602169072 1 64
43.1504980550733 3.0828404878088 0 67
44.2571369401983 3.19449221603953 0 67
0.62476396371938 3.17484240833675 0 69
48.3406643200007 3.12801928699068 0 77
46.754734279041 3.21126482607026 0 78
0.0105203594003437 3.01154427499761 0 82
13.1816055450475 3.029652508011 0 82
4.21591812368685 3.24867746406468 0 84
0.044857602924914 3.38565500623775 0 86
0.0655869252833569 3.18444787347189 0 89
0.00098735885351364 3.21014360575071 0 90
0.0591028653755393 3.02637952294962 0 98
50.2098385725025 3.47971902324958 0 100
26.2928512465712 3.43263131904661 0 107
45.5415389095128 3.97215635022398 0 108
0.137987462318513 3.56282372951296 0 112
4.11873822027268 3.08929124880743 0 115
51.1247293906765 3.79996446043542 0 120
52.9271006986123 3.0646769185371 1 120
52.8979384644512 3.49235473419247 1 120
0.128998385523567 3.21205440069095 0 121
52.4313194133897 3.00534773656109 1 123
0.134310473158678 3.07584693780929 0 127
52.4054538339 3.32673624007983 1 129
52.4674396348741 3.2613245381011 1 132
0.555042622570675 3.03753728394467 0 138
4.452477908216 3.46505580230289 0 141
52.7783842316453 3.27473459143798 1 142
27.1696035273263 3.12912248991958 0 144
50.2274298600976 3.81762611325677 0 150
2.86673039057143 3.31634521060679 0 155
0.683695463010702 3.2354656299163 0 156
0.757726094518684 3.4134046344271 0 157
29.7804317444193 3.21414887508615 0 159
0.00619677192722549 3.69334532225582 0 162
45.6944237728464 3.94157691026149 0 162
52.8972042756245 2.99139590696122 1 166
23.3350791923865 3.16790888488903 0 170
49.0720803709893 3.2435886660575 0 171
2.16910112791769 3.03993307404798 0 172
5.0414145107941 3.38326546310059 0 179
46.1139004354757 3.18413642915624 0 179
45.7070751639135 3.98852329189728 0 180
52.163902689153 3.37616146496684 1 182
52.3027798809014 2.99195886457499 2 182
52.5095614389606 3.51284910389367 1 183
52.5188686491913 3.54972608832628 2 183
0.627297981832152 3.8708523800829 0 188
0.0823263386538287 3.19388408076959 0 188
46.7822061174019 3.57619821498497 0 191
52.6724035471302 3.00484295325564 1 194
7.78021751761711 3.24537003990078 0 197
45.4497279483412 3.14829465391269 0 199
45.5029371613914 3.16986282046718 0 201
4.48521815411893 3.36912201994651 0 204
52.8158426344484 3.14581757781045 1 211
50.1571069675569 3.08159775138009 0 214
52.1611184791286 3.08227026465118 1 216
52.8859642689672 4.91632391682123 1 217
52.9132825386625 3.62574287498681 2 217
52.8928800058485 3.01441070396145 2 217
52.9250075174169 3.38680473623067 2 217
7.36786464193831 3.14286570929173 0 226
52.8050513143275 3.04353797790019 1 226
0.629466096398441 3.14084724180752 0 228
0.865711461367156 3.48500160763044 0 228
52.3990354229786 3.36419304785832 1 231
52.6005914087031 3.01509581940917 1 233
0.0598901689025969 2.99599074939217 0 238
51.141932333861 3.28517245356969 0 242
0.0522284270173615 3.24627527095681 0 248
0.212217059852553 3.07306390267765 0 253
51.1530824194311 3.95484233492639 0 257
0.375389133864589 3.49571758725604 0 258
9.16175657622781 3.14049415061022 0 258
52.831360689513 3.58114731409345 1 260
52.836886837786 3.09425461999267 2 260
52.6569743113682 3.04866030924439 1 263
52.9392209317625 3.17455282715324 1 269
52.0953439268373 3.32273196427881 1 271
0.0794690728571438 3.28850575133086 0 277
3.97376553448421 3.6136941556513 0 287
52.6091046923861 3.36251747385608 1 291
52.0393188287594 3.24951866893643 1 291
52.6243475915149 3.13490398423021 2 291
52.67159193566 3.34163639806434 3 291
52.6982139095158 3.21279243837301 4 291
0.539674703970117 3.11075864748318 0 295
43.3089356708969 3.27496220408054 0 299
0.34845118808259 3.37455946892476 0 301
46.4974885534007 3.07975902362741 0 306
52.419519540304 3.60464498603652 1 307
0.0956477352335736 3.10132462151496 0 308
38.0696561108341 3.14764670422935 0 311
0.819500332108989 3.37750162593241 0 317
48.2833928140395 3.02627240482691 0 319
43.9236709968881 3.32165186565553 0 320
1.07324304011284 3.20392357942245 0 321
0.0601777765232618 3.18027356640121 0 323
0.0212676032733864 3.65191802721553 0 324
52.8401786816862 3.20857672315507 1 325
52.8517665448596 3.08135683277918 2 325
0.016922433795833 3.19256102900122 0 328
0.0195696165070188 3.21887477876927 0 329
45.6122130085989 3.26701697865582 0 330
48.3435347551249 3.09703822804071 0 331
52.1665827400606 3.14636241377697 1 333
0.101264062774015 3.54193844221664 0 334
19.6042464448487 3.09923068336327 0 334
52.3933580693879 3.21253224045503 1 335
52.4009285454054 3.22484352787282 2 335
51.1303811577639 3.41968324232785 0 339
0.0810771640640576 3.9901995078769 0 344
0.298377624357474 3.58338482729485 0 347
51.3777705863794 3.04694404441856 0 349
52.066621056208 3.02056263365772 1 349
0.569421032486337 3.16930046380552 0 353
0.266134057414764 3.32287842358762 0 358
52.5061785042376 2.99774537171463 1 361
52.7268027389977 3.54045771246461 1 361
52.7498315984183 3.74843019999066 2 361
24.4993678209031 3.85797762572504 0 367
0.0197134121780308 3.23889112060256 0 368
52.7574390069671 3.53619135737979 1 368
28.2749668242988 3.42830184537546 0 371
16.6085954264112 3.02316230266757 0 373
8.18704721353031 3.3475595407542 0 376
0.280411329813098 3.15360064123224 0 379
43.2452332586136 3.32284831487856 0 384
5.94656205500398e-05 3.35793033518433 0 385
0.301501211865618 3.23631981097466 0 390
2.45192188225084 3.15596566425677 0 393
45.4744834553901 3.11015211821707 0 394
46.3157442667726 3.09616252529172 0 394
0.023225127632238 3.5025567170488 0 398
52.0795702516657 3.54774799679535 1 401
52.0823555025471 3.00960021351072 2 401
0.595481984295667 3.26980069742218 0 403
2.36610462084342 3.38965684512962 0 405
15.1554929867798 3.08014956022341 0 405
52.8681853547782 3.14422461030125 1 413
2.92380382999342 3.60611177245666 0 418
3.42571771011043 3.05483413568187 0 419
1.12502270373693 3.08926313631781 0 422
46.1302767001602 3.11231663178062 0 426
20.3962855752956 3.2720638306981 0 428
10.1266488760232 3.10136451409267 0 443
0.873944456140124 3.65049878093775 0 444
46.2630845165255 3.08253313924222 0 445
0.722591199180119 3.05520308038686 0 446
45.5051498396743 3.00242826847842 0 446
2.43437416340567 3.0567564070283 0 447
0.661700352747605 3.4258904783398 0 448
0.427724213810074 3.17822482297268 0 454
0.225728822548858 3.28814071523391 0 460
52.4067390003797 2.99546301698747 1 463
52.1730094825939 3.13554671553722 1 463
41.522419254994 3.12372662231977 0 468
1.51509334831269 3.5691568718626 0 472
12.9097413344774 3.47863236246011 0 477
52.3963489005432 3.360253616197 1 478
52.0246149694324 3.51742909926477 0 488
52.0398944008238 3.05911500556751 2 488
7.52667793736534 3.16194129549025 0 491
0.711264350554805 3.11309974041441 0 493
0.00606206792864187 3.05564640667113 0 500
50.1402052116504 3.10171445857071 0 501
28.8483183086037 3.29721275184684 0 503
1.72593699297647 3.41044125591129 0 510
2.78990316892169 3.65425933237194 0 514
52.2521293979693 3.29115988094826 1 515
46.7505720912038 3.2087677268782 0 516
52.8111441216056 3.0594486505719 1 516
42.2377243539445 3.43241282193759 0 518
3.98694355788056 3.39961416310313 0 518
3.09284829542875 3.45772659256427 0 522
34.8176273295042 3.02642633605292 0 523
1.34119695527862 2.99773032372231 0 526
52.9758229655303 3.12271190813883 1 529
27.0765850099325 3.35645275409694 0 539
0.0907121864203504 3.05700958181044 0 544
0.758452603796359 4.41127662403233 0 547
52.998259170828 3.08655612248786 1 547
9.18169676018995e-05 4.29658489834284 0 551
7.75310579754016 4.44565030244013 0 557
49.1591238004869 3.75645394418786 0 558
2.68791269649651 3.56057386932398 0 563
46.8816121318748 3.42277953891262 0 563
53.0132678099066 3.82853774404171 1 564
52.4650067939978 3.11040097837211 1 569
23.116408967096 2.99779484892071 0 570
52.4106245114558 3.54173938168605 1 570
52.4545440091129 3.64856119442406 2 570
46.391152259833 3.64571931838409 0 574
0.0186892224410729 2.99951672850034 0 575
5.68249075202332 3.96949885590586 0 575
0.0615049052026288 3.20445999106422 0 576
0.475859407702186 3.15107994596295 0 579
51.5152774417254 3.78752368731651 0 579
52.4546994570732 3.56598826417433 1 579
52.5055116657025 3.07182095659894 2 579
4.4841366173546 3.3686286622954 0 580
0.486038141061981 3.03897348809363 0 583
51.2567564815711 3.17915606933841 0 590
1.91189684453744 3.06490449372507 0 592
8.02477504756027 3.10046396649493 0 594
43.6382307970328 3.0646590356845 0 594
51.1126203385668 2.99171397645925 0 595
0.502690682740299 3.09723769926073 0 597
0.00423250146796455 3.37263422641328 0 599
0.22571975191708 3.01985730508124 0 608
52.6842108489104 3.44632831796492 1 608
52.5765227867846 3.10243292169881 1 608
52.9239664366997 3.42966638633354 2 608
0.00129200088640606 3.51298722068543 0 609
51.1065378977628 3.20171326597957 0 614
0.105687249308177 3.05407154343922 0 616
8.53639244350486 4.24341656618728 0 628
52.3304733023137 3.32412783427862 1 641
0.209390637632093 3.14832710573317 0 643
14.9492440434008 3.04967185701352 0 645
0.0481097173282018 3.79122044003147 0 647
8.49324981273399 3.17713749081847 0 649
38.513030250628 3.36734877540191 0 653
0.205164155840033 3.17046633722639 0 656
4.90317241537113 3.77089740285443 0 660
8.96608151719902 3.01821409079882 0 661
0.190061387383297 3.52721304219397 0 662
0.0440595337981199 3.48577569988822 0 662
0.0689435321791777 3.16511579049589 0 663
52.9250422489453 3.12022429091335 1 663
52.9053934194703 3.86401043414867 1 663
52.1198889716861 3.01275403602657 0 665
0.68660566509626 3.5198128928335 0 669
46.6153794037052 3.33704822719959 0 669
52.5418155265296 3.39565712356846 0 685
52.7978489477277 3.09162440846617 1 685
51.2472673962653 3.36804938328784 0 688
52.4965139363516 3.46602237179992 1 692
0.457241475572316 3.18479152026994 0 699
0.122207263050374 3.05073791958437 0 707
51.1704841396532 3.09449558041684 0 712
42.4884681502 3.57082769892995 0 715
0.999976311147281 3.64801385159493 0 716
0.227018990022564 3.06155270480147 0 716
52.8268944555052 3.46044870840488 1 717
52.8377541803274 3.46918398955463 2 717
52.8304107527801 3.57409194500816 2 717
0.0569127740063564 3.15823928260382 0 718
3.7914121250737 3.01315359953959 0 722
0.036220895728303 3.18368746080268 0 723
0.252752417032704 4.0556096583874 0 723
52.4192080299744 3.11779840726908 0 725
1.34561396320237 3.21531463936557 0 730
0.614142602429807 3.06884061850318 0 735
10.0925657145881 3.74969201063088 0 740
52.8026748098523 3.3133933658527 1 741
0.277555856896673 3.36672983770364 0 743
43.1724733458041 3.05162764490395 0 743
46.1342430592982 3.51562515407505 0 753
42.5309003621927 3.01031920581638 0 754
2.73012026826234 3.22938566494236 0 755
51.1182631887953 3.05919973133767 0 757
0.501544257631616 3.00503953133595 0 758
11.5152128890136 3.25578194360573 0 759
1.48681795443462 3.22780436563638 0 760
52.1649786978118 3.11211010440288 1 760
52.2127965394428 3.39870225558659 2 760
28.3896629879906 4.38745787992511 0 761
52.2409276223365 3.81975260336131 1 765
0.0880289054898688 3.21184880614582 0 770
8.09707570261034 3.15640600287706 0 770
0.0738111668725139 3.21151842137657 0 772
52.5301870509606 3.24245415983444 1 776
45.8764094900573 3.07598531559534 0 783
12.2817243023487 3.44115757398213 0 785
30.1183231797478 3.4758662991322 0 789
52.9664687569343 3.05679833814053 1 790
53.0085737790184 3.56911489274003 2 790
0.150731509837695 3.12328987062315 0 791
52.9578164651959 3.63520916517558 0 791
0.811261424605767 3.21537861609298 0 796
52.7884168430787 3.23168259822156 1 799
13.7515489281378 3.40098464061 0 800
0.0511608822745102 3.89433352122716 0 803
27.2290078427813 3.09627887664887 0 803
48.9031038051928 3.04539343251149 0 804
52.1813437302221 3.37256166782065 1 807
52.3465656752135 3.17807036484985 2 807
0.0925254046268782 3.80253726463641 0 815
7.52017819432334 3.32680750332573 0 817
0.107142778849382 3.66136191142968 0 818
52.3121515576817 3.65657422284018 1 821
48.4455401007587 3.67217266515747 0 823
52.6693758057986 4.17111783049454 1 824
52.6706402885779 3.10130779513319 2 824
45.537355260487 3.03198423304099 0 830
46.1432167729633 3.21658769459412 0 835
2.56579199490596 3.28998673680705 0 836
27.0101530636036 3.00214737527381 0 844
13.0457073750436 4.40556812114668 0 846
52.2910626189873 2.9954238450059 1 854
52.2925579841559 3.12227645842324 2 854
52.5136512370404 3.0998379421629 1 856
51.1159098588124 3.04872274269561 0 859
51.2817987177749 3.16173889189688 2 859
14.8329291399868 3.13388048695005 0 861
52.9821066853214 3.28742480047428 1 862
52.7927780842033 3.31497667842168 1 864
0.00950573762515807 3.09607225021371 0 865
52.4803680692889 3.22148074473018 1 870
9.99933446386605 3.11379047611813 0 878
0.0949678554060552 3.24463276356331 0 883
52.2315991294194 3.12950702683684 1 885
0.00150334496198775 2.99689870988363 0 886
0.0137816519635502 3.05038119506477 0 886
10.6815528654028 3.4620633618132 0 889
9.79833496776628 3.26967032925143 0 893
52.7212729744237 2.99719725694221 1 893
52.2089561823845 3.29127738480243 1 895
52.4869722012986 3.45771177309665 1 899
52.4499625295025 3.22616719630362 1 901
6.48824465481109 3.02196123872666 0 904
0.0558308026852451 3.16107089367486 0 912
42.7761855392241 3.28711537610415 0 913
52.1211444648538 3.73279856994349 1 914
51.1093840815885 3.09460270726375 0 917
0.0750605847054777 3.36156496967715 0 921
10.5053632097318 3.28580783394782 0 922
3.24017654540306 3.5401811756314 0 924
26.7345027803013 3.03216702298418 0 929
51.12498557716 3.11507710968192 0 933
0.193007954517949 3.06666950087062 0 946
22.5206343366896 3.09617607558928 0 948
52.6767878373243 4.06544805874685 1 948
52.9176241060809 3.39337973530438 1 950
0.0397600584046623 3.15789673950195 0 955
51.1709655914447 3.00551165062343 0 955
52.9960243892014 3.26351815143296 1 956
0.983924860091357 3.40074305527094 0 957
52.5910795018167 3.18504699470071 1 959
17.5336570791733 3.07408900816691 0 963
29.7918893805432 3.29546043261418 0 967
33.2203920248424 3.33679403528193 0 967
14.151633621587 3.32271646229729 0 971
52.2958948164337 3.53898851980093 1 975
0.0353124351005261 3.12536420453057 0 978
1.78106408704451 4.46613964660057 0 979
45.4874356429996 3.27833860849867 0 981
50.1419974330059 3.34912577834282 0 987
0.0507338957471666 3.21002502459008 0 989
45.781135236219 3.86645589215739 0 989
52.7029572626666 3.42574735979768 1 993
47.799020412704 3.15207736265554 0 995
0.0229786752548183 3.72761343990691 0 997
